0.470588235294118 2222 16 13 14 21 21 17 13 10 13 21 17 9 13 9 12 13 19 11 11 12 11 15 13 17 13 10 13 7 13 12 14 11 12 13 11 8 13 10 8 19 10 13 13 10 14 16 11 13 11 14 12 14 11 12 11 10 11 10 17 10 12 9 11 15 13 9 14 12 16 9 10 9 18 10 11 13 13 12 11 11 11 13 12 14 12 14 13 13 14 15 9 14 39 14 23 15 18 13
13 10 9 14 17 23 12 16 14 8 18 13 14 9 11 15 16 14 10 18 8 13 24 9 9 19 13 7 13 10 9 17 16 16 16 11 8 14 12 12 15 15 11 14 12 19 12 14 11 14 13 12 10 16 15 17 18 11 14 11 6 13 13 15 12 11 16 9 12 14 20 13 12 12 13 10 15 18 12 16 12 12 8 12 13 16 11 15 18 18 15 14 9 12 13 12 13 14 22 12
15 15 12 13 9 10 16 15 27 14 12 13 13 6 17 12 10 14 11 15 11 13 16 11 11 10 15 15 17 11 11 13 10 9 17 25 18 11 8 11 12 12 19 14 17 14 15 11 17 16 11 12 10 9 17 10 10 9 9 15 12 13 12 16 25 14 11 8 7 12 16 11 12 12 13 13 10 12 19 16 13 15 12 12 12 13 20 13 12 11 11 8 14 15 20 14 13 18 8 13
14 12 8 12 11 11 8 11 8 14 11 17 16 15 18 13 14 10 12 9 10 12 18 20 13 8 10 14 12 8 12 13 7 8 10 10 12 12 16 10 16 13 9 9 15 13 11 19 11 10 12 7 13 15 15 8 13 11 16 17 19 13 30 14 11 11 12 13 11 18 7 16 14 14 18 14 16 17 17 13 7 11 13 12 15 21 10 12 11 16 16 9 16 8 12 9 10 20 14 11
8 22 13 12 10 20 13 17 16 9 9 12 13 13 18 13 16 19 6 11 14 14 20 11 19 18 23 21 17 17 21 17 14 14 14 13 13 18 14 15 15 17 17 9 10 12 20 14 20 10 11 12 12 8 15 8 12 20 10 11 13 13 7 10 7 10 14 16 10 14 9 14 13 16 9 14 12 10 12 11 11 12 13 12 17 9 13 7 10 13 12 13 11 14 9 11 16 13 7 11
17 13 4 10 9 9 11 19 14 20 16 6 9 12 14 14 14 12 12 10 12 14 15 10 12 19 10 5 8 12 17 14 10 11 21 13 11 19 15 12 10 13 14 9 9 11 14 20 16 12 10 9 8 12 13 14 8 12 15 12 10 17 15 16 12 12 18 16 12 15 13 12 10 18 12 21 10 15 11 13 12 10 16 13 15 13 15 15 12 10 14 9 21 12 7 13 8 12 12 9
9 4 16 14 13 18 13 15 11 11 12 12 11 10 16 19 10 8 12 11 15 8 19 22 12 17 7 11 12 14 9 9 6 13 12 13 15 15 14 10 15 14 8 22 10 13 16 11 5 14 13 42 21 24 14 22 10 8 15 11 9 9 13 19 19 11 9 13 13 10 9 14 14 13 27 17 23 10 14 10 8 13 10 10 13 11 12 8 13 15 10 13 13 10 10 11 16 10 11 17
9 11 16 17 12 13 14 8 21 9 12 11 14 11 9 17 15 19 11 16 18 12 11 11 10 11 11 23 13 17 20 16 13 13 19 12 17 17 24 11 15 14 15 15 12 15 11 11 7 14 13 11 17 10 12 10 14 12 15 14 10 10 18 14 18 9 11 11 12 15 6 10 13 15 11 8 14 16 9 10 15 10 15 12 10 14 12 13 12 11 13 11 16 14 5 9 11 18 16 12
19 12 12 13 10 11 8 11 10 16 17 10 10 11 12 12 12 10 12 19 18 8 25 15 13 12 9 12 11 14 16 13 8 10 10 8 10 15 16 12 14 11 7 8 16 11 15 7 16 16 15 8 8 8 14 11 11 12 10 11 7 13 8 7 11 11 15 16 12 11 15 15 10 8 16 11 10 11 9 12 18 15 10 8 13 17 17 8 12 11 15 12 12 15 9 12 16 13 8 15
19 13 10 13 11 19 11 15 16 19 17 20 19 13 7 12 10 15 11 5 14 17 15 11 9 20 8 21 11 9 15 14 10 8 14 14 10 14 17 20 14 12 15 17 12 14 11 8 17 22 6 16 11 9 16 15 23 18 15 17 8 11 14 11 13 12 12 16 10 17 8 8 11 11 17 12 12 9 13 15 18 17 17 21 9 14 16 14 11 11 9 11 15 15 17 11 9 13 12 10
12 15 13 15 16 14 22 14 16 12 5 12 15 18 11 9 12 14 24 16 16 13 19 12 10 15 12 12 15 11 11 6 6 16 11 19 6 7 16 13 12 6 12 6 17 19 16 11 14 8 18 23 9 11 15 7 16 14 11 15 10 6 12 19 11 6 10 19 7 6 8 19 9 12 13 9 10 13 14 14 11 18 10 17 11 11 9 13 19 13 7 21 11 12 15 9 22 9 14 15
12 18 19 17 10 13 14 14 20 14 8 20 13 9 11 14 5 13 13 15 16 10 27 11 14 12 15 20 20 13 35 31 24 16 18 12 10 9 17 11 9 12 18 8 18 6 15 8 8 18 15 13 17 16 16 17 10 13 12 12 14 10 10 15 12 10 7 9 11 10 20 16 11 18 22 14 16 6 17 12 12 16 14 10 10 15 20 12 16 13 15 18 14 19 13 17 13 15 13 16
12 11 22 15 11 23 17 16 16 10 12 14 12 17 13 16 11 9 20 18 14 18 17 14 8 20 19 11 15 15 11 9 12 10 14 12 15 20 13 22 19 19 12 13 14 12 17 17 10 16 9 19 14 6 24 14 14 24 12 11 10 11 8 10 15 11 7 8 10 7 11 11 20 18 22 15 15 6 11 10 15 20 19 12 10 19 17 12 15 15 9 11 25 10 15 10 8 7 15 12
15 18 14 12 12 12 18 9 14 14 14 16 9 11 11 16 9 20 13 17 15 14 23 13 6 12 12 13 11 15 13 17 17 20 18 17 25 15 10 14 16 9 10 18 10 14 7 15 13 11 9 10 7 13 16 12 8 10 18 14 6 16 7 11 6 14 16 17 12 13 9 11 10 11 16 15 13 12 7 10 12 15 7 13 8 13 12 10 10 10 13 10 14 11 11 9 17 8 14 11
11 7 10 16 10 9 18 16 15 10 13 18 17 15 19 9 11 11 15 16 16 12 18 13 17 9 9 10 11 11 15 10 16 16 4 21 12 13 17 15 11 9 12 12 14 11 13 12 19 11 11 13 14 14 9 15 14 14 18 9 12 18 14 10 17 16 10 9 13 13 13 19 14 15 13 14 13 10 18 7 9 17 8 14 20 6 7 6 7 15 16 10 11 11 10 8 13 16 12 12
13 15 19 11 9 15 17 9 11 8 12 9 18 11 16 12 12 17 13 10 11 9 20 6 8 14 13 8 18 13 14 10 14 9 9 11 11 12 14 6 8 12 10 14 9 15 12 17 10 19 10 8 10 14 11 7 12 10 10 12 13 14 9 13 13 10 10 10 9 8 15 10 8 9 16 13 11 14 12 8 14 9 12 12 11 6 14 15 16 9 14 14 14 14 23 9 9 13 13 14
11 10 8 14 11 14 24 14 19 14 11 13 18 13 12 13 9 14 14 11 15 17 11 13 17 13 6 19 10 9 13 5 14 12 12 9 18 9 9 13 13 15 15 17 18 16 12 4 13 11 13 8 15 10 9 15 7 14 13 14 8 9 15 21 8 10 16 17 7 14 17 9 8 10 20 14 12 19 12 16 11 14 13 14 11 10 15 6 6 17 14 10 17 10 12 14 14 12 9 10
13 16 16 9 10 10 14 20 13 12 14 8 19 18 10 19 9 18 17 7 13 9 13 15 11 17 15 11 11 12 12 13 18 15 15 14 7 10 7 15 19 15 11 19 16 9 12 11 10 15 25 17 12 13 13 14 10 14 16 8 18 12 16 11 13 10 13 13 14 20 14 15 10 10 12 16 12 15 10 14 12 12 14 13 11 12 22 15 16 10 9 11 14 15 12 17 11 17 10 13
14 13 14 15 14 14 22 12 16 13 13 17 11 11 15 12 15 11 18 22 12 9 13 15 13 13 15 11 11 14 15 11 14 18 13 9 16 17 10 14 16 16 19 20 16 17 17 14 12 14 13 15 10 9 13 17 17 14 19 13 11 13 13 19 9 14 11 21 11 10 12 15 14 20 14 18 13 16 17 14 12 12 12 8 10 15 15 13 14 8 13 14 7 11 10 14 10 9 14 15
11 10 10 13 21 14 14 12 16 17 13 10 12 16 19 13 12 15 12 18 16 11 12 8 10 15 12 9 15 16 8 8 17 18 8 11 12 8 8 16 13 10 17 18 13 9 12 16 15 10 17 12 19 12 15 6 16 12 16 15 15 11 7 14 14 13 10 14 14 15 10 15 8 9 17 9 18 21 14 12 16 18 22 21 14 8 12 22 19 12 14 11 13 11 12 8 11 12 14 10
18 15 13 11 13 13 9 8 14 10 11 11 14 6 18 20 11 11 12 18 12 18 15 13 25 14 9 14 16 10 19 11 10 16 16 9 11 10 8 12 15 7 9 13 12 20 14 13 14 9 10 11 13 10 16 16 10 13 11 9 14 10 15 14 12 13 9 14 11 13 10 14 8 10 12 14 14 15 21 9 12 8 27 14 11 16 15 16 8 14 10 13 11 7 22 13 13 15 15 18
10 20 17 15 9 13 19 15 15 9 8 9 16 9 16 19 17 7 8 5 16 11 13 13 17 24 7 11 15 10 12 19 15 10 16 8 15 19 15 16 19 6 6 6 5 10 7 8 5 6 5 6 9 6 6 4 9 8 10 6 4 8 6 9 8 7 8 5 8 7 8 4 9 6 5 7 14 5 8 5 12 7 5 7 5 6 7 9 7 8 11 7 6 6 6 5 6 6 8 7
6 8 4 7 5 7 6 12 6 9 6 4 8 7 11 7 9 5 12 6 7 12 10 21                                                                            
