0.333333333333333 4192 26 35 32 47 36 51 52 35 25 34 41 38 37 48 42 45 29 36 36 33 34 36 37 37 52 42 35 40 44 43 58 36 35 35 31 41 48 61 41 25 53 38 49 29 36 35 36 41 49 39 43 36 41 54 41 33 35 37 41 41 48 50 38 34 36 54 25 50 45 57 37 36 41 42 36 37 33 40 32 52 53 43 33 29 40 30 38 42 37 38 43 54 41 52 28 34 30 45
24 41 36 32 26 41 46 40 30 41 35 43 36 47 35 52 29 38 40 54 32 30 45 27 42 32 34 45 44 44 43 35 43 48 41 32 32 39 46 33 53 37 35 42 24 40 25 51 33 53 48 33 43 22 47 39 49 35 48 30 22 33 49 32 54 43 41 40 39 36 47 48 38 22 23 34 43 45 35 42 50 43 37 37 32 45 35 26 45 42 34 35 39 33 35 28 28 30 28 40
38 36 32 29 50 51 31 37 36 44 40 33 28 52 45 36 39 51 51 39 40 37 36 43 45 40 42 30 54 40 33 49 42 37 52 30 35 37 38 43 41 25 47 30 53 40 32 38 32 31 31 41 39 36 12 35 36 43 40 38 32 49 54 38 34 33 30 56 31 32 45 40 32 34 29 43 51 38 45 42 44 43 39 39 32 34 45 25 42 38 32 41 49 43 42 42 26 47 29 36
33 35 39 43 44 34 45 33 41 35 41 40 42 39 29 52 42 40 83 48 41 34 40 30 31 30 34 31 36 40 26 37 24 30 41 33 40 48 47 37 48 43 35 24 32 29 43 34 39 31 40 40 45 45 42 37 30 45 38 43 39 35 40 30 37 30 36 36 47 49 31 36 28 53 38 30 60 47 54 32 31 37 46 37 37 37 40 44 47 37 46 46 30 31 26 35 37 47 45 50
33 39 30 39 42 35 43 29 47 42 41 41 50 42 37 39 44 32 43 43 56 40 44 44 44 25 31 35 40 45 38 38 50 46 42 48 50 39 45 34 51 50 26 34 32 36 53 38 31 54 44 50 52 39 41 36 52 41 30 30 32 20 37 36 24 27 48 42 27 27 38 39 24 56 44 28 38 30 44 35 41 20 47 41 37 22 41 31 35 44 41 33 29 46 41 35 32 35 37 40
43 41 36 35 45 45 47 52 34 47 39 39 33 39 43 34 32 33 46 28 36 46 37 41 47 44 38 45 30 32 34 39 25 37 36 36 27 34 41 41 31 27 31 52 35 44 31 38 39 58 46 30 48 28 45 49 37 35 37 31 47 33 37 41 34 46 46 36 20 37 24 30 37 42 34 44 9 41 46 20 35 39 36 41 32 46 26 43 43 29 27 28 28 33 44 31 42 35 32 36
31 49 28 32 33 45 36 31 46 39 32 35 34 36 40 44 37 25 40 39 43 42 49 62 40 37 46 41 43 48 36 36 30 40 37 42 37 35 35 38 42 47 32 45 38 36 43 48 42 52 34 41 50 21 14 40 32 43 34 25 41 54 50 21 37 32 34 33 45 32 38 34 32 41 38 40 26 43 36 33 36 41 36 40 37 22 21 67 44 21 44 30 41 27 32 43 29 32 41 34
43 42 52 43 29 55 41 35 34 26 42 31 26 40 47 30 43 50 31 37 25 28 35 34 43 41 41 35 54 39 39 24 34 25 33 29 28 38 41 43 28 43 26 48 41 32 33 25 40 32 55 40 37 34 40 32 24 33 32 25 31 45 40 35 42 42 27 34 45 30 37 33 47 43 35 49 30 29 32 31 44 31 42 55 34 50 42 27 47 29 33 42 41 47 54 43 32 39 48 31
39 32 33 46 41 42 44 53 35 39 43 41 32 42 46 36 32 52 25 28 30 42 39 36 35 52 47 28 33 39 42 46 29 39 50 39 31 43 35 25 39 56 41 55 44 39 39 53 44 47 33 38 47 38 36 45 35 37 45 39 37 28 32 39 34 19 40 47 37 31 44 47 36 42 41 38 20 34 31 40 29 36 34 28 36 36 19 28 32 27 43 13 40 40 34 32 35 31 38 32
39 24 36 32 44 45 31 34 26 38 32 33 37 33 21 37 39 39 27 42 27 37 40 31 28 23 30 38 28 40 39 35 26 42 48 35 38 40 37 44 32 48 30 41 38 40 46 34 42 46 46 33 23 39 45 34 38 34 28 36 29 22 28 34 40 33 44 30 42 48 36 39 34 41 38 46 34 32 34 25 33 44 40 46 38 39 45 58 44 33 43 42 58 51 29 29 37 32 43 38
35 33 32 27 30 36 27 57 30 38 52 37 34 34 33 31 45 36 18 35 50 36 15 38 33 26 35 34 45 37 52 29 43 48 32 47 57 31 27 28 36 44 30 27 28 35 35 34 50 27 33 41 32 35 40 52 40 37 32 43 34 42 34 35 42 31 29 25 36 35 30 29 47 42 36 42 34 39 33 47 39 42 36 30 45 51 47 39 38 51 29 32 25 34 52 27 39 40 35 56
26 44 32 36 31 28 41 28 31 26 39 50 37 47 37 38 44 34 40 40 23 40 38 42 31 19 28 25 31 32 38 43 40 41 68 48 60 47 33 37 48 50 27 28 40 29 32 37 44 40 38 28 52 30 48 28 34 39 25 42 39 48 31 45 36 44 42 39 50 26 35 52 33 28 45 44 51 37 30 39 44 35 42 43 45 18 38 48 43 51 42 46 55 42 34 44 49 27 33 43
39 39 33 41 40 42 42 53 40 40 49 34 43 34 30 38 41 36 45 49 34 36 41 38 39 36 37 43 38 56 43 55 38 39 29 40 41 41 46 37 47 40 44 51 50 40 46 30 45 42 46 35 34 42 38 37 42 42 42 46 31 41 41 58 33 38 39 50 38 37 28 65 43 43 50 51 50 40 35 34 41 35 46 30 35 36 36 35 60 66 44 40 35 61 31 50 29 36 36 34
33 29 47 36 50 29 30 34 36 42 41 44 37 40 28 37 38 34 44 28 34 45 51 32 39 39 36 23 29 43 40 38 37 42 35 38 30 41 46 42 37 48 36 29 30 42 30 28 27 25 28 36 37 38 42 38 39 52 38 35 47 33 41 53 42 44 32 41 54 45 32 41 38 39 38 41 42 39 27 37 35 40 43 45 41 26 42 41 30 44 23 54 56 36 29 53 31 38 35 54
41 39 36 47 57 51 47 26 39 48 42 41 43 41 42 33 29 33 35 18 43 37 44 56 38 38 39 44 45 47 44 34 43 57 41 46 45 34 45 38 39 37 43 41 53 36 33 41 31 29 53 51 44 51 38 35 38 32 20 37 35 38 55 52 20 49 31 37 40 43 29 39 30 46 36 42 30 25 44 38 36 34 43 26 37 34 40 19 50 33 59 38 35 30 37 34 39 53 41 28
38 44 39 58 31 50 32 31 35 25 48 25 41 33 32 35 30 41 45 45 34 39 53 39 42 38 32 34 33 41 24 36 30 43 52 44 45 30 45 44 36 31 31 37 34 36 43 57 43 39 43 32 46 49 43 42 49 50 43 50 45 37 33 32 33 30 44 45 29 37 43 38 30 33 47 45 44 41 34 27 41 25 39 40 31 31 32 37 31 50 23 47 27 51 45 44 50 53 37 39
33 40 32 39 39 31 33 30 52 48 28 36 48 42 25 35 43 43 46 34 52 61 47 39 40 37 43 29 39 49 41 30 30 19 39 33 59 40 44 33 42 28 47 46 38 34 39 33 41 43 53 47 49 35 53 53 50 39 30 37 25 48 36 32 38 37 34 47 29 28 35 48 38 32 47 37 33 26 30 42 44 48 44 41 44 43 23 29 42 47 34 41 50 57 37 49 40 30 35 23
22 37 35 54 33 44 29 33 47 38 30 36 33 33 26 32 38 45 50 38 29 24 39 38 43 40 39 40 33 38 37 41 45 46 47 33 49 52 35 28 45 34 39 47 37 43 46 39 31 45 36 22 31 38 51 24 37 45 39 37 42 36 38 45 35 30 31 29 35 34 43 40 46 52 40 35 41 37 42 39 35 26 39 42 33 42 48 56 38 42 56 34 41 50 40 41 50 50 36 40
34 21 33 34 36 28 24 37 45 35 33 29 40 31 30 38 43 42 33 44 22 11 35 39 40 38 33 42 36 49 32 55 55 41 43 31 23 39 40 28 36 39 27 38 33 41 34 31 37 46 35 37 31 33 51 37 42 46 34 36 47 50 47 34 24 30 37 40 40 36 29 35 42 50 30 46 28 33 34 27 47 31 58 39 25 50 37 31 36 38 36 34 25 39 24 31 33 38 38 34
46 37 40 39 40 38 42 37 24 34 30 28 30 50 30 37 17 35 41 36 31 29 26 43 41 42 37 38 42 36 38 52 47 41 39 24 40 39 35 31 39 47 26 36 26 32 41 28 44 30 41 40 29 27 31 36 39 35 34 31 38 33 37 33 28 35 46 51 51 55 35 40 36 38 39 43 43 45 27 26 35 40 34 33 28 36 31 38 46 29 36 37 43 38 40 27 41 36 42 41
47 37 38 32 49 37 36 33 40 43 45 46 36 31 36 35 31 39 38 43 33 33 33 44 34 34 33 45 43 34 32 37 34 41 40 42 43 41 53 37 40 24 44 39 55 37 44 36 35 41 46 33 34 41 44 34 48 43 28 37 35 34 37 43 47 31 36 39 37 39 42 52 41 37 41 32 37 35 43 41 27 27 23 42 41 44 37 37 46 35 45 52 42 50 34 48 26 37 34 30
47 50 44 40 53 41 45 42 37 106 58 40 43 41 36 37 42 46 44 32 36 35 33 49 38 34 35 29 36 21 31 29 40 37 40 26 39 33 38 38 43 34 39 35 35 38 39 46 42 37 49 41 38 43 39 45 38 48 43 46 38 43 33 40 46 51 46 31 41 53 40 39 46 36 37 41 35 45 35 38 27 36 34 29 37 32 47 30 48 42 31 46 47 45 29 40 45 42 37 44
32 38 46 37 34 42 30 35 47 53 33 33 47 53 39 46 36 47 51 46 37 55 39 40 39 23 38 40 45 41 52 38 43 40 42 46 36 48 30 28 25 24 37 54 30 38 41 25 44 50 33 32 29 52 43 28 35 54 34 26 42 47 40 38 29 34 54 39 33 45 36 29 32 42 50 45 60 42 37 38 45 53 41 44 24 48 47 47 63 46 41 37 32 32 41 43 42 52 38 51
44 43 42 38 38 29 31 38 32 33 33 30 41 31 46 39 38 38 48 40 36 44 43 38 36 33 32 33 49 44 33 42 21 49 48 38 28 28 45 34 35 26 30 28 45 28 48 29 34 41 39 27 50 27 43 10 9 42 36 29 33 45 54 44 25 39 28 37 27 25 36 47 48 33 42 35 39 42 35 41 39 39 42 34 38 50 44 43 44 33 38 37 28 37 37 42 45 41 38 40
37 36 53 34 41 32 38 33 47 47 44 30 33 39 49 32 51 41 38 45 29 30 50 44 31 45 36 36 54 35 32 41 45 39 26 45 26 29 33 32 39 34 46 36 38 39 39 37 37 32 43 34 23 38 35 38 35 48 61 40 43 30 38 39 29 36 41 38 42 37 36 41 41 32 37 37 42 55 43 33 31 33 39 33 57 49 38 23 36 41 32 33 38 45 38 43 40 46 38 40
41 33 32 36 38 34 29 44 37 43 45 45 33 39 45 48 33 28 39 23 39 30 33 30 49 44 33 33 40 40 36 30 32 31 27 31 33 34 32 40 33 27 46 35 25 36 30 36 34 55 38 36 48 24 37 38 34 42 35 33 41 37 28 35 50 36 49 38 45 39 33 27 44 50 33 47 39 33 36 40 22 42 39 49 40 28 34 41 36 54 33 23 36 30 33 25 41 40 37 40
38 34 40 40 39 43 43 47 42 30 32 37 33 33 37 28 40 40 47 56 30 28 40 32 28 38 26 35 38 29 26 31 38 48 30 45 22 47 29 40 20 39 32 37 29 43 44 42 34 49 34 34 32 47 39 35 31 33 27 48 46 35 37 26 35 37 44 41 44 48 26 27 27 34 48 38 37 34 37 36 43 39 42 35 36 26 45 39 37 39 17 55 35 28 39 46 39 34 36 42
32 33 52 28 44 42 31 40 41 33 52 28 18 40 44 36 27 32 36 51 33 26 31 48 41 22 40 32 39 27 25 26 31 37 27 37 21 43 33 30 32 39 28 36 43 35 21 37 41 29 31 41 54 42 45 46 35 36 28 39 40 33 35 22 50 44 41 50 45 49 41 46 28 34 49 50 43 31 38 33 42 44 41 47 39 39 25 37 51 42 25 44 24 37 29 26 30 51 35 36
28 45 35 37 34 35 26 42 29 38 29 42 44 42 40 41 40 35 32 35 29 36 33 30 40 39 35 42 34 52 40 44 43 46 46 34 29 37 45 38 43 41 42 44 37 31 41 32 37 43 54 42 35 45 33 46 37 45 49 38 36 43 45 39 21 37 43 23 34 26 33 39 35 41 42 46 43 40 40 34 40 31 27 47 36 47 38 31 26 21 23 28 37 38 34 24 29 41 27 45
37 39 38 32 38 28 25 21 43 43 34 30 33 36 32 28 21 34 31 25 31 25 33 43 34 51 53 36 46 34 32 35 35 28 38 36 50 45 40 32 49 33 37 38 28 38 56 38 48 33 29 55 33 27 43 34 33 34 47 34 24 47 39 29 32 40 44 57 46 33 44 40 34 36 34 31 30 31 38 30 36 29 38 29 42 32 29 38 25 32 34 33 42 36 35 41 28 26 37 31
27 40 37 29 19 31 29 46 41 48 34 42 47 43 33 29 50 35 35 43 40 43 29 42 39 20 36 32 24 43 37 48 47 22 44 39 35 29 35 31 25 40 25 42 22 38 21 34 37 43 43 37 21 37 41 46 34 35 29 35 38 39 39 44 34 34 24 20 41 42 44 52 38 34 26 26 36 43 24 50 41 45 34 42 33 25 34 51 44 36 49 42 41 34 30 41 29 44 35 42
39 35 53 44 31 42 38 47 31 30 44 37 71 36 41 48 43 44 52 29 38 43 31 33 33 38 33 41 37 41 51 37 38 38 42 36 49 25 28 29 48 30 50 45 40 64 53 37 16 34 44 23 45 41 44 43 36 43 44 41 42 49 48 33 24 35 36 36 30 33 29 33 35 29 38 33 37 36 36 33 48 25 29 38 26 39 31 24 22 37 25 34 32 40 28 47 32 41 17 39
36 31 30 24 35 42 47 28 35 32 42 50 29 47 36 31 39 29 34 52 26 27 29 34 24 35 33 48 30 44 53 29 40 35 28 42 33 34 40 29 50 30 36 24 42 39 40 37 37 34 34 41 34 44 34 33 33 54 48 52 31 49 53 29 40 41 36 42 50 41 49 51 41 33 39 33 35 52 37 26 32 21 29 25 25 25 24 44 36 50 29 35 41 34 28 52 27 29 40 37
44 33 38 41 41 28 43 45 38 51 45 44 50 51 36 46 37 38 51 37 35 31 44 45 33 40 34 45 52 21 34 39 40 32 34 49 43 45 48 25 45 39 25 48 33 48 45 55 41 53 40 43 60 32 39 51 35 24 56 34 45 48 36 45 43 25 41 35 21 51 36 33 43 41 35 32 39 38 37 45 34 44 55 45 43 35 32 44 48 34 52 36 43 40 19 47 45 45 36 47
30 30 36 44 25 35 45 30 42 25 31 47 38 17 40 33 38 23 37 35 36 36 35 49 40 48 50 33 31 27 35 40 42 25 28 33 27 24 34 35 48 37 32 26 33 29 36 40 42 37 35 25 36 31 25 34 37 32 36 38 28 44 47 28 29 38 37 51 39 35 34 41 48 35 38 39 30 46 39 25 32 40 32 40 50 35 16 23 35 36 51 39 35 35 36 47 41 38 28 37
37 46 42 50 38 51 28 37 38 30 45 23 40 46 36 44 44 25 36 33 47 41 26 33 37 27 33 42 35 25 39 34 41 44 33 38 39 33 22 40 45 50 36 43 39 32 25 55 31 29 36 34 26 44 40 38 42 45 34 35 27 40 37 37 33 48 32 42 31 40 27 40 46 40 41 39 41 47 46 36 35 48 39 31 82 75 41 36 38 40 44 30 51 35 30 27 19 12 37 38
28 38 34 38 45 76 33 49 32 38 31 22 42 42 47 32 29 47 41 41 40 49 47 32 42 36 54 45 39 37 34 34 45 50 35 28 36 33 43 32 35 36 36 26 57 46 38 45 39 29 38 35 43 29 35 41 45 49 38 46 46 41 39 39 46 33 47 38 23 25 24 38 41 33 31 28 31 49 37 49 42 36 41 36 39 40 45 44 45 39 34 33 48 40 41 33 41 44 47 38
32 26 48 37 46 33 29 50 47 33 38 36 40 38 41 46 41 37 31 39 24 32 16 41 45 41 44 24 34 38 43 50 45 33 34 42 40 47 41 37 45 38 43 28 25 33 36 21 42 19 32 33 42 27 28 28 33 33 31 32 29 34 40 47 45 35 37 28 41 45 57 32 39 32 51 42 30 44 46 31 53 37 42 37 44 28 40 36 26 28 39 35 37 39 39 39 43 33 32 32
37 28 41 36 35 45 29 45 46 39 34 31 37 31 45 44 45 35 35 48 34 58 24 45 24 19 44 50 37 40 43 22 38 41 44 40 27 49 35 29 42 43 37 36 29 45 44 38 41 27 38 37 41 36 43 28 33 28 37 42 39 44 29 30 37 46 41 30 37 44 31 32 35 33 40 39 43 31 38 31 48 27 35 47 35 41 36 42 28 41 42 48 38 41 45 50 24 50 38 38
31 45 14 42 15 35 17 18 37 33 35 48 41 49 41 39 29 46 41 38 24 43 28 38 42 39 30 37 40 44 42 29 52 44 45 30 40 47 38 45 43 46 40 47 35 53 38 39 34 25 35 36 38 37 40 37 36 29 42 38 42 35 48 36 37 38 44 55 33 36 38 33 47 35 33 38 34 34 47 40 48 53 31 36 36 41 18 32 35 37 35 27 45 38 36 34 37 44 47 41
24 42 43 33 27 35 33 22 13 14 20 20 16 19 24 25 14 18 20 12 23 17 11 21 17 13 17 15 17 17 23 18 12 19 19 20 12 16 23 20 19 18 11 16 15 13 17 16 17 16 20 24 18 18 32 18 19 21 30 17 18 17 13 19 12 24 14 23 16 26 26 21 23 17 18 21 14 21 20 16 18 17 24 12 19 14 20 29 18 11 16 13 16 7 24 19 10 6 10 16
18 12 16 15 17 15 31 18 22 14 18 19 25 19 9 28 14 10 17 13 13 17 24 18 17 17 19 18 24 24 22 24 19 21 25 11 20 19 14 16 23 21 34 17 19 17 15 17 21 15 9 20 9 13 16 20 15 20 13 16 19 17 14 26 22 14 12 33 21 27 14 11 10 14 11 15 6 20 14 24 15 17 14 21 29 24 20 11 20 14 19 51 22 15      
