0.458333333333333 3635 21 25 39 19 26 32 20 19 19 19 20 24 28 30 22 25 27 16 34 22 28 21 23 33 33 24 29 29 23 25 43 15 20 26 29 24 24 24 29 28 29 22 24 23 25 26 34 16 27 18 25 26 26 30 19 24 31 29 26 19 33 22 21 19 24 23 24 18 16 23 8 23 19 19 29 12 18 19 24 19 24 19 20 30 24 22 28 23 39 24 33 26 23 28 20 26 21 25
26 31 27 22 17 23 20 27 25 27 27 16 26 26 34 19 19 32 26 20 25 26 26 12 27 28 29 23 25 30 25 18 33 24 13 21 25 31 31 39 30 31 30 31 26 35 30 24 23 18 26 26 14 20 18 32 29 31 32 23 27 23 32 27 24 26 23 19 19 17 25 23 24 23 22 30 32 25 20 21 19 33 22 24 23 18 29 23 31 29 21 25 28 33 30 22 22 27 37 19
25 19 32 19 26 24 28 30 22 24 21 28 27 16 28 24 26 24 15 21 26 21 21 27 12 22 28 22 23 31 21 21 25 30 21 18 24 22 23 24 27 27 22 31 31 31 26 24 21 28 25 23 27 32 25 18 27 34 24 21 22 17 20 16 16 33 25 27 25 21 18 20 23 25 26 29 18 24 17 25 25 18 23 24 24 20 20 19 17 36 24 26 25 10 24 33 16 20 24 33
26 31 15 28 30 30 30 28 23 21 24 21 26 24 15 33 17 29 19 29 25 18 20 24 18 21 23 23 20 19 13 17 27 22 31 16 16 21 31 24 23 34 17 24 29 41 29 28 28 23 27 10 22 46 30 34 22 17 36 29 28 20 27 30 21 20 22 24 15 16 24 28 19 36 26 22 20 29 38 27 27 23 32 25 19 32 29 21 15 32 22 27 27 32 33 19 21 20 30 22
18 24 25 24 26 19 20 33 28 20 30 26 21 12 30 15 24 29 26 21 30 29 27 26 30 25 25 17 16 24 25 24 23 24 28 34 29 18 20 25 29 21 19 22 22 29 25 22 13 12 18 30 22 22 19 38 18 20 24 29 26 34 19 32 27 27 21 21 18 25 31 19 16 23 18 30 21 30 25 16 23 21 20 29 28 17 24 36 31 18 18 23 22 22 18 22 21 28 15 12
24 16 20 16 19 15 17 19 19 23 17 21 24 20 20 17 19 20 16 15 20 28 25 20 17 20 28 22 24 24 11 21 26 29 22 15 25 20 23 26 12 25 22 19 23 27 35 25 26 30 27 32 22 25 27 31 26 21 22 18 28 23 26 28 29 24 26 26 23 24 17 21 26 28 31 26 24 14 32 29 23 23 29 22 14 15 25 32 28 26 17 25 24 22 22 25 23 20 17 21
20 25 18 26 21 26 25 24 21 34 26 29 24 26 19 26 15 27 12 29 25 22 21 21 25 27 21 24 19 21 21 17 21 23 22 17 22 14 28 23 23 19 20 30 21 28 19 22 27 24 18 28 24 32 20 20 28 26 22 30 25 37 36 25 22 34 29 28 30 16 23 38 15 17 22 25 24 19 12 19 14 23 29 10 15 23 14 23 24 17 26 22 15 28 17 16 23 25 21 22
14 22 26 18 31 30 25 28 24 31 33 13 26 28 26 24 30 25 16 24 21 26 18 15 23 21 22 25 23 19 25 17 16 16 20 29 16 21 16 24 28 20 24 21 31 24 21 17 29 23 21 28 20 18 26 15 27 22 23 19 23 23 13 20 16 25 19 20 23 18 29 31 19 18 15 22 25 32 22 27 20 27 29 31 20 28 7 27 31 20 25 25 14 27 23 25 25 24 22 23
27 26 15 15 25 32 23 18 21 11 20 31 18 22 28 23 16 23 20 21 17 20 25 22 27 17 21 23 35 22 20 31 29 19 16 21 27 24 31 36 15 28 24 28 20 36 41 18 25 31 28 27 21 28 27 27 25 22 16 26 19 16 24 23 26 16 21 28 21 22 27 27 26 14 28 23 19 23 19 32 13 23 21 28 30 14 28 27 34 18 17 30 26 20 18 15 27 20 24 27
18 29 27 24 18 35 33 26 21 34 30 27 34 24 42 18 24 25 25 28 28 32 29 25 24 21 40 31 26 31 28 16 33 26 32 18 30 23 28 28 29 24 22 24 22 19 24 22 25 25 28 24 15 27 26 29 24 28 32 30 32 31 29 31 27 25 25 20 28 27 23 25 24 24 22 18 17 29 26 32 29 21 27 23 55 44 56 54 53 40 25 16 19 30 34 18 29 21 28 21
19 26 20 22 32 28 18 34 27 22 22 23 19 25 17 25 23 23 24 23 34 23 25 26 26 11 19 22 23 20 18 26 37 26 16 16 21 32 33 33 28 27 29 32 24 27 29 19 29 25 28 19 29 33 27 35 17 19 21 18 35 25 17 22 18 21 24 20 18 24 28 23 22 32 19 28 21 29 37 17 35 35 38 22 28 26 27 25 27 26 17 25 26 28 16 8 23 18 33 27
27 24 19 22 21 18 30 17 23 29 26 28 30 23 26 12 25 25 19 23 14 35 31 19 27 30 23 23 19 27 24 16 21 19 19 24 11 18 27 29 33 26 35 18 26 24 20 19 19 20 24 39 25 18 24 13 27 28 32 24 25 22 31 25 22 18 49 28 28 25 19 19 17 24 20 23 20 22 20 25 31 32 32 24 21 20 24 39 28 23 23 15 19 20 19 19 25 23 19 31
32 26 24 26 28 33 20 30 25 25 10 29 15 14 19 22 21 21 13 17 31 20 14 22 27 12 25 29 22 33 25 20 24 29 12 18 28 22 22 29 31 24 16 20 18 23 34 18 20 26 18 34 34 26 18 19 29 24 27 18 24 25 21 30 27 28 18 16 24 26 23 27 27 31 18 20 27 19 17 24 22 27 20 16 20 21 17 20 26 36 22 15 29 21 24 16 20 32 21 18
19 18 17 21 18 28 22 23 17 25 28 15 15 16 18 14 31 33 26 22 17 19 21 21 15 23 11 26 21 16 21 24 16 28 26 26 24 16 19 18 23 27 23 22 20 38 22 25 19 26 23 12 24 20 12 24 21 23 17 20 21 20 14 23 21 26 21 21 20 16 23 19 14 16 18 20 31 16 23 25 16 21 27 28 31 19 21 29 33 24 25 25 29 21 19 22 23 30 21 25
19 21 18 21 24 31 23 29 26 17 23 26 28 27 21 30 31 27 22 24 25 19 33 28 36 27 24 24 24 28 26 18 28 19 17 30 19 22 17 20 17 22 24 24 10 19 21 22 15 21 27 28 21 32 17 27 18 23 20 25 34 30 27 27 18 16 23 17 16 20 23 32 27 29 21 20 24 22 21 18 29 34 26 25 24 22 31 30 38 26 19 26 27 22 23 22 20 22 18 23
16 22 31 19 17 27 26 24 21 26 29 35 26 15 18 21 19 36 15 25 25 18 20 29 19 24 23 23 24 26 19 26 21 19 40 23 17 20 21 15 22 12 30 21 31 32 20 27 15 21 25 16 18 21 18 16 22 17 14 19 17 34 21 20 19 22 10 20 19 20 22 15 19 32 16 13 23 19 23 18 18 16 19 17 17 17 25 23 27 20 25 28 32 32 20 21 29 19 34 18
24 22 18 17 23 30 22 21 23 20 25 18 23 14 26 16 16 17 19 22 18 29 18 26 22 19 25 19 30 16 21 22 20 18 18 36 22 20 22 21 16 18 21 24 20 23 22 22 15 25 23 19 26 17 21 27 22 16 34 19 22 28 19 26 30 31 18 24 21 23 22 31 25 21 18 21 26 28 23 24 24 16 21 24 18 26 20 23 20 16 24 26 20 24 32 26 28 22 18 22
29 31 10 21 19 29 19 25 22 21 28 28 18 18 22 21 22 25 17 27 19 30 25 23 22 18 18 21 22 25 21 24 21 28 16 19 25 25 16 22 23 27 21 31 18 26 19 27 12 23 26 26 32 32 30 24 18 19 32 13 21 30 26 24 21 29 30 19 21 26 21 29 15 27 21 26 26 21 24 29 24 17 28 30 18 28 20 34 26 19 26 23 22 22 23 33 21 28 27 29
25 32 55 65 50 82 13 23 24 19 27 21 17 22 18 23 22 35 23 21 20 24 24 23 13 16 21 25 16 20 25 27 13 26 15 19 26 31 20 21 27 24 24 18 36 27 29 27 22 20 17 25 20 21 27 24 25 13 25 38 28 22 27 25 28 28 20 23 38 27 18 22 19 25 29 25 26 18 15 19 29 18 19 16 30 26 26 26 29 27 22 30 33 26 30 31 15 19 23 23
24 27 29 21 19 24 30 28 25 20 24 15 19 17 22 23 24 28 26 41 28 21 30 34 22 23 19 17 22 29 17 21 13 18 18 8 27 21 20 23 16 19 21 25 26 25 22 9 21 18 32 27 26 29 24 37 27 23 49 22 21 25 25 23 31 29 37 24 18 29 22 20 21 34 33 18 24 23 22 27 30 24 28 16 22 16 19 19 21 29 19 30 20 17 26 30 23 21 19 24
33 17 22 26 22 38 17 19 20 29 26 22 28 17 32 27 15 14 17 18 27 26 35 22 20 27 22 21 14 25 24 23 17 21 20 21 28 12 19 23 16 28 19 24 27 19 14 18 18 17 18 19 32 26 15 25 25 25 28 24 25 25 27 28 19 16 26 33 21 16 32 28 27 21 27 16 26 27 23 27 23 22 20 19 27 27 19 21 23 24 22 16 29 20 22 30 31 19 17 29
25 18 33 22 32 26 26 16 19 28 23 9 28 29 23 21 17 23 24 21 20 28 29 22 22 21 20 19 17 19 34 28 22 20 15 18 22 26 19 30 15 62 15 32 25 10 29 14 16 24 24 22 20 18 23 24 21 28 20 19 19 20 26 27 19 23 14 21 24 32 27 23 22 22 20 23 20 19 20 9 18 17 21 22 27 19 18 25 28 22 19 19 22 22 26 15 22 17 11 18
20 19 14 20 13 15 16 21 25 21 25 23 16 16 20 32 20 25 30 33 18 35 30 18 24 22 25 19 31 22 9 24 36 17 26 28 29 24 26 26 25 14 27 30 20 15 26 25 35 19 24 28 28 19 22 20 20 27 24 36 29 26 25 33 16 31 18 25 16 19 18 30 31 15 26 25 14 16 24 15 30 33 20 20 20 20 28 25 32 26 24 15 21 13 26 29 16 26 27 30
22 20 14 26 22 22 24 31 24 28 18 20 25 23 25 11 22 22 17 24 28 27 27 15 23 35 19 23 14 28 28 17 25 23 39 25 21 23 13 24 29 24 21 24 16 23 30 22 27 20 31 16 21 31 27 27 27 21 31 21 9 20 18 11 14 22 28 23 25 26 22 27 17 23 19 20 15 21 32 21 22 20 22 27 32 29 26 25 19 20 24 22 27 27 19 14 21 22 27 18
20 18 20 30 21 33 17 21 19 18 41 14 15 15 19 15 29 16 14 27 27 15 15 17 21 25 29 19 30 32 16 19 20 21 25 26 28 22 15 34 17 23 25 29 25 24 14 18 26 31 29 25 17 26 25 16 20 23 23 20 13 27 20 28 22 26 16 13 26 21 22 15 22 21 31 21 21 25 36 16 25 30 29 24 19 21 21 27 26 22 15 21 26 25 19 24 15 18 22 21
22 26 27 21 27 25 27 34 18 28 23 19 17 20 22 15 12 18 21 18 17 22 26 33 19 29 15 29 28 23 19 21 27 26 23 29 24 27 27 16 27 23 27 32 20 17 33 23 35 28 21 21 16 21 22 28 23 28 24 29 10 29 32 16 28 27 31 23 28 20 26 24 25 33 22 22 29 20 20 25 28 13 19 23 31 22 26 31 20 21 23 26 14 19 23 32 28 26 18 24
27 23 16 20 23 22 42 21 17 29 25 33 33 22 23 18 19 15 25 11 24 22 31 16 18 22 30 17 26 22 23 23 24 19 17 19 23 20 14 24 23 22 27 21 16 21 17 32 29 21 25 32 29 29 24 31 21 22 25 28 26 21 23 21 29 16 24 26 25 27 27 23 13 17 19 19 25 26 31 30 23 28 20 23 26 25 22 14 16 26 28 25 20 24 25 25 20 30 21 24
30 28 25 20 16 19 24 17 19 26 23 24 29 24 21 18 23 27 26 23 24 24 44 17 30 32 28 23 25 21 18 17 32 27 16 22 23 33 22 25 21 30 14 29 21 17 24 26 15 16 14 21 24 38 36 25 23 33 24 33 30 29 29 21 29 26 18 25 22 17 21 20 23 17 22 26 21 30 21 15 15 14 17 23 27 13 17 26 13 15 30 16 15 26 20 17 24 24 17 27
25 18 12 15 20 19 28 24 17 29 23 19 27 31 32 29 19 19 20 26 19 22 24 17 20 20 28 17 28 24 28 24 23 22 21 22 18 19 31 23 24 22 21 13 24 17 21 16 21 25 23 24 38 10 19 21 22 28 25 37 18 20 16 27 19 25 28 22 22 33 27 17 24 29 19 26 18 26 31 26 24 23 29 16 22 20 23 24 8 22 23 23 32 24 23 23 24 17 22 12
26 29 17 18 19 19 21 27 21 15 27 25 24 22 20 17 16 21 16 22 14 26 27 23 19 22 27 33 24 24 27 33 23 23 24 24 20 35 26 21 24 24 17 18 19 27 16 19 24 21 13 24 21 32 11 17 26 21 21 24 17 25 17 22 28 11 23 18 18 21 23 29 23 28 27 29 24 19 30 25 27 28 27 28 20 22 23 23 26 19 21 19 34 21 22 15 19 33 25 27
31 17 17 25 18 22 18 28 15 21 21 17 34 24 32 16 16 30 22 19 22 16 20 26 14 24 19 16 20 27 26 23 38 22 23 27 14 20 23 24 19 30 12 20 24 25 21 18 33 27 37 18 28 21 27 28 26 19 26 24 20 13 16 19 15 23 30 25 28 23 11 22 30 26 25 27 20 22 17 17 18 24 20 14 23 33 20 19 28 20 21 17 35 22 29 22 25 23 28 22
19 23 28 22 28 30 20 20 26 27 26 29 38 20 20 27 23 22 22 22 9 27 20 19 10 16 21 27 19 42 28 14 31 30 26 24 26 28 24 14 28 20 23 15 24 27 19 27 10 21 33 19 12 34 26 16 17 21 22 24 23 23 11 16 16 17 20 19 25 24 32 35 36 24 17 30 23 25 21 24 17 13 18 27 20 19 18 15 24 24 9 30 34 28 31 23 27 25 18 20
32 24 26 26 20 19 30 27 27 28 18 17 20 35 30 19 24 21 21 15 17 25 23 16 21 20 16 24 26 27 27 14 25 18 24 22 15 18 20 33 27 23 27 27 23 21 21 21 19 23 16 26 32 27 23 28 23 20 23 17 21 24 21 33 30 24 19 19 28 22 25 22 20 20 19 31 25 25 21 30 18 26 27 14 15 23 28 24 20 22 13 20 16 18 18 26 22 21 25 18
30 24 21 30 12 27 14 27 18 22 28 20 19 22 24 20 15 17 26 14 26 32 25 24 26 29 34 17 27 26 18 28 31 34 24 20 23 22 37 21 28 13 21 22 22 27 27 30 30 26 32 35 25 24 28 20 17 28 32 13 32 24 18 22 20 19 14 24 19 19 23 18 22 22 26 22 19 25 12 20 17 24 25 21 22 20 19 20 34 29 20 26 17 17 27 25 23 8 21 22
25 14 23 25 24 16 24 18 14 42 16 28 25 19 22 29 28 21 17 19 17 18 16 14 24 15 16 25 27 20 23 23 18 26 14 14 12 19 23 15 24 24 28 22 21 18 17 25 26 23 16 20 21 15 18 21 27 15 17 30 27 32 30 29 16 28 18 33 32 21 31 24 18 26 21 20 24 26 27 30 22 25 24 24 36 20 19 27 31 11 16 15 23 10 14 16 5 16 10 12
6 6 18 16 10 10 10 8 9 13 14 9 9 8 11 7 12 7 8 9 10 6 10 11 7 13 13 13 13 12 11 10 8 8 9 7 14 9 10 16 20 14 14 7 8 13 8 19 6 14 15 11 17 11 7 8 10 17 10 15 9 10 11 14 12 12 10 20 10 10 9 17 17 9 9 12 16 6 12 4 16 20 12 16 8 12 6 7 9 15 13 9 12 11 23 12 14 9 8 8
14 12 17 11 6 8 9 18 7 13 11 20 13 12 15 11 10 8 15 10 18 14 14 4 12 13 5 8 8 13 15 10 10 6 32 31 9                                                               
