0.375 2388 20 20 15 23 14 23 16 15 9 23 15 19 13 25 18 16 14 20 19 17 17 16 19 17 16 25 14 21 23 14 18 17 16 18 12 14 24 19 19 17 25 17 13 14 12 17 14 10 14 22 14 15 14 18 12 24 18 13 14 17 9 10 21 20 17 17 16 20 25 23 15 20 18 8 12 25 14 15 15 22 10 13 11 16 15 15 13 15 15 17 21 17 17 28 15 16 16 19
10 17 25 17 21 15 16 19 17 15 9 20 16 19 13 18 18 8 21 21 16 17 25 21 16 14 19 19 11 18 18 26 16 5 15 14 9 15 16 22 15 16 14 16 11 17 12 12 17 16 19 12 14 15 16 12 11 10 13 16 23 12 10 19 16 12 20 12 14 24 20 13 22 14 20 13 17 20 17 10 16 12 15 20 22 17 18 17 7 15 19 19 14 15 19 11 20 18 15 9
16 19 14 14 19 20 17 10 18 15 17 18 7 16 16 18 16 13 13 15 27 17 10 25 12 19 19 15 20 19 20 15 15 17 12 12 16 14 15 20 17 13 15 19 16 19 15 20 21 19 20 18 12 18 22 18 11 18 8 17 10 9 19 14 15 16 18 14 15 14 14 16 14 13 15 16 17 14 11 13 17 18 15 19 21 15 11 11 15 9 12 12 16 15 19 21 13 15 14 19
16 12 14 20 21 14 17 12 22 16 10 18 19 19 17 18 15 17 24 13 17 20 14 11 19 17 19 17 17 16 15 19 17 16 20 15 31 14 16 20 18 22 12 13 11 21 16 12 22 21 18 18 25 22 14 18 14 15 11 28 17 21 16 14 16 16 15 14 15 21 17 12 15 20 17 15 15 12 15 17 17 21 15 13 19 13 25 21 22 18 25 16 13 13 23 11 15 13 17 16
14 24 16 15 17 29 16 19 24 9 16 16 13 17 16 14 11 16 7 11 18 20 14 18 13 12 16 20 20 11 15 17 15 10 14 7 17 16 18 13 22 16 17 15 14 16 17 14 16 20 14 18 20 14 12 25 13 27 13 13 14 8 16 20 15 13 23 21 18 20 21 15 15 17 16 14 21 16 23 12 15 11 32 14 8 17 19 17 19 17 20 20 14 20 13 24 16 19 18 20
14 23 24 15 11 18 14 17 20 20 12 17 21 25 24 14 16 17 28 12 14 18 20 19 17 21 19 21 14 18 14 11 17 17 10 14 18 13 16 16 16 15 16 17 12 20 14 14 15 12 15 15 16 16 17 16 16 12 10 21 10 14 12 17 11 16 11 18 15 19 14 16 23 15 18 18 19 20 19 16 16 16 15 15 17 15 18 11 29 18 17 17 31 16 15 14 16 14 16 13
14 18 16 18 18 15 14 16 19 18 18 19 13 12 15 15 11 11 12 11 10 19 15 20 14 13 13 14 19 12 10 11 10 15 16 15 17 19 18 13 21 20 12 19 15 11 9 12 8 15 12 15 9 17 19 20 19 14 12 15 16 17 10 16 14 40 13 25 16 10 15 16 15 16 16 20 12 25 19 14 11 20 14 19 16 13 14 10 12 29 18 18 24 13 15 17 13 20 16 16
12 16 20 19 15 20 22 17 15 21 17 23 19 14 14 18 13 17 21 18 29 19 23 15 18 21 10 27 13 13 17 17 26 11 15 17 22 19 23 19 21 16 19 16 11 29 23 21 17 18 10 12 17 19 29 16 14 12 14 18 21 17 21 13 12 16 13 16 10 17 17 11 15 16 20 14 10 17 22 17 22 14 13 11 8 20 12 16 16 14 9 26 17 11 21 17 12 21 12 15
16 11 17 20 18 22 22 17 17 17 15 13 16 14 21 19 17 16 15 15 16 15 20 22 13 18 15 20 22 15 12 14 21 15 17 9 19 19 19 16 21 12 15 21 15 15 18 25 13 22 14 24 21 18 14 18 19 19 23 20 17 12 12 16 19 23 11 13 7 22 22 12 9 14 15 21 10 20 22 16 12 12 15 11 14 15 16 25 12 17 19 13 15 21 14 11 17 24 21 20
11 16 16 10 13 15 20 11 17 15 16 19 13 19 16 18 14 13 15 16 24 26 17 11 11 18 25 15 14 24 20 19 23 14 16 18 25 20 16 18 12 12 19 10 14 13 22 19 15 21 22 16 15 20 16 16 18 18 12 23 24 15 22 21 12 22 21 15 21 14 18 15 17 22 16 17 17 22 22 12 10 20 16 18 21 18 22 12 17 17 17 17 16 14 16 18 16 20 18 12
22 11 15 12 14 11 18 14 17 14 20 17 15 10 13 21 18 23 17 14 12 19 12 15 14 14 14 14 19 17 9 26 15 13 11 15 18 15 15 15 13 15 17 8 26 15 16 11 17 11 17 19 18 19 16 12 14 16 13 18 15 18 16 15 16 13 14 15 21 18 20 17 12 17 21 11 13 12 15 9 15 18 13 15 17 21 15 12 19 14 15 14 15 29 20 13 16 15 19 15
15 20 16 25 11 11 14 18 17 23 19 11 19 12 8 15 15 18 15 17 23 12 22 18 13 22 26 13 11 19 13 19 9 17 14 16 14 21 7 12 10 11 13 12 19 18 20 12 16 19 20 14 12 12 12 23 11 15 14 14 21 15 16 19 12 15 11 17 20 15 13 16 18 17 20 12 19 21 20 16 15 17 15 17 13 16 13 12 12 24 20 13 19 18 14 23 15 20 16 14
20 14 9 15 8 14 18 24 12 12 11 25 9 19 12 16 19 13 15 9 14 25 15 19 13 19 12 21 13 17 21 15 10 14 15 9 13 11 20 21 13 13 19 19 11 16 18 13 12 17 17 22 11 11 12 18 16 22 19 18 12 19 16 14 9 14 20 18 19 14 18 17 13 19 21 15 27 21 19 22 17 13 20 17 16 13 22 8 17 12 13 14 13 31 11 17 20 16 18 12
12 14 14 20 17 13 15 17 11 15 10 13 16 13 22 10 14 22 12 16 19 15 11 14 15 24 15 16 14 12 22 17 10 16 17 20 20 13 12 15 10 16 14 10 9 16 14 8 20 13 20 14 24 20 12 16 13 24 13 22 17 24 14 16 11 14 12 15 24 17 17 14 16 18 20 22 22 10 14 14 16 20 22 15 13 23 13 15 17 20 9 10 15 14 10 16 17 16 16 16
19 11 12 16 22 11 20 20 19 19 11 9 13 19 18 10 16 12 13 15 14 14 12 15 9 18 14 12 6 14 19 13 13 16 20 21 18 18 20 22 15 17 15 14 19 13 19 26 14 18 19 18 15 16 17 12 16 10 11 16 12 18 14 15 17 12 24 12 16 10 20 13 15 11 14 17 19 18 13 22 18 20 21 11 22 12 24 13 17 12 16 17 16 17 14 13 11 12 16 10
10 15 15 18 23 11 11 23 21 14 20 15 10 18 15 13 15 11 7 18 17 12 12 21 8 16 18 20 22 13 19 26 16 19 12 17 17 16 13 9 14 25 17 8 13 12 15 13 14 19 14 14 12 14 13 13 9 16 9 25 13 22 25 8 10 15 18 12 19 24 19 12 15 13 14 18 19 14 12 11 18 17 20 20 13 13 19 17 24 9 9 13 8 16 8 10 16 21 12 18
14 10 11 17 14 9 22 16 12 11 16 17 17 12 19 21 20 22 19 12 13 16 11 17 15 10 16 16 17 17 19 11 25 11 19 19 17 21 26 16 19 14 17 10 17 23 23 13 28 19 15 15 18 17 12 13 11 19 21 15 13 13 16 12 11 19 11 12 10 19 16 14 17 12 19 19 16 17 19 12 12 11 13 20 12 23 11 15 20 15 16 16 12 18 17 12 13 17 13 15
14 24 19 20 21 18 13 25 21 23 17 15 12 16 29 10 17 16 17 11 15 18 11 10 12 22 13 21 17 20 13 14 22 15 19 18 10 14 16 15 18 13 14 27 13 25 14 16 20 17 16 15 22 18 16 22 16 18 14 19 25 21 18 17 14 20 25 16 16 21 18 17 20 17 18 21 22 15 14 18 15 15 13 11 7 10 11 20 17 12 9 11 16 15 21 25 24 18 16 16
16 17 12 15 16 17 10 11 21 16 16 16 10 17 22 13 20 13 13 14 16 11 15 18 14 16 15 21 7 16 25 18 20 16 10 19 16 15 11 24 13 17 15 19 21 9 17 11 20 21 10 8 18 15 16 11 14 15 17 17 16 14 16 14 13 18 11 15 8 13 17 20 12 20 19 13 15 15 11 27 13 17 19 15 13 17 20 13 10 15 15 19 9 18 14 13 19 17 18 16
15 15 12 23 21 16 14 14 18 16 16 13 13 10 12 20 13 25 14 18 12 23 14 16 11 15 20 18 21 15 16 15 19 17 14 12 18 13 13 15 9 11 14 15 15 20 11 17 15 16 21 20 11 15 18 10 10 13 17 21 20 21 10 19 19 16 19 10 14 12 13 17 18 13 21 18 14 16 10 17 19 22 11 12 13 17 23 18 18 18 17 17 17 17 13 22 17 15 19 21
13 17 14 15 10 21 8 16 17 20 18 18 19 14 18 14 18 10 23 17 8 14 15 13 14 15 18 12 10 12 13 15 14 12 14 20 23 20 17 11 13 18 16 16 12 18 19 13 20 13 11 19 14 15 17 16 20 9 19 14 14 13 15 11 20 15 22 17 7 14 18 17 17 20 17 9 16 14 18 9 15 15 15 12 14 12 18 14 15 17 11 13 14 11 18 23 11 12 13 16
19 13 20 13 15 14 12 18 17 11 16 15 24 9 14 12 12 13 15 17 23 22 11 13 14 22 14 11 18 16 15 16 18 17 18 22 19 13 11 23 26 16 15 10 17 15 16 15 11 10 10 12 11 20 8 8 22 15 11 17 14 14 15 14 18 11 10 14 15 19 12 18 18 19 21 15 12 12 13 6 11 18 16 18 15 12 13 18 12 18 20 14 15 12 14 19 16 18 24 15
14 16 22 19 11 8 20 21 17 19 11 15 17 13 15 16 14 16 15 10 9 10 20 18 19 11 7 17 15 13 9 12 17 13 13 11 16 16 13 16 10 18 20 19 20 14 10 23 10 11 11 10 12 13 10 14 15 18 17 17 10 17 17 18 22 18 23 15 24 17 20 16 15 18 14 16 18 19 17 11 16 17 13 14 14 20 17 24 15 16 19 13 24 12 15 26 14 13 18 17
16 14 16 20 15 24 19 16 14 13 12 11 19 17 15 12 17 9 9 9 8 8 8 7 8 6 11 12 6 10 8 12 9 8 5 7 9 6 7 13 6 7 8 4 6 6 7 11 6 8 9 12 7 10 6 4 8 9 11 7 10 11 7 10 5 10 6 7 7 8 7 14 7 8 8 8 8 6 5 9 12 9 11 12 8 8 5 7 12 18          
