0.28 2596 36 36 33 32 34 43 33 34 26 20 23 31 28 30 34 37 34 30 22 23 31 33 32 32 39 38 26 38 27 42 33 36 28 32 26 27 27 32 23 25 27 39 33 28 27 19 35 28 35 38 21 28 22 31 31 26 34 22 21 24 23 29 19 21 25 32 27 23 26 23 27 30 32 21 32 19 30 27 19 25 21 22 36 32 9 22 37 33 24 30 38 15 31 30 26 26 22 17
31 37 33 20 24 25 35 24 34 31 29 44 34 19 27 35 22 37 15 20 38 29 32 29 25 29 16 26 20 26 17 27 19 34 25 23 37 33 36 28 25 29 36 37 30 27 36 27 28 29 27 27 25 16 20 35 23 21 35 31 24 29 32 34 37 31 25 34 24 27 27 24 35 32 30 35 32 41 26 28 32 18 28 22 38 38 26 39 26 22 25 33 22 35 26 31 33 34 16 36
22 30 21 38 27 23 38 20 26 17 26 19 28 23 27 33 29 34 35 29 18 24 33 26 30 24 23 36 35 36 33 40 24 23 32 25 26 19 21 40 29 23 38 25 33 30 27 28 35 25 29 28 17 25 25 17 46 24 45 29 31 29 31 16 37 31 22 23 31 28 38 36 37 32 31 23 41 21 26 40 19 36 32 34 23 30 31 32 30 22 26 33 24 30 29 27 35 27 28 23
35 35 34 30 25 36 21 39 33 20 34 41 27 23 28 30 23 42 19 24 35 33 32 23 27 29 29 33 22 28 34 33 32 25 34 34 21 17 29 38 27 48 38 33 32 36 23 28 33 44 33 29 27 42 30 28 28 29 36 26 31 35 34 29 29 24 26 30 20 30 22 32 25 41 45 28 36 18 16 32 30 33 22 45 30 23 16 26 28 34 42 27 25 35 35 33 35 25 28 31
34 32 26 36 32 25 35 24 30 38 32 33 34 27 22 31 30 24 35 27 29 33 33 33 23 27 33 27 26 27 22 34 29 25 34 24 19 37 22 34 27 37 29 27 26 27 28 33 29 14 26 34 27 27 24 31 25 27 29 19 34 32 28 39 21 23 28 29 31 30 33 24 28 36 29 32 28 31 29 22 25 30 33 24 24 30 24 26 34 38 27 33 38 36 35 22 41 35 30 26
34 27 29 35 25 31 32 27 40 29 33 30 35 31 33 24 37 32 33 28 23 31 22 32 18 36 29 29 29 25 26 21 36 33 18 20 43 38 31 25 37 40 36 29 31 33 25 29 26 32 24 41 27 25 20 30 35 20 27 31 21 29 31 21 31 15 33 19 21 26 40 38 22 27 34 31 28 26 17 23 20 36 34 43 38 25 34 26 39 25 26 20 32 26 30 19 20 24 27 20
21 31 28 22 36 21 40 26 36 23 31 26 23 28 31 27 37 23 28 46 25 24 37 23 31 23 20 41 30 33 36 31 32 27 24 37 29 31 25 27 32 39 38 25 37 28 28 41 28 30 22 26 30 28 25 29 33 33 28 30 26 26 27 27 28 25 29 25 34 26 23 35 27 39 40 28 26 22 14 28 21 42 23 23 27 18 38 27 45 29 27 29 26 31 33 24 32 39 39 35
36 42 29 50 13 28 65 35 29 35 17 26 24 34 53 26 38 21 29 32 24 30 24 17 34 36 33 30 36 32 29 25 39 37 24 19 26 33 29 30 23 25 25 27 33 32 24 32 32 38 39 33 21 28 27 42 23 41 33 32 32 25 33 27 32 29 34 18 29 15 23 33 28 31 35 17 34 40 26 27 45 24 34 44 23 33 21 27 22 35 33 25 27 33 32 28 32 28 30 27
31 27 39 38 42 36 43 25 22 29 27 45 24 35 38 38 33 41 32 35 25 24 27 33 26 35 21 16 44 33 27 32 23 33 30 30 27 21 37 29 35 21 30 27 33 24 31 30 28 38 38 21 34 44 38 38 26 38 35 28 29 38 27 37 29 36 31 36 36 30 26 23 27 22 36 31 40 35 26 31 26 40 35 35 18 18 35 28 30 41 21 42 25 38 42 36 35 49 30 36
36 24 41 21 38 17 22 35 29 36 33 33 37 25 30 27 39 32 37 43 33 31 19 27 32 21 39 29 34 26 18 24 20 29 27 24 33 33 27 31 31 40 25 24 33 29 26 22 35 26 32 33 50 28 26 30 29 28 27 35 31 27 26 31 41 29 33 25 31 37 29 33 37 22 34 25 25 31 33 21 20 29 22 25 31 31 31 21 24 20 17 30 41 31 34 26 35 29 24 40
41 36 22 33 37 31 32 22 34 32 27 21 28 29 32 29 34 19 36 39 34 33 23 25 30 40 37 32 26 13 30 21 28 26 43 27 39 36 34 34 30 35 29 27 27 27 28 36 31 26 39 31 44 30 43 31 33 37 25 29 23 39 19 22 29 29 36 31 21 35 29 22 46 22 32 37 26 31 40 36 31 33 35 27 23 25 35 29 32 22 22 30 28 24 33 24 29 33 32 25
25 34 31 35 41 21 23 39 26 47 34 26 41 24 34 32 17 46 25 23 45 23 23 35 25 32 30 33 35 28 29 28 28 24 31 37 35 34 24 29 25 27 37 28 19 41 30 35 28 29 26 42 30 18 30 17 38 23 29 47 37 27 31 38 23 26 31 38 30 26 28 25 30 31 34 23 29 28 29 30 33 33 35 27 26 24 22 37 21 19 28 28 28 24 20 24 29 29 27 32
33 36 29 25 32 27 36 31 27 31 29 31 27 29 29 26 22 19 24 37 32 26 39 24 31 27 31 28 26 39 28 33 27 29 28 36 30 26 25 23 41 23 33 31 20 32 31 33 30 27 30 28 32 20 34 23 37 35 37 35 34 25 22 31 19 20 22 28 42 25 27 25 33 25 30 28 32 34 31 22 36 22 26 43 34 38 31 25 34 23 24 30 25 36 37 27 42 35 31 16
22 25 31 31 19 25 30 24 18 25 27 39 31 29 30 33 23 34 25 20 38 32 28 37 40 27 25 43 32 26 24 30 34 26 33 35 37 31 26 30 33 30 25 33 31 26 30 34 21 50 28 31 26 33 27 26 28 34 27 19 24 20 24 29 24 40 25 31 33 29 37 37 39 16 29 32 21 39 26 30 33 23 42 33 35 26 24 36 22 33 29 28 34 29 30 29 32 36 33 31
20 23 24 33 36 24 33 45 27 37 31 33 31 30 36 35 31 35 21 35 30 26 25 29 23 23 27 22 31 28 37 35 34 30 22 30 20 23 29 32 20 26 26 19 27 25 28 29 31 28 17 21 25 19 23 27 22 28 21 30 21 30 30 22 22 39 29 40 19 23 36 31 28 18 43 20 24 26 38 27 33 24 32 22 27 33 28 33 21 31 42 25 39 30 20 27 23 31 23 38
30 35 20 37 41 38 38 22 19 25 12 20 19 36 37 36 28 41 28 26 34 38 33 26 32 25 35 40 29 31 31 27 40 13 15 23 20 33 32 32 30 29 18 27 32 33 26 33 31 27 41 54 41 27 19 36 28 23 17 29 29 28 32 27 27 35 28 25 28 23 25 23 30 21 32 28 22 31 32 33 26 23 25 23 15 31 27 26 32 24 25 26 33 24 28 32 34 30 20 30
23 22 37 35 32 36 31 34 21 21 29 23 30 27 29 30 24 29 28 32 32 18 26 24 28 23 29 24 27 29 40 42 25 27 23 14 27 21 23 33 36 37 27 27 21 23 19 35 28 29 27 31 24 32 29 24 28 26 31 25 32 17 21 24 28 22 29 30 36 32 30 33 33 16 31 30 33 27 19 29 28 19 32 31 30 23 30 21 23 24 23 31 24 23 33 21 35 26 29 40
24 34 28 35 35 30 19 30 22 12 27 40 17 28 26 24 34 29 29 20 25 26 29 29 43 25 25 29 31 33 29 24 27 27 26 21 21 14 28 38 33 22 24 20 27 33 38 23 32 28 22 28 35 42 30 38 39 29 31 36 29 21 32 41 30 28 26 39 32 35 40 33 20 27 38 22 15 16 24 28 33 25 29 31 26 26 32 33 22 28 25 44 31 22 30 36 37 34 21 31
31 30 25 30 30 33 33 36 26 20 27 36 29 37 23 37 24 23 30 38 36 36 27 35 25 34 36 34 30 29 42 21 29 25 30 41 30 30 19 24 32 26 26 24 35 37 39 27 33 30 37 21 25 20 17 39 39 39 28 35 31 29 41 34 36 31 39 29 27 35 27 38 35 38 42 24 20 34 34 34 47 27 29 29 23 18 24 31 30 32 32 31 27 37 39 24 36 26 29 38
23 27 42 33 40 23 29 35 23 19 45 34 37 22 29 31 28 30 27 31 26 22 27 36 33 31 27 25 28 37 39 36 34 27 29 21 26 27 19 30 19 40 28 33 36 38 36 29 24 12 25 28 24 27 21 28 29 32 37 30 35 35 31 28 29 43 28 32 37 38 38 34 19 25 29 21 22 37 35 21 39 22 22 31 23 23 30 20 30 26 26 38 28 33 27 41 28 20 31 24
34 20 25 20 23 35 22 26 17 20 25 24 28 29 24 19 21 23 27 27 34 28 18 26 23 20 24 14 21 38 29 25 22 35 28 17 33 30 24 38 36 37 30 40 27 22 21 33 29 36 26 28 39 33 19 32 26 26 27 21 24 26 36 30 20 21 18 28 31 31 40 29 25 26 23 21 24 21 26 29 23 29 28 29 31 41 38 33 26 26 27 22 34 28 38 31 38 26 29 30
31 35 28 33 34 27 26 31 23 41 28 28 24 29 31 24 42 43 22 24 18 42 25 29 30 24 36 28 33 21 30 28 32 32 33 41 23 33 32 42 28 30 21 26 34 29 34 22 34 24 31 30 20 28 24 29 19 31 31 31 26 35 36 17 35 37 35 33 43 20 29 35 23 32 40 27 23 24 27 31 19 27 38 24 25 23 31 25 32 31 40 35 24 24 32 28 28 35 33 25
28 33 27 33 27 21 26 36 35 25 35 24 32 22 24 30 9 29 25 32 35 23 26 31 39 43 33 34 30 45 25 29 29 27 31 37 39 30 32 29 29 33 33 30 27 23 33 30 40 31 37 28 37 36 28 31 22 39 28 26 28 11 31 32 20 32 41 25 20 33 28 33 31 32 21 30 44 22 25 26 32 29 35 40 30 27 21 30 31 40 23 29 36 31 24 25 33 39 31 25
40 39 33 40 24 34 24 40 25 34 31 30 22 14 33 44 25 29 24 25 28 27 25 21 22 29 32 32 19 33 35 27 28 27 35 30 26 25 31 24 37 42 24 28 29 25 28 26 23 23 30 25 36 30 45 35 29 29 28 24 30 27 34 53 23 24 24 33 20 33 23 25 27 25 35 28 24 27 34 42 26 40 23 21 33 36 29 26 30 29 24 30 43 25 36 19 32 25 33 21
37 25 26 26 31 32 35 35 27 37 30 33 30 34 22 21 28 25 27 31 22 29 34 24 28 38 28 26 30 31 19 38 31 25 32 26 29 37 35 23 35 35 40 19 23 29 26 35 24 32 25 30 26 22 34 17 34 32 24 33 31 33 30 45 43 31 34 24 30 53 32 29 28 22 31 34 18 15 12 18 10 15 16 17 19 13 13 12 15 12 15 10 12 13 12 12 14 19 25 15
16 16 11 19 15 14 15 16 18 21 14 13 19 11 19 16 15 20 17 21 4 7 11 9 16 16 20 15 16 10 11 12 10 17 15 16 17 18 12 16 15 10 21 13 12 14 15 21 11 13 15 16 17 11 14 17 14 16 10 13 14 14 16 18 16 14 18 17 13 10 11 15 17 21 12 20 14 13 11 24 13 18 15 15 21 24 20 7 18 11 11 17 9 14 9 16 16 26  
