0.352941176470588 3457 23 22 28 35 38 32 27 37 27 29 37 28 44 34 26 23 23 24 38 27 24 31 29 27 30 18 27 29 28 15 30 23 27 21 26 31 31 24 19 31 30 30 23 17 29 26 28 22 22 22 28 18 21 25 32 29 25 29 26 29 25 25 23 24 31 19 24 25 17 20 28 30 26 36 33 19 35 29 24 23 31 20 28 24 23 25 25 27 15 27 27 31 29 20 24 20 23 33
21 24 29 24 28 15 24 25 33 29 22 16 19 25 26 26 17 25 26 21 28 30 21 24 28 25 23 31 25 32 24 33 29 28 8 30 25 25 26 29 18 16 18 33 26 27 24 23 33 29 34 23 20 28 33 25 29 18 21 19 24 38 29 34 24 28 25 28 22 27 23 25 21 25 20 25 26 29 26 28 30 23 27 18 22 19 21 21 13 23 37 26 27 22 17 21 31 20 34 20
23 21 16 24 33 26 21 17 35 32 22 18 21 30 21 22 17 18 27 28 38 39 27 26 13 31 24 19 25 25 32 31 34 31 23 24 28 30 25 27 24 29 20 39 23 26 24 25 27 28 32 27 28 20 32 24 27 41 26 22 29 32 20 32 41 31 29 27 24 31 22 28 32 29 35 21 29 20 16 28 29 28 39 21 27 19 19 29 23 30 26 19 28 27 36 19 31 32 36 20
31 25 31 19 29 37 33 24 15 27 19 22 19 25 34 21 43 23 27 32 26 39 38 9 18 31 22 25 31 48 19 21 20 21 25 36 17 28 26 31 20 34 30 29 33 21 22 33 24 28 36 28 32 23 26 26 17 30 24 17 21 37 23 39 30 30 34 34 33 25 32 21 24 26 33 23 21 33 30 24 29 28 38 24 26 23 21 22 30 29 19 26 24 34 18 28 19 31 33 29
26 24 27 43 29 33 22 29 32 29 26 19 27 28 20 25 25 22 29 18 28 24 26 27 31 23 37 34 29 31 27 24 30 23 28 23 43 18 31 15 19 39 37 27 33 27 24 37 15 23 29 28 32 27 30 26 24 20 33 26 24 29 29 28 24 19 32 16 19 27 28 29 28 27 26 26 32 19 30 23 30 35 25 28 23 34 29 21 26 27 29 25 21 32 34 27 27 28 29 30
16 20 23 26 34 31 20 21 28 24 24 26 35 22 21 22 25 21 26 33 22 34 43 22 34 26 39 37 25 44 32 26 29 30 31 25 34 34 29 50 31 19 46 44 35 25 26 21 29 27 18 40 29 21 20 26 40 25 24 23 24 26 23 29 26 27 20 15 24 21 27 20 27 24 27 20 24 20 30 18 29 20 26 29 29 28 24 33 25 30 19 34 30 26 13 35 22 42 18 28
19 19 32 22 27 33 26 19 25 14 23 25 21 25 22 37 23 30 22 19 20 35 20 28 39 26 20 31 20 32 25 24 21 31 18 20 29 21 30 16 31 25 24 20 33 24 19 28 28 17 28 33 21 21 32 24 20 23 27 29 26 25 24 24 36 29 44 22 20 35 26 26 21 24 30 21 28 23 23 24 21 39 33 26 28 23 21 34 29 27 29 36 27 29 17 41 21 34 29 24
30 25 26 32 24 32 27 33 31 27 23 31 28 23 30 35 29 33 23 19 17 22 24 25 19 27 24 35 29 32 25 24 16 25 17 32 17 20 27 36 22 31 22 20 33 24 24 30 30 20 27 21 29 30 24 25 19 23 34 22 20 26 29 29 22 22 26 33 25 24 20 21 28 30 23 14 27 25 33 27 22 23 36 21 32 25 28 25 27 27 24 31 26 33 20 30 32 31 23 19
29 22 39 20 28 24 15 22 28 25 25 27 29 31 30 26 24 28 22 23 25 26 32 21 17 42 23 24 22 16 24 36 17 23 30 25 28 15 19 55 36 26 31 20 22 22 18 33 25 30 25 33 36 27 36 27 34 36 22 25 25 22 20 26 20 30 27 26 30 31 26 20 27 21 20 34 36 39 37 30 26 14 18 35 18 23 31 26 30 25 23 27 30 24 37 37 30 33 26 33
31 20 26 27 27 34 26 26 20 26 27 22 37 34 19 31 31 32 34 31 34 26 26 18 40 25 21 27 25 33 31 30 25 24 20 24 28 21 29 33 36 25 23 25 26 35 27 29 31 27 37 29 28 29 41 28 24 30 25 26 48 63 8 41 25 22 23 26 25 22 22 23 25 23 26 26 20 32 20 33 21 34 27 24 32 25 25 23 38 21 21 32 34 30 17 32 26 19 33 37
42 19 37 29 26 22 33 22 31 28 26 28 19 24 30 30 35 38 25 34 35 25 30 26 26 27 34 33 26 39 29 29 27 41 28 21 23 28 25 19 39 18 31 28 27 29 29 22 24 27 31 32 26 19 19 28 23 32 20 25 23 19 33 15 34 35 25 17 23 33 34 40 25 30 28 36 17 20 27 30 34 30 43 43 31 23 30 28 26 45 17 32 25 32 35 23 36 29 30 36
29 23 36 28 26 30 26 20 28 27 41 40 26 29 27 35 21 32 24 30 26 31 29 17 30 18 23 22 25 17 24 27 25 29 28 25 28 34 23 41 29 24 32 28 23 28 22 36 26 23 13 20 22 38 37 30 29 36 20 25 21 27 27 23 22 22 32 29 28 29 30 42 18 22 18 31 21 26 25 29 32 30 24 36 19 26 29 21 26 33 25 17 26 20 32 36 25 29 34 27
28 22 30 33 17 36 26 24 29 19 20 24 35 24 31 24 20 25 25 23 26 27 31 28 30 24 19 24 23 34 25 22 17 18 38 24 34 30 25 35 27 33 28 22 33 27 34 24 28 27 22 24 28 24 25 34 40 33 21 21 22 30 26 24 29 28 24 29 23 31 27 32 22 30 23 29 27 25 25 22 22 27 26 25 21 29 20 28 24 28 25 37 22 23 23 32 22 31 23 29
31 33 36 18 24 34 30 30 37 19 28 16 23 30 32 29 31 29 45 24 24 35 28 12 21 29 22 29 26 20 27 29 34 25 32 32 26 26 31 26 16 29 26 23 28 27 21 33 30 24 34 24 31 35 19 31 29 28 30 17 34 27 26 19 24 21 19 36 22 22 28 30 29 27 36 24 23 27 24 31 31 20 29 29 24 33 26 30 29 23 21 25 19 30 24 34 34 40 29 21
20 18 38 32 26 24 24 23 28 33 15 27 20 23 27 12 24 23 28 37 22 23 23 31 27 33 30 22 32 23 28 23 31 26 27 19 17 32 18 27 24 27 29 27 25 35 20 22 26 25 26 22 24 33 28 26 14 29 31 35 26 18 17 29 25 25 7 28 35 25 30 26 20 29 24 24 30 25 34 22 33 25 25 35 34 20 32 22 26 23 34 26 35 31 33 22 24 23 22 28
22 36 31 26 26 29 17 18 34 28 47 29 24 26 18 43 30 29 20 27 21 21 26 28 18 23 23 24 28 28 29 22 16 46 24 39 14 25 20 24 31 27 27 17 40 29 28 33 19 30 32 24 27 19 28 37 34 22 19 32 24 24 23 32 20 26 23 26 28 23 21 34 35 27 41 31 21 24 24 30 34 29 37 30 31 26 22 42 27 21 31 21 24 27 25 30 18 35 30 30
30 23 33 35 23 42 15 29 25 33 22 32 19 32 42 18 24 30 31 30 28 18 35 25 29 30 20 33 39 24 24 28 31 25 21 16 23 30 22 24 32 30 18 26 39 39 19 45 32 28 40 24 38 23 23 35 29 32 31 28 29 23 26 31 34 24 25 32 30 38 16 30 20 24 34 35 29 25 37 24 22 37 29 28 27 37 37 22 25 22 32 23 28 27 32 33 22 28 80 61
49 78 72 38 18 31 20 20 29 18 25 22 22 29 30 27 25 23 33 27 31 25 25 38 25 34 22 35 26 16 18 37 32 31 25 28 37 30 22 26 20 31 30 27 32 32 25 22 35 32 19 30 31 15 39 32 22 24 24 27 26 26 26 30 31 19 21 32 30 37 32 28 36 23 29 28 26 31 27 27 32 30 26 28 36 35 17 34 25 25 34 28 33 40 28 17 31 26 27 39
25 25 28 26 24 20 28 30 40 25 25 26 27 25 27 34 17 22 27 36 17 36 37 30 24 25 22 32 23 32 28 32 37 29 21 24 32 30 28 20 24 26 25 19 31 25 25 20 15 28 28 35 23 21 25 22 27 28 34 28 26 25 30 27 41 28 31 22 17 20 35 23 38 25 34 20 34 33 34 17 25 42 24 31 26 13 15 28 25 31 19 28 17 35 25 36 22 25 28 21
30 34 25 29 22 27 29 34 23 29 25 16 24 26 16 17 39 19 20 32 28 30 29 31 29 25 30 26 24 13 30 26 26 27 42 24 23 35 21 23 27 24 19 13 23 17 23 19 29 25 24 32 29 25 25 28 34 24 26 27 30 29 24 25 16 27 28 25 19 30 22 16 27 25 16 18 29 23 34 27 28 27 32 21 20 22 27 24 29 27 22 18 33 28 17 31 28 26 24 25
30 31 28 18 33 35 18 27 36 28 25 35 27 23 35 33 25 26 23 28 24 16 29 27 17 21 31 32 24 35 29 26 23 20 15 25 23 26 28 26 26 21 27 28 13 23 29 28 22 28 23 23 25 26 32 20 20 20 25 20 27 26 27 12 32 32 26 29 27 27 31 28 30 24 14 28 33 37 23 25 13 21 26 28 16 21 20 17 24 27 21 27 26 20 34 23 36 22 20 21
17 18 37 21 27 27 29 32 24 30 16 20 30 31 27 27 19 23 32 31 19 25 42 18 25 18 20 40 35 28 27 34 24 39 31 33 23 33 35 42 24 22 25 24 22 26 20 41 37 28 31 39 33 24 26 33 21 38 27 30 25 20 26 20 28 19 21 30 26 22 27 31 26 19 35 34 27 24 27 29 30 26 25 28 24 22 29 30 20 24 32 27 24 28 27 23 39 26 25 33
26 33 25 22 27 29 33 25 25 20 22 18 34 27 25 30 37 35 22 22 25 26 26 25 32 20 33 29 28 37 24 24 21 30 28 29 27 33 22 34 30 23 28 34 32 24 30 31 28 30 21 36 30 39 32 27 16 28 23 23 27 22 23 31 28 29 32 26 20 25 33 40 29 28 26 14 24 25 30 27 28 28 24 25 28 23 25 23 28 35 28 29 25 22 20 23 40 22 31 31
20 26 29 38 28 32 29 21 30 28 27 31 28 33 13 36 31 21 25 20 26 21 24 30 36 21 35 26 27 24 24 32 27 31 32 21 25 24 30 25 39 27 23 29 30 23 29 18 20 22 27 27 24 21 35 26 19 35 23 21 29 33 35 22 31 30 25 31 39 20 25 22 25 25 25 21 33 24 24 22 18 22 19 23 36 25 26 31 22 34 17 26 21 26 27 31 20 28 24 29
19 23 24 20 22 24 33 31 22 26 34 21 24 27 25 22 24 26 23 27 40 29 18 30 18 27 24 25 21 33 20 22 14 30 15 21 23 18 40 17 30 21 19 22 29 20 26 13 20 21 35 25 23 23 30 16 20 29 37 17 23 22 23 20 23 17 29 21 29 26 33 41 29 32 35 30 22 31 28 19 31 29 37 32 26 25 18 32 19 24 32 24 23 16 24 27 21 20 35 35
29 19 24 34 39 22 25 25 26 20 22 28 32 22 33 17 21 24 28 30 29 26 17 27 27 16 23 33 28 36 27 32 48 24 26 24 36 19 31 35 27 34 28 28 35 23 25 25 25 34 33 37 28 17 32 33 28 22 22 41 29 24 26 22 31 20 26 33 18 36 39 18 32 31 26 27 30 28 21 34 28 22 31 18 21 14 28 31 53 23 29 31 28 21 35 31 22 21 27 29
22 26 25 30 29 29 27 24 21 27 36 21 22 28 23 21 23 28 31 13 21 33 35 24 17 25 25 18 36 26 21 28 28 15 23 26 21 26 28 25 21 17 26 19 21 22 17 19 30 25 17 27 26 25 27 33 28 30 20 24 28 28 25 34 16 25 36 28 34 29 21 21 25 23 33 25 25 19 19 25 27 22 28 30 26 31 21 21 30 14 21 18 18 24 25 19 22 20 32 24
33 13 31 24 22 28 30 32 31 26 29 40 32 17 40 26 27 22 33 22 33 30 30 30 25 29 32 17 29 22 24 35 26 29 24 30 22 19 45 39 30 30 21 24 16 34 31 30 21 32 19 24 18 32 23 34 25 33 19 21 27 31 23 30 27 16 29 26 31 23 32 33 34 26 21 31 40 33 27 25 28 31 24 24 33 28 27 28 27 18 21 26 35 26 37 21 28 23 23 31
36 35 27 24 29 26 26 31 30 27 22 15 14 28 28 29 30 19 29 30 25 27 32 28 29 32 27 20 24 28 19 25 23 16 17 26 26 26 28 23 34 26 26 24 25 23 19 29 31 22 25 34 23 22 32 22 36 29 23 29 20 27 22 23 23 27 23 38 22 25 25 34 29 21 28 34 23 28 32 25 27 28 36 27 31 21 37 17 27 32 28 22 20 21 28 24 22 24 23 16
31 28 29 17 26 20 30 30 26 25 33 24 25 33 29 20 37 13 33 35 26 25 25 30 18 29 28 22 19 23 22 27 25 15 21 31 28 35 15 26 29 19 24 18 35 30 19 25 19 34 26 24 24 26 30 23 34 54 69 22 20 29 19 26 22 12 17 26 28 22 28 28 29 31 21 29 24 29 16 29 25 32 33 15 26 26 23 31 29 25 34 35 25 25 15 40 18 19 24 20
34 23 23 27 23 32 29 32 19 30 19 25 31 22 26 32 27 30 29 33 28 17 33 25 27 29 21 32 18 19 31 32 31 26 33 22 39 36 38 24 22 23 22 30 27 34 21 29 19 22 20 20 35 24 28 22 29 34 28 29 31 16 32 26 25 28 29 32 23 21 21 23 22 33 23 27 30 24 18 22 29 24 25 20 26 28 26 24 32 32 31 21 30 13 27 17 26 31 24 26
20 16 29 25 25 26 27 23 26 26 26 35 25 26 21 21 21 26 27 20 23 23 28 24 24 27 23 23 38 26 25 29 28 24 25 37 20 21 37 32 20 36 21 35 34 26 32 18 18 21 27 20 29 39 23 10 26 28 34 32 19 33 28 23 26 31 29 24 21 35 27 25 22 25 25 14 19 19 20 21 34 19 24 30 19 31 29 33 34 24 28 27 20 24 23 24 27 20 19 22
20 23 37 26 31 24 20 20 35 29 33 26 31 32 34 30 21 17 19 30 32 41 37 23 23 37 25 30 19 35 20 35 28 31 29 21 28 18 25 38 28 23 31 23 25 35 29 29 25 35 30 24 31 23 22 31 23 31 20 27 29 24 25 31 25 28 30 29 12 46 26 25 27 22 30 29 26 19 40 22 29 24 20 26 29 33 42 30 31 36 17 21 28 31 34 26 34 22 28 30
23 8 17 17 19 11 14 14 14 8 16 11 17 13 20 16 7 16 22 15 10 14 13 12 13 24 12 16 8 8 9 9 14 7 8 15 18 8 8 14 12 20 10 14 10 7 17 17 15 25 11 14 17 10 17 21 7 14 9 12 11 14 21 11 8 17 15 11 8 9 7 12 10 15 13 4 10 17 12 9 10 12 7 20 15 12 17 16 12 11 12 13 7 8 14 11 10 10 17 9
13 13 7 17 19 12 13 13 17 16 13 9 14 15 13 12 20 14 17 6 7 15 11 14 21 14 10 17 15 16 11 10 16 11 12 13 13 11 10 13 13 8 7 15 16 12 15 7 13 14 8 9 12 13 13 17 14 20 19                                         
