0.333333333333333 3584 17 23 29 22 26 30 26 30 23 23 30 28 39 25 12 33 29 28 21 26 23 32 35 50 26 27 34 24 34 32 23 29 19 35 19 24 24 20 28 24 32 30 25 29 14 28 26 30 33 25 24 27 24 20 16 26 20 26 29 32 30 29 25 23 25 24 18 24 26 24 22 28 33 27 34 17 25 11 26 20 18 29 37 27 28 29 24 26 28 38 17 20 33 27 15 27 29 22
30 18 35 29 33 33 34 32 22 29 21 20 32 25 32 29 33 27 25 31 29 25 30 17 36 28 31 23 25 52 46 51 41 33 16 22 33 34 34 26 30 28 28 16 27 25 23 31 28 22 25 20 20 30 36 26 28 32 34 37 40 34 26 25 22 25 28 9 35 25 28 24 27 23 26 21 18 21 29 24 27 20 25 19 28 32 30 33 19 20 26 25 25 19 30 15 28 29 17 15
19 42 12 26 24 18 24 31 27 28 28 20 26 22 41 28 30 18 33 29 27 21 31 33 27 28 37 27 24 30 26 19 21 21 29 36 31 32 23 29 37 25 43 31 24 24 20 24 22 23 22 30 20 26 28 29 17 28 31 35 27 30 21 31 19 21 27 26 29 22 25 32 14 42 29 39 22 28 31 25 28 22 23 28 34 26 33 34 24 23 23 29 22 26 24 23 28 17 36 29
21 27 27 23 18 61 32 26 25 24 25 25 19 23 18 33 33 23 34 26 30 31 24 26 31 21 29 16 22 19 34 33 30 25 36 35 23 39 24 25 27 25 27 21 33 28 22 21 24 25 25 25 41 14 32 19 29 45 24 34 19 32 30 30 27 20 40 25 23 26 30 37 26 11 31 17 30 17 17 32 20 23 29 34 21 28 26 17 27 24 26 20 21 43 28 23 21 31 19 30
22 30 33 32 32 27 32 32 26 27 28 48 31 25 23 35 26 28 20 29 31 24 25 27 30 21 19 27 23 29 28 29 28 27 30 26 34 32 18 25 25 30 21 24 32 34 27 20 23 29 15 29 33 23 34 24 25 29 35 31 41 27 32 30 27 24 29 21 28 29 19 33 31 19 20 22 25 26 40 22 38 23 27 20 17 31 39 29 19 31 37 22 33 17 25 25 30 35 36 23
26 19 34 34 33 25 21 35 25 14 22 22 29 30 25 23 20 19 22 15 26 33 20 31 23 23 22 25 23 19 28 19 28 26 27 21 30 28 31 20 31 21 24 39 30 24 41 30 22 33 22 30 31 20 22 32 22 28 32 33 21 26 21 24 23 21 38 37 22 30 34 21 31 24 30 28 24 28 27 22 42 40 37 28 27 28 28 19 26 17 24 26 28 28 19 36 14 29 21 31
29 34 26 25 28 35 25 22 36 21 25 21 35 20 28 20 26 28 31 26 36 20 20 21 41 19 15 28 28 22 30 17 33 19 19 31 24 22 25 24 32 33 17 39 28 30 23 23 29 31 22 18 30 18 25 16 23 16 24 26 20 22 26 23 24 24 18 27 32 20 37 27 25 27 31 32 26 30 32 31 26 30 31 17 15 24 24 30 22 31 32 26 22 31 27 32 13 35 19 26
31 22 24 20 28 33 19 37 41 25 23 21 30 30 37 22 37 24 29 19 23 26 33 19 24 13 30 29 24 20 18 37 27 29 30 18 23 23 16 35 25 18 32 32 25 26 20 28 29 18 21 25 30 18 24 23 26 26 19 29 32 27 28 18 35 30 26 16 16 29 38 18 31 21 26 23 34 26 23 22 26 33 19 15 19 26 26 27 16 26 24 24 26 24 23 32 24 20 27 25
30 23 25 22 30 24 16 28 22 29 23 21 33 25 24 34 29 14 24 25 21 34 27 28 28 27 26 28 23 23 35 34 25 29 19 30 26 21 36 22 17 18 25 26 25 37 40 25 24 24 26 33 25 22 20 27 24 26 26 23 20 36 23 24 21 19 22 28 19 23 29 24 23 20 26 26 29 29 28 25 22 30 25 38 32 26 23 27 26 18 34 39 25 30 23 30 35 16 21 24
33 24 25 41 19 29 25 23 21 26 24 29 22 25 25 24 21 26 30 23 26 22 38 24 22 33 20 17 28 36 34 26 19 33 27 27 19 32 23 19 28 20 26 18 31 25 26 30 31 28 32 21 27 19 19 25 22 29 15 21 30 30 31 29 27 21 23 30 24 19 24 33 28 31 29 17 27 25 30 25 31 30 31 22 31 25 32 16 23 25 32 33 25 21 68 39 40 50 44 62
28 25 34 29 17 29 30 22 24 22 23 22 30 11 23 37 27 20 23 22 15 23 29 18 18 22 22 28 29 26 16 29 24 30 22 34 39 13 20 25 17 30 32 26 23 28 26 24 20 20 30 31 32 30 32 22 20 32 23 32 18 37 34 27 35 26 21 23 22 17 38 23 28 21 31 29 16 23 33 27 25 19 23 28 28 31 27 23 32 36 21 24 24 33 27 28 17 25 33 31
29 24 23 28 26 26 22 20 25 38 28 20 37 42 33 18 33 41 21 28 21 36 21 32 15 25 32 16 24 36 23 30 24 16 28 29 20 25 25 28 26 18 26 21 21 18 29 24 22 22 39 24 21 22 22 30 32 29 29 26 26 35 26 30 21 22 25 25 28 26 30 25 28 24 29 26 24 20 27 28 31 31 28 30 20 29 25 30 28 30 35 25 23 21 22 29 22 30 33 33
24 28 25 28 22 27 38 25 36 33 32 46 29 25 25 34 24 36 20 39 27 26 35 22 29 27 43 39 24 21 32 34 21 22 21 29 35 24 25 20 28 24 27 29 21 33 28 32 29 24 27 25 20 24 20 46 36 34 20 22 21 27 23 29 30 23 19 25 21 18 26 27 26 24 36 18 22 35 32 32 29 34 25 35 29 26 33 27 33 23 20 31 28 18 31 22 25 29 21 24
31 23 34 21 26 26 21 32 42 39 35 31 16 27 29 21 24 26 23 26 32 21 30 37 28 38 27 26 30 29 28 27 25 22 28 20 18 24 19 21 35 22 22 28 27 23 21 25 23 21 27 35 30 27 22 29 23 31 22 18 38 33 30 22 17 22 20 21 33 43 26 47 35 41 34 27 23 20 43 33 37 24 33 22 27 28 22 26 35 39 32 20 21 30 19 22 31 31 27 32
18 28 32 20 26 33 16 27 28 22 25 15 26 32 24 32 20 25 14 16 16 26 28 25 26 28 15 28 26 26 20 27 26 26 24 23 25 23 22 35 28 31 32 29 21 23 28 34 23 26 22 34 25 28 28 30 28 31 35 19 25 23 27 45 20 33 31 27 25 34 28 21 32 15 34 20 26 27 23 25 32 27 17 30 31 31 33 17 34 23 24 31 33 31 24 21 29 25 28 36
22 27 27 20 15 30 24 21 29 27 34 21 17 15 20 25 33 33 28 24 12 23 16 21 19 13 17 14 24 23 21 19 31 17 34 24 12 19 32 18 27 40 22 22 24 30 24 22 17 14 27 32 27 37 28 24 29 21 21 19 31 26 18 23 27 27 30 27 30 32 38 34 23 31 31 32 29 35 26 31 36 27 24 21 18 21 17 23 23 25 26 24 37 29 26 27 34 38 33 27
21 33 24 35 32 26 32 25 26 21 23 26 30 28 24 36 26 27 29 34 29 29 28 32 18 17 29 25 34 17 32 28 25 37 34 28 26 21 30 30 20 16 23 31 19 21 25 29 30 24 27 19 40 20 24 20 24 24 31 19 26 25 26 28 29 26 28 24 18 27 28 25 37 28 31 25 23 22 33 27 19 31 19 28 19 28 25 24 42 25 14 23 14 47 36 28 26 33 29 33
27 28 22 23 39 19 23 38 35 30 24 29 26 33 25 25 23 28 31 22 24 31 29 37 18 38 22 29 37 24 24 25 37 18 22 22 39 23 41 40 28 28 22 26 27 20 24 42 30 26 20 19 21 34 26 23 29 23 29 32 19 37 26 29 37 36 43 31 40 20 32 32 23 24 20 34 25 24 25 29 23 34 25 13 26 20 35 38 27 22 36 18 25 35 28 43 25 22 22 76
62 52 53 26 24 20 18 24 24 23 25 29 18 23 31 27 24 33 23 21 31 27 25 20 28 38 21 18 28 29 26 29 34 14 25 25 34 19 35 29 27 33 34 25 27 24 24 27 23 30 29 19 22 30 34 25 22 23 33 7 24 22 33 29 23 28 32 35 17 28 17 28 31 23 18 19 27 23 24 25 34 37 24 32 24 27 30 30 29 21 29 24 23 24 27 35 28 34 24 34
37 44 26 22 22 19 15 31 14 25 27 19 36 21 24 23 31 30 36 23 23 27 23 25 32 24 29 19 28 36 31 26 23 31 23 21 23 26 20 23 26 13 25 29 36 38 23 34 25 20 24 33 17 27 31 25 17 28 23 24 26 24 31 31 23 30 27 30 32 42 25 31 29 39 31 25 17 22 29 27 31 24 20 38 26 24 17 27 30 25 21 27 26 19 32 18 29 28 27 18
24 20 33 23 29 20 34 25 28 33 25 23 27 23 32 35 25 27 34 24 18 32 17 21 21 31 14 26 28 30 21 17 23 19 19 26 25 37 24 17 31 24 21 32 40 28 21 29 29 23 13 29 33 11 32 31 23 27 31 25 27 14 22 30 24 42 31 35 27 24 20 23 32 26 33 29 36 22 26 29 20 25 18 22 17 26 22 25 26 30 20 23 28 33 22 23 29 19 22 20
30 25 16 26 29 22 21 35 32 35 25 18 22 33 25 31 16 29 28 33 34 31 33 25 30 24 20 32 30 30 20 14 29 22 31 24 24 32 23 32 32 26 27 22 27 32 28 22 31 21 30 23 26 21 23 27 21 27 28 19 21 33 17 25 30 30 19 29 26 19 42 24 26 25 22 28 24 20 31 27 31 27 23 32 28 23 26 28 21 28 24 24 24 27 29 31 30 24 16 25
28 39 22 20 9 18 38 37 23 23 34 19 24 20 15 21 23 9 26 34 24 31 22 21 23 27 34 24 30 29 24 32 24 19 27 17 25 24 16 16 22 21 32 28 23 35 28 30 26 24 31 23 26 28 23 21 23 23 37 26 22 21 29 25 21 30 25 39 20 31 29 29 33 28 22 23 33 13 26 30 17 29 19 21 25 37 27 28 29 27 27 23 18 20 16 25 25 24 25 30
27 19 29 23 28 20 19 19 19 28 18 34 35 21 25 21 20 20 29 23 24 23 36 23 23 22 37 34 15 25 32 24 22 20 25 30 29 25 21 36 28 21 33 27 21 29 30 31 25 21 18 17 26 22 23 31 34 17 30 23 18 34 13 41 20 28 26 26 22 27 17 31 25 25 25 29 28 37 36 30 24 24 29 23 15 25 23 21 31 19 24 24 20 23 19 22 32 19 26 24
25 23 35 29 27 35 26 20 27 37 16 28 17 36 26 32 20 23 33 30 25 31 33 28 34 30 26 30 28 16 27 27 28 35 18 29 27 32 26 37 28 28 28 23 30 22 21 18 24 28 25 21 31 31 23 22 15 21 24 30 31 28 23 12 25 24 15 32 19 20 25 20 29 27 36 34 32 19 33 14 23 30 36 31 34 28 15 32 26 30 24 23 31 27 26 35 27 31 14 40
30 46 31 34 26 22 32 34 31 13 36 29 28 21 14 17 20 28 17 13 23 29 28 27 35 33 32 31 27 16 15 17 22 24 26 31 21 14 23 19 23 42 32 19 39 35 27 35 37 33 26 30 27 16 27 25 24 35 22 22 19 27 21 23 20 21 29 26 30 18 31 28 32 34 25 21 19 24 25 29 25 22 25 28 21 21 24 23 18 20 26 23 17 29 29 33 23 23 30 26
19 25 23 24 20 28 34 36 23 32 33 28 34 16 20 19 25 21 25 27 38 25 28 28 34 26 24 25 22 26 33 24 23 25 32 17 29 28 26 24 20 22 24 29 28 30 35 16 41 19 34 19 28 26 28 28 25 30 25 34 24 28 32 28 25 26 28 23 31 10 30 19 29 38 27 28 25 30 24 31 37 26 23 15 21 15 19 27 21 23 19 35 30 23 21 23 8 24 23 26
21 24 32 18 26 21 26 35 27 33 24 36 29 32 26 24 23 20 24 31 23 31 26 27 19 25 29 21 22 31 26 21 26 42 27 27 29 19 36 22 19 24 38 32 22 20 20 19 27 14 29 28 15 22 30 19 26 37 42 36 17 33 17 25 33 29 24 17 27 22 29 29 26 24 24 21 31 24 21 28 24 16 39 35 23 26 37 17 24 30 30 34 20 23 23 33 32 21 20 23
27 14 30 21 25 33 29 20 27 21 26 36 25 28 37 17 20 32 29 24 32 23 25 27 32 21 40 25 20 24 11 24 25 34 32 25 27 29 28 25 28 21 35 30 28 18 32 23 29 22 18 26 27 18 27 26 23 22 21 24 23 28 31 22 31 25 26 26 26 19 29 19 25 34 16 31 36 35 30 31 25 36 29 25 18 28 29 29 16 21 24 30 29 24 26 34 36 27 19 21
24 28 25 15 19 33 25 28 22 21 34 16 27 21 29 21 35 19 30 23 33 25 25 25 32 22 33 23 42 25 28 37 36 37 31 33 24 24 30 22 22 21 27 22 27 25 25 27 22 27 27 26 17 20 31 24 26 27 29 13 21 19 22 22 29 30 32 28 19 20 28 25 26 21 19 18 19 18 29 26 33 18 34 26 29 27 28 33 30 32 18 29 31 28 36 26 19 27 27 23
21 17 23 32 23 29 18 17 19 23 29 26 26 18 37 36 30 24 25 16 38 25 21 28 31 28 25 20 24 20 40 24 21 20 16 34 26 25 21 34 28 18 28 28 30 28 13 28 27 29 26 27 31 31 21 24 22 27 28 22 33 23 18 30 22 36 16 25 24 33 26 20 30 19 26 23 24 20 30 28 23 22 38 31 18 28 26 29 30 17 19 32 31 32 10 32 23 26 24 30
19 29 37 21 16 23 24 28 42 33 17 18 23 20 23 20 20 28 26 31 33 43 31 16 26 25 23 18 35 26 25 29 18 17 25 29 23 20 19 25 21 30 32 19 23 30 27 23 17 34 23 24 26 18 27 31 25 30 28 25 23 23 26 27 23 27 22 23 22 13 19 21 28 20 24 27 27 24 34 33 39 31 24 27 37 31 24 30 26 24 33 22 28 19 27 24 31 24 19 23
32 39 27 19 25 21 32 35 34 33 20 21 21 27 30 26 23 28 22 22 16 23 22 18 22 27 15 24 30 31 27 22 38 14 29 20 29 30 33 20 22 28 27 18 30 28 13 26 30 19 18 34 26 31 21 27 22 27 24 12 26 29 26 26 36 19 25 23 30 30 22 26 24 21 26 23 36 18 24 24 27 21 23 18 23 19 22 26 30 24 30 41 17 30 38 21 24 34 22 27
23 34 19 23 24 28 23 25 28 34 31 32 22 29 31 34 29 37 33 27 16 19 17 32 24 28 29 33 29 37 30 34 22 26 24 27 21 23 15 35 33 29 22 24 34 30 28 35 28 22 28 32 32 31 29 14 29 25 38 24 34 26 15 26 26 29 23 26 25 35 25 34 20 29 19 31 34 27 23 27 15 31 32 19 24 24 16 35 20 22 23 28 24 29 23 25 19 35 20 20
24 23 19 38 29 22 34 30 30 25 25 21 26 31 20 29 29 17 29 27 29 32 25 26 18 40 27 23 21 27 28 26 18 21 27 26 24 26 34 28 19 34 40 24 21 24 25 35 28 28 33 33 20 29 38 34 26 8 10 10 14 11 16 6 11 16 14 15 8 10 13 16 12 11 14 15 10 15 14 20 13 12 18 15 9 13 11 18 11 9 8 14 18 11 24 17 11 13 11 14
11 16 14 12 19 8 10 15 12 12 10 16 11 17 13 8 11 13 10 16 13 13 20 22 9 12 14 11 16 18 12 13 18 21 14 16 8 13 11 17 12 13 14 9 15 12 15 17 11 10 9 10 17 13 8 25 15 18 16 20 11 17 13 13 18 11 14 14 9 8 16 15 10 18 11 23 9 20 16 15 17 16 19 7 5 9              
