0.466666666666667 3053 19 22 12 14 13 14 20 21 15 17 11 16 18 18 20 16 12 18 22 20 19 10 18 24 18 17 19 12 15 22 16 16 16 21 21 26 20 25 20 14 18 20 24 14 17 16 20 22 19 16 18 20 14 21 23 12 16 15 21 28 20 15 15 29 12 23 16 20 16 13 17 13 27 21 13 20 12 23 14 19 7 17 16 17 20 17 8 18 19 12 20 14 23 24 26 20 15 22
15 17 21 18 15 11 12 12 8 14 15 10 19 21 22 15 17 15 15 20 18 14 20 22 40 13 23 15 24 20 17 16 15 18 17 15 18 13 22 20 16 17 19 16 21 17 19 15 18 18 20 13 10 28 20 16 13 19 16 14 13 8 7 11 11 13 22 14 15 17 14 16 8 19 19 17 12 14 21 18 22 25 19 17 18 19 14 20 17 17 10 20 21 21 26 15 20 23 11 15
18 17 19 18 16 9 14 14 19 18 17 20 20 18 15 21 26 11 13 12 17 18 19 20 16 27 23 17 21 22 23 20 17 15 21 18 15 20 18 17 11 14 18 18 12 31 20 30 14 22 19 23 11 17 11 14 21 16 16 16 16 28 13 28 15 9 14 26 24 17 20 18 20 17 8 13 16 20 21 13 16 13 15 15 14 14 16 16 22 20 20 22 19 20 15 24 12 14 13 15
14 22 15 14 16 15 11 17 15 14 13 19 13 17 18 15 22 12 23 12 8 19 22 18 20 14 13 21 15 14 21 13 23 15 20 15 18 22 16 18 17 19 16 14 20 22 23 22 21 14 20 18 12 25 25 20 22 14 17 15 10 36 19 14 25 19 24 23 15 17 20 15 17 16 15 15 8 15 15 22 21 19 22 21 20 25 18 16 18 11 17 13 28 19 21 17 9 20 19 21
16 22 18 19 15 15 21 18 20 18 26 15 18 16 19 20 22 13 25 21 21 18 20 12 14 19 27 20 15 13 18 23 15 17 27 18 13 14 16 35 14 14 13 15 22 14 19 22 20 21 17 17 15 17 14 16 17 21 16 17 25 17 13 12 23 17 18 12 15 29 13 18 20 12 18 31 14 22 22 22 27 19 17 33 26 27 12 20 12 14 13 22 17 16 13 33 19 19 20 15
8 20 19 14 13 29 21 11 23 29 24 24 19 23 20 20 21 25 10 20 20 26 20 14 22 21 18 19 23 23 19 18 19 15 13 33 20 24 31 17 10 14 20 18 16 21 18 22 18 15 17 13 30 14 13 21 10 25 21 23 16 17 21 17 28 20 16 28 15 10 23 19 10 24 23 23 9 19 18 26 12 16 17 21 17 19 21 18 11 8 19 16 17 22 23 17 17 16 23 20
17 10 13 25 14 16 26 24 21 18 15 20 19 20 11 17 14 19 21 22 14 18 13 19 24 23 18 13 17 13 23 16 14 22 15 20 14 21 17 17 18 17 24 19 15 18 11 19 17 20 18 17 19 13 15 25 19 19 13 14 27 13 16 22 15 7 16 19 19 15 18 14 17 20 15 14 16 20 19 19 21 19 21 11 8 14 11 10 14 14 15 21 16 16 23 14 12 24 21 22
18 24 15 30 15 17 16 15 15 24 18 17 12 14 18 9 17 31 20 21 15 16 18 29 11 17 19 23 20 14 17 22 19 25 20 25 22 16 15 24 11 13 14 18 14 19 20 21 12 14 23 18 20 14 21 25 20 56 37 24 17 10 23 19 15 13 16 18 15 18 13 20 19 18 13 19 17 20 22 17 24 17 21 16 19 12 15 19 16 15 15 15 23 17 17 17 24 14 18 17
16 12 21 23 14 19 19 14 17 24 20 19 18 21 22 19 14 18 13 15 15 20 25 16 13 18 14 13 20 17 18 14 28 8 18 17 19 10 14 18 22 17 13 24 18 22 12 18 13 15 12 15 15 20 10 17 21 16 24 24 15 19 16 16 18 32 39 15 19 36 16 14 15 32 18 23 14 18 14 24 20 51 16 21 17 15 18 23 12 21 21 25 15 18 17 21 19 18 12 24
20 19 14 18 21 22 16 16 10 15 15 20 13 16 14 14 23 14 23 13 29 18 23 20 16 20 22 20 19 18 15 13 24 14 13 13 21 20 23 25 16 17 16 21 12 20 22 25 24 24 20 20 17 28 19 36 12 13 19 24 19 19 27 10 16 18 29 22 22 11 17 21 14 16 22 21 13 14 20 14 18 21 10 10 20 19 21 14 14 19 20 22 24 16 11 26 21 22 18 18
13 12 23 20 29 26 19 17 20 21 18 24 18 21 27 16 20 15 16 11 14 15 26 15 16 24 16 12 19 22 19 18 13 20 15 18 15 22 21 13 14 17 16 16 8 11 16 11 25 21 16 20 17 14 22 17 24 13 18 27 22 18 16 16 21 18 15 18 15 9 12 14 14 16 21 17 12 20 13 15 18 11 13 13 12 17 9 14 14 25 16 10 14 15 18 13 10 15 12 17
26 22 28 19 19 15 26 15 14 12 10 10 19 17 16 15 22 17 10 25 18 16 15 15 15 19 13 16 20 23 24 13 19 21 10 23 25 29 17 15 10 14 16 15 12 29 20 12 20 24 16 16 27 19 14 20 26 19 16 20 20 16 15 21 21 13 16 11 19 16 21 20 21 18 25 17 30 18 17 22 22 24 13 19 26 21 19 21 23 21 19 24 7 27 20 22 17 18 16 16
17 20 11 25 18 21 16 17 18 22 20 20 17 21 24 17 17 14 26 13 19 20 20 21 14 24 15 21 13 19 17 20 17 16 22 11 8 17 26 22 21 12 31 10 19 24 17 18 31 19 14 20 15 20 16 21 19 19 24 11 20 19 15 21 22 17 19 22 21 18 19 24 17 17 10 11 17 26 17 12 22 18 12 17 26 18 21 15 19 17 16 19 15 10 14 23 17 16 14 20
14 23 13 17 17 18 22 22 21 13 14 10 36 13 26 20 20 25 15 26 14 19 12 18 12 17 20 10 22 13 18 16 16 11 19 12 22 18 21 20 24 10 15 10 18 12 13 13 20 13 19 25 21 16 14 17 21 32 12 12 18 17 17 9 24 19 14 17 12 21 10 13 17 18 15 15 14 20 12 12 14 20 13 15 13 18 17 16 24 16 15 11 12 15 12 24 14 22 18 19
21 25 19 21 24 20 16 15 18 21 22 19 15 16 21 18 26 23 26 11 14 27 17 19 28 17 18 25 31 12 13 16 23 19 8 12 17 18 19 15 16 10 18 17 22 11 21 16 24 17 22 23 14 28 24 23 17 18 19 14 9 27 14 12 18 19 12 20 12 14 19 16 23 18 24 26 14 15 21 17 13 20 19 23 12 28 25 19 27 16 24 17 18 12 12 14 17 22 19 21
18 21 21 13 15 25 25 23 13 15 27 20 19 31 20 18 10 12 17 13 27 27 18 12 16 12 17 8 29 21 12 17 16 32 17 15 14 18 17 22 15 19 21 24 17 18 17 28 12 18 19 40 16 16 15 26 17 21 18 28 14 24 15 25 24 12 9 18 14 23 22 10 13 17 22 18 15 9 13 17 12 18 22 15 15 22 16 19 19 13 15 15 15 15 27 14 19 14 8 15
20 16 14 14 11 20 22 22 18 12 23 16 18 16 36 7 19 19 22 20 31 26 18 10 16 10 15 21 17 19 16 19 14 19 21 16 11 18 19 19 25 19 13 18 16 17 18 14 24 17 15 20 15 20 19 21 17 23 25 19 11 20 8 21 22 16 14 19 15 22 21 16 17 17 17 20 13 13 28 21 20 19 10 15 24 13 21 26 17 27 13 23 22 19 16 25 17 14 25 17
18 20 15 19 22 22 17 17 18 31 20 23 20 21 12 16 15 12 24 18 14 19 24 22 11 22 24 20 14 7 20 20 22 13 18 16 16 17 8 24 14 16 22 16 20 13 21 19 12 15 18 23 18 14 20 20 16 18 18 16 21 14 17 18 18 8 20 19 10 16 24 17 21 10 14 15 24 16 20 25 30 19 19 14 8 17 18 14 11 15 11 14 15 9 13 8 22 21 14 12
13 15 14 22 21 27 8 12 12 13 8 20 17 12 14 17 12 11 21 17 19 16 14 21 13 17 19 14 16 14 17 15 19 18 7 17 21 17 15 21 21 16 16 22 23 16 12 31 16 11 15 28 20 17 16 14 13 19 20 14 19 16 15 16 22 18 26 16 19 14 12 18 16 19 20 11 15 16 11 9 14 22 17 9 16 17 26 24 24 9 16 21 26 19 19 18 27 21 22 19
18 13 15 28 25 29 17 14 19 18 22 17 19 9 11 19 10 27 20 20 19 17 22 24 17 20 12 20 14 21 24 20 21 24 17 22 13 19 21 15 15 16 28 24 13 19 21 16 22 20 30 22 17 21 16 11 19 20 17 10 13 13 15 14 19 12 12 19 11 18 21 15 20 12 23 24 15 15 18 21 14 18 20 21 14 12 14 24 18 17 8 14 16 17 16 23 16 22 18 10
13 19 20 16 13 12 14 21 16 12 14 20 25 18 12 16 25 17 22 14 11 14 23 21 17 12 13 13 19 19 19 16 15 14 14 17 22 12 25 15 20 17 16 18 12 21 14 18 13 23 19 13 22 14 21 18 19 14 16 24 22 13 12 15 15 21 19 16 18 14 19 15 17 16 13 18 24 17 18 24 11 29 19 21 10 11 15 10 25 22 17 17 15 20 21 19 22 19 19 19
13 18 15 18 19 18 15 20 14 15 21 15 17 13 13 11 15 16 14 21 14 13 17 22 16 19 12 21 14 15 18 13 9 18 13 19 10 8 15 13 21 16 14 22 19 17 11 23 11 18 21 24 18 17 23 13 23 19 17 13 13 12 14 7 15 9 17 15 7 12 20 9 21 14 20 18 20 16 27 13 18 19 16 22 13 14 25 18 22 18 13 18 17 18 28 18 22 21 11 17
17 24 12 17 16 20 18 11 14 20 16 22 14 20 16 16 18 17 16 22 17 14 19 19 20 15 10 10 18 25 19 16 12 15 14 20 20 15 11 9 21 8 15 18 15 20 11 14 15 15 16 17 22 25 13 14 15 52 24 15 12 20 19 21 25 31 18 20 17 11 17 18 18 21 29 16 14 17 12 13 20 29 15 18 16 24 21 20 16 21 14 24 16 17 14 19 17 19 22 13
15 19 24 21 12 9 23 21 19 16 26 10 18 20 18 20 23 17 10 18 17 26 19 17 19 14 21 17 19 16 22 20 21 18 20 17 19 12 11 16 17 24 22 10 12 18 16 14 20 28 17 12 17 14 16 25 10 19 19 27 22 21 23 25 31 20 21 23 17 17 23 18 24 23 20 22 23 33 19 12 20 20 19 17 25 19 16 14 24 14 12 20 13 18 12 17 18 16 11 16
17 21 11 16 11 19 18 18 17 13 21 19 17 8 22 19 15 20 13 22 15 22 15 19 18 15 16 18 12 26 13 20 12 16 18 17 18 18 24 10 16 16 19 21 17 17 16 18 15 13 16 18 20 19 12 18 17 20 11 18 14 19 16 14 17 12 15 19 29 24 21 16 17 20 20 29 15 20 24 20 20 13 18 24 17 20 15 15 15 14 16 16 15 10 10 14 20 14 13 18
19 15 18 8 10 13 17 11 21 17 13 16 11 28 14 16 15 9 13 15 21 19 16 16 14 16 15 18 23 11 18 16 15 16 25 14 17 13 18 15 16 24 21 18 21 20 23 25 18 11 20 18 18 12 19 16 10 17 24 19 16 14 12 16 11 22 17 14 16 17 22 18 13 12 14 11 15 13 20 17 17 12 20 23 20 13 24 21 18 18 20 19 13 16 14 19 20 14 22 11
11 16 25 25 17 23 17 9 19 15 21 12 24 16 16 15 11 18 14 11 21 19 21 17 11 19 13 15 13 14 14 19 17 18 17 10 18 21 22 15 17 13 17 18 22 15 21 17 14 17 15 28 10 18 15 21 12 11 15 17 19 11 17 14 18 15 18 15 20 13 24 20 18 13 18 24 11 12 14 19 18 20 15 17 13 14 17 12 18 12 11 24 17 18 19 21 20 17 18 14
17 22 18 16 13 18 13 19 16 13 11 18 15 15 13 14 10 15 29 13 12 15 13 16 22 19 9 10 9 16 14 16 19 22 30 13 22 13 13 16 20 15 19 19 13 15 15 20 14 10 17 23 17 19 11 14 16 15 25 18 11 14 18 8 14 18 15 17 19 17 16 14 19 20 11 12 18 15 12 20 16 10 10 18 26 13 16 27 20 21 14 15 16 6 15 15 17 15 19 14
13 18 13 24 16 9 18 19 9 16 22 11 24 19 10 15 25 14 12 17 14 22 21 16 19 13 20 9 17 18 16 18 18 21 24 18 13 26 17 21 17 23 22 25 15 22 23 22 17 14 9 12 18 9 22 16 16 24 19 13 24 24 15 19 18 20 9 9 24 19 6 16 15 16 25 23 13 21 17 14 14 23 25 27 21 13 19 20 19 18 19 15 18 18 24 15 17 14 14 16
25 14 19 14 18 17 12 16 10 28 14 25 14 19 26 24 20 17 17 23 15 25 13 25 24 14 13 19 11 20 12 16 10 20 19 17 20 21 11 7 8 6 9 5 6 9 10 7 9 8 7 9 8 9 11 7 10 10 9 10 8 7 7 7 8 8 9 5 10 7 11 11 13 14 5 12 14 5 12 10 7 8 12 11 7 15 6 8 7 6 8 10 11 6 6 9 14 9 10 10
8 11 7 7 11 5 10 9 7 11 7 8 8 11 10 7 7 4 8 6 7 10 5 7 7 12 18 9 10 10 10 10 6 5 14 4 7 11 12 8 9 9 5 5 9 10 8 7 11 9 7 7 9 9 10                                             
