0.571428571428571 920 11 8 12 10 12 8 8 13 13 7 8 9 10 10 10 9 5 14 8 12 7 8 11 10 10 10 9 10 9 10 6 6 14 10 9 12 10 6 11 4 8 9 12 12 8 10 13 13 12 9 10 10 11 6 10 12 13 12 7 8 10 14 6 9 8 14 10 9 7 14 11 5 12 8 7 11 9 11 9 8 5 12 15 12 12 8 9 7 13 11 6 9 11 9 9 10 11 12
8 8 7 8 12 8 11 8 15 8 12 13 7 8 11 16 13 6 14 10 9 17 8 8 8 14 9 9 10 10 14 12 9 9 7 13 8 11 17 9 7 9 8 5 13 7 8 10 7 6 7 7 6 8 7 8 10 14 9 8 10 8 9 10 8 9 7 5 6 7 8 6 11 13 5 12 11 9 8 11 8 11 12 6 9 9 6 8 6 9 5 6 16 18 11 10 9 8 13 14
7 9 9 12 10 12 9 11 8 6 7 6 9 9 8 15 11 6 16 5 11 12 11 8 9 9 8 9 12 13 13 8 7 9 11 10 12 6 17 9 6 12 8 9 10 9 8 11 12 8 10 12 6 9 10 19 7 6 11 16 5 9 14 8 9 9 15 14 14 5 10 10 10 6 5 11 9 9 12 8 8 12 11 6 9 7 10 10 8 9 8 8 15 11 10 11 9 8 5 13
7 9 8 11 6 13 10 6 15 6 12 9 8 11 8 4 5 12 6 5 20 8 7 9 7 9 10 5 5 12 8 9 9 6 15 9 7 7 5 8 11 6 6 10 7 16 9 6 5 7 12 7 11 9 8 9 11 9 8 15 9 7 11 9 6 9 8 9 7 8 9 9 10 6 11 8 10 8 10 13 8 7 9 10 6 9 10 11 9 5 7 9 9 6 9 11 9 8 10 6
4 7 7 12 6 7 5 8 11 13 9 7 9 6 7 8 10 9 11 8 7 9 5 15 6 11 11 6 8 11 9 9 12 7 10 13 13 9 8 7 12 8 15 7 12 6 9 9 14 10 5 10 8 8 9 10 7 6 10 7 12 14 14 15 10 8 8 10 7 8 6 6 6 10 6 10 12 7 9 7 5 9 14 9 12 10 8 8 7 13 6 6 7 6 5 9 10 7 8 10
12 5 9 12 9 8 15 10 11 8 9 13 6 9 8 11 8 6 6 11 12 7 8 10 13 10 11 10 13 7 9 13 6 11 8 8 9 14 8 8 11 7 10 9 7 6 9 10 6 14 14 7 14 13 9 7 7 7 8 12 11 6 10 6 11 12 13 6 8 7 19 9 7 10 6 8 11 7 9 11 8 8 10 12 10 10 14 7 10 10 5 11 11 7 5 10 10 9 7 9
12 10 7 6 12 7 10 9 9 13 12 5 6 7 9 7 10 12 11 8 8 13 4 7 14 14 8 8 13 7 13 10 6 5 14 7 5 6 7 9 8 12 17 10 9 8 7 16 7 6 11 8 10 9 8 11 7 9 8 11 9 9 9 7 8 7 11 10 6 7 10 7 5 6 5 8 7 5 7 8 6 9 9 6 13 7 9 9 11 8 12 9 6 9 7 5 10 8 11 8
6 11 8 10 7 7 11 11 8 8 10 9 7 7 10 5 9 11 12 6 9 7 5 8 7 8 9 7 11 11 7 8 9 9 6 7 6 9 6 10 13 7 13 7 7 10 7 7 8 8 9 14 8 7 9 7 7 9 8 8 8 8 8 9 11 7 13 12 13 6 11 9 8 7 10 11 10 9 10 9 14 8 9 10 10 7 13 12 7 12 8 6 8 10 9 6 11 6 7 12
12 9 12 11 13 12 9 9 10 9 10 12 10 5 5 15 9 9 7 10 9 10 10 11 9 5 6 10 11 8 10 12 6 6 5 8 5 6 5 6 5 6 8 9 9 7 7 9 8 10 9 9 11 7 10 10 10 7 7 9 6 11 8 8 12 12 10 9 7 5 6 8 7 9 6 7 5 9 7 7 7 10 14 7 9 9 8 6 9 6 5 4 5 4 4 6 5 7 6 4
4 4 5 7 7 6 5 4 5 6 5 7 6 7 4 5 5 6 7 8 4 4                                                                              
