0.419354838709677 3508 29 36 26 30 29 36 38 31 29 44 24 27 37 32 37 30 21 38 27 20 22 21 19 30 29 30 29 28 34 31 17 29 20 25 18 16 19 17 28 28 19 24 30 36 31 23 24 19 23 19 15 28 23 14 20 24 18 24 31 28 19 25 24 25 31 17 41 32 22 23 27 23 15 32 32 27 38 33 31 37 19 30 27 26 24 31 25 22 20 33 33 23 24 26 24 24 21 27
23 36 26 39 23 19 35 16 24 22 39 20 28 27 30 24 21 21 49 20 25 34 21 19 20 23 25 22 20 18 21 21 28 24 26 20 22 28 19 31 30 39 32 34 22 37 25 31 17 24 21 23 28 18 29 21 31 14 27 27 26 32 19 18 17 30 23 28 34 34 33 27 19 27 29 27 28 20 25 34 28 39 26 30 25 29 24 25 29 21 32 20 21 36 27 21 28 30 24 23
32 27 27 33 19 19 15 34 27 22 25 22 41 32 33 31 23 15 34 29 19 30 26 33 21 26 23 21 22 24 23 18 32 24 25 36 29 26 25 21 26 22 30 27 15 27 30 24 20 21 23 27 30 32 32 16 28 29 30 23 21 24 19 21 24 28 20 32 35 27 20 23 33 30 20 24 22 17 28 22 27 22 33 32 30 31 27 22 24 29 26 33 27 31 25 13 22 16 20 27
21 28 39 29 37 32 28 22 11 12 34 25 36 27 29 38 33 30 32 29 28 29 26 19 27 29 23 24 23 29 28 26 28 26 25 19 27 34 31 30 15 35 29 26 29 17 28 22 25 39 31 24 27 28 20 14 30 31 26 24 21 33 35 19 20 28 31 30 34 24 25 34 29 12 26 32 21 29 32 22 26 35 32 19 19 22 33 32 25 27 23 21 21 26 14 32 27 30 25 32
29 20 22 19 26 25 19 34 26 34 31 22 32 21 24 22 33 22 21 36 30 16 22 24 31 35 36 23 28 22 29 25 15 35 21 33 29 29 35 17 31 29 24 24 33 30 26 26 40 23 32 26 30 31 21 28 37 25 26 31 29 36 26 26 44 19 29 25 27 29 30 26 35 31 37 22 29 32 18 21 28 33 18 33 29 29 16 28 20 32 27 22 17 29 35 18 32 27 29 26
28 20 29 23 28 24 29 34 29 31 28 28 30 27 34 34 29 41 23 20 37 20 29 12 29 27 39 24 26 29 17 29 38 29 25 36 28 27 21 26 35 32 15 32 43 33 24 31 22 28 35 21 21 29 26 34 23 38 18 23 28 24 27 27 18 27 20 30 31 19 29 31 25 32 28 25 20 26 30 33 33 28 32 26 33 26 32 18 21 29 36 21 25 26 39 22 26 33 20 19
37 29 30 29 41 33 28 30 30 24 20 36 29 29 36 22 29 26 23 22 24 25 18 27 26 17 23 28 21 23 20 23 26 22 23 24 35 32 20 22 29 20 37 31 35 27 28 35 28 25 22 40 34 17 25 21 33 22 26 27 18 30 33 28 22 24 26 22 30 24 34 29 24 33 29 27 17 25 26 19 30 21 29 22 24 28 35 20 32 25 23 25 35 26 28 32 26 21 20 31
22 34 30 22 30 21 31 27 30 21 19 32 21 25 24 22 27 34 27 20 18 23 29 23 32 29 25 21 24 26 26 34 15 23 22 25 30 24 22 21 28 34 20 25 29 14 22 33 36 22 31 34 22 30 26 28 24 28 25 25 23 16 31 19 21 19 30 14 24 30 25 23 20 29 40 27 33 23 19 29 21 19 27 15 31 22 26 15 24 25 25 26 22 33 28 23 24 17 21 25
30 16 32 35 22 25 25 33 38 35 33 34 32 34 17 26 35 25 28 22 15 37 28 19 34 32 27 22 20 34 25 27 29 30 27 22 22 30 20 28 17 33 24 20 29 28 20 26 23 21 22 27 21 28 26 27 17 20 19 15 31 29 20 35 31 27 20 19 27 24 33 16 20 28 28 29 23 25 33 24 36 33 24 33 34 31 36 24 26 24 27 22 26 21 21 31 33 28 24 25
18 26 23 35 18 26 19 25 18 30 36 28 30 32 43 29 20 36 31 26 25 26 29 14 34 27 22 30 25 33 33 17 21 31 37 40 16 28 32 28 18 23 25 79 49 22 24 26 23 30 25 18 19 19 26 17 26 23 21 26 29 19 27 24 19 31 22 40 30 24 31 35 26 35 33 34 24 12 24 28 29 31 26 32 28 24 32 21 20 13 21 35 23 29 27 33 20 26 28 34
28 17 40 26 32 24 23 26 24 31 33 30 28 25 29 32 31 23 29 31 18 22 37 34 29 29 27 31 20 32 23 31 24 30 24 28 27 26 26 18 20 24 30 8 29 37 32 38 20 26 27 27 27 29 20 28 21 24 29 31 37 28 28 27 21 36 27 33 21 25 20 61 47 42 38 27 19 34 19 24 22 23 29 30 30 23 18 29 31 26 27 32 18 27 27 25 33 27 20 24
22 33 32 21 25 31 27 30 37 23 28 27 19 22 33 28 32 34 21 29 32 21 18 34 29 24 22 36 25 21 37 22 17 15 39 31 30 26 23 31 34 31 26 25 33 21 27 40 27 21 18 25 35 20 21 30 11 31 17 22 29 26 30 26 29 31 27 17 31 33 24 18 29 30 26 25 37 35 23 22 38 41 23 27 31 22 28 28 19 20 26 38 26 13 31 31 21 34 21 26
29 19 21 30 28 34 40 21 26 26 23 27 19 27 25 29 28 26 25 22 37 35 25 33 25 32 31 24 39 32 31 26 30 19 34 30 27 21 32 27 34 23 28 34 22 27 21 29 29 24 34 30 19 38 31 40 38 28 29 26 27 23 36 21 20 28 24 22 21 32 19 20 29 22 32 24 22 23 20 27 38 25 22 18 39 34 36 37 24 24 36 21 27 21 31 43 30 28 24 25
17 25 25 33 24 25 22 28 29 27 33 24 15 25 30 26 29 31 30 18 13 20 30 23 39 25 37 21 24 29 25 35 30 36 24 23 27 31 21 44 34 25 19 25 36 28 31 38 27 42 28 36 29 22 22 27 38 37 21 31 33 28 34 29 26 12 26 22 33 26 30 26 27 22 25 22 31 32 32 29 31 39 23 13 11 31 27 31 19 19 24 27 27 22 35 20 23 25 29 26
34 22 26 32 31 34 25 27 26 31 24 29 38 26 21 31 25 33 28 27 26 29 25 30 29 30 31 34 21 16 26 27 16 25 33 35 36 30 23 23 29 30 20 27 23 25 28 26 22 19 11 18 17 24 24 20 20 21 31 31 17 32 20 29 23 26 41 32 39 31 17 17 29 30 28 33 31 36 36 21 24 18 33 28 22 19 29 17 20 28 26 23 14 21 30 23 16 18 40 37
17 23 21 30 22 26 25 29 35 25 26 25 19 29 24 39 29 18 27 20 23 15 20 33 32 22 25 12 24 37 37 26 29 34 25 20 22 20 31 38 31 31 28 25 30 24 24 18 27 31 21 28 30 32 25 30 26 23 31 23 27 22 21 22 14 31 36 22 27 22 19 22 22 35 20 29 24 27 27 27 34 22 32 28 30 28 31 29 24 25 30 27 20 26 37 28 20 17 25 18
38 25 27 18 34 17 27 22 16 26 27 31 24 32 19 19 28 24 25 21 42 32 20 32 30 24 27 23 31 28 25 33 22 23 40 21 29 37 33 20 19 19 28 20 17 31 21 16 32 26 28 33 35 30 28 29 35 24 21 28 26 28 26 26 27 33 23 31 18 35 24 27 31 30 19 29 21 27 25 40 25 24 30 31 26 30 33 28 38 28 20 22 27 27 25 32 21 37 17 33
34 19 23 20 20 29 45 26 26 17 18 32 31 32 32 41 32 33 36 23 22 30 25 28 32 21 28 24 27 36 26 21 16 23 34 30 22 22 30 42 27 26 33 24 28 31 29 29 68 89 57 41 30 27 20 26 22 34 30 40 23 26 22 29 29 29 21 13 28 25 26 26 30 14 31 15 25 33 23 27 22 26 28 33 28 26 33 28 17 22 21 33 21 29 26 42 26 18 9 9
27 34 27 10 39 39 29 37 24 24 32 27 38 30 18 31 40 29 19 31 21 27 23 21 26 24 22 28 18 20 34 27 36 23 26 22 22 41 21 45 19 37 35 26 29 17 26 35 31 26 25 26 24 13 21 23 19 37 22 32 17 37 30 25 22 26 33 29 22 28 19 38 25 20 23 23 30 19 22 24 18 30 37 28 15 27 24 33 30 32 27 36 22 19 34 25 25 35 26 22
24 26 23 21 29 19 22 18 21 33 23 21 23 25 23 20 20 24 26 15 20 35 26 23 26 31 31 27 22 27 21 25 19 29 26 30 19 29 32 25 21 36 34 31 24 26 18 29 40 23 28 22 27 24 33 25 21 25 29 22 18 21 19 33 25 18 19 7 36 22 35 20 26 36 35 33 25 28 20 29 30 22 23 29 22 30 25 34 26 31 27 22 24 26 22 27 29 29 25 28
20 24 26 24 23 38 28 25 27 27 27 25 17 22 21 36 22 24 26 31 23 30 22 18 20 35 27 23 32 27 21 27 27 20 28 33 38 22 28 17 32 22 28 27 32 15 37 27 25 16 23 24 26 24 32 26 22 21 32 37 27 37 35 16 25 24 23 23 28 27 26 17 26 28 28 29 26 34 29 31 24 25 25 23 33 25 35 33 34 22 21 21 33 23 27 21 32 17 13 36
25 23 40 30 21 19 27 29 32 23 23 27 25 19 38 24 31 24 23 24 24 24 24 16 33 20 21 27 22 23 26 16 19 16 23 32 11 16 26 32 20 25 22 32 23 21 22 34 22 26 24 24 28 27 20 31 23 19 26 24 28 19 25 25 18 22 12 27 15 36 25 27 22 29 26 20 37 32 19 25 18 32 25 30 29 24 23 30 34 26 32 23 31 27 27 19 28 25 27 34
26 30 20 26 38 31 28 20 36 19 34 21 23 26 32 27 26 28 26 32 30 31 28 15 31 22 27 24 29 36 23 28 21 20 30 25 26 21 29 25 27 27 29 23 28 26 34 20 15 35 30 26 27 15 27 22 33 15 26 30 17 25 31 21 28 31 33 27 22 28 35 29 27 20 29 19 31 14 25 18 29 24 38 22 28 31 34 38 26 22 23 14 15 18 24 19 27 33 35 20
26 25 25 24 27 35 29 29 34 31 23 33 27 22 23 32 30 16 33 26 19 25 22 32 25 29 26 29 27 32 26 31 27 27 10 27 28 22 29 25 23 26 26 21 25 23 37 25 26 29 29 29 30 38 23 23 21 24 31 30 26 23 22 31 34 14 23 27 21 33 31 32 31 34 27 26 25 27 30 17 17 17 18 26 34 24 14 29 22 27 25 27 18 27 24 32 24 21 22 23
19 29 39 17 25 28 24 29 17 19 22 37 28 24 25 18 24 15 27 42 30 27 21 27 23 26 17 29 28 27 22 24 27 26 28 26 16 28 22 25 27 26 35 24 22 30 26 34 32 28 24 25 15 23 39 26 40 32 21 26 30 21 24 28 31 14 38 23 26 23 29 26 22 27 22 22 30 34 18 25 19 26 24 42 23 29 15 29 19 24 27 26 36 19 21 24 29 18 36 21
28 37 23 24 27 19 33 28 31 30 30 24 22 26 22 30 35 32 18 30 25 31 35 30 17 27 29 29 29 33 35 27 30 37 36 23 32 23 30 27 19 34 24 32 31 34 26 27 30 20 26 31 36 30 25 34 21 30 21 26 19 25 17 23 31 35 33 25 23 32 34 27 30 30 32 21 24 26 29 23 22 19 29 40 28 35 24 32 19 18 29 32 32 33 27 29 19 21 31 21
21 19 29 40 21 15 28 33 28 32 30 27 35 38 44 27 27 26 33 24 22 29 30 25 31 24 34 17 34 23 23 22 19 31 26 29 30 21 18 23 28 22 25 24 31 27 29 27 19 27 22 28 12 24 24 24 22 24 29 22 23 27 21 17 20 32 26 17 16 24 26 22 31 29 22 31 16 30 30 27 17 20 30 23 21 19 22 27 25 27 26 21 18 17 29 27 28 19 32 32
32 24 17 23 21 32 23 31 22 25 23 20 42 29 34 26 16 30 19 24 26 33 29 23 18 23 23 26 27 23 19 30 22 37 23 20 25 39 27 20 25 37 29 33 27 21 15 28 21 31 24 25 31 29 29 16 24 40 25 15 29 34 27 40 33 23 21 21 29 24 19 33 34 34 25 24 28 21 32 20 29 32 18 37 22 28 26 26 40 22 32 26 20 30 25 20 21 38 29 27
29 25 21 29 21 26 19 35 40 20 37 28 41 28 31 30 18 32 34 22 30 17 26 38 26 21 26 19 22 21 29 23 32 34 35 17 28 34 39 32 24 24 25 27 26 33 29 23 33 25 26 22 26 18 23 39 35 27 22 27 24 22 30 27 23 23 26 35 22 32 24 28 31 27 26 27 24 29 33 29 32 35 23 22 39 32 23 31 29 27 28 26 20 26 20 41 27 45 35 26
32 34 32 25 33 32 25 30 24 28 32 26 38 25 24 32 31 24 29 21 33 31 20 25 27 23 21 20 25 23 19 26 26 31 19 16 35 29 32 24 33 23 28 33 43 30 21 30 33 16 20 27 28 23 24 23 34 22 32 39 25 38 32 37 24 31 29 30 35 22 28 27 29 39 32 20 27 27 35 23 26 19 28 23 26 30 20 34 22 23 36 5 52 40 28 21 19 24 32 28
18 20 32 17 25 36 26 25 36 23 23 23 19 21 30 25 29 26 18 11 18 30 32 17 18 28 19 30 23 37 23 32 23 31 25 24 35 28 17 19 27 25 15 34 16 21 28 16 26 17 44 23 25 21 24 27 36 24 24 32 26 19 26 34 24 25 24 20 17 25 19 17 27 22 31 25 38 20 35 24 21 19 34 30 26 29 26 22 25 27 18 22 18 24 17 21 20 21 18 27
18 30 23 25 32 25 28 30 28 22 26 34 25 25 20 28 25 32 24 15 25 28 30 27 26 17 25 34 28 25 24 27 29 25 28 30 26 26 29 32 25 23 31 33 22 31 17 18 32 24 19 25 24 19 34 16 15 20 22 21 31 26 28 27 30 25 33 28 26 38 34 40 29 26 14 32 25 25 28 30 18 28 39 17 35 20 13 33 25 36 29 20 31 38 35 36 33 32 23 19
26 26 28 37 25 24 20 28 23 21 25 31 18 17 35 25 33 22 27 31 22 26 39 20 36 27 23 25 20 19 26 20 16 24 32 20 18 30 20 25 21 24 8 27 28 14 28 21 23 32 25 27 25 13 23 8 8 26 25 34 30 34 28 19 29 35 25 19 20 23 25 31 29 22 34 20 28 30 24 19 19 22 28 31 22 34 30 24 30 26 32 23 26 32 30 27 29 30 21 30
28 24 26 31 20 26 25 29 15 28 24 30 26 21 23 37 21 20 21 36 28 27 27 20 29 24 28 32 31 17 29 38 33 23 20 29 35 25 32 29 31 17 24 30 23 36 29 13 13 11 13 8 12 9 10 10 12 11 12 11 11 9 5 10 8 13 15 12 15 16 13 11 9 12 13 13 9 13 20 13 15 12 12 9 17 10 15 10 13 6 14 14 21 12 14 15 17 12 13 13
10 6 10 8 23 14 5 12 7 15 15 7 10 16 8 12 7 6 10 12 11 8 19 11 12 13 16 14 13 12 20 12 14 10 14 6 13 13 15 17 8 11 14 10 11 9 14 11 17 10 15 10 8 13 5 9 10 20 10 20 10 12 7 12 6 13 16 18 11 16 14 13 11 19 8 13 15 13 16 8 7 15 8 11 6 16 14 21 9 33 12 9 18 11 9 16 17 14 8 12
6 9 11 16 10 17 14 16 9 13                                                                                          
