0.5 3497 23 33 21 19 15 21 24 13 26 24 20 18 13 11 35 11 23 14 27 20 20 30 22 11 18 16 17 13 11 17 15 17 24 27 16 14 19 19 9 15 17 19 25 15 12 20 14 20 16 17 21 15 16 14 23 19 20 14 16 24 20 17 15 18 20 9 13 20 25 13 16 19 21 22 13 13 24 13 25 18 13 16 20 20 20 22 21 24 13 15 17 13 15 25 22 12 19 19
6 17 18 15 21 11 18 13 9 15 20 14 13 14 21 11 18 18 16 16 15 15 18 15 16 16 26 23 18 23 17 9 18 17 16 13 13 16 26 12 18 14 17 15 11 18 15 19 16 11 19 17 14 13 20 19 9 19 14 20 16 11 15 21 14 12 22 17 16 18 13 13 12 18 13 20 21 20 17 13 21 23 16 24 17 15 18 13 21 18 11 14 22 19 15 14 23 20 30 21
18 19 21 13 19 14 12 13 16 18 16 16 18 24 16 12 29 16 17 13 15 20 23 22 14 16 22 16 14 10 19 10 23 16 19 12 20 18 16 14 10 26 18 20 17 8 13 19 19 22 16 15 12 16 18 18 17 8 16 11 19 12 10 20 12 17 17 13 12 15 15 21 9 18 8 21 15 16 14 21 19 25 15 12 22 13 14 19 18 16 15 18 9 15 18 18 23 17 21 17
16 31 15 24 14 16 12 13 17 16 14 21 17 18 17 15 20 12 16 13 9 18 17 17 20 20 19 18 13 16 11 12 12 14 11 17 14 16 10 25 17 13 16 16 16 16 23 14 17 13 15 15 11 18 20 20 9 23 21 18 16 19 12 21 21 19 20 16 21 18 20 9 7 20 17 17 16 17 20 21 16 18 10 18 12 13 15 18 17 13 17 15 14 10 16 19 20 11 19 11
22 22 18 15 21 19 22 17 26 19 8 14 18 20 9 21 24 21 16 16 13 15 18 23 16 18 21 29 12 18 12 10 13 11 24 22 17 8 21 16 20 23 17 17 20 14 17 17 16 21 22 13 19 9 14 22 17 16 18 22 21 12 13 18 21 12 10 25 19 17 19 22 17 20 14 17 13 9 19 21 18 14 18 23 22 14 27 23 24 30 21 24 27 19 18 18 27 9 19 14
18 10 23 19 8 19 24 19 24 20 19 16 18 19 15 17 18 14 27 17 18 20 20 26 14 24 20 18 23 20 15 21 13 22 15 15 17 15 16 19 12 18 15 18 19 21 20 18 29 12 9 18 19 20 22 19 20 30 28 19 25 9 24 20 20 15 22 10 20 16 20 21 21 21 14 16 16 14 22 16 15 21 23 16 13 12 14 18 12 23 11 14 24 20 27 10 21 13 22 26
23 17 20 12 14 15 13 18 21 11 21 19 20 13 10 17 26 18 15 11 15 17 17 17 15 14 12 9 18 19 19 18 20 19 21 26 22 18 18 26 20 22 18 15 12 23 22 16 13 17 15 26 14 20 18 20 30 21 19 19 13 21 19 12 22 17 15 15 17 22 20 14 11 20 16 19 21 14 18 22 15 16 25 16 14 23 17 19 15 15 22 9 18 18 21 22 15 11 11 15
18 17 19 7 15 16 25 27 28 12 21 18 25 16 18 24 8 14 16 17 16 20 19 28 18 17 19 17 17 19 15 23 15 27 14 35 19 17 11 15 28 23 13 11 18 22 18 10 24 18 12 15 20 14 15 15 13 16 22 21 23 22 19 19 20 16 16 23 10 16 12 13 16 16 13 14 15 16 12 16 9 15 16 10 16 16 23 13 14 14 15 19 20 12 13 11 14 13 12 12
13 12 23 20 18 14 20 15 17 17 10 12 21 15 10 11 17 10 23 21 18 13 17 12 17 17 14 17 14 11 22 15 9 14 13 9 19 16 13 11 13 13 21 15 18 13 15 22 20 17 18 10 12 16 11 28 15 21 15 16 11 16 16 18 17 10 23 12 16 16 15 16 10 21 18 13 17 21 14 21 25 14 17 21 20 21 14 24 11 16 17 20 13 16 9 18 18 23 22 16
11 14 16 15 11 13 15 23 13 16 19 19 13 21 17 23 24 20 10 21 17 23 21 18 24 23 23 16 20 17 15 14 16 13 20 22 18 18 21 22 16 11 8 16 24 20 15 15 16 22 28 13 24 16 21 18 16 18 17 15 16 17 15 14 8 10 15 16 14 12 21 17 11 20 18 9 24 22 18 13 13 11 25 17 20 16 23 18 18 12 26 14 11 16 13 10 11 15 11 15
25 51 41 19 28 40 11 12 15 20 18 26 12 12 19 20 17 12 10 25 18 21 13 13 19 17 22 14 22 19 18 15 18 20 17 17 13 19 18 16 17 27 16 17 20 11 12 20 19 12 17 17 9 24 25 24 25 10 18 19 18 19 11 14 20 21 12 26 15 23 20 29 25 16 18 21 23 16 21 17 21 13 16 21 12 16 12 20 17 13 13 27 27 16 16 18 17 25 28 18
14 15 19 13 21 14 22 21 16 19 22 23 16 19 16 20 15 23 14 19 23 24 22 15 20 22 18 21 12 25 17 15 18 20 24 24 12 24 27 12 20 15 20 21 29 20 20 15 15 17 15 20 24 13 29 19 14 14 15 17 12 21 17 23 23 22 15 23 20 25 18 20 20 14 21 17 28 20 17 12 19 21 16 10 17 16 17 21 19 17 14 25 14 16 14 10 16 14 14 19
21 17 17 28 19 17 13 17 18 19 14 27 19 13 11 15 23 16 15 20 21 13 19 30 54 14 19 15 23 26 28 16 16 20 15 17 10 21 23 16 11 22 15 21 15 20 18 21 18 21 17 15 19 21 17 13 18 13 20 17 10 16 24 16 10 15 18 14 16 15 20 25 11 19 13 20 12 15 18 12 18 15 11 19 23 20 17 13 20 18 20 12 14 22 14 11 11 21 15 18
19 10 18 16 32 20 21 19 14 20 13 13 17 22 13 29 19 19 19 23 23 19 19 19 15 17 15 18 18 23 16 15 14 15 21 19 14 13 27 16 23 19 24 12 26 14 20 15 17 13 13 12 18 16 14 19 19 18 13 21 8 14 16 20 12 15 15 18 17 13 27 16 20 25 14 20 23 15 20 27 15 22 24 19 14 18 27 18 18 16 20 15 18 22 27 22 26 22 18 27
24 17 13 21 14 14 19 14 22 17 20 13 17 15 6 14 11 19 15 10 21 15 17 13 16 20 15 19 25 18 17 17 16 23 14 22 7 12 12 15 13 20 15 19 19 18 18 14 14 16 21 19 23 22 24 16 19 21 17 18 16 18 16 18 23 17 19 21 11 19 19 17 14 16 14 14 15 16 11 19 16 10 19 28 18 20 20 8 8 9 18 19 23 15 21 16 15 20 20 13
22 12 25 15 14 20 12 14 11 8 15 17 18 13 15 11 15 15 20 20 15 16 14 16 16 11 20 19 19 15 11 20 13 19 19 21 15 18 18 13 5 24 25 18 22 8 22 11 18 24 32 15 14 23 16 19 18 29 18 15 14 15 17 23 24 21 22 16 22 14 14 12 12 14 11 18 16 11 20 19 13 16 19 21 19 22 13 23 16 25 20 16 21 13 13 13 19 9 17 10
19 9 13 18 24 23 12 24 14 17 15 16 11 19 18 15 10 13 17 19 14 22 16 18 21 16 14 19 9 15 19 9 15 15 12 28 20 16 16 18 22 18 13 17 20 25 12 17 16 25 26 21 21 18 18 26 9 19 24 12 15 17 20 18 10 24 14 20 11 22 11 12 17 13 17 15 16 21 19 13 12 20 14 22 10 16 24 12 14 15 17 27 26 18 18 25 23 16 20 18
12 14 17 16 17 16 14 11 15 15 20 18 24 14 15 15 21 14 21 19 16 21 28 16 22 16 9 14 17 15 21 19 12 21 15 17 19 16 20 18 20 19 22 28 18 24 18 18 19 24 25 27 25 19 19 16 21 23 23 17 30 19 19 22 12 17 22 13 21 22 19 14 21 19 12 18 24 18 22 16 13 14 19 22 15 22 17 22 69 29 13 9 18 17 16 14 15 13 16 17
17 14 9 14 19 17 25 8 12 16 14 22 10 20 15 12 17 21 12 16 11 15 17 21 17 26 11 21 14 33 9 23 17 11 15 21 15 17 17 20 15 16 12 16 20 40 16 14 18 20 22 13 22 22 23 15 25 15 17 19 24 23 19 11 17 15 23 16 18 11 19 14 17 11 17 18 27 33 19 24 18 24 19 18 29 21 23 18 13 20 26 12 16 16 14 15 15 17 24 18
21 11 26 16 21 15 14 17 15 18 23 21 13 17 14 13 13 23 15 15 17 11 13 15 15 16 15 10 27 19 18 13 14 11 12 19 11 14 15 22 21 23 15 22 16 13 22 15 23 16 9 19 27 25 20 14 16 16 16 24 15 17 14 22 9 9 17 25 20 25 22 16 21 22 20 24 18 16 13 14 17 14 12 11 24 17 11 21 26 19 12 18 10 17 11 13 17 22 14 16
17 11 12 17 22 6 19 15 18 14 20 18 30 21 25 26 16 20 15 18 15 9 13 20 19 24 18 18 14 21 11 23 18 7 19 18 14 20 18 11 14 13 16 18 18 7 16 12 10 22 11 23 14 19 19 16 16 16 18 23 15 11 20 19 20 19 17 18 13 26 16 13 15 17 16 20 19 15 20 15 19 21 15 15 20 22 22 11 12 13 15 15 16 23 19 20 18 10 11 16
25 27 14 20 27 18 14 21 18 21 19 19 23 20 21 28 14 14 12 27 30 22 18 18 15 19 21 22 30 15 18 24 19 16 21 15 17 25 12 18 24 22 18 12 19 17 16 19 11 15 23 20 14 17 13 30 12 13 14 16 16 17 13 14 13 15 20 20 25 16 16 19 20 29 16 12 14 13 16 14 27 11 17 25 15 25 24 17 12 16 21 18 15 15 14 11 16 20 19 16
13 22 13 14 18 14 13 14 14 20 20 16 17 13 16 12 23 16 19 17 13 21 12 22 24 12 14 12 13 14 18 17 13 12 18 20 10 21 17 16 16 23 19 25 23 15 11 8 19 14 17 26 21 25 10 20 10 16 20 17 16 9 13 21 8 13 5 20 15 29 19 24 9 15 15 16 16 13 17 27 16 16 22 12 17 16 10 16 22 25 23 11 21 24 8 19 14 12 20 18
16 22 17 24 18 13 13 16 15 23 15 6 22 12 14 26 19 14 13 21 18 14 17 17 30 19 19 24 21 13 18 15 16 19 13 18 14 23 20 9 20 22 14 21 22 21 21 22 22 14 18 21 14 15 18 21 16 16 18 17 18 18 25 20 13 13 12 28 18 16 22 17 19 22 17 12 19 18 18 20 18 17 21 15 15 17 26 15 14 15 15 22 15 17 16 17 21 19 19 17
11 13 18 21 14 17 17 21 16 27 19 20 15 17 20 10 16 18 14 22 23 11 12 17 11 22 19 16 14 18 17 11 12 16 24 24 9 25 18 23 17 22 16 16 15 19 11 15 11 8 11 21 19 20 13 12 12 15 11 14 18 15 19 13 10 16 11 10 20 11 14 17 14 15 11 22 19 14 14 15 23 16 16 17 24 13 25 23 14 14 19 18 17 22 21 26 23 23 10 28
11 11 14 15 14 14 10 19 9 15 13 12 21 24 21 17 15 15 28 7 14 22 18 15 23 20 13 17 14 21 23 24 26 19 20 23 14 21 14 23 13 13 15 15 16 16 22 16 22 13 15 17 6 9 14 14 17 15 18 16 16 10 16 16 21 14 29 19 15 17 15 17 23 17 19 17 20 20 23 10 21 15 18 14 16 19 12 21 11 11 16 17 8 9 23 10 16 17 24 15
16 20 10 18 12 10 25 18 18 15 20 16 16 15 17 24 23 14 18 18 15 15 14 21 17 16 16 11 23 15 21 22 17 22 16 19 14 20 15 19 15 21 11 13 14 17 17 17 19 20 21 19 10 21 16 18 13 17 19 14 21 21 26 24 22 31 11 15 28 14 17 19 16 26 19 18 19 22 19 29 13 17 12 16 22 22 13 19 30 17 15 17 13 7 12 17 17 21 22 18
16 8 11 22 15 19 12 18 13 10 14 23 20 22 18 24 17 11 21 11 21 20 11 13 27 10 20 18 17 17 20 26 17 11 24 14 11 21 22 12 22 19 15 18 24 15 20 18 18 16 17 19 13 14 18 14 15 25 14 24 16 23 19 18 25 16 15 20 33 20 13 5 11 17 19 21 17 16 11 12 14 21 11 26 21 16 20 21 18 14 11 21 10 13 22 18 24 13 18 16
14 15 18 14 18 16 20 14 22 18 14 17 24 13 23 17 15 22 21 15 22 22 16 17 17 20 17 13 10 15 21 26 19 12 20 17 16 20 15 21 21 13 18 11 28 21 15 15 23 28 22 27 14 17 21 13 19 21 18 23 19 12 18 24 15 20 18 26 23 20 18 14 10 24 20 31 17 21 11 19 16 16 18 17 16 18 25 17 30 15 20 18 14 9 16 27 15 20 11 15
15 16 15 15 20 22 11 16 17 16 16 16 22 28 26 22 16 20 18 19 14 18 19 19 24 24 13 13 17 15 25 24 11 18 38 17 23 12 22 19 15 21 20 17 27 13 14 17 15 12 13 17 13 18 16 20 11 14 20 18 16 17 18 20 19 17 16 17 15 17 18 20 17 18 15 20 27 20 17 16 17 9 11 14 13 21 20 18 16 12 16 19 21 11 20 22 16 22 17 11
8 9 23 12 15 20 19 17 15 19 17 16 20 28 15 21 26 23 14 12 19 10 15 15 22 22 22 18 30 13 21 22 22 22 14 22 21 13 19 17 18 18 13 10 14 12 15 21 25 23 13 16 20 24 23 19 11 14 11 12 26 12 21 22 11 16 20 18 12 8 19 17 16 17 13 15 18 11 18 20 14 17 17 11 19 14 13 11 14 20 17 18 17 8 16 13 12 20 25 14
16 19 17 18 19 27 21 12 12 12 16 23 16 16 14 18 20 16 8 21 15 16 16 15 14 8 15 18 13 11 9 16 19 16 16 21 10 10 25 18 18 20 11 13 8 10 20 16 9 17 7 15 18 22 10 13 10 26 14 8 16 12 16 16 15 10 16 16 15 9 18 18 20 22 15 20 13 12 15 20 23 15 8 10 10 20 13 15 10 18 18 13 19 15 15 19 16 17 17 15
23 16 10 7 16 13 14 14 15 15 19 14 16 12 11 14 12 20 16 20 16 17 20 15 23 22 14 13 8 10 11 16 21 20 10 10 7 10 16 11 20 23 13 17 15 17 13 14 19 16 19 17 18 15 17 12 7 16 20 15 14 26 22 18 11 14 16 15 24 18 12 17 25 21 11 11 8 14 18 24 20 15 14 11 16 15 17 18 16 22 13 26 20 11 23 18 15 17 17 16
15 20 25 17 16 22 15 17 10 24 9 11 12 18 14 13 19 18 25 29 20 17 16 15 17 13 24 16 15 10 10 22 26 12 19 14 14 15 17 18 21 23 21 16 14 8 12 19 13 18 20 16 16 18 15 15 25 12 27 24 20 23 17 20 14 25 19 15 24 24 23 15 26 12 14 22 6 5 6 7 8 11 7 6 15 4 9 9 11 10 10 6 11 6 8 8 6 8 6 7
8 4 7 7 5 5 9 5 12 7 14 5 9 8 8 5 8 10 5 8 5 8 12 5 6 7 7 16 5 5 7 13 6 7 11 6 10 12 8 12 13 11 12 10 6 10 5 8 6 7 7 10 11 4 12 5 7 4 11 5 11 6 6 6 7 11 7 10 9 11 7 7 7 14 6 10 11 10 9 11 8 12 15 6 12 8 6 9 4 10 7 9 10 7 9 4 13 10 9 
