0.4 3050 12 22 22 20 16 24 13 26 25 23 18 22 25 18 18 12 16 25 16 24 28 15 25 14 30 16 23 20 25 27 20 28 22 21 23 21 16 17 22 22 21 22 24 20 23 15 22 18 24 15 16 17 19 16 23 24 21 15 18 19 23 18 27 24 23 13 22 20 17 20 15 24 14 22 14 20 17 13 16 20 18 12 24 21 11 11 15 13 24 17 21 9 9 16 12 23 19 30
19 19 16 15 78 22 27 10 19 15 38 21 19 24 17 23 14 9 18 22 16 18 19 18 16 24 17 19 26 15 21 21 26 18 16 20 20 18 17 20 22 23 22 28 22 17 14 8 17 14 21 21 26 20 17 11 20 21 16 13 16 24 22 17 16 16 18 13 15 20 17 24 18 20 19 17 25 18 23 18 19 25 20 17 13 24 19 18 26 21 23 13 18 16 18 27 20 20 29 13
23 15 19 14 19 33 21 25 33 21 16 12 20 35 22 19 18 18 14 26 27 22 21 23 23 12 25 17 15 21 23 22 22 21 19 27 22 19 18 20 13 18 15 18 22 19 17 20 17 19 21 18 17 14 19 17 17 20 22 22 17 18 23 17 18 30 24 24 16 18 30 25 20 16 20 18 23 18 19 18 20 17 19 17 23 22 25 23 21 22 23 12 22 20 15 20 19 21 31 17
8 17 18 15 30 28 9 20 22 19 16 24 15 14 13 25 22 35 16 16 15 15 15 11 17 16 23 9 11 27 29 15 20 23 13 20 10 18 20 19 25 13 21 14 12 17 17 23 28 18 19 18 22 28 20 23 23 18 17 25 19 23 16 21 15 13 29 23 28 15 18 16 12 17 25 31 15 15 13 20 20 14 16 13 24 10 17 21 11 14 15 18 17 15 22 23 15 26 15 18
15 16 13 20 16 21 13 19 30 25 22 20 23 13 30 21 16 16 28 14 12 16 21 20 30 15 17 17 24 22 25 22 22 19 20 24 28 28 25 12 21 20 20 22 17 26 21 16 15 17 28 17 24 13 22 18 10 20 21 22 18 27 19 19 17 18 19 20 13 17 10 20 20 25 18 20 16 19 8 23 13 19 22 16 16 20 25 22 17 22 21 23 16 25 23 17 24 18 20 20
20 21 21 30 12 19 19 23 19 19 18 13 26 16 16 31 24 23 8 24 18 19 16 15 17 25 19 21 18 26 20 19 12 27 21 19 11 22 20 32 15 22 27 17 34 22 14 16 27 9 19 13 22 22 14 26 21 20 22 16 24 21 24 13 30 10 18 13 16 13 15 23 17 19 22 23 22 27 26 22 24 19 15 28 12 15 21 16 22 13 28 21 20 17 17 17 18 14 22 19
21 25 23 22 17 20 27 25 26 26 17 26 23 22 17 15 29 24 19 27 17 24 13 18 27 24 21 23 26 22 26 10 23 23 22 30 19 18 33 18 21 21 21 18 27 23 28 25 20 18 22 19 15 15 15 25 17 22 22 20 21 22 9 16 19 23 17 16 17 20 22 13 32 16 25 21 14 23 20 13 31 15 20 21 20 21 15 20 15 13 13 19 16 22 23 21 11 12 9 25
20 17 18 14 20 22 12 19 14 23 18 20 20 19 15 21 15 19 15 10 18 24 21 17 17 15 21 16 22 18 22 22 15 12 22 25 13 13 18 17 17 31 16 19 20 20 14 25 16 28 28 25 26 21 17 22 21 24 20 21 19 8 16 20 26 22 22 21 37 33 28 22 21 21 19 18 17 18 17 22 18 17 18 23 23 10 20 28 19 13 18 20 23 19 17 18 11 17 17 21
18 20 19 17 15 22 18 24 14 10 20 16 22 22 14 14 15 17 23 14 15 21 6 21 19 13 15 11 28 25 21 13 22 25 29 14 15 18 25 21 23 21 13 25 18 19 29 20 19 22 20 23 16 17 23 15 18 26 21 16 22 27 17 21 16 16 23 17 19 21 26 26 22 12 11 10 48 18 16 15 26 27 21 17 22 21 17 23 23 22 16 15 24 15 19 17 29 34 23 18
26 25 18 22 15 20 15 20 20 11 27 18 14 26 24 15 17 22 16 20 20 21 15 24 22 25 21 27 19 24 21 22 28 27 16 23 24 18 24 25 23 23 16 16 22 19 28 27 18 19 21 16 20 39 24 25 21 24 22 19 28 22 25 23 18 15 22 16 25 22 17 17 18 22 17 23 15 19 16 24 25 19 19 21 25 24 22 23 17 14 19 14 22 21 24 14 27 25 17 24
25 18 18 24 23 18 21 20 18 9 11 18 13 18 17 16 27 16 19 15 13 23 23 18 17 28 22 16 20 19 26 24 17 22 14 18 17 22 21 22 23 22 24 27 22 16 19 19 18 14 18 21 16 18 24 22 18 23 20 20 22 18 19 14 21 20 19 18 28 14 9 16 18 20 11 16 15 19 22 23 12 17 24 16 18 24 14 14 22 17 29 27 22 18 15 15 19 19 18 16
24 17 21 10 14 26 25 19 15 16 12 17 26 16 29 21 20 19 17 16 28 19 17 15 20 23 18 20 13 29 12 10 22 11 14 27 16 17 12 13 16 13 9 33 17 26 16 18 31 8 17 16 17 13 22 18 24 12 24 19 19 18 15 14 9 17 26 23 18 15 22 22 15 19 25 14 16 18 22 19 22 23 17 21 18 22 21 23 18 15 21 18 30 21 25 23 18 18 23 17
15 15 28 20 25 14 22 24 18 29 10 15 24 24 13 18 29 27 13 22 24 16 22 9 19 24 25 17 12 17 17 20 29 23 19 20 17 18 18 14 14 17 21 18 21 14 19 16 15 17 18 18 14 11 17 15 26 25 17 30 20 21 19 24 20 11 25 25 26 13 15 8 16 23 23 23 24 14 19 25 28 31 16 26 23 23 15 15 25 29 15 16 26 25 21 24 14 21 20 22
15 21 15 23 11 18 22 25 15 27 18 16 14 19 16 18 13 28 21 19 20 18 7 15 26 17 22 20 25 22 17 17 22 29 13 24 18 23 15 15 19 17 28 17 16 17 20 9 14 14 13 26 33 11 15 17 28 33 20 18 34 24 19 19 19 16 15 18 18 29 22 15 26 17 13 23 24 30 23 22 14 26 15 18 30 17 14 17 22 13 27 17 27 19 17 28 15 23 22 18
21 22 19 28 16 15 13 9 19 15 11 27 13 14 26 20 17 19 22 21 17 23 28 15 24 21 21 16 16 19 23 16 18 14 29 13 19 16 23 13 16 11 32 23 25 13 14 21 19 27 11 19 26 22 11 20 18 20 13 26 21 22 16 17 21 23 27 12 21 22 11 20 14 19 17 13 18 18 16 13 22 24 24 25 12 23 16 22 15 17 13 24 20 14 16 20 16 27 22 37
33 23 24 22 14 20 34 24 18 22 16 23 14 17 18 20 16 23 16 28 19 28 27 26 23 20 21 16 16 28 16 29 20 22 28 22 21 18 31 15 28 14 18 22 24 18 20 23 26 29 23 23 30 26 29 23 21 21 14 18 26 58 20 15 18 27 13 21 25 16 14 16 14 20 21 16 26 12 21 16 14 24 22 25 21 16 12 15 15 16 26 18 23 24 25 21 17 25 23 16
21 24 30 20 16 20 24 24 21 20 21 25 49 24 17 21 14 32 27 17 21 20 20 23 18 12 21 21 20 17 17 13 17 20 19 16 27 18 15 27 19 16 17 11 19 21 25 22 16 16 16 21 30 11 28 27 13 19 19 19 20 23 22 22 16 20 23 14 13 27 19 20 20 23 20 29 24 28 28 27 24 23 19 22 27 15 19 18 11 23 20 23 16 20 12 21 18 19 13 18
10 10 12 14 16 14 16 11 17 21 21 16 16 13 23 21 19 20 22 26 22 20 16 18 16 14 16 14 16 18 23 18 17 17 17 15 13 14 17 19 14 19 23 15 20 22 20 14 22 14 20 21 22 21 21 14 22 25 11 16 21 18 17 16 20 27 17 14 24 24 23 19 6 17 12 17 23 26 21 24 18 19 22 26 20 23 25 19 18 19 14 24 19 21 20 26 19 24 25 23
17 17 20 30 16 23 17 14 21 29 15 24 30 17 19 24 13 21 25 20 19 18 17 14 28 33 21 20 18 22 15 17 31 22 21 26 16 23 18 20 22 13 24 16 22 16 18 15 18 13 15 25 19 24 15 16 19 18 14 13 15 21 15 19 12 24 20 25 18 21 23 19 15 19 21 22 27 17 13 19 14 12 18 19 26 26 29 21 17 22 13 18 17 24 15 17 15 15 15 24
21 17 16 27 19 11 22 14 23 23 9 18 14 18 12 19 18 12 12 16 13 19 14 20 21 22 19 25 23 14 8 19 31 15 14 21 13 24 26 16 17 29 14 21 15 16 31 10 23 14 23 15 30 21 23 19 18 21 14 24 22 23 15 17 21 20 26 19 21 12 24 12 12 21 15 25 19 19 16 9 24 25 19 29 18 23 16 22 20 20 30 18 16 18 20 14 12 17 24 14
13 18 19 25 26 15 13 18 21 17 17 21 25 22 31 28 21 16 27 20 25 15 22 17 18 29 14 8 25 22 12 20 22 31 14 15 13 16 14 19 16 21 15 13 26 11 17 20 25 19 17 15 18 18 23 18 22 20 31 23 15 12 27 19 20 17 26 18 13 18 30 9 18 18 32 17 18 22 31 18 15 17 22 18 23 25 29 29 21 22 23 22 24 18 23 23 11 15 17 16
20 29 18 16 20 14 12 15 20 31 16 18 25 16 12 14 15 14 11 15 15 17 16 23 10 15 15 15 16 13 18 20 18 21 18 15 11 21 15 18 12 12 22 21 19 16 15 13 14 19 20 22 22 21 16 14 19 20 28 21 22 17 10 17 24 18 14 20 13 22 13 14 17 17 14 24 18 20 18 16 24 18 17 36 20 17 15 17 20 20 19 21 19 18 27 16 19 22 19 14
18 9 25 23 23 17 17 14 16 14 12 18 16 17 21 26 9 16 14 24 16 16 15 16 16 28 17 21 15 10 20 21 25 19 24 20 25 12 18 18 18 20 18 18 18 24 34 18 22 18 15 15 16 17 12 19 18 24 17 16 23 12 8 17 17 13 19 28 22 19 18 14 17 19 13 18 21 21 28 33 19 19 16 22 24 22 12 20 27 22 25 22 15 26 22 18 28 13 31 17
18 19 17 21 16 20 23 25 18 14 23 26 15 17 28 7 13 24 20 22 12 14 20 16 19 15 17 12 22 21 22 14 13 20 19 16 12 10 11 21 29 11 19 13 20 13 15 23 17 13 21 9 33 19 20 24 16 19 18 27 17 22 17 26 20 12 27 16 21 18 18 17 24 16 18 21 18 25 22 17 16 23 20 18 15 12 18 19 22 16 22 21 18 24 20 20 16 16 19 22
15 20 10 21 17 15 22 18 18 23 16 11 18 15 24 16 18 13 21 12 21 13 28 14 13 23 20 17 12 16 20 20 23 16 26 17 17 23 24 26 22 24 24 22 19 10 19 16 17 28 18 24 19 22 17 23 14 24 20 25 24 9 15 21 16 23 20 21 23 22 25 25 29 19 14 14 30 22 27 24 23 16 21 23 19 23 20 17 21 20 20 14 20 15 17 12 17 23 27 19
22 14 21 16 24 24 22 19 26 18 35 26 14 18 18 20 16 13 13 19 22 18 27 21 21 21 10 18 16 16 20 26 14 26 26 27 20 19 14 19 16 14 27 21 15 27 16 28 18 11 24 11 15 22 16 21 23 17 11 24 19 18 24 15 23 18 19 24 27 23 24 14 21 28 20 21 19 21 14 15 15 26 23 14 14 16 15 17 15 21 20 21 21 24 27 25 18 10 18 29
24 10 15 22 19 13 28 16 24 13 15 19 35 18 14 20 15 13 17 21 19 12 18 12 23 18 18 23 18 27 17 21 21 18 18 22 29 18 17 16 18 23 12 17 16 22 13 23 20 19 20 21 22 13 28 25 21 24 18 19 21 19 20 27 20 16 14 14 21 21 10 23 18 17 26 20 25 25 25 11 21 22 20 18 12 18 18 24 10 17 31 16 26 17 12 14 15 25 15 22
20 19 19 14 17 15 17 13 15 23 21 12 12 25 30 32 18 26 24 11 10 16 23 14 15 10 17 18 17 23 20 14 23 25 21 22 20 19 22 20 31 20 21 25 20 13 16 20 20 23 16 30 23 20 30 19 20 20 19 20 15 22 22 20 21 18 19 23 15 25 15 27 20 19 19 20 21 24 23 19 15 16 19 21 16 19 14 19 14 21 19 14 12 23 25 14 26 28 20 18
27 24 25 28 21 25 15 15 23 15 23 26 19 14 20 22 15 30 22 16 21 23 19 22 18 16 17 20 12 15 14 23 16 18 18 15 21 23 16 18 16 24 22 15 13 27 13 22 18 18 20 12 24 10 12 10 20 16 23 16 14 18 28 9 27 32 22 20 22 28 16 18 8 15 16 21 23 16 16 14 22 20 18 14 23 21 19 22 22 29 18 19 20 19 21 20 24 20 17 24
16 28 20 29 18 11 21 26 21 18 25 22 18 21 16 21 12 20 31 25 25 24 18 26 30 25 22 33 13 14 5 13 9 11 12 16 11 14 9 16 8 10 17 14 8 15 6 9 12 8 11 17 5 11 8 10 10 9 13 10 14 9 9 12 8 8 10 8 14 9 9 9 10 9 10 7 11 6 17 7 9 13 12 14 7 9 7 10 13 12 15 10 6 13 7 11 10 9 7 11
8 11 13 11 6 6 6 6 8 12 10 10 17 16 9 7 8 5 7 5 9 9 9 13 6 10 6 8 7 12 12 8 7 13 9 9 13 17 10 4 10 10 11 5 10 15 8 6 11 13 7 16                                                
