0.321428571428571 1747 24 19 31 24 29 31 21 22 23 15 31 33 22 31 30 20 18 14 30 21 21 17 26 17 15 20 24 18 31 27 22 39 14 34 31 23 16 24 16 13 20 12 15 27 18 18 29 19 21 18 23 20 15 25 19 20 16 12 23 24 16 15 15 15 16 24 29 16 29 25 21 16 21 19 25 25 28 23 21 19 20 20 29 13 20 16 21 26 22 20 13 20 30 25 18 17 21 27
18 13 15 14 18 15 18 15 23 11 22 19 20 20 16 11 13 24 31 18 20 23 30 22 9 23 16 12 20 27 22 15 12 29 20 22 13 24 32 26 22 30 20 22 15 12 23 24 16 21 19 14 25 26 33 18 24 16 31 20 25 13 23 20 14 23 9 20 22 17 22 20 21 19 20 24 13 19 15 16 22 30 12 17 22 30 22 33 29 30 28 8 24 22 22 32 18 21 23 19
21 13 21 20 26 18 24 21 28 12 14 17 21 19 26 30 22 21 27 18 16 26 13 15 27 24 19 20 18 18 23 30 18 28 34 17 22 22 24 27 27 28 22 22 20 22 22 27 14 13 14 25 24 19 23 18 16 17 19 25 15 13 14 22 20 18 23 25 19 23 17 17 12 18 20 21 23 25 20 19 10 13 9 14 14 15 13 19 12 19 7 21 16 23 27 21 22 32 16 29
27 18 20 21 16 18 17 25 25 26 14 24 24 15 24 14 26 15 19 25 14 25 6 17 11 25 15 25 26 19 21 19 26 11 27 19 18 11 20 13 21 24 14 24 21 18 17 23 24 20 18 23 14 12 20 19 32 31 25 16 27 17 16 23 13 22 22 15 16 20 34 27 20 18 19 22 15 24 10 17 21 16 19 19 8 9 18 14 17 14 17 14 19 20 17 23 22 23 16 16
16 11 18 18 18 19 18 12 26 23 18 25 21 15 11 17 10 16 20 15 19 20 20 14 19 15 20 16 32 21 20 18 17 9 25 21 16 23 13 20 16 25 24 28 36 13 12 27 32 15 24 20 23 24 15 23 24 25 22 10 11 18 11 14 11 23 24 17 32 16 18 15 16 15 22 19 30 16 11 27 16 20 20 17 21 20 18 9 22 21 18 25 23 19 16 19 26 28 23 23
22 19 30 28 34 23 23 26 21 23 19 17 19 20 15 22 20 15 19 16 13 21 24 18 34 25 28 20 23 22 17 29 18 26 18 19 20 30 21 21 30 20 17 26 17 15 22 26 17 16 26 20 27 18 18 17 37 18 26 21 17 21 15 20 14 22 23 18 25 15 33 20 25 17 14 18 26 20 24 10 41 15 22 18 24 27 26 25 18 22 18 32 19 20 11 17 13 14 12 15
17 23 26 23 15 25 20 14 17 23 22 24 23 22 32 21 21 18 20 17 33 22 16 33 18 17 17 16 22 15 15 15 20 23 21 25 24 20 23 24 30 25 19 15 22 13 20 22 18 17 17 24 19 29 13 19 20 30 16 30 21 24 17 11 11 31 19 21 16 15 19 22 13 18 14 23 18 19 17 17 16 25 22 33 19 17 22 16 22 24 26 21 13 14 16 26 18 18 19 15
14 23 29 12 20 19 16 26 23 19 19 26 22 20 18 14 19 28 16 15 17 13 12 21 15 25 12 17 19 15 28 20 16 20 20 27 15 21 30 15 19 24 34 31 24 25 29 26 23 27 26 20 30 20 29 17 25 16 24 24 18 17 12 16 18 21 22 17 25 26 17 15 25 20 25 21 25 15 21 15 17 28 18 13 19 17 26 17 13 24 24 22 8 25 13 23 29 11 32 27
22 22 15 24 22 12 17 23 11 22 19 27 23 11 23 15 24 21 18 24 15 14 12 29 29 27 18 19 30 23 20 24 23 22 15 29 32 33 14 19 23 25 20 20 23 18 26 24 14 16 23 28 20 15 16 15 24 16 25 20 24 30 19 16 12 17 26 20 17 24 14 25 31 14 26 15 19 16 17 22 20 21 23 23 22 13 18 22 18 20 14 18 17 31 19 31 16 25 30 17
17 11 24 25 24 17 22 28 18 24 12 20 22 16 21 24 18 16 23 25 33 23 47 23 17 26 16 21 12 32 15 20 14 21 21 14 19 17 17 20 19 25 23 19 24 19 11 14 7 17 30 30 16 19 24 11 22 22 19 21 26 29 16 28 17 16 26 18 25 19 14 31 20 16 24 16 21 20 17 22 22 19 11 19 17 21 26 17 20 16 23 18 13 22 25 25 13 17 15 16
19 24 13 17 25 19 17 14 16 31 12 21 32 15 29 19 15 24 21 13 23 24 20 20 14 8 12 24 11 16 20 16 18 14 17 16 16 17 9 19 12 24 26 28 26 14 21 27 23 23 28 15 27 17 16 25 25 16 18 15 17 13 19 9 19 20 18 16 13 13 24 16 23 16 17 23 19 13 30 17 26 20 23 26 23 19 23 20 14 8 19 14 25 18 16 21 21 10 17 13
17 24 16 22 16 26 17 6 20 14 16 19 17 7 20 18 16 17 26 23 11 18 11 20 14 15 20 16 23 18 17 23 12 21 20 32 20 10 29 16 20 17 24 24 25 20 13 20 17 11 21 30 21 21 23 9 11 16 17 13 21 14 20 24 20 22 18 11 23 16 16 18 12 17 22 12 7 18 25 29 24 14 18 19 15 23 14 25 13 13 26 12 16 15 30 34 23 15 16 14
19 21 17 25 21 20 18 30 10 22 16 8 28 24 18 21 27 21 16 16 13 17 14 21 30 31 26 29 19 23 15 16 28 33 21 23 20 16 17 15 12 18 23 23 26 22 23 18 17 19 16 18 33 17 18 27 29 17 14 18 20 19 21 14 14 25 18 30 16 13 26 17 18 17 10 19 9 11 16 25 28 16 18 20 23 16 27 24 18 27 28 14 22 17 23 17 26 23 27 14
19 25 17 15 19 13 14 15 12 19 17 24 27 17 24 15 18 22 18 15 22 12 20 14 19 18 27 26 22 19 19 19 17 18 20 29 24 19 20 13 12 22 25 17 22 25 21 20 14 16 19 19 18 11 21 23 17 20 20 15 15 26 18 18 27 19 16 22 22 24 14 18 15 16 24 19 23 18 15 10 16 26 21 15 19 19 11 18 23 19 17 17 16 16 16 16 24 20 26 17
24 20 28 21 18 20 26 22 28 21 18 16 13 15 17 23 28 21 21 29 21 31 13 23 13 25 11 15 27 18 26 11 14 23 23 16 19 17 12 21 20 25 36 17 26 20 11 19 11 15 14 18 16 14 23 24 25 24 18 25 11 17 13 26 20 12 29 17 18 14 27 13 12 18 11 20 19 25 26 10 17 20 12 21 26 14 23 18 10 22 18 23 18 25 23 10 21 20 17 13
17 18 15 18 25 35 25 19 14 26 19 19 19 27 30 13 16 24 17 16 28 15 29 23 21 20 32 23 27 12 17 18 20 13 21 18 16 23 22 17 27 24 25 29 30 14 23 32 22 30 29 16 20 18 19 17 27 26 16 11 17 18 11 8 23 9 25 11 16 14 17 18 15 22 21 17 27 18 24 21 18 15 20 13 13 24 16 25 16 27 22 15 12 19 30 16 20 29 15 16
26 16 24 14 18 16 10 17 16 21 17 31 12 19 11 26 27 19 22 25 20 17 16 18 24 18 14 23 23 22 35 24 18 17 18 12 23 20 18 25 19 23 16 18 11 12 12 9 26 31 22 26 19 14 14 23 20 19 17 17 25 24 14 23 13 23 22 21 21 21 30 24 20 26 26 16 10 24 11 30 10 19 27 24 20 17 27 20 25 21 16 39 20 34 20 21 27 15 11 12
15 11 11 11 6 11 12 14 11 18 16 8 14 14 8 10 5 11 12 14 11 10 9 8 9 16 14 11 5 16 7 11 9 17 16 11 13 12 11 9 15 22 8 15 11 8 13 12 7                                                   
