0.5 3313 23 14 28 21 22 14 19 18 19 17 24 26 22 28 15 21 25 20 19 23 27 21 21 21 17 28 28 31 13 23 26 19 26 33 18 18 14 21 26 27 23 23 13 32 25 26 15 21 15 27 23 24 23 17 17 14 24 18 25 14 26 30 29 23 28 23 20 20 14 17 19 23 16 26 25 21 19 17 30 22 25 28 27 24 34 26 18 33 18 12 19 13 23 26 27 21 15 25
15 17 16 18 16 21 34 16 18 21 29 16 16 19 21 24 24 30 23 19 21 21 20 27 24 17 22 31 26 25 76 11 27 15 20 20 22 19 19 23 21 16 25 17 23 21 21 34 21 13 26 18 32 24 21 24 18 21 36 25 27 16 25 21 24 22 23 33 22 24 21 17 20 22 24 18 28 22 24 26 19 26 17 20 9 29 22 26 24 21 20 24 29 18 18 16 24 28 32 22
16 28 20 27 18 20 12 17 28 17 13 11 15 27 25 23 30 24 20 31 24 22 18 23 19 32 30 16 17 24 24 15 21 21 22 17 22 21 26 12 23 20 20 27 20 22 24 22 22 24 22 16 24 14 28 19 31 19 21 30 20 21 18 20 24 14 20 26 17 18 17 17 33 34 18 27 18 12 17 24 17 27 19 12 21 14 17 22 19 46 8 18 21 27 15 22 15 23 33 20
22 22 19 15 29 21 19 21 22 23 22 19 21 20 27 31 27 34 20 14 25 29 24 31 25 25 25 42 25 16 29 29 26 19 25 24 19 14 17 14 19 21 21 21 28 19 23 31 26 21 27 22 26 21 12 27 27 38 16 33 23 31 25 25 19 24 25 21 19 21 22 29 26 25 25 19 18 21 18 11 20 21 23 18 19 21 19 21 24 21 21 18 18 17 18 22 19 23 20 16
26 20 22 17 25 19 16 20 24 22 24 16 10 27 25 16 20 14 22 20 24 20 23 18 25 26 23 29 18 17 23 19 33 20 16 18 18 27 24 21 19 21 26 18 19 19 25 22 18 28 20 19 16 23 16 19 12 26 18 20 11 13 29 23 23 23 14 10 19 16 22 18 20 20 13 16 24 23 32 19 22 24 26 17 26 27 22 14 16 21 26 18 19 25 14 17 13 16 18 14
21 20 29 19 14 26 22 27 26 26 15 29 28 19 28 26 22 16 24 13 24 23 17 24 27 30 21 18 17 20 19 22 29 21 25 17 25 18 21 15 23 25 15 22 23 18 20 16 25 22 17 23 25 18 28 21 24 20 17 23 25 24 23 22 25 21 25 22 26 21 19 21 17 19 22 13 22 20 18 15 17 19 25 22 25 17 16 23 23 9 19 15 13 25 17 20 14 13 24 14
33 24 22 26 12 21 21 17 15 22 21 16 22 23 28 21 22 25 26 21 24 11 19 18 14 24 28 33 33 28 21 26 15 22 21 23 19 22 35 35 26 22 17 22 23 17 17 21 19 22 24 15 19 25 24 19 26 21 15 25 24 21 24 15 18 14 22 19 20 21 17 17 22 15 19 24 19 21 23 23 23 20 19 17 28 23 26 19 32 25 23 21 16 22 21 22 21 20 24 22
22 21 21 21 22 19 23 13 20 25 18 18 20 23 30 10 19 20 23 24 14 25 17 28 27 16 21 21 18 19 26 19 24 19 12 27 17 23 21 14 17 16 17 22 20 13 13 22 11 21 15 16 19 26 13 12 25 25 16 23 17 20 22 11 20 22 10 21 10 23 22 24 23 24 15 17 14 19 23 22 12 21 18 21 16 19 32 13 17 25 19 25 21 25 24 25 21 25 21 16
17 21 16 21 20 26 27 23 20 18 20 13 7 20 23 27 19 21 14 28 22 16 17 15 27 23 35 24 22 23 24 17 12 25 15 22 23 22 21 10 17 18 31 16 31 21 23 23 18 20 31 23 24 16 20 19 12 24 23 17 19 25 10 27 24 25 28 19 17 13 23 24 23 24 18 31 13 21 28 26 15 22 14 25 26 17 14 15 12 14 15 31 20 11 18 18 21 22 18 10
21 21 19 11 14 24 15 20 19 31 22 23 25 22 23 30 22 24 22 17 25 30 23 27 23 24 21 18 40 22 39 23 39 17 16 22 26 22 7 14 32 33 13 22 20 32 21 25 16 22 16 30 24 16 26 27 25 21 19 16 28 19 20 22 18 16 24 19 19 16 14 29 19 34 15 23 18 22 23 24 25 19 25 23 20 21 22 20 36 25 22 34 20 25 17 25 25 23 17 16
26 25 19 35 27 20 24 24 25 19 23 15 21 30 23 15 27 33 16 26 21 19 24 26 20 22 18 21 25 24 17 27 25 17 25 28 22 16 34 29 19 25 18 27 21 23 28 25 16 17 9 12 13 23 26 14 19 20 12 20 19 23 26 29 35 18 17 26 25 23 32 23 16 26 20 29 23 26 13 31 16 22 23 10 9 21 20 27 11 20 19 22 31 34 25 18 26 20 28 19
23 19 26 26 32 26 32 35 24 24 26 25 24 15 14 27 27 20 31 27 19 24 20 29 28 26 21 17 17 22 28 14 9 18 22 28 15 24 13 15 24 20 27 31 14 19 26 27 27 25 16 19 17 23 20 17 30 19 22 34 28 29 23 23 26 25 27 21 23 30 22 17 27 27 29 19 24 29 14 22 22 18 19 19 29 21 27 20 18 21 24 28 26 19 20 22 19 30 23 18
18 31 16 23 15 24 17 18 23 19 29 19 22 28 26 22 13 19 17 17 21 13 16 26 9 17 20 18 20 24 21 23 15 17 14 12 15 28 23 18 19 20 26 26 21 24 23 22 21 22 21 23 20 17 12 31 21 16 18 13 18 21 20 20 15 18 29 13 27 19 24 26 13 21 13 18 22 22 16 17 17 15 21 18 23 26 19 21 23 27 15 29 13 13 21 26 19 22 23 15
20 20 26 22 17 27 24 16 21 26 18 21 13 21 20 27 20 26 23 14 19 13 16 14 18 17 13 26 21 15 23 17 16 22 18 26 26 23 23 24 24 21 19 22 22 22 14 20 16 22 24 17 29 22 25 21 23 21 17 18 16 22 26 14 16 20 23 23 34 28 22 16 26 26 18 13 22 24 22 17 20 18 19 25 34 14 24 20 21 18 22 19 27 22 24 17 20 28 24 14
17 18 20 31 19 26 18 21 21 19 27 14 26 15 14 16 15 21 17 20 23 23 19 18 25 28 21 13 22 24 27 11 14 20 23 27 18 21 27 27 25 29 27 34 30 24 17 17 23 27 26 21 20 35 20 20 26 21 22 26 16 23 18 29 31 17 20 24 32 28 15 25 19 19 19 25 15 25 19 17 18 19 20 25 16 12 24 27 26 25 21 23 23 24 24 19 14 19 26 17
15 21 22 17 24 17 21 14 33 29 21 30 21 14 30 9 15 21 15 20 24 24 24 31 19 36 26 14 25 29 27 14 22 27 23 26 21 26 22 21 32 17 27 24 22 24 13 20 21 20 20 31 22 24 21 22 26 19 23 13 22 20 21 20 23 24 31 30 29 15 17 30 17 23 22 22 19 24 23 30 26 20 26 24 14 24 11 27 28 18 18 16 22 26 23 23 18 21 23 18
21 33 11 28 23 19 20 19 21 22 22 22 15 23 19 25 21 33 21 22 20 20 25 22 22 19 30 26 22 15 17 34 33 30 26 21 17 22 24 19 16 31 27 30 21 21 16 16 21 17 20 24 21 27 20 24 20 16 31 15 36 16 19 22 18 21 27 25 18 28 25 44 43 67 84 70 39 33 32 13 22 20 25 20 24 28 18 30 23 24 14 24 17 21 7 14 19 24 27 30
16 16 23 24 22 19 24 19 28 19 11 21 25 11 20 19 22 21 26 23 28 21 20 24 28 22 23 20 26 20 23 16 30 21 22 28 17 21 19 17 31 26 24 19 35 21 25 23 18 16 40 25 24 14 16 20 23 21 28 26 24 16 16 13 25 23 26 19 31 28 27 15 20 25 16 19 22 19 22 19 23 24 19 32 29 18 24 25 21 15 18 23 21 31 27 15 19 26 27 20
29 21 29 17 17 25 26 22 26 21 24 26 26 24 20 17 31 22 17 19 24 20 23 19 23 24 21 20 19 28 19 20 29 21 35 18 12 20 24 32 17 19 17 15 24 28 28 25 13 19 14 26 21 22 28 20 24 22 15 16 21 28 26 24 33 23 21 21 11 19 27 13 27 33 19 33 31 22 15 28 27 16 23 23 26 14 22 16 26 18 22 16 13 18 21 24 32 19 20 26
27 22 21 23 23 26 22 28 25 17 23 19 19 22 19 17 29 14 17 25 32 26 29 20 18 23 14 23 23 28 21 16 15 18 20 24 27 27 25 20 17 19 17 27 17 24 17 25 25 27 28 34 20 21 20 21 21 19 33 21 20 36 27 21 23 30 23 26 23 20 20 22 25 21 20 24 21 23 21 27 19 14 27 9 21 22 25 29 25 18 13 19 19 22 15 30 19 20 21 24
20 28 17 22 23 22 19 25 24 31 16 15 17 18 29 18 27 19 25 28 23 14 26 18 19 28 26 21 25 31 35 27 23 23 15 32 20 18 21 19 17 16 13 23 17 24 25 19 27 23 18 27 26 32 22 20 33 23 29 20 20 22 20 29 20 28 24 11 27 16 38 21 17 15 21 21 26 11 23 18 19 16 23 27 18 33 21 18 20 27 29 23 19 30 23 24 20 29 26 18
20 15 24 22 24 20 35 18 18 24 27 29 18 19 23 13 18 24 18 21 13 27 15 29 22 14 24 25 19 13 16 20 23 21 22 19 23 21 18 16 27 19 18 28 20 28 16 20 18 21 21 19 27 22 19 34 17 21 22 12 20 20 30 24 16 26 21 20 20 17 17 21 16 19 23 12 18 30 22 23 15 23 16 23 25 27 17 17 32 18 22 26 22 21 23 21 24 24 21 25
24 23 24 22 19 27 17 24 20 25 21 21 26 21 27 23 10 16 22 17 26 28 29 20 15 26 22 20 14 21 18 30 29 26 23 19 19 21 16 19 24 28 18 30 27 18 19 19 16 23 23 28 22 23 21 15 22 17 25 19 18 21 19 12 27 28 22 18 15 23 16 21 26 23 14 25 29 23 18 18 24 32 27 16 30 22 25 16 21 16 23 20 25 20 19 18 19 18 25 23
21 23 25 27 20 23 27 21 26 22 28 31 24 25 16 19 12 19 30 24 18 26 33 19 27 30 20 22 19 25 16 22 24 29 18 24 18 21 19 26 15 21 24 25 26 16 27 19 21 20 15 21 21 18 20 26 26 21 20 20 20 23 14 13 22 22 24 21 12 17 23 34 26 19 18 17 19 29 18 24 24 17 28 34 15 16 25 21 25 33 24 30 29 25 27 20 18 23 19 15
25 27 17 12 22 25 19 29 24 27 22 18 29 23 25 22 18 21 19 20 21 16 7 24 35 28 22 25 21 18 23 17 21 16 32 20 20 24 22 24 15 30 22 23 15 23 27 20 21 19 17 13 16 17 29 26 21 19 15 17 20 17 27 20 16 12 18 15 16 12 24 16 32 11 22 21 25 17 27 21 23 25 17 17 24 23 12 21 23 30 20 28 23 14 33 26 22 13 25 15
19 20 11 11 16 19 22 11 20 20 17 20 14 22 23 11 11 13 11 20 22 20 11 13 22 32 22 24 14 20 18 23 19 24 25 21 18 21 22 14 15 15 18 12 26 16 27 19 19 16 15 21 23 13 21 17 16 15 21 23 23 20 15 24 18 22 22 19 23 18 33 15 17 19 12 22 29 22 13 18 20 15 22 25 21 15 20 25 16 17 17 19 17 18 15 29 23 16 19 28
14 27 19 21 19 19 24 27 33 15 11 19 23 15 23 20 23 16 22 23 28 22 17 21 22 28 22 25 25 18 16 21 20 19 21 17 29 25 29 24 17 15 34 28 28 20 25 22 15 25 20 25 10 22 14 23 23 13 22 28 19 27 20 15 30 29 15 17 17 25 27 30 23 24 24 30 20 19 23 30 19 19 24 15 15 24 19 19 29 25 23 22 15 30 18 15 29 24 18 22
17 27 14 22 32 13 13 14 19 20 20 24 23 19 25 31 17 26 29 18 26 22 27 28 28 12 25 18 19 26 22 24 16 17 24 26 26 21 25 24 18 33 19 22 23 14 20 23 25 20 12 24 17 23 22 18 24 20 21 34 19 24 26 14 19 26 21 29 23 21 20 18 23 29 26 33 16 25 10 16 25 27 21 27 21 18 21 19 19 15 26 27 20 14 14 26 25 31 22 23
20 24 26 19 21 24 22 22 17 15 20 27 21 28 19 28 32 28 28 24 25 24 24 18 23 28 26 20 24 20 28 24 18 31 24 24 16 26 24 22 21 20 22 27 28 10 19 22 25 19 21 20 22 22 45 19 26 26 19 15 30 16 24 26 28 25 27 22 17 23 23 19 17 32 17 25 16 29 27 16 20 18 19 22 31 20 19 27 27 16 26 21 18 16 19 20 19 20 27 17
24 24 29 13 35 21 22 44 22 17 24 17 22 13 20 7 31 17 27 27 13 21 24 16 23 16 24 26 21 23 19 30 25 30 18 22 31 23 21 26 24 20 23 20 27 28 37 21 28 23 20 19 8 21 22 19 21 21 18 19 20 16 20 28 18 21 20 25 18 28 25 21 15 22 22 22 25 21 16 28 27 23 19 26 30 17 14 14 27 18 17 24 16 29 23 25 23 28 24 19
27 28 28 26 28 23 14 22 23 21 34 18 20 27 24 20 16 26 20 34 18 18 39 25 25 20 25 18 20 11 16 16 13 19 15 26 9 18 18 23 23 21 14 24 26 26 27 24 22 15 15 24 15 18 16 15 17 23 19 26 20 21 21 15 20 23 31 24 10 21 21 18 17 17 10 30 30 15 9 16 16 32 25 23 26 33 18 23 15 22 25 14 38 18 16 22 21 25 20 24
16 18 25 13 18 29 24 16 25 26 16 26 25 24 17 17 20 20 20 23 17 20 19 28 20 19 19 31 16 17 18 20 16 24 22 26 20 24 16 15 26 22 23 25 28 20 15 29 19 16 23 20 15 24 16 19 24 24 23 25 26 31 17 37 17 27 24 27 30 18 28 22 20 26 27 16 17 19 14 25 32 18 10 6 13 7 11 6 13 17 16 7 10 11 6 8 10 11 12 7
8 9 10 6 10 7 12 6 8 4 13 9 9 10 13 10 10 9 8 17 9 9 10 11 13 11 11 10 5 11 10 6 7 15 14 8 7 8 9 10 9 12 15 7 6 10 6 6 8 10 4 23 9 14 10 9 13 9 5 9 6 8 12 5 9 9 13 7 12 18 14 6 14 5 8 13 14 11 8 13 10 10 9 8 7 16 17 7 13 13 6 11 7 13 12 7 12 5 10 11
13 5 5 11 12 10 24 8 18 13 13 17 23 13 8                                                                                     
