0.473684210526316 1974 23 16 13 14 21 17 24 28 22 17 30 17 22 16 20 22 13 24 22 25 16 15 22 24 27 17 19 14 19 14 25 16 21 28 17 11 19 21 20 18 17 15 20 14 22 19 20 22 21 19 11 16 18 16 26 17 27 16 22 19 21 49 16 23 16 24 28 16 31 20 20 17 19 22 18 18 17 18 23 15 15 10 18 27 29 25 16 18 28 19 22 24 19 14 13 18 12 16
23 12 26 20 15 25 20 28 14 19 18 24 16 19 18 13 21 18 7 25 15 16 18 14 16 19 16 22 15 10 19 16 25 14 14 4 21 23 22 18 19 16 16 15 14 13 29 17 23 21 26 27 21 26 25 19 22 18 18 19 25 24 17 19 12 12 23 29 15 25 17 17 19 20 21 10 16 18 20 17 15 17 19 23 18 20 15 18 19 18 20 22 18 20 15 16 23 16 26 15
25 13 20 24 17 11 23 27 13 15 18 14 24 24 21 16 15 18 22 14 14 19 21 12 20 13 19 26 17 21 22 18 25 19 18 16 18 11 11 20 18 15 20 13 23 20 27 27 26 21 15 22 16 19 20 17 14 25 21 18 16 27 19 19 25 23 22 19 18 17 15 24 14 17 22 13 23 17 19 19 26 19 16 15 22 20 22 26 16 22 17 19 21 17 25 16 25 14 29 19
25 21 18 19 21 16 25 23 22 27 14 14 25 17 30 11 16 18 27 24 14 23 18 16 11 16 19 19 17 21 19 21 20 22 18 18 21 22 9 22 19 27 11 12 23 15 19 11 17 18 21 21 19 25 22 24 15 15 19 28 21 19 15 22 18 15 26 14 21 16 24 11 15 14 20 21 13 13 22 19 17 16 16 14 12 24 15 17 12 21 22 18 21 19 11 23 25 19 17 20
20 15 17 21 21 21 16 15 27 18 24 19 11 19 20 14 20 22 17 19 22 23 15 17 17 21 20 23 10 21 17 23 21 18 15 20 14 19 18 19 15 21 16 22 17 32 16 24 28 28 18 21 14 15 23 12 28 21 19 24 17 14 15 13 24 19 18 24 20 16 19 27 22 10 23 21 15 11 21 22 21 16 17 21 14 12 14 15 18 14 13 19 18 10 22 22 13 19 26 18
23 21 31 15 12 27 14 20 30 23 16 15 18 18 17 11 18 20 21 25 17 25 18 16 18 18 15 26 19 13 13 19 19 15 17 20 23 15 15 15 22 19 21 19 23 20 20 13 25 25 26 32 19 21 22 24 19 22 15 23 18 22 13 25 23 22 25 17 14 15 22 14 23 17 17 20 12 14 18 23 19 24 20 21 18 15 17 26 21 18 20 18 15 26 20 18 19 16 17 12
16 15 21 28 19 18 23 14 17 24 19 18 21 10 17 20 58 9 42 23 20 18 16 26 23 18 19 32 25 23 21 23 23 19 21 24 17 23 16 21 20 23 25 20 20 19 24 18 24 17 24 19 19 29 22 22 18 16 14 11 24 11 12 14 18 18 15 20 18 18 16 13 28 20 13 20 19 24 18 22 21 17 10 17 32 39 21 16 19 18 16 30 22 18 22 17 22 15 26 22
19 11 16 25 7 18 18 18 28 18 22 16 14 23 29 19 23 18 15 15 20 17 19 15 9 16 24 18 19 33 18 16 23 23 23 25 11 18 15 18 15 17 21 19 23 18 18 25 17 17 19 21 17 15 25 15 21 19 14 14 16 21 13 19 19 20 20 13 19 22 24 16 21 24 19 23 16 19 20 18 19 13 34 32 12 24 24 19 19 20 15 18 17 28 18 20 26 19 24 18
14 13 17 21 16 14 22 13 14 10 17 10 18 21 18 22 17 13 16 22 16 20 16 24 14 21 11 16 14 19 14 24 20 20 21 28 19 23 22 26 29 19 26 22 21 24 20 17 19 10 22 12 21 16 16 15 16 15 20 17 17 29 19 17 20 11 12 13 36 20 19 21 23 24 19 17 16 20 12 12 20 19 17 20 16 27 20 19 19 14 24 30 21 14 15 13 15 15 20 16
13 29 16 17 18 18 13 19 11 22 20 15 16 22 18 23 24 21 16 19 20 15 29 21 28 20 18 12 20 13 14 16 18 18 22 20 15 17 16 13 18 15 29 16 18 26 20 22 11 20 27 15 26 31 14 14 17 18 27 21 9 17 21 12 18 21 20 23 13 21 22 21 19 23 16 25 19 19 17 21 18 16 17 23 17 23 32 22 18 17 18 20 13 15 23 18 9 17 20 17
27 23 25 14 15 25 16 18 27 23 17 26 23 30 15 13 15 26 19 17 27 23 15 19 16 16 21 26 18 30 15 15 18 16 20 18 16 19 20 18 22 17 15 16 19 21 20 14 27 15 16 16 15 17 14 17 20 15 23 16 28 31 15 12 17 23 23 22 19 21 16 15 19 21 13 14 31 20 24 11 19 22 12 16 16 15 25 16 26 20 26 26 19 20 24 22 30 28 18 15
16 22 20 15 32 23 20 11 14 21 30 19 20 16 16 17 21 24 10 19 30 19 27 30 19 19 20 20 18 21 25 18 21 20 23 22 26 25 29 22 12 20 18 11 21 19 22 17 13 17 23 17 19 28 23 23 23 21 15 19 29 28 18 21 22 24 14 28 14 20 12 21 19 13 16 17 23 20 11 21 18 23 24 24 23 19 12 19 26 12 12 17 27 16 20 20 14 18 23 23
29 23 19 20 10 20 13 15 25 22 16 16 24 19 18 19 12 25 18 12 23 17 18 17 15 15 18 25 26 24 12 17 17 20 23 18 18 29 19 23 26 24 15 20 26 16 13 28 29 24 21 16 13 31 21 9 19 22 14 14 23 16 13 11 19 23 22 26 12 21 18 18 17 28 17 23 17 106 35 20 15 19 16 19 20 22 10 16 21 16 23 18 21 25 15 19 16 16 24 25
22 19 11 20 30 20 22 23 31 20 22 21 25 26 38 17 25 12 18 17 15 15 26 21 20 13 19 17 20 13 9 18 20 21 18 29 21 13 26 24 27 22 15 21 22 18 22 17 25 15 19 15 15 16 26 18 23 19 13 21 18 20 13 26 19 25 17 21 17 15 14 17 14 20 23 20 19 22 17 19 7 22 20 22 19 20 33 15 22 19 22 11 23 17 13 21 18 16 20 16
15 21 24 22 19 21 26 20 17 15 24 24 14 18 14 11 17 22 15 23 9 22 29 33 14 14 24 28 26 23 32 28 16 18 21 15 21 20 11 18 21 18 19 19 18 23 21 16 22 15 16 27 19 15 20 14 19 19 18 22 19 26 21 15 22 18 21 15 17 22 19 23 19 14 21 23 22 12 16 25 27 21 23 29 18 26 18 25 18 15 18 24 22 22 10 10 13 32 17 19
20 24 25 26 18 24 16 27 21 24 30 21 17 14 16 22 23 22 16 19 14 17 14 15 18 46 25 21 21 19 25 21 10 14 22 18 14 17 26 8 19 19 10 22 18 23 23 17 22 11 15 22 15 16 25 25 18 16 21 12 15 15 8 19 21 22 16 16 11 19 20 16 16 17 16 19 22 18 11 14 16 19 21 12 18 17 19 21 16 13 19 14 16 19 18 24 24 31 26 17
23 17 19 23 17 15 23 17 25 21 26 25 21 18 15 23 22 22 28 15 22 22 20 18 13 21 16 18 13 19 16 15 19 23 18 19 15 23 17 18 17 15 17 18 14 33 12 13 15 20 19 30 24 19 21 17 19 24 14 17 13 30 12 22 20 23 30 21 16 19 19 20 20 23 18 25 24 25 19 21 24 16 12 16 17 23 23 20 16 25 15 17 25 19 15 12 14 10 16 19
14 28 21 16 17 23 17 14 19 24 21 28 27 23 11 17 16 16 34 18 17 15 17 14 14 21 18 16 24 16 18 21 21 20 16 22 17 33 10 18 15 17 13 21 16 23 17 25 16 14 8 13 24 25 14 23 24 14 20 21 19 16 18 24 19 17 14 17 25 23 22 13 14 20 23 26 18 19 15 25 26 24 19 18 21 20 23 21 20 27 17 27 23 14 19 24 17 21 16 14
17 18 28 15 17 18 19 21 24 19 15 23 12 31 22 25 24 12 16 24 29 19 21 21 18 20 22 17 20 18 17 15 18 18 20 24 28 21 21 13 11 18 19 24 29 22 18 18 20 19 23 19 15 17 21 24 9 13 15 26 19 18 23 32 28 14 16 18 15 20 18 11 20 18 22 15 19 14 19 12 25 17 14 19 17 20 23 19 10 16 14 18 19 17 24 21 17 11 18 18
11 17 20 9 8 8 13 8 8 9 6 6 12 8 6 11 12 13 10 7 8 15 13 17 16 12 10 13 17 12 9 8 10 11 9 8 10 10 8 8 13 9 8 9 10 12 10 9 9 8 14 11 10 10 8 7 13 13 9 11 12 9 8 10 6 6 12 11 9 7 9 13 7 5 5 9                        
