0.5 2688 15 21 13 14 13 26 29 19 18 14 13 15 12 18 14 14 16 15 23 13 15 18 7 17 15 21 13 9 24 18 11 25 10 14 17 15 16 10 16 13 18 11 18 11 16 17 11 13 19 17 12 9 22 16 13 16 17 6 17 15 18 11 21 13 16 20 10 13 12 13 13 11 16 16 16 12 14 20 15 21 13 19 13 16 9 10 13 10 10 17 16 16 16 13 9 18 15 18
17 18 18 10 47 34 36 17 15 10 9 14 16 18 14 19 14 15 19 15 18 15 17 16 18 18 9 9 15 18 15 10 25 21 19 13 22 20 17 15 19 14 11 15 12 13 16 12 15 15 12 13 14 11 17 9 10 16 17 18 20 17 13 18 21 12 12 17 13 19 11 16 22 20 14 15 13 20 13 14 16 17 12 14 13 18 16 8 10 11 11 16 19 11 11 17 11 16 18 16
13 12 20 13 14 18 7 18 12 13 15 17 19 12 21 13 14 18 11 16 17 19 17 11 14 11 17 24 11 11 19 16 6 17 9 13 16 21 20 16 12 22 14 17 16 23 19 20 14 16 20 15 12 17 20 17 12 6 13 8 13 9 13 17 13 17 14 12 15 21 13 13 14 19 19 22 16 23 24 9 13 13 14 8 12 15 20 17 10 30 14 6 8 18 16 12 11 22 17 13
15 12 13 19 10 13 16 18 16 12 17 16 30 16 22 17 19 10 13 10 18 17 15 11 16 8 18 19 19 13 18 20 10 9 18 8 17 14 22 15 16 11 12 12 17 20 10 17 17 12 12 24 16 12 15 17 18 12 17 14 24 8 11 14 15 16 16 13 19 15 13 18 12 20 18 13 17 23 18 16 16 16 13 14 15 16 11 15 19 14 9 14 16 9 10 14 15 16 12 9
24 10 12 12 15 12 15 14 15 16 21 18 17 14 9 12 7 14 11 19 9 16 24 18 19 12 14 18 8 11 11 17 16 16 17 16 12 20 17 14 17 16 16 18 15 14 22 13 16 11 23 13 14 16 12 13 15 22 23 16 12 16 7 19 18 16 16 16 11 23 18 17 13 19 9 13 17 13 11 12 18 11 11 15 15 12 9 10 19 15 15 17 23 16 12 19 17 16 5 7
16 17 22 19 22 17 20 9 9 26 16 13 10 12 7 14 11 13 18 17 8 22 14 21 8 18 19 15 24 16 8 13 16 23 12 13 19 15 13 16 14 14 12 15 18 16 17 13 13 14 12 17 16 15 17 16 13 21 19 17 16 11 12 17 9 11 14 10 19 12 14 26 20 15 12 9 17 22 11 11 19 17 12 13 12 19 14 17 14 8 19 12 19 12 20 14 20 10 10 13
15 17 16 13 14 16 14 9 18 17 16 19 15 17 16 13 10 14 20 16 15 17 23 13 13 15 21 12 10 11 12 16 18 13 17 20 8 11 14 9 8 12 13 13 13 9 20 7 13 19 22 23 12 16 19 14 17 18 14 9 14 22 16 15 14 27 10 12 12 11 12 16 18 13 20 14 22 10 18 31 18 20 7 15 11 14 17 14 14 21 20 16 15 18 14 18 14 16 12 12
10 12 18 14 13 12 13 24 11 14 14 12 17 16 21 10 14 12 13 17 21 12 13 14 12 15 16 13 14 17 15 13 16 15 16 14 18 11 19 10 19 18 15 15 17 16 12 19 15 13 10 14 14 15 15 13 41 34 20 13 19 26 15 20 15 18 17 19 24 11 20 12 13 13 16 13 18 19 13 8 11 22 16 19 15 18 19 14 12 12 13 17 20 20 13 23 15 18 8 14
11 13 17 10 16 15 15 15 14 18 17 14 14 16 18 19 14 14 15 22 14 22 14 15 12 11 14 20 16 14 13 18 23 14 11 17 24 16 17 10 23 22 11 13 22 20 14 30 31 16 16 13 23 15 15 21 9 14 12 23 17 16 12 9 23 16 14 17 24 17 15 11 9 16 15 19 13 15 13 20 19 17 20 16 18 15 24 16 16 15 18 19 16 12 12 19 14 21 17 18
12 13 24 24 21 11 20 22 13 15 25 11 9 19 22 22 17 16 19 14 25 14 15 20 19 12 19 13 10 17 16 14 20 17 14 19 18 19 11 23 10 18 21 24 11 17 20 7 22 24 20 23 23 12 12 17 19 26 12 17 21 9 21 11 14 11 17 16 14 18 10 14 14 13 10 28 23 16 10 13 9 16 22 17 14 19 15 16 17 15 15 12 20 12 19 11 17 18 13 21
13 19 17 16 13 13 14 14 20 12 9 18 15 18 10 18 7 13 18 13 19 20 5 14 12 15 18 15 15 14 19 11 20 15 10 9 23 15 18 12 20 15 22 20 9 18 17 20 17 19 15 13 18 17 22 20 17 14 18 17 17 14 20 17 13 17 11 17 6 11 14 10 14 15 12 14 11 15 21 17 19 12 12 8 17 11 15 14 14 14 19 13 13 11 12 13 19 14 12 19
15 19 18 11 17 26 17 19 19 23 19 14 7 16 15 22 14 12 21 18 10 23 15 18 24 14 19 13 16 11 11 15 13 15 18 17 16 25 10 12 23 22 22 13 7 9 13 16 21 19 12 22 15 14 20 17 14 21 17 17 17 23 22 11 17 10 11 19 22 25 13 23 11 16 20 27 21 14 11 14 11 17 10 15 13 14 24 11 19 15 21 20 19 24 19 20 14 17 15 16
16 18 30 10 12 16 15 14 10 9 16 16 16 12 24 10 10 19 10 13 20 13 9 10 8 20 14 15 10 20 14 10 19 10 22 21 13 9 22 12 12 14 17 14 17 20 14 17 14 13 11 9 11 19 13 12 18 17 22 10 11 9 13 12 9 12 15 15 14 8 13 12 15 24 20 17 11 10 22 14 14 18 19 13 10 14 19 12 12 13 14 18 18 15 8 15 15 17 15 20
7 11 12 14 17 19 27 20 24 19 7 8 19 17 13 19 20 13 17 10 21 15 14 16 17 13 13 21 27 5 18 11 12 20 14 10 14 14 8 26 10 11 12 16 15 16 15 17 25 14 16 13 9 15 14 20 12 14 15 14 18 18 16 11 17 13 11 13 12 16 7 23 13 13 7 20 16 28 11 10 18 20 12 11 12 15 9 16 20 17 15 19 15 26 13 12 12 14 18 15
16 13 19 15 14 10 15 13 17 13 12 10 20 16 14 19 12 14 10 9 22 19 12 12 14 25 11 16 12 8 12 19 23 17 25 20 8 15 19 17 23 22 10 22 19 25 11 16 16 17 13 18 16 15 14 12 23 18 19 16 17 23 9 17 16 15 14 18 14 17 18 10 18 5 12 13 15 19 10 16 15 18 12 18 11 11 18 16 19 15 16 12 19 12 10 18 16 14 29 24
9 13 9 22 23 15 18 13 15 11 15 9 13 17 12 13 23 14 10 20 14 15 18 13 15 12 11 15 12 17 18 20 9 16 13 15 14 11 17 12 11 15 15 20 15 15 22 7 12 9 11 16 14 12 13 13 19 20 10 11 11 15 10 6 10 13 11 18 9 14 12 13 14 13 13 10 10 11 15 16 13 18 11 13 17 20 10 16 21 22 11 13 12 17 15 11 15 16 10 16
15 10 15 12 12 17 13 17 15 15 24 15 13 10 10 14 17 18 13 10 15 13 13 15 12 14 9 13 10 15 14 17 17 7 16 15 16 14 16 16 15 26 20 16 18 11 22 24 19 19 13 18 16 14 14 18 11 11 10 18 8 12 6 7 11 12 14 17 10 6 10 11 11 13 13 12 16 13 18 7 17 13 15 16 16 11 18 13 17 13 14 18 11 16 9 10 10 23 12 17
20 16 15 12 16 20 13 12 14 16 11 13 12 14 12 18 13 14 13 17 16 12 18 14 13 12 9 16 12 14 30 9 7 18 14 8 20 22 15 11 17 12 13 22 7 18 17 15 16 14 13 17 15 14 12 12 15 15 11 14 20 16 13 13 10 16 11 20 14 16 13 10 12 13 15 17 11 15 16 18 15 17 21 16 11 17 21 15 19 16 15 12 16 10 12 19 17 10 12 9
12 12 13 18 16 17 22 14 10 25 17 12 15 15 22 9 15 12 21 7 6 9 18 19 16 14 18 17 13 17 20 15 17 11 16 18 10 11 10 13 16 16 18 22 18 21 13 15 26 13 10 19 16 11 23 18 15 10 14 18 12 11 13 16 14 14 11 11 13 22 14 13 14 9 14 15 11 16 17 14 11 12 9 9 9 9 19 19 20 13 11 10 9 20 20 10 9 15 9 15
16 12 15 9 13 16 11 19 10 21 14 9 10 17 10 14 14 9 17 12 15 15 16 14 11 16 13 12 11 14 22 15 19 16 18 11 15 14 16 14 10 11 17 16 11 11 11 16 17 10 11 7 16 17 16 19 26 19 11 13 10 12 10 17 22 17 12 13 17 21 19 20 17 11 23 24 21 18 20 16 14 20 15 14 19 17 16 5 20 16 15 15 16 14 21 19 13 15 17 9
18 9 22 13 11 12 22 19 13 17 20 23 13 13 15 16 12 12 6 17 16 12 17 13 8 20 16 38 18 15 21 17 16 15 18 13 10 18 26 14 10 13 21 18 16 9 13 15 13 18 16 11 18 16 22 18 23 9 18 14 20 16 15 20 20 18 18 16 12 18 12 13 17 11 14 10 13 18 13 9 16 14 15 11 11 15 12 16 17 11 13 23 17 14 15 12 16 18 15 13
17 18 16 9 12 14 20 12 20 13 8 10 23 11 18 22 15 13 10 12 11 15 12 15 22 11 15 17 8 16 16 12 24 20 25 12 12 11 15 18 19 17 16 19 10 21 12 12 12 19 17 14 16 21 12 14 14 27 17 14 20 20 17 14 20 14 16 16 16 19 16 17 12 17 14 19 17 15 19 21 12 15 13 12 7 9 24 8 18 11 9 10 16 18 14 16 5 12 23 14
16 19 9 16 16 10 20 9 20 18 17 15 15 21 17 14 17 12 17 23 15 12 18 21 22 17 10 9 16 10 12 19 10 13 10 18 17 19 22 11 13 18 19 21 16 19 15 19 14 19 15 11 14 8 20 15 21 13 19 16 17 11 17 13 13 18 12 15 23 17 16 21 19 21 15 18 17 16 20 21 19 13 19 21 11 15 13 15 8 15 16 23 13 14 16 11 10 15 14 20
17 22 13 12 14 19 15 10 16 20 10 9 16 14 13 15 12 14 17 18 22 17 15 14 20 19 14 12 12 25 13 14 13 11 13 10 17 13 20 14 13 12 13 18 12 9 19 9 11 15 17 12 10 10 13 16 15 18 19 11 16 20 21 20 16 13 14 19 21 24 22 23 16 9 22 22 22 14 17 10 15 16 20 20 19 7 12 12 13 17 24 14 14 16 15 16 22 14 11 21
15 12 15 14 11 17 14 11 17 12 15 11 9 7 14 19 21 10 12 14 14 18 15 11 10 17 15 17 21 11 11 17 11 16 19 15 14 12 6 13 21 12 21 12 10 11 16 12 20 12 8 9 9 12 10 16 9 14 11 13 25 20 11 17 17 18 10 15 17 12 15 15 9 15 14 17 22 12 10 15 13 14 12 18 10 18 15 19 9 10 14 9 13 16 16 15 7 14 12 18
16 11 11 12 19 14 10 10 12 13 12 16 8 15 11 7 20 12 17 21 11 13 9 21 13 15 12 19 20 17 9 23 19 10 12 11 14 9 13 14 13 18 17 18 16 12 13 16 22 21 39 11 16 9 13 17 15 10 13 13 13 16 16 8 10 19 19 12 19 16 16 11 16 18 22 23 14 14 9 6 10 7 8 4 6 9 7 11 9 9 5 6 7 5 6 8 10 6 7 10
8 7 5 11 7 6 12 10 14 7 5 11 10 5 4 6 4 9 10 4 10 5 6 6 8 5 6 6 7 11 6 6 6 6 6 8 7 5 12 6 5 7 6 13 9 4 8 12 6 9 4 8 8 8 5 7 8 9 4 10 8 10 6 8 8 8 9 5 9 9 8 14 10 7 6 13 18 8 13 16 12 9 7 8 7 8 12 10 7 7          
