0.458333333333333 3472 29 22 12 12 17 22 20 17 16 26 22 29 25 30 28 23 23 25 17 27 31 18 14 24 22 31 19 20 17 29 22 20 24 24 20 23 20 18 23 26 21 20 7 19 18 23 23 29 20 22 16 21 17 15 17 21 21 26 32 26 13 22 17 28 15 16 22 15 8 17 21 19 15 17 24 27 19 24 27 22 17 18 21 20 10 16 21 19 21 14 14 13 15 19 22 12 13 16
11 14 19 18 27 21 15 22 16 23 22 21 17 18 24 30 15 20 18 25 17 26 35 27 20 14 23 21 23 19 23 22 26 17 12 16 25 21 23 24 26 17 21 20 30 17 16 19 22 30 26 29 21 12 16 24 24 23 12 26 13 18 20 23 19 20 28 20 8 27 16 28 24 16 17 22 14 16 17 20 24 16 17 21 29 25 21 25 17 19 18 22 21 17 20 20 16 16 17 19
20 22 28 20 22 14 18 10 17 19 20 16 27 13 18 19 24 22 18 13 17 18 22 17 20 13 12 19 18 15 15 22 22 22 25 22 21 12 30 18 33 22 21 19 13 22 26 18 26 17 19 15 17 15 18 13 23 14 21 20 18 10 28 14 17 28 24 19 19 22 26 19 28 15 13 17 21 17 23 22 20 20 22 20 28 24 21 20 29 26 13 17 20 26 30 27 13 10 15 21
16 20 25 18 21 13 24 20 25 25 16 23 19 20 25 13 23 20 24 27 28 27 36 14 26 24 20 12 21 17 24 16 21 21 22 15 23 18 14 13 30 15 23 26 15 19 12 32 25 21 31 24 24 20 18 18 15 22 15 18 26 24 26 15 27 15 17 23 21 24 11 31 25 15 31 17 19 17 16 20 17 30 17 28 17 14 14 20 16 15 27 32 18 17 59 28 13 25 18 15
21 15 16 19 27 25 25 16 34 17 23 25 19 16 22 31 21 17 23 16 19 33 22 29 18 27 20 23 20 14 25 15 26 28 8 24 21 18 31 21 18 25 14 18 25 26 18 23 24 22 18 23 23 13 18 22 19 19 26 14 16 7 20 16 25 17 21 16 19 20 18 15 27 15 19 16 22 17 28 27 25 27 23 19 25 27 25 20 23 18 24 20 20 24 26 22 17 19 10 25
14 21 21 12 20 20 22 20 26 18 14 15 25 23 20 19 19 20 20 28 23 12 25 17 24 18 29 20 30 24 16 18 15 14 11 18 25 19 16 24 21 22 25 26 20 27 27 20 19 18 26 22 17 19 16 23 20 24 13 18 16 27 27 21 21 26 24 15 16 28 22 26 25 17 32 22 15 17 15 22 17 17 27 15 14 20 23 23 26 21 15 20 19 21 18 14 15 18 18 21
21 13 27 20 15 12 26 19 18 22 20 18 30 18 18 23 17 23 23 17 18 21 24 23 22 22 24 18 16 19 22 27 22 17 26 27 28 25 14 21 25 27 19 26 20 25 25 20 27 21 33 24 21 25 20 13 24 18 29 19 17 22 21 21 35 14 21 18 18 22 22 29 14 22 21 22 25 19 28 14 18 17 19 25 19 23 15 17 19 25 21 19 18 20 17 26 18 25 17 20
29 25 18 12 22 9 31 16 26 25 25 16 19 22 17 27 20 22 13 17 22 22 18 26 13 18 14 17 17 10 29 11 10 17 16 16 19 29 18 15 22 32 17 16 17 22 17 17 21 20 19 21 23 25 20 11 19 24 20 17 23 14 29 25 13 34 21 32 27 21 26 14 24 26 16 21 12 19 25 17 13 26 22 31 12 9 23 26 19 13 14 17 16 19 23 20 24 18 23 21
16 16 24 14 21 18 25 17 27 20 22 17 18 26 26 21 22 18 16 19 11 22 16 18 15 15 20 22 20 27 18 25 44 52 21 23 22 18 21 10 21 16 24 21 21 29 23 18 38 17 18 22 20 22 17 30 16 28 16 30 21 16 20 21 20 24 27 18 21 18 21 26 17 26 22 26 20 17 30 17 26 19 25 21 15 19 23 16 19 21 20 21 22 26 22 33 19 15 24 17
18 21 24 18 10 21 19 14 14 25 25 18 22 15 17 15 23 20 28 11 25 16 22 16 20 24 21 25 27 20 23 17 15 26 17 30 22 18 29 15 55 21 9 21 25 18 24 22 21 17 22 17 19 20 18 23 23 20 14 24 25 17 35 14 31 9 24 11 20 27 20 28 30 20 17 28 15 19 17 13 21 21 29 21 9 16 18 16 14 17 30 24 21 23 27 22 19 33 22 14
17 19 20 23 29 17 22 13 18 18 22 23 21 17 25 14 17 17 24 18 10 24 16 17 24 14 16 27 22 24 29 29 18 20 23 21 20 22 19 27 11 25 25 31 21 32 39 19 30 22 17 18 25 27 18 15 19 18 10 24 19 29 19 24 18 22 23 22 22 17 11 16 44 29 15 20 23 11 28 22 16 22 26 18 19 24 26 23 21 14 22 16 17 25 12 22 21 37 18 20
24 14 16 24 29 14 31 28 20 27 15 13 21 14 16 21 15 22 16 23 22 16 21 18 27 23 26 26 29 18 24 31 19 23 13 29 21 19 24 23 13 27 23 30 35 24 12 16 28 20 23 24 27 18 20 17 22 26 15 19 17 27 22 24 24 21 12 23 29 27 20 16 19 21 21 24 21 26 13 21 16 21 22 32 25 23 21 24 24 23 21 23 22 22 14 20 16 33 22 17
22 16 23 14 13 27 19 20 25 18 15 19 19 16 16 23 21 22 18 18 13 13 20 18 14 18 16 18 27 17 23 22 25 17 21 23 31 20 20 18 21 14 26 15 19 15 27 19 26 15 22 19 15 29 21 17 19 23 21 20 16 16 18 18 21 20 27 16 32 21 10 10 20 23 16 23 21 18 22 20 24 13 16 27 26 16 16 15 25 20 25 24 27 18 19 26 15 25 27 22
20 30 26 26 10 26 27 5 11 20 19 25 14 20 25 19 22 31 20 30 18 25 27 22 28 20 29 19 16 22 18 23 17 19 25 19 14 23 25 25 17 25 19 30 17 25 19 19 21 14 27 15 16 24 19 20 18 31 18 14 19 22 17 20 24 23 17 19 33 22 25 23 22 18 24 28 26 23 16 15 15 24 23 20 17 19 18 19 14 19 27 18 19 23 20 15 26 20 27 16
22 28 17 15 23 20 21 18 26 12 22 21 16 18 16 24 25 17 31 21 27 19 21 18 17 25 19 18 20 15 29 28 24 12 17 23 25 14 22 18 25 34 17 22 25 27 28 15 25 19 17 26 26 15 23 24 15 29 22 16 23 18 18 20 18 13 19 17 52 23 20 21 23 23 23 14 21 29 20 20 21 22 21 17 23 18 21 16 29 16 21 14 25 13 19 17 15 16 23 16
27 21 14 10 25 22 22 18 20 22 22 18 18 14 19 20 20 24 20 24 17 18 21 16 18 27 13 17 26 26 17 24 26 22 13 18 13 19 18 31 16 24 10 31 21 27 28 14 25 21 28 24 11 18 25 17 14 19 13 22 17 22 20 20 25 17 22 30 17 16 10 19 18 17 19 16 22 28 16 13 25 20 19 14 27 29 21 18 18 32 19 22 22 23 21 11 16 28 28 20
18 20 18 24 24 22 28 25 25 19 22 26 15 23 24 25 23 12 23 21 20 18 34 21 24 30 26 19 23 31 16 26 21 20 22 15 25 22 17 10 18 20 23 18 17 29 19 28 21 19 16 30 25 25 17 26 24 26 23 20 25 21 22 18 18 19 17 25 17 16 21 16 29 19 32 15 18 16 19 30 24 27 12 23 27 28 30 34 17 32 24 15 15 17 18 14 20 24 15 14
27 18 19 23 23 24 23 19 24 26 28 24 26 39 19 17 36 57 63 50 24 20 23 21 23 26 24 17 20 21 16 24 18 17 29 23 26 14 27 19 18 18 19 24 14 25 16 16 14 19 25 21 22 20 22 32 24 25 14 23 26 24 30 23 25 18 16 9 30 10 26 24 16 18 21 21 20 16 12 24 25 15 17 17 21 25 19 30 26 24 20 17 35 23 25 11 16 28 21 27
30 26 20 20 21 19 26 21 19 29 20 15 16 15 22 29 24 22 17 17 25 23 28 25 20 22 21 19 22 23 22 21 25 18 21 16 25 19 16 13 25 24 18 21 33 12 21 19 17 23 24 17 26 13 23 33 27 27 24 22 19 15 25 17 26 20 19 21 31 24 15 19 27 33 15 23 24 25 25 20 20 13 26 20 18 23 13 24 24 28 32 31 17 22 14 15 13 23 20 20
18 21 15 14 25 27 36 19 20 19 24 15 23 19 15 20 18 25 15 28 22 25 16 28 15 36 23 23 18 21 20 17 21 18 16 26 27 28 23 19 25 22 16 26 28 23 25 21 15 16 25 11 5 19 16 24 22 22 18 30 17 21 25 25 11 23 19 17 20 22 21 19 25 39 23 22 22 24 18 32 27 17 18 26 16 25 22 18 25 27 11 23 12 23 20 10 23 27 14 21
16 13 18 23 20 25 30 17 13 11 30 26 12 20 18 18 14 23 23 23 27 28 23 17 22 15 27 24 18 26 21 30 28 26 31 34 25 26 27 25 28 24 23 30 16 16 18 13 17 17 22 18 25 21 17 21 19 20 17 21 23 16 17 30 25 18 23 21 18 19 11 17 17 27 23 27 23 20 20 18 23 18 18 28 17 17 22 26 25 19 30 28 21 19 15 20 16 18 15 20
19 18 29 28 18 18 23 23 16 19 24 19 14 18 23 22 21 21 19 21 17 24 25 22 17 21 15 22 28 19 23 28 25 24 26 27 12 24 21 24 20 21 17 22 18 18 23 34 26 13 20 27 21 24 14 22 18 13 24 23 7 18 29 22 18 30 23 12 22 21 21 19 23 19 26 27 20 27 18 23 24 24 16 25 34 12 14 25 26 19 32 20 29 24 25 20 20 20 21 15
22 19 15 19 22 19 24 21 48 19 15 22 26 20 24 16 21 20 19 15 16 11 17 18 26 27 21 17 19 24 25 12 14 15 20 24 24 25 20 32 26 21 21 20 26 19 21 20 32 15 16 25 27 18 16 16 29 18 22 24 19 22 20 18 23 12 20 16 24 19 17 29 14 21 15 24 15 16 27 17 28 20 19 27 33 27 35 20 29 20 20 21 13 21 14 25 24 14 16 19
16 15 24 18 22 13 28 22 25 18 25 30 20 32 22 30 17 16 23 31 28 31 15 22 20 14 23 21 26 22 18 19 30 19 23 21 21 11 14 16 14 16 29 17 19 18 10 26 16 15 19 19 28 23 18 19 22 20 36 21 18 14 18 22 17 25 13 18 22 11 23 26 11 19 27 20 14 15 22 11 19 15 12 24 16 15 20 21 18 17 17 26 22 24 17 20 20 19 24 17
22 27 21 26 23 16 14 17 13 23 21 22 27 16 18 28 22 32 28 25 27 22 20 22 17 24 29 18 19 23 21 15 18 23 21 17 19 16 23 19 22 15 24 16 23 21 17 20 25 31 24 15 31 21 19 10 13 27 13 16 18 15 17 22 17 14 21 14 14 20 22 22 23 18 28 26 21 21 22 16 25 16 20 17 14 14 18 16 25 21 24 28 29 20 18 19 17 21 29 16
20 17 24 29 35 25 28 25 27 16 23 19 21 29 28 23 32 22 25 28 15 23 22 16 22 16 20 25 22 12 19 23 28 32 27 36 19 28 30 19 12 14 25 18 24 19 22 27 26 17 28 19 14 23 26 19 30 27 25 25 14 28 11 26 23 23 18 16 24 26 23 20 23 22 16 23 13 18 18 23 23 18 21 43 31 22 20 13 18 20 19 13 15 21 20 24 25 20 31 19
25 26 20 37 21 23 26 31 16 21 9 22 24 24 19 17 14 33 27 22 25 25 14 22 21 19 19 28 23 15 14 12 19 30 19 18 20 21 13 23 22 21 18 18 23 14 18 20 17 15 9 26 24 24 23 20 24 22 31 22 17 22 27 23 13 15 13 22 19 14 24 21 24 29 21 18 23 16 18 31 24 17 28 22 20 19 26 25 18 24 21 13 20 20 15 14 26 29 32 19
19 23 25 19 19 20 23 15 24 29 20 32 25 18 28 15 17 19 14 13 16 21 23 22 29 24 14 25 15 17 22 23 20 16 26 17 17 23 5 15 21 20 11 18 20 23 20 10 20 21 22 22 24 18 14 16 25 18 29 22 29 15 15 15 13 17 22 16 23 26 32 13 14 22 22 26 24 9 30 22 18 14 17 26 12 21 21 15 22 9 23 27 19 15 21 22 29 21 23 23
18 16 20 22 13 13 15 25 20 19 18 19 22 20 22 20 19 28 32 18 21 19 24 17 27 20 10 18 17 25 22 27 22 32 12 22 23 19 26 19 17 23 27 35 19 20 27 19 33 19 22 18 23 19 25 20 20 15 19 18 20 24 19 15 24 20 14 22 14 16 33 18 10 24 20 25 17 22 17 25 23 20 14 30 25 19 19 25 21 22 18 17 30 25 14 22 16 16 30 33
26 17 21 26 30 23 16 20 24 25 21 13 16 18 17 12 11 21 16 27 21 15 19 22 19 21 23 29 21 18 23 24 25 14 25 22 23 22 21 20 17 28 17 19 25 24 16 26 22 19 30 27 24 20 24 21 22 23 27 18 21 17 16 20 34 30 28 25 16 27 14 20 15 22 14 27 22 22 26 22 12 17 12 22 23 22 26 18 17 16 19 22 17 18 23 15 19 18 30 16
21 17 28 13 17 24 24 21 12 15 23 22 23 25 28 27 23 26 25 27 18 16 15 27 20 21 12 18 20 19 16 21 29 22 16 25 21 24 22 27 25 17 26 26 13 22 22 21 18 15 25 21 16 32 19 21 26 17 28 18 24 21 13 24 23 17 15 18 22 14 21 27 29 24 26 23 23 29 35 26 22 23 19 16 18 20 13 18 22 22 32 22 21 26 14 20 11 33 17 25
19 36 22 19 21 21 21 15 19 19 15 29 27 24 29 21 19 19 25 21 22 16 26 20 24 17 20 23 26 25 25 24 17 21 25 19 20 27 26 15 17 14 25 13 12 17 23 18 16 18 13 18 11 18 23 11 15 18 20 25 32 16 18 13 14 25 27 35 14 27 27 26 15 16 15 24 15 24 12 24 32 17 21 22 19 27 25 24 17 23 19 19 21 21 32 20 16 13 13 19
17 18 17 15 23 17 15 27 17 23 22 29 21 29 27 13 21 17 23 18 25 18 19 20 21 23 25 27 21 12 25 23 19 17 18 19 22 24 33 16 27 17 29 31 25 30 21 13 31 18 23 19 20 16 21 22 23 20 35 22 24 21 22 29 28 21 20 15 19 20 18 20 24 23 20 18 15 18 31 23 22 23 19 15 15 22 26 18 22 32 31 27 17 24 23 22 24 26 25 19
17 21 30 17 20 18 19 16 22 22 24 22 28 22 24 23 24 25 16 23 20 18 24 22 23 4 9 13 17 15 11 7 10 9 6 7 10 8 21 13 11 8 10 8 11 10 14 12 7 4 12 8 11 13 6 5 16 13 9 11 14 7 19 8 8 6 9 7 10 8 15 15 11 10 14 10 9 13 9 12 8 15 10 10 15 12 10 11 18 12 7 5 6 8 11 12 5 10 14 12
18 10 10 12 10 16 14 6 13 9 15 16 10 19 13 6 17 8 10 11 21 17 17 13 14 12 6 8 12 9 8 12 18 24 7 12 11 10 5 15 10 10 12 9 9 19 12 12 4 9 7 14 8 14 14 16 11 19 8 10 11 12 8 6 10 9 10 8 11 6 9 13 11 5                          
