0.4 4487 42 55 49 68 48 44 48 43 47 40 62 41 54 57 52 54 62 58 47 44 49 36 49 47 59 43 30 48 44 68 69 48 36 49 41 61 69 47 34 36 55 61 59 54 17 57 57 46 50 45 41 54 59 45 86 58 73 55 54 48 48 40 53 59 62 57 64 48 52 53 34 45 46 56 42 57 42 52 43 60 47 68 54 53 40 46 38 46 45 55 50 47 54 42 42 46 46 37
61 45 40 55 53 53 40 51 46 48 48 61 52 55 57 49 52 30 45 42 53 57 47 50 50 58 46 58 59 46 53 55 55 62 47 45 42 44 44 39 46 57 52 52 56 51 61 75 55 45 50 45 39 52 33 38 41 46 51 39 50 65 40 55 60 55 34 64 54 26 47 56 40 36 66 37 52 173 47 48 156 71 52 48 62 30 55 50 29 43 50 39 47 60 57 42 62 50 40 43
52 46 52 41 52 55 47 50 54 57 42 44 62 41 59 36 39 53 49 69 49 56 56 47 51 38 36 55 40 50 41 40 46 36 47 28 32 42 44 54 50 47 37 50 64 50 40 51 38 26 43 48 48 60 40 34 55 47 45 47 47 41 43 74 63 55 52 49 55 50 50 61 39 38 42 60 54 31 47 46 46 49 46 48 48 62 55 42 56 63 56 58 59 51 65 61 49 58 52 51
63 55 47 46 42 47 49 55 53 56 58 54 44 45 62 47 50 50 30 61 50 43 51 51 44 40 34 78 29 44 47 53 67 50 31 46 63 34 51 49 31 52 45 57 51 56 58 68 55 57 49 51 47 48 41 59 45 45 44 41 52 41 50 45 51 31 57 40 44 40 46 49 32 40 46 55 38 40 42 35 60 42 33 65 60 61 28 60 40 54 47 43 68 92 43 50 52 76 42 52
58 20 52 52 57 42 48 41 41 47 27 39 38 37 39 43 43 38 46 46 54 46 47 49 52 61 46 36 42 49 49 56 50 50 53 54 47 54 62 31 37 42 48 38 38 35 48 45 48 41 37 47 48 56 45 54 56 48 63 56 59 45 43 50 38 44 66 54 67 33 44 40 52 54 46 55 49 21 64 62 59 50 38 46 36 42 45 54 47 48 56 51 55 47 64 49 62 47 49 54
53 46 44 41 53 39 59 52 61 47 46 54 43 50 55 60 58 44 64 46 44 54 61 50 50 70 53 41 69 50 50 44 54 38 42 41 59 53 37 56 71 34 62 60 51 58 38 57 53 52 55 36 35 49 46 56 53 47 46 52 44 57 58 54 38 55 46 59 46 52 64 50 51 49 48 48 42 54 39 45 29 41 43 42 60 57 48 53 55 43 41 48 47 51 55 42 59 43 45 44
27 47 49 29 31 61 51 58 56 42 57 51 62 42 35 39 53 37 47 63 52 57 47 55 43 41 48 62 48 50 40 56 46 63 52 51 51 39 51 36 44 26 50 49 46 57 49 39 35 35 50 52 55 52 49 63 52 58 59 49 58 37 50 57 47 36 44 53 47 51 47 44 34 46 51 56 47 53 57 41 35 40 58 52 37 45 53 51 36 33 44 48 57 56 50 60 67 56 54 48
51 58 56 43 39 56 44 61 55 57 60 40 47 49 75 39 65 51 45 43 61 55 50 44 51 51 47 54 42 44 48 44 40 48 48 44 51 62 49 55 59 53 44 42 50 56 57 49 49 60 64 50 54 52 46 53 47 50 46 54 54 62 43 50 55 47 49 44 54 55 46 59 44 52 25 49 49 49 56 52 42 54 51 55 58 42 31 61 49 48 58 47 51 42 51 50 46 38 51 49
60 68 59 41 49 37 53 47 60 65 55 64 55 42 50 42 37 59 39 59 63 46 55 45 48 51 44 44 51 50 51 41 48 29 56 45 35 40 38 50 52 45 56 40 49 48 41 40 51 49 70 53 46 44 44 36 46 49 45 49 48 47 48 43 52 54 58 55 45 61 50 64 47 60 52 48 58 52 57 57 49 58 54 37 46 41 38 51 48 51 50 54 57 41 70 46 47 51 45 50
51 32 49 43 58 44 45 37 44 46 50 54 56 43 51 53 56 68 37 47 42 51 52 52 60 31 41 61 61 43 44 50 49 48 56 39 47 50 57 37 56 64 54 38 40 42 52 57 43 50 58 50 70 52 58 53 59 56 47 29 47 42 43 36 40 44 60 43 43 49 42 55 61 42 41 59 44 58 47 48 52 42 48 30 56 59 51 36 50 42 44 39 54 50 43 50 51 54 51 51
38 45 61 49 61 61 57 61 41 20 48 50 56 54 71 42 54 46 57 38 45 55 36 46 47 40 70 67 31 46 54 47 39 54 38 41 44 50 48 44 42 46 53 32 66 35 43 50 41 45 57 44 39 40 55 58 44 46 53 46 60 36 52 49 40 48 44 45 51 48 49 28 34 55 52 54 46 57 61 54 57 43 41 52 54 37 55 51 66 54 50 42 41 63 56 55 50 51 60 53
49 50 19 21 66 53 54 57 57 62 47 48 41 51 48 55 55 47 54 51 60 41 57 36 47 50 38 45 63 49 44 49 45 72 51 41 42 50 55 57 53 47 53 46 59 53 42 36 49 51 53 41 33 52 31 56 49 65 33 37 59 67 66 33 54 51 50 35 71 60 58 53 50 39 76 67 35 59 57 59 56 71 61 71 58 39 45 60 56 56 39 49 52 61 48 33 59 41 49 41
42 42 49 52 50 53 40 52 54 40 54 50 41 55 41 55 46 58 52 67 51 52 52 54 62 52 47 48 60 44 51 43 38 53 50 53 63 69 44 51 46 59 62 61 61 60 43 37 63 56 71 54 50 50 58 48 67 26 52 31 140 18 31 96 59 41 48 29 78 80 51 40 43 46 33 58 46 53 59 45 54 51 46 44 56 48 42 51 49 51 60 56 41 42 54 45 71 67 56 48
44 48 42 35 56 55 50 51 43 54 50 66 52 57 49 42 80 41 47 50 62 58 54 49 31 66 61 51 53 45 46 38 54 47 51 58 67 57 61 67 50 53 52 68 33 54 51 44 39 54 48 55 60 60 41 63 49 58 50 49 60 44 56 45 41 50 32 60 43 55 45 58 43 43 44 47 43 57 57 52 43 38 50 42 48 45 43 54 49 57 48 42 48 52 58 65 37 60 56 53
57 96 89 21 50 40 50 50 51 75 68 58 63 66 58 57 60 65 56 101 68 43 74 41 45 49 56 46 51 44 43 52 66 48 62 43 48 50 50 53 51 59 65 55 46 53 40 30 36 38 49 50 53 33 62 60 39 47 51 53 50 50 56 55 45 60 52 66 48 56 54 55 46 60 48 47 65 55 58 66 49 76 52 57 43 53 53 42 55 59 52 49 55 49 66 51 37 60 57 59
53 54 56 45 47 56 64 51 46 50 41 68 35 50 57 65 47 68 57 58 51 51 41 52 59 38 48 46 38 56 64 57 44 56 41 53 62 50 50 46 53 49 39 40 51 54 37 60 49 40 54 48 46 50 41 55 42 52 52 63 46 60 55 63 57 65 66 46 43 55 42 23 56 47 54 51 60 49 39 52 50 44 52 45 46 48 47 37 59 54 56 44 58 56 59 49 56 51 51 51
52 66 44 47 60 49 59 49 63 42 59 56 53 48 51 49 53 39 43 42 46 39 27 56 47 47 49 38 35 56 40 46 55 54 42 61 47 69 48 49 57 47 46 35 57 50 49 48 55 56 54 45 40 41 47 52 53 55 50 54 49 51 69 50 69 50 51 62 49 60 60 51 53 46 28 51 48 53 62 56 58 49 58 71 43 50 50 63 43 50 47 28 49 29 38 48 38 64 48 54
48 50 50 45 48 43 52 53 50 55 58 35 56 35 32 41 32 52 37 50 67 48 47 57 60 45 43 62 54 54 48 55 39 52 52 50 38 68 56 43 53 62 48 57 50 52 60 52 52 50 77 56 55 38 67 58 56 38 62 60 56 62 67 46 58 45 54 53 55 63 57 51 50 48 54 54 44 53 50 46 34 39 47 46 54 43 46 37 33 53 30 49 40 49 60 53 51 45 45 65
51 58 46 39 44 46 49 54 49 47 66 41 53 31 48 49 41 72 57 55 57 53 32 55 39 47 52 55 57 54 55 57 42 47 46 52 65 60 51 50 64 54 47 58 48 58 84 50 51 72 26 37 45 52 48 45 60 48 42 56 44 52 47 57 64 57 55 46 42 37 59 58 55 54 51 53 57 44 41 49 50 54 43 55 48 48 64 61 58 48 43 36 39 13 46 52 55 47 50 54
60 46 62 59 50 45 37 49 33 63 53 43 57 39 42 54 55 33 41 34 51 45 26 45 48 53 61 35 43 43 49 40 47 40 45 37 56 65 62 104 49 43 59 49 44 61 67 67 54 38 34 54 51 50 52 55 70 50 44 46 48 43 27 47 54 43 60 58 66 66 50 63 48 34 45 46 63 54 60 39 45 41 52 53 44 52 57 62 59 39 48 52 69 52 50 38 52 50 46 61
53 45 56 69 48 40 54 49 45 39 47 54 50 41 66 51 65 55 55 55 50 49 58 49 53 54 43 44 51 42 44 46 59 50 55 44 52 60 54 56 46 51 44 49 40 44 37 49 62 50 60 41 45 62 52 37 66 61 53 65 67 43 51 65 72 40 58 52 42 47 48 40 46 38 39 48 53 61 54 54 42 49 41 35 62 62 40 50 51 54 44 39 52 65 60 39 52 50 52 51
48 47 37 64 32 62 50 51 53 49 44 37 38 60 54 37 37 48 66 48 51 56 45 47 53 50 77 45 60 56 51 56 48 44 39 52 52 47 58 42 48 48 45 49 59 42 53 57 53 70 55 51 49 49 63 39 54 61 57 50 54 54 55 43 47 59 46 76 56 47 51 61 61 43 58 39 54 52 59 42 46 45 47 52 58 55 52 47 51 58 44 45 34 51 52 59 54 48 48 41
32 51 61 55 51 54 47 49 41 55 49 36 45 54 44 38 51 53 54 49 64 31 54 58 57 53 40 61 65 54 44 40 56 54 55 53 57 54 67 37 61 42 42 65 47 64 61 54 55 46 53 53 49 41 61 49 39 48 41 44 54 49 53 46 55 53 45 44 49 42 33 56 47 44 46 47 45 62 63 55 42 33 43 53 49 53 64 57 56 43 56 55 40 48 46 56 56 50 46 71
37 69 50 63 58 41 42 52 42 50 63 53 55 27 59 46 39 52 60 45 57 52 34 47 57 38 61 53 41 60 61 54 50 64 47 53 44 60 36 49 45 51 47 50 51 49 53 49 52 47 57 48 56 45 53 52 48 46 54 45 55 54 60 54 56 42 62 50 56 50 45 47 56 53 41 41 56 51 21 53 46 30 55 41 46 50 59 44 43 55 57 53 47 55 48 51 46 45 58 34
41 55 56 46 53 60 61 52 45 44 42 44 45 51 49 36 35 34 48 60 58 57 47 39 33 49 49 61 52 42 58 51 46 56 38 45 50 49 49 52 46 55 55 55 59 52 52 47 34 51 34 58 65 41 50 45 44 47 39 35 66 51 41 61 40 59 48 46 42 57 57 52 49 45 45 36 40 60 45 40 52 43 41 43 52 51 38 48 39 34 54 49 35 60 60 37 56 49 43 51
56 58 45 40 36 58 56 38 42 50 38 46 66 40 43 47 47 45 38 54 43 42 58 45 51 64 60 52 49 40 39 46 31 42 52 48 45 60 45 39 67 42 40 34 39 63 46 61 51 48 40 60 38 38 37 47 63 52 53 43 43 54 46 35 39 58 55 60 51 58 48 46 54 25 52 50 51 49 61 44 54 55 67 44 50 67 64 44 51 51 65 37 40 52 47 37 41 50 47 57
47 46 48 51 35 44 48 53 42 35 52 48 53 40 64 60 59 49 40 53 45 51 52 50 57 59 52 51 45 57 42 42 41 53 53 45 44 62 49 52 36 53 48 39 53 43 59 49 35 56 54 43 50 34 54 39 53 47 47 43 51 61 55 53 49 48 43 52 43 51 47 42 21 62 59 45 42 16 54 45 47 51 52 47 63 66 57 45 40 55 46 59 43 51 64 54 61 50 56 44
61 35 50 48 42 40 50 68 47 53 52 43 44 44 51 42 47 48 40 57 53 58 53 41 61 44 63 53 55 56 42 49 66 36 44 55 52 55 44 38 56 67 43 50 47 31 57 48 50 37 38 20 45 65 43 15 47 30 51 51 50 50 50 40 58 43 50 51 64 40 68 35 35 46 39 60 39 51 46 37 41 47 49 55 38 53 46 43 56 34 49 54 46 65 51 46 49 30 51 52
38 42 49 48 71 54 55 43 60 44 49 59 34 45 42 53 63 54 54 42 54 39 49 52 59 60 57 52 48 38 49 43 48 55 61 55 53 56 62 34 65 57 46 59 66 57 57 51 60 29 42 52 38 47 52 60 35 43 59 45 39 42 51 56 55 52 50 43 45 38 52 65 50 45 43 62 51 68 51 64 47 50 56 44 50 42 59 43 52 46 40 42 42 50 50 49 50 54 50 52
68 53 45 42 53 48 55 41 40 43 48 38 50 63 58 52 47 39 46 44 43 34 36 50 57 54 53 56 56 43 42 22 46 51 56 49 39 42 40 49 48 57 55 45 45 42 40 64 47 45 63 49 58 59 44 40 53 50 71 70 51 51 50 51 50 63 65 48 57 55 49 57 40 56 56 45 50 38 54 55 66 46 52 28 48 55 61 40 67 48 44 48 42 52 46 38 47 40 42 43
56 55 57 56 51 60 36 50 44 34 59 38 30 37 32 49 41 51 63 61 43 57 49 47 56 43 55 49 53 62 44 45 48 49 56 45 47 60 49 55 49 51 58 41 43 62 44 60 48 55 49 45 57 50 59 54 52 58 38 58 49 37 52 53 53 56 50 51 30 50 56 57 49 48 44 51 42 34 39 38 48 45 20 37 58 52 38 53 43 56 46 48 59 64 24 36 49 50 60 66
55 36 58 46 58 43 64 48 47 41 53 59 51 30 51 33 50 44 59 45 49 20 65 10 42 42 51 61 42 46 46 51 46 58 58 58 57 38 49 61 44 43 67 56 46 49 59 47 50 44 58 41 55 46 40 57 49 44 55 35 44 42 48 57 46 52 40 48 53 53 36 45 58 41 51 50 66 50 51 48 57 73 41 59 64 44 44 70 43 60 54 41 38 51 52 44 52 29 34 30
43 55 41 57 52 60 42 49 54 54 49 41 35 44 47 46 63 49 47 50 51 54 41 55 48 49 45 44 59 48 48 44 48 54 35 29 51 58 45 47 39 47 48 43 32 50 55 50 50 25 58 43 55 55 56 50 39 29 42 48 50 54 56 19 62 61 14 62 30 51 52 42 44 44 44 51 45 59 42 48 52 38 50 30 54 49 56 36 62 41 62 66 50 47 47 51 42 64 52 47
67 82 46 42 38 52 40 43 62 56 50 54 42 46 42 46 47 57 51 35 45 55 41 58 49 58 54 57 58 71 49 57 55 59 67 61 51 50 51 62 55 59 64 61 41 53 52 88 56 53 48 39 49 44 59 46 57 44 46 49 45 59 67 55 43 50 54 56 46 43 43 39 41 60 50 68 55 43 44 52 40 51 46 64 57 47 52 50 47 34 42 55 53 60 42 43 51 43 61 45
46 42 53 45 29 38 41 46 35 39 51 62 29 52 46 44 53 52 50 39 42 39 50 44 44 58 55 44 54 41 53 47 45 50 48 41 44 46 49 52 48 62 48 53 44 45 56 68 51 48 29 37 38 67 40 61 39 61 52 49 48 58 44 39 32 51 36 37 22 32 47 45 50 48 44 57 36 48 57 54 47 38 51 59 46 53 39 43 45 45 44 60 47 50 62 28 49 54 52 42
70 48 44 53 46 55 57 72 44 63 56 42 51 48 49 43 58 38 46 55 41 73 41 57 75 44 53 46 48 49 47 54 48 40 51 52 58 40 52 43 43 66 37 52 46 57 37 53 45 45 41 40 56 39 45 48 56 25 47 49 49 55 51 45 49 46 59 56 47 44 42 49 36 38 43 53 44 60 50 56 52 42 52 68 55 53 40 48 44 54 51 52 47 40 54 43 63 50 41 70
56 48 23 49 57 62 43 58 47 54 43 40 45 62 59 49 42 32 41 53 40 65 50 32 43 50 48 56 28 58 56 50 47 53 46 49 55 63 40 52 55 38 44 40 52 60 53 52 49 45 49 57 45 51 34 55 36 54 42 45 54 51 44 44 40 38 50 44 53 44 43 43 35 47 44 63 62 33 49 62 55 35 47 47 50 42 48 69 64 47 37 19 55 47 47 37 53 46 44 45
50 44 48 48 42 48 43 46 47 51 52 54 54 47 46 53 34 33 51 57 46 70 51 53 69 49 58 57 52 61 47 49 58 51 61 54 49 54 44 52 50 65 56 57 45 43 52 41 26 53 49 57 60 36 53 42 38 43 48 38 38 43 45 48 43 62 61 62 43 57 41 58 48 50 53 54 41 40 55 49 56 62 60 42 53 33 39 48 51 40 65 50 42 52 62 52 54 42 39 45
47 45 57 48 43 43 55 31 43 41 43 43 46 52 62 40 35 63 43 55 41 45 57 52 48 47 47 42 49 54 42 52 38 43 56 47 54 49 49 50 60 50 39 42 43 46 56 41 40 48 62 45 59 62 53 51 65 56 53 55 46 44 48 25 36 43 49 47 57 47 47 53 49 48 58 43 68 44 42 60 50 60 37 62 51 49 53 58 46 48 55 49 38 44 41 47 55 51 47 52
50 53 42 35 44 28 59 70 51 44 45 58 73 74 44 58 56 67 59 53 29 39 63 39 48 54 60 51 52 32 46 44 55 31 45 66 39 53 43 45 48 32 53 46 58 43 46 37 54 64 58 62 63 53 59 63 51 57 48 56 26 42 52 55 35 41 53 52 43 45 37 47 51 60 43 52 45 30 55 56 59 43 42 55 37 38 60 47 43 33 43 53 51 38 34 53 57 38 44 34
42 41 33 63 46 59 46 57 66 44 53 34 55 45 44 65 41 31 41 49 41 46 42 51 48 41 47 42 50 53 38 54 57 39 43 44 42 48 54 50 48 40 59 49 52 44 40 43 51 28 52 53 55 46 46 49 55 69 55 54 57 34 53 42 48 41 52 39 28 40 32 50 51 52 37 47 48 41 52 45 49 57 48 56 54 52 32 59 46 52 49 45 65 52 52 58 47 54 52 52
45 39 39 48 57 42 49 67 51 64 48 50 52 57 61 56 57 43 53 53 56 43 42 52 45 45 56 48 65 42 43 43 40 43 34 50 41 58 42 49 36 43 50 54 50 57 66 60 59 47 39 57 57 47 60 45 51 38 42 44 46 47 35 51 48 46 44 48 60 50 48 43 54 38 36 52 37 46 54 45 42 48 54 41 45 50 39 52 51 49 59 36 29 21 20 25 22 11 65 20
54 25 80 14 56 42 62 45 49 45 37 55 42 57 44 48 17 52 45 38 57 36 53 50 44 48 41 47 66 52 54 47 63 52 41 56 53 61 54 46 50 47 36 42 49 64 39 45 44 44 62 54 53 41 39 39 39 57 56 38 55 53 56 49 47 53 50 52 55 61 40 54 54 67 50 47 52 58 64 46 53 49 38 51 55 49 53 62 51 56 41 69 48 52 59 44 49 50 59 66
21 26 23 16 30 31 28 23 15 23 24 34 30 21 24 22 22 26 36 22 19 28 24 28 20 18 27 21 23 19 23 32 18 12 23 29 30 23 29 41 28 19 36 18 19 36 22 23 21 26 32 26 30 24 26 24 23 34 27 20 22 26 27 17 10 25 27 19 24 24 21 27 14 27 19 35 33 27 19 11 4 25 11 18 22 26 33 24 25 16 31 18 32 29 28 19 28 27 18 19
22 28 34 24 25 14 12 25 21 24 39 29 24 37 26 38 17 25 7 28 35 36 23 23 22 32 22 20 34 26 25 33 34 18 33 27 12 34 26 23 16 30 24 22 14 25 28 18 21 26 25 28 24 26 29 24 16 25 25 22 15 35 22 28 25 27 21 18 27 18 17 26 14 19 32 24 22 10 17 28 30 19 20 15 28 23 33 16 22           
