0.416666666666667 2623 13 18 15 16 14 27 16 15 22 13 19 25 26 23 16 28 15 15 15 24 19 13 13 16 23 17 18 23 16 22 12 25 14 15 23 29 25 17 21 19 18 16 28 22 16 8 12 18 15 16 15 15 18 23 26 21 19 19 23 25 7 12 13 22 18 16 14 14 23 12 12 18 19 18 13 10 6 16 12 10 12 19 20 13 23 15 19 17 20 22 16 14 20 17 27 13 11 17
12 13 15 17 12 21 12 18 24 14 15 16 22 14 19 18 23 10 34 19 19 22 24 16 18 16 17 19 22 21 26 12 10 23 26 19 13 21 14 18 18 24 26 12 20 18 17 19 15 28 25 12 11 21 12 12 24 12 9 27 13 20 8 14 15 12 11 12 12 17 18 15 21 14 33 28 25 24 20 14 13 17 7 11 8 19 15 11 20 17 16 14 21 20 16 29 18 17 16 14
16 20 22 23 21 19 22 15 10 15 14 18 12 18 16 24 17 16 19 21 20 18 10 18 20 24 14 22 19 14 20 20 17 16 23 14 21 19 19 20 16 17 19 16 16 8 19 16 15 14 19 14 12 13 13 19 16 20 18 20 18 17 15 14 19 13 27 16 16 15 17 11 13 11 20 24 12 11 10 21 16 14 10 19 16 24 16 24 20 7 22 16 21 18 15 14 11 18 19 17
16 16 14 12 15 20 26 26 21 26 24 20 20 16 11 9 17 13 20 19 20 19 16 22 10 18 17 21 15 12 11 15 27 17 12 10 25 11 10 19 10 14 14 13 11 15 20 7 10 15 17 8 17 16 13 18 14 25 17 18 12 20 12 18 24 18 22 20 7 17 18 15 9 16 11 15 20 21 11 12 15 20 11 23 12 23 23 15 14 24 23 18 22 20 13 15 9 21 10 19
21 18 9 11 20 13 15 18 12 25 12 11 9 21 21 20 21 10 13 17 13 11 16 12 15 16 10 9 23 15 15 27 11 17 22 17 20 21 24 13 19 11 21 15 16 13 19 16 14 25 16 21 17 18 13 17 13 14 19 19 15 25 20 16 10 15 9 7 12 13 15 11 19 14 15 11 19 16 18 17 11 15 13 20 14 9 21 22 16 21 7 18 16 10 12 10 16 14 20 18
15 5 17 24 14 13 12 19 12 8 19 16 24 14 13 19 16 10 15 10 31 9 18 15 10 21 14 16 24 22 18 18 17 8 17 21 9 16 17 20 25 21 19 16 21 23 18 14 17 14 14 14 11 8 7 19 18 19 16 10 16 10 21 20 12 11 17 12 9 26 16 21 20 9 20 21 10 18 16 15 14 27 17 13 10 16 18 17 15 9 10 10 8 12 11 18 24 22 15 16
22 14 13 12 7 15 21 10 11 7 24 20 19 12 17 19 9 17 9 16 18 14 13 13 16 14 16 15 17 26 13 19 15 16 13 10 10 17 9 9 19 12 22 16 18 10 23 14 8 12 12 15 15 7 22 15 13 22 17 17 11 9 28 19 17 21 10 14 11 10 11 12 11 14 8 19 12 9 14 13 11 18 27 17 20 22 15 17 13 11 9 18 16 30 22 10 13 20 10 17
15 16 16 18 23 11 17 16 16 18 16 15 6 24 16 17 18 16 12 15 15 15 20 9 19 13 14 12 15 17 12 19 13 14 16 11 21 15 17 13 16 25 16 18 22 22 25 18 17 14 28 16 13 17 16 7 15 12 17 22 17 10 13 15 21 21 22 17 13 24 19 10 18 24 14 16 23 17 19 21 18 16 22 22 16 16 12 31 62 39 26 20 21 24 23 13 19 22 22 15
14 16 11 25 13 26 19 17 21 13 11 12 14 16 22 15 15 14 12 18 16 19 19 18 16 15 15 14 23 10 15 16 20 17 17 15 13 21 22 28 16 19 22 21 19 19 15 19 21 14 19 12 22 21 25 14 15 16 23 17 23 21 13 25 12 15 18 20 18 14 24 18 15 23 13 15 16 21 15 16 14 16 16 17 20 21 21 17 25 29 13 30 35 13 20 14 26 14 21 19
14 10 21 18 16 16 18 9 11 15 16 13 10 11 18 23 14 14 33 15 12 12 9 16 17 7 15 20 11 15 23 22 15 22 12 18 18 26 12 24 22 25 24 23 18 16 23 16 21 11 16 15 18 18 15 18 20 18 10 21 22 25 8 12 14 15 14 23 18 19 19 25 18 21 15 24 20 18 21 21 30 18 20 17 13 24 14 18 15 12 18 19 22 17 12 15 13 20 19 23
22 19 29 21 17 11 19 12 25 12 20 21 30 15 20 17 14 13 15 17 22 11 14 15 14 9 13 16 13 13 13 14 15 15 19 8 24 18 17 10 14 22 15 14 13 22 13 15 18 19 20 21 14 10 12 25 12 24 25 18 21 18 20 15 15 11 13 18 12 11 15 27 19 18 17 7 18 20 15 12 15 10 15 11 9 16 20 18 18 15 17 15 25 27 13 22 21 19 18 20
17 24 10 12 21 21 15 17 18 17 15 22 22 18 22 24 14 17 11 21 13 15 20 27 14 14 16 23 13 22 14 15 28 23 12 18 13 21 22 16 14 14 29 19 25 23 26 13 16 25 18 18 21 13 16 15 28 10 18 16 17 15 15 17 21 17 18 22 23 17 24 12 19 13 16 17 11 18 15 6 17 8 16 27 20 13 20 13 18 11 13 15 20 23 17 13 17 18 24 22
24 22 23 9 16 13 18 14 11 15 10 21 14 20 17 23 17 24 19 22 9 18 9 20 10 19 24 11 17 21 11 17 25 16 23 12 18 12 13 15 20 14 16 18 15 14 18 33 12 22 21 18 26 12 21 13 14 14 10 17 13 19 23 18 23 13 17 18 16 24 25 14 12 19 20 15 17 19 14 15 16 13 14 20 14 14 15 22 13 16 23 15 16 15 12 16 19 30 17 13
22 13 13 11 25 14 10 15 13 10 21 13 17 21 13 13 11 13 18 10 32 18 15 14 18 12 21 13 12 11 18 16 10 20 13 15 22 13 14 13 22 11 19 13 13 16 23 30 15 20 24 21 22 15 19 19 14 18 15 13 16 26 21 11 22 14 14 18 21 17 24 19 21 11 22 19 20 21 21 18 17 21 18 17 18 14 15 16 16 22 18 14 21 26 15 14 24 24 17 19
19 16 18 22 13 20 15 25 22 25 25 46 49 38 24 22 16 12 16 13 16 16 22 14 11 18 17 14 11 17 23 15 9 10 18 14 12 17 10 21 17 17 17 22 19 23 21 17 23 18 22 17 27 20 20 21 12 26 22 19 23 22 14 21 15 17 18 24 17 20 13 16 23 22 15 22 9 24 18 19 23 25 12 19 19 23 19 23 18 17 19 26 18 21 15 14 15 16 9 13
19 20 28 11 14 17 14 14 18 23 16 18 19 17 19 7 20 16 16 12 15 24 23 16 15 13 16 12 17 17 12 19 15 19 23 30 15 19 19 20 18 15 26 20 20 12 8 12 12 10 9 16 15 14 16 18 13 24 13 15 15 19 13 11 13 11 24 16 13 16 14 14 14 12 8 19 23 21 10 15 11 15 12 13 19 13 16 15 17 9 19 15 14 14 17 15 27 15 15 20
13 11 19 22 15 12 10 19 18 9 13 25 23 25 13 10 13 13 15 21 15 21 16 19 21 9 17 18 20 14 21 9 13 13 10 20 11 18 12 14 17 17 15 9 10 15 20 18 21 24 16 16 25 15 24 16 15 16 8 16 21 21 17 21 15 15 21 12 11 20 18 9 17 20 21 22 14 23 11 18 15 7 12 19 18 13 15 12 18 23 16 14 10 13 17 16 12 12 16 14
13 14 17 19 12 15 19 14 22 23 14 22 19 20 23 14 25 17 14 12 15 9 15 16 18 15 12 12 19 11 18 11 13 16 16 22 23 13 9 19 15 11 19 25 19 12 15 16 23 12 20 15 11 8 18 11 11 17 16 11 18 18 18 15 14 16 17 24 15 11 19 17 16 24 9 18 19 13 23 11 17 21 13 20 19 11 14 18 25 11 13 7 7 21 11 15 16 23 14 12
13 20 11 12 15 13 16 13 13 12 20 6 14 18 13 11 11 11 15 17 20 20 21 25 16 14 22 19 13 14 13 14 15 21 15 10 17 22 19 20 19 16 15 15 16 12 15 15 16 17 16 21 13 15 13 21 25 14 18 22 15 21 10 11 21 14 19 13 16 16 13 13 16 26 11 15 15 16 18 23 20 19 12 22 24 13 18 8 12 9 19 16 11 18 17 18 24 13 16 13
14 18 19 16 9 19 16 14 15 10 18 18 14 12 12 19 19 18 7 11 16 11 16 15 14 24 11 15 27 17 22 13 19 16 12 13 14 13 27 25 16 9 21 17 11 11 19 14 13 14 19 15 9 15 14 13 18 20 15 17 14 14 15 12 21 10 18 10 25 24 11 16 16 13 18 14 16 8 14 18 11 11 12 19 23 20 19 20 13 15 20 24 15 26 17 12 13 15 14 24
12 18 11 19 19 20 12 16 17 13 15 14 7 12 16 14 16 11 22 24 14 18 8 20 14 11 18 16 18 13 16 16 22 15 22 17 12 15 14 24 13 15 12 24 20 13 18 17 13 17 13 23 18 21 18 13 18 7 19 22 20 16 12 29 12 15 29 10 13 12 10 15 17 19 10 17 20 22 16 19 21 16 14 19 18 12 17 13 25 14 10 23 24 22 10 17 11 15 16 14
12 14 16 19 21 14 13 15 17 14 24 13 10 14 9 18 16 8 26 20 10 10 17 13 16 16 15 19 18 15 16 17 20 17 14 15 18 18 25 12 17 19 12 16 22 12 15 11 20 16 24 21 22 19 20 15 17 12 15 17 11 9 17 17 16 12 11 27 15 13 19 11 10 11 17 17 23 22 26 16 21 15 19 22 8 28 20 19 15 21 11 19 11 14 23 16 26 6 16 23
21 8 11 18 24 19 19 22 13 25 11 16 13 25 20 15 22 20 26 21 10 25 15 14 15 20 14 16 21 6 13 14 16 11 25 15 9 23 18 17 17 22 11 16 20 23 28 15 17 18 24 17 16 12 14 23 11 16 16 23 10 11 17 13 18 11 19 21 16 19 7 14 22 15 17 20 19 21 16 15 18 20 21 27 12 24 15 10 19 34 25 17 16 30 21 15 24 16 16 14
14 17 13 14 12 14 17 26 17 20 15 25 16 21 17 20 15 9 14 15 11 17 21 18 17 19 13 21 18 18 15 21 23 16 26 18 14 19 18 20 19 20 16 15 21 17 11 18 18 10 18 14 13 10 15 11 25 12 24 11 14 22 13 24 25 13 15 14 15 17 10 14 16 21 14 9 21 19 13 13 16 12 18 14 13 25 11 15 14 11 17 24 22 13 16 16 13 25 16 11
25 25 20 17 23 15 27 14 18 13 18 17 19 12 12 13 15 12 7 17 14 18 15 11 9 11 13 15 22 17 16 12 13 17 11 18 15 18 14 20 17 25 11 26 16 18 13 18 15 31 22 18 17 16 16 13 21 15 13 16 9 13 13 16 16 12 15 15 24 25 14 14 22 13 21 19 20 18 15 15 15 17 15 15 16 19 16 15 15 14 17 11 17 17 10 17 14 11 25 13
15 20 17 18 13 18 12 16 22 19 20 14 21 16 20 16 13 32 24 14 19 16 8 11 20 11 11 14 24 23 16 15 19 16 19 23 24 15 24 21 26 18 18 22 21 28 18 13 17 20 8 5 8 11 13 11 8 9 8 5 10 17 5 8 9 6 9 4 9 12 8 9 8 5 7 12 9 7 6 9 8 9 8 7 10 15 4 10 6 5 6 8 13 4 10 8 7 5 5 5
6 7 6 6 11 7 9 5 7 8 5 5 12 24 4 7 14 12 4 11 9 10 19 12 16                                                                           
