0.461538461538462 3223 17 29 31 22 30 27 33 27 30 28 23 19 30 16 27 17 20 26 16 23 22 30 21 30 30 31 28 41 24 16 24 32 21 30 25 18 40 30 17 22 18 31 26 27 24 38 28 14 29 25 26 26 28 23 27 25 21 36 36 19 19 28 18 21 20 13 10 20 26 20 21 14 29 22 22 21 16 26 25 22 19 11 22 21 23 7 21 24 22 23 19 11 30 22 24 15 20 17
20 19 16 24 26 18 17 24 19 23 23 29 24 30 19 26 21 25 19 25 16 25 22 26 26 21 28 31 21 30 27 20 18 20 25 23 28 24 19 22 26 18 32 25 28 27 22 21 29 27 20 27 24 26 16 31 28 28 22 14 24 23 33 24 24 22 14 13 15 20 18 18 17 21 27 20 31 34 24 26 36 30 35 27 23 22 18 20 26 22 31 19 26 34 27 21 27 26 23 18
18 30 21 29 19 28 24 26 28 19 21 16 18 22 27 24 21 29 28 22 24 28 21 18 24 27 17 40 25 27 22 22 29 26 22 27 27 23 16 28 30 29 32 32 19 24 17 11 17 34 28 24 24 30 15 10 21 19 29 34 24 29 24 18 16 33 17 23 28 24 23 23 24 18 21 32 24 25 21 27 28 23 23 14 24 26 26 24 34 23 27 34 16 26 23 24 26 19 24 25
28 23 38 31 27 29 20 34 31 24 22 12 17 22 30 11 9 28 24 23 21 28 24 28 24 16 16 29 25 21 23 25 31 30 13 25 17 13 13 31 23 24 20 29 30 28 20 13 29 23 17 21 23 27 34 23 24 24 33 24 26 17 29 21 21 20 26 21 25 24 14 18 20 16 28 17 20 23 27 24 28 24 10 22 19 20 23 26 19 32 25 21 29 15 27 19 25 26 27 30
23 18 30 16 19 9 9 25 27 17 24 27 12 33 29 21 17 21 23 27 33 30 17 13 24 35 21 30 26 20 26 31 24 22 23 28 29 17 26 28 18 16 18 27 18 19 19 23 20 22 21 21 22 26 22 20 18 32 28 22 19 23 26 12 26 23 39 22 25 19 18 23 18 21 21 22 31 23 21 20 19 20 26 27 27 20 23 22 23 21 31 24 24 15 25 27 16 38 19 22
18 26 28 16 22 21 24 20 32 16 15 26 20 27 22 28 20 21 24 24 23 24 15 18 22 31 16 25 24 15 29 22 29 31 21 25 26 24 27 27 24 21 22 19 15 26 30 27 22 26 25 28 21 26 26 16 34 26 25 24 32 14 26 18 20 22 20 25 20 17 27 16 25 25 14 15 15 27 19 32 28 29 20 26 18 14 14 15 27 36 19 23 28 21 18 27 35 23 20 20
28 25 28 19 28 35 20 26 18 17 29 24 33 15 22 43 20 37 23 27 29 25 22 30 29 15 29 33 25 18 24 20 21 29 20 32 28 28 25 22 29 21 34 26 30 41 26 22 23 24 20 27 19 27 23 30 28 23 21 19 30 20 26 25 23 20 27 25 16 22 34 12 25 26 24 19 30 24 29 26 17 27 20 20 30 19 16 18 16 35 21 27 15 33 30 25 20 19 18 13
25 20 21 17 21 34 27 27 20 23 21 21 22 23 22 18 25 26 17 18 18 24 19 35 14 21 22 21 28 18 24 24 22 24 22 20 28 18 20 34 24 23 23 15 15 28 31 20 21 25 24 25 18 25 27 24 18 34 28 39 31 19 27 19 27 8 32 34 31 17 29 47 16 55 25 24 22 35 19 20 18 28 23 33 26 32 29 33 17 18 24 20 20 41 31 19 16 19 22 27
24 18 25 25 29 19 32 18 23 32 23 13 32 26 24 24 28 20 13 29 28 23 22 30 24 30 16 23 26 37 24 26 32 22 18 20 21 21 18 25 31 27 30 21 20 20 22 21 23 28 23 18 23 20 26 19 14 19 28 21 19 29 29 23 18 40 28 32 21 17 26 20 13 34 23 17 39 15 23 36 27 29 37 27 38 24 23 19 17 26 26 26 32 27 17 20 12 16 27 23
23 20 17 19 19 22 22 29 29 16 21 19 20 19 27 15 27 20 25 19 19 27 28 27 28 23 22 26 31 26 26 20 29 18 23 25 29 32 28 24 30 35 23 26 24 29 23 25 23 15 25 21 23 23 20 25 21 17 33 17 30 32 34 28 25 36 29 25 19 21 18 29 26 34 18 27 23 18 23 18 25 28 14 24 15 14 33 20 33 20 37 13 32 26 14 23 30 23 25 22
32 27 22 23 26 37 30 18 28 23 17 29 23 28 16 25 19 34 25 21 24 25 17 26 17 20 14 26 24 23 21 23 31 30 20 23 20 18 19 26 20 24 20 13 13 21 20 29 19 30 34 7 21 21 12 23 24 26 30 21 17 34 22 25 19 21 26 19 20 23 28 26 28 30 23 24 17 31 22 33 20 22 22 23 17 39 18 26 22 16 26 29 28 22 30 24 21 28 32 36
18 35 25 33 20 21 35 20 22 19 16 26 23 26 28 8 28 22 21 26 26 25 19 30 21 30 27 21 34 26 31 25 20 25 25 19 24 21 29 25 26 30 39 26 25 16 26 26 24 17 18 28 18 30 25 18 19 20 21 17 27 23 22 35 25 22 26 30 21 21 16 21 25 16 19 23 19 15 26 18 23 21 19 18 19 27 24 28 21 29 19 20 30 27 27 18 23 21 27 30
23 25 22 20 25 26 22 14 14 29 16 23 19 29 24 31 27 15 28 28 27 21 22 17 18 28 20 20 22 22 23 21 20 34 21 21 21 32 21 25 25 24 22 32 29 24 35 22 28 22 29 33 31 30 30 22 28 36 21 31 29 25 16 31 20 18 26 25 22 29 19 33 27 10 18 20 21 20 30 26 18 23 35 28 33 19 33 26 27 21 25 42 26 27 22 22 27 24 18 26
24 24 15 32 24 35 27 22 18 27 18 19 27 20 18 26 23 24 22 24 23 28 19 24 24 26 16 15 31 20 24 20 23 24 17 22 27 33 29 19 28 24 16 19 20 32 23 25 28 32 27 20 28 25 22 22 21 16 27 22 20 24 21 29 31 23 24 24 17 23 19 22 20 17 27 17 19 20 21 18 23 19 33 21 19 23 19 26 18 31 35 26 20 24 32 24 24 18 23 28
21 23 25 25 22 13 34 16 18 15 21 22 17 18 24 17 26 13 25 25 33 24 25 21 22 17 28 28 25 29 25 22 25 20 25 25 20 24 26 29 20 27 27 13 20 27 22 25 30 23 17 20 26 19 29 18 15 22 26 16 23 21 29 18 20 22 20 21 24 20 22 21 26 27 19 16 26 13 21 26 21 31 23 19 30 21 28 35 23 16 13 21 18 27 24 23 16 19 27 21
17 26 28 17 16 36 15 21 20 16 18 25 23 27 25 29 25 33 25 14 13 18 28 19 19 22 30 30 26 20 30 31 26 25 28 23 14 22 13 26 38 28 17 26 31 28 25 31 23 27 24 31 24 22 22 24 16 22 27 16 29 20 24 23 24 25 29 19 19 15 17 31 23 25 18 22 13 20 21 19 31 19 30 50 30 20 15 24 17 26 33 34 24 27 22 27 20 27 32 18
22 19 20 28 26 25 22 31 20 27 25 27 36 24 17 18 27 62 49 13 24 27 32 32 17 30 21 22 21 20 20 24 16 21 30 20 21 26 13 19 26 26 21 10 24 30 15 22 28 23 26 16 17 31 33 28 29 20 28 22 29 31 25 17 22 28 20 24 29 32 28 26 21 22 18 22 24 30 23 28 25 23 22 29 27 21 29 24 33 27 15 31 7 22 37 19 29 28 27 24
31 23 19 28 30 17 27 26 21 30 26 24 20 27 22 26 28 6 23 20 18 34 27 28 21 20 22 23 20 27 28 24 28 24 31 22 28 25 17 23 27 27 40 26 40 29 8 21 21 27 37 21 29 21 23 23 24 33 29 22 30 27 27 23 21 26 33 36 18 25 28 25 30 23 30 15 24 19 28 22 16 21 25 23 17 22 23 17 15 18 23 16 20 32 26 21 26 28 24 19
24 26 24 35 22 20 25 19 15 22 16 29 32 21 19 23 27 18 22 28 11 24 14 31 13 26 30 13 19 33 20 23 12 15 24 23 19 21 37 21 28 26 23 33 27 34 18 28 24 38 28 27 28 25 19 25 20 25 16 19 14 28 13 26 34 34 19 33 27 22 26 20 16 35 23 21 20 22 23 32 31 21 21 21 23 26 25 20 30 25 18 26 25 21 31 31 27 17 17 34
24 22 29 24 27 26 33 25 29 14 19 26 15 18 12 11 28 26 24 32 36 29 39 23 23 27 29 26 16 28 38 22 28 21 25 21 25 31 26 24 19 26 12 24 22 29 26 25 20 32 28 14 19 24 21 25 14 30 26 27 19 24 26 23 31 19 11 25 19 32 24 23 32 29 27 32 32 19 33 20 24 12 17 14 20 20 16 27 30 28 15 19 29 30 24 21 25 20 22 29
21 24 22 30 28 18 20 25 25 25 27 18 23 29 20 16 28 21 18 24 19 25 26 17 35 22 26 18 18 17 22 15 30 26 24 22 20 26 26 23 16 18 21 33 27 35 20 17 23 23 29 38 24 31 27 20 29 24 28 22 27 21 19 11 27 23 21 26 22 22 31 17 22 28 16 17 27 28 31 30 19 25 22 21 18 20 22 28 23 23 23 17 26 25 26 33 23 18 16 14
22 21 19 19 22 22 19 15 25 30 26 17 26 20 19 23 18 21 28 16 30 35 29 22 22 25 19 24 17 20 30 20 32 29 33 28 24 38 22 25 21 20 21 18 30 26 16 18 14 24 28 28 17 19 30 26 26 19 25 28 34 21 23 24 25 17 18 23 25 22 15 20 25 23 24 37 15 26 23 27 30 30 29 28 27 21 10 16 30 21 24 17 19 24 25 13 23 31 22 21
22 14 31 34 20 29 16 32 18 18 22 19 26 20 14 21 23 17 13 27 21 21 17 26 31 31 21 21 22 22 26 23 18 27 29 23 26 24 21 21 15 20 20 24 29 23 30 20 32 26 22 31 21 24 17 20 21 24 21 25 19 23 29 34 17 26 23 21 21 22 26 22 28 36 23 26 17 21 20 27 34 20 34 29 26 22 29 24 25 23 17 22 24 27 23 23 17 19 13 22
24 21 22 17 28 19 19 24 24 27 25 21 30 18 24 32 23 19 20 30 19 18 19 25 18 23 17 23 24 22 26 20 22 35 24 23 23 22 26 19 33 20 23 24 27 18 21 21 15 30 20 27 23 15 26 17 17 26 20 22 28 23 13 16 28 22 23 23 25 27 17 29 22 31 28 23 26 20 17 18 15 22 17 29 16 24 19 25 18 22 26 19 37 29 31 25 21 30 18 30
31 27 36 28 24 23 33 24 26 22 29 17 25 20 29 27 35 24 34 24 23 28 33 19 22 23 22 38 27 22 27 21 37 28 22 43 20 26 23 16 28 20 23 22 15 26 32 36 24 29 24 30 34 29 25 20 28 32 33 21 18 20 26 21 25 15 30 14 17 27 17 17 19 21 19 21 29 19 33 25 28 31 28 39 26 36 29 16 27 21 25 24 27 22 28 31 27 19 33 24
21 30 27 18 25 23 19 23 27 26 31 15 28 28 29 25 27 25 21 40 11 23 24 20 26 25 14 27 29 31 17 12 22 22 25 25 19 30 26 24 32 34 29 32 24 38 11 18 37 22 21 29 26 26 24 20 31 23 22 25 17 18 25 26 30 25 28 20 16 14 27 18 31 19 31 25 19 31 19 24 29 25 28 29 32 14 16 20 22 28 16 21 22 26 29 27 21 25 16 25
26 24 28 31 25 27 20 14 20 20 30 21 18 21 20 29 29 19 33 23 20 25 22 23 22 18 15 23 33 28 24 22 22 43 31 25 27 23 22 21 24 20 21 38 20 16 28 22 20 19 23 17 34 25 24 17 25 22 18 15 16 16 28 29 17 16 12 20 18 12 14 13 23 18 14 23 29 27 27 34 23 25 42 23 19 19 24 23 25 28 18 19 26 25 28 25 19 17 12 22
21 16 19 21 19 20 25 12 25 16 21 31 25 16 26 29 20 18 14 28 25 25 20 19 19 26 14 21 20 22 31 18 22 23 20 29 15 23 17 24 24 12 13 21 29 23 23 23 30 32 21 20 23 25 16 25 19 24 21 25 18 17 18 23 20 26 28 20 29 17 19 22 27 18 14 20 24 22 26 16 19 25 23 23 20 25 21 19 15 26 27 24 26 31 27 22 21 31 26 15
25 21 18 25 49 17 18 27 10 35 24 23 26 20 20 28 27 20 14 14 30 27 29 21 26 25 25 14 14 24 25 16 24 25 28 21 24 32 27 24 26 27 13 19 23 22 26 20 22 25 20 20 20 29 28 24 38 24 24 21 14 12 23 29 27 24 13 20 10 22 21 21 26 29 11 22 26 35 30 21 26 29 23 19 23 20 19 20 17 24 19 24 26 16 20 24 21 16 17 28
18 22 18 34 14 20 23 24 22 33 18 20 26 32 22 29 23 22 29 31 19 25 19 25 11 22 13 27 20 26 21 23 30 23 16 21 24 23 23 22 26 15 22 26 16 24 24 29 19 18 37 19 21 14 22 19 22 34 24 34 17 24 28 20 24 27 22 19 18 18 22 22 20 22 27 22 29 25 23 21 28 15 13 23 38 35 22 22 22 23 25 22 23 30 31 25 20 34 23 29
19 19 23 12 23 20 20 30 16 21 28 25 25 12 14 21 33 18 22 28 23 21 16 19 25 21 18 28 29 28 18 22 24 24 29 30 27 21 27 13 19 11 28 20 22 26 31 25 22 31 20 36 32 17 35 25 18 23 23 23 26 23 28 22 20 29 22 15 12 29 26 29 16 15 18 25 13 20 29 32 33 24 28 21 32 27 19 16 27 27 32 27 25 33 21 21 25 26 16 19
27 20 20 20 36 29 33 18 30 27 39 22 28 20 25 32 32 16 35 19 24 15 6 11 14 13 10 5 11 11 15 18 14 16 15 8 7 12 11 16 15 12 11 16 14 13 16 6 13 8 10 6 22 13 8 6 9 15 17 12 13 8 8 7 8 10 11 8 17 6 10 9 11 8 13 8 15 14 11 13 6 11 8 8 9 17 10 19 12 7 8 8 9 11 13 6 11 7 17 6
11 14 9 10 17 12 13 7 8 6 9 10 9 9 12 11 6 7 10 9 11 11 12 13 19                                                                           
