0.5 2918 7 15 16 15 17 16 12 11 14 10 10 28 15 14 12 12 18 20 12 18 19 14 19 13 12 11 13 13 19 17 17 16 15 12 9 9 14 17 17 12 13 16 13 15 13 12 16 14 13 21 9 11 13 14 10 9 12 14 15 12 11 16 12 16 6 14 18 18 18 11 9 8 23 17 11 14 9 15 16 15 12 8 7 18 15 17 11 12 20 16 17 10 15 14 14 17 15 8
17 16 14 11 9 15 13 10 26 17 14 17 15 17 14 12 16 19 20 13 12 11 16 11 16 11 20 17 11 20 19 12 19 9 12 17 20 9 9 9 12 12 10 17 20 15 11 9 12 20 9 15 17 14 12 13 13 11 8 18 11 17 9 12 14 13 12 12 9 19 13 12 12 17 22 13 12 8 17 11 13 14 10 20 9 16 11 12 11 13 13 18 13 14 18 14 18 24 14 19
10 22 24 18 8 13 16 13 19 10 20 10 20 15 12 16 18 23 16 12 7 18 19 14 14 30 18 22 19 13 19 12 19 18 17 16 19 12 12 12 11 14 13 16 23 12 15 16 22 11 21 20 18 13 18 24 13 25 16 10 11 9 15 15 10 13 17 15 9 21 17 17 20 21 15 20 14 16 9 15 15 20 11 15 12 16 18 17 23 11 10 12 18 18 19 20 15 18 15 11
17 18 14 15 15 13 18 15 14 19 16 14 22 15 22 15 15 20 13 19 11 15 17 21 16 24 12 19 11 22 18 12 16 18 22 16 15 16 15 10 16 17 10 16 10 14 17 18 13 16 11 20 24 14 8 17 20 20 17 10 11 12 7 21 17 15 13 17 15 12 10 7 7 13 14 23 19 11 12 23 12 16 27 15 15 28 18 13 18 21 16 21 12 10 18 9 11 13 20 13
19 15 15 19 21 13 12 19 16 22 20 17 12 10 10 23 22 18 16 10 22 11 20 13 21 18 13 17 14 21 17 17 24 17 15 21 13 16 23 14 14 25 21 15 12 10 11 19 24 16 18 18 18 13 23 13 15 20 21 11 18 24 14 19 23 16 9 13 20 21 20 15 9 16 10 9 13 6 11 14 12 9 12 12 17 8 11 9 16 11 10 15 13 15 19 11 13 12 12 18
13 9 16 6 10 23 17 18 9 16 11 10 15 15 18 19 19 10 10 18 11 8 16 22 16 17 10 13 12 17 17 17 13 12 12 9 22 14 15 10 11 13 16 10 15 17 14 11 13 17 13 10 14 13 19 14 14 14 20 15 15 6 18 13 18 15 15 14 12 10 15 16 10 15 18 17 14 15 12 14 13 9 10 17 12 8 16 17 16 15 12 12 12 15 14 10 16 15 14 11
12 15 9 15 14 16 16 18 17 12 12 10 17 14 18 23 14 12 17 14 12 9 16 15 11 13 16 13 7 10 17 11 19 13 13 11 11 17 22 19 8 15 20 12 20 8 13 20 10 20 11 17 12 17 13 10 13 6 16 9 10 14 11 9 16 12 8 10 6 10 19 13 14 14 14 14 10 7 7 10 15 17 8 16 15 10 9 14 12 10 9 10 18 14 11 13 13 12 12 15
10 10 15 19 15 24 18 15 12 12 10 15 20 20 17 14 18 18 11 9 11 7 8 17 22 8 11 20 14 11 12 14 9 12 18 13 11 21 15 15 7 16 21 20 9 20 21 14 15 9 20 14 17 15 13 13 16 21 13 18 12 21 19 13 16 17 16 22 10 22 6 12 13 14 11 17 15 14 22 10 14 14 14 11 12 16 17 15 8 13 22 13 16 17 17 17 22 12 10 12
12 16 27 15 15 18 12 20 14 37 21 16 17 9 6 12 9 11 13 13 11 16 13 15 16 20 14 12 10 17 13 10 13 13 16 13 19 11 13 13 12 12 9 15 17 17 13 16 12 14 15 14 20 18 15 10 10 11 12 12 11 11 9 8 14 12 18 14 13 15 15 10 12 7 16 13 14 9 13 14 17 14 15 16 17 15 20 7 17 11 13 12 12 11 12 12 12 13 9 12
19 14 12 13 11 15 16 16 11 13 15 27 19 16 10 13 15 16 16 15 12 19 24 14 15 13 17 19 11 13 10 20 15 9 17 21 12 18 12 9 14 15 13 13 14 8 8 9 17 12 11 17 17 17 13 20 15 20 20 12 22 18 11 18 17 17 15 17 13 13 17 22 18 10 15 19 9 20 14 27 8 14 19 17 23 18 12 19 18 14 16 20 16 15 11 14 17 10 9 7
17 25 10 9 9 8 14 22 12 15 15 14 12 11 17 12 13 17 17 15 9 19 9 13 15 17 17 31 17 19 15 18 12 22 11 10 18 12 12 10 17 13 10 16 13 8 16 15 15 14 13 17 10 13 8 15 12 13 19 14 14 16 15 12 13 10 16 12 10 10 14 15 17 22 11 12 16 15 12 8 11 12 15 16 19 19 7 13 16 11 16 19 17 22 17 14 29 16 12 14
25 14 14 13 11 16 8 10 13 14 17 10 10 12 16 13 16 13 9 11 15 14 17 12 21 14 14 17 15 11 14 14 14 18 11 14 11 15 17 14 13 13 11 20 17 19 16 11 9 18 13 14 20 15 18 11 8 12 22 12 12 15 22 18 22 13 16 19 18 16 10 11 9 17 18 23 14 6 19 6 14 13 8 18 15 20 12 15 9 14 18 16 12 9 8 13 12 11 15 9
10 9 11 13 7 11 9 21 23 13 16 15 15 14 9 12 10 10 14 13 7 13 10 16 9 15 8 9 15 16 17 14 6 15 15 16 14 13 14 14 14 13 6 18 12 12 20 11 19 10 17 13 11 13 10 12 18 14 7 13 19 14 14 14 31 17 7 11 11 22 17 17 15 9 16 18 15 20 15 19 20 8 19 12 11 24 20 16 8 12 10 17 12 8 17 17 16 21 19 11
14 11 14 10 12 12 12 11 15 7 11 18 25 14 15 14 6 10 10 10 11 18 14 9 16 15 18 17 15 19 18 19 12 18 12 8 20 7 14 18 7 17 15 15 14 13 14 11 13 12 15 12 13 13 14 13 10 16 12 12 16 11 17 14 16 15 18 17 18 13 18 13 13 18 13 18 11 14 15 16 11 17 13 16 14 16 15 11 15 10 10 16 23 17 12 17 23 16 8 11
16 14 12 13 20 10 11 10 15 19 23 14 11 13 19 15 13 23 11 15 12 15 9 20 15 16 13 13 18 13 15 17 16 13 10 8 13 18 15 14 21 14 16 8 13 24 12 21 14 16 16 16 16 22 9 15 11 17 14 11 21 13 12 18 16 11 10 21 16 16 13 13 7 19 22 16 8 13 16 11 11 16 11 15 10 16 9 18 9 18 8 14 15 15 10 14 13 16 14 16
19 23 13 13 14 16 14 18 9 14 17 13 15 16 16 15 15 21 16 15 12 12 14 23 20 18 17 19 12 17 14 11 14 11 12 9 16 16 15 27 9 14 14 9 20 12 18 17 24 13 19 9 12 17 18 23 13 15 12 14 13 14 18 17 16 14 12 12 10 11 7 13 10 10 12 17 26 12 12 11 11 12 14 8 14 17 12 17 16 17 11 13 23 11 14 9 17 16 20 14
14 14 19 8 7 13 13 17 16 11 19 10 21 17 12 16 18 21 16 11 7 13 15 14 21 14 9 11 8 8 17 17 7 17 11 13 17 15 13 14 13 12 22 12 16 14 18 16 13 15 16 24 10 20 15 12 11 21 19 9 14 11 14 12 11 10 6 10 11 12 12 11 30 20 15 17 9 13 15 11 17 8 13 10 13 10 12 8 8 14 14 18 11 18 13 20 12 6 16 19
12 12 8 12 19 14 15 13 7 16 16 5 15 12 13 11 10 18 7 10 19 15 18 13 15 17 11 14 10 12 12 13 14 11 12 11 17 9 14 13 8 9 14 12 10 8 10 7 15 10 17 16 16 13 12 10 10 11 13 18 12 14 9 11 12 11 17 14 16 13 16 16 15 9 8 14 12 20 18 12 11 18 14 15 20 15 8 9 15 11 12 10 15 7 13 18 6 18 13 14
11 11 14 13 15 25 11 11 15 12 16 11 17 17 21 15 13 11 9 17 16 15 19 18 15 17 8 10 14 20 14 17 7 13 15 12 8 13 12 8 12 10 10 12 12 10 12 14 11 15 7 18 7 10 13 14 8 13 12 15 9 10 12 7 13 11 11 13 8 12 9 15 13 13 17 11 11 16 19 14 15 9 22 7 13 11 16 12 12 22 17 14 11 10 9 10 9 17 8 17
10 14 14 12 8 17 13 13 14 13 19 16 12 15 10 18 15 14 14 13 10 11 9 11 20 12 9 22 13 11 16 14 21 7 13 15 12 19 17 18 21 9 11 15 8 16 13 15 18 14 21 25 15 9 13 24 9 19 15 15 16 17 12 14 11 13 21 9 11 14 9 13 13 13 12 7 12 12 11 16 12 15 14 22 11 9 14 16 14 20 9 21 13 13 24 11 12 15 9 12
20 15 15 15 17 13 19 16 11 13 8 16 15 13 12 12 17 16 25 15 20 14 13 6 13 9 14 11 14 15 20 14 15 12 11 12 12 9 18 22 13 11 14 16 17 8 14 15 9 12 9 15 22 13 14 10 11 9 12 14 10 18 7 15 10 13 11 14 15 20 12 12 23 12 13 25 13 13 18 18 13 10 14 10 13 15 18 12 14 16 14 15 21 12 15 15 12 16 16 13
12 21 20 10 16 9 13 16 11 11 8 9 9 22 13 9 14 14 12 22 14 13 10 20 13 14 17 19 18 13 11 14 16 9 13 17 15 15 19 19 15 21 8 12 18 12 10 13 10 20 18 15 12 13 18 17 10 10 18 26 11 15 14 14 12 15 19 8 9 9 15 13 14 10 14 17 16 16 20 12 21 13 17 17 18 15 9 19 12 12 8 16 13 15 17 10 17 12 19 13
12 8 13 12 14 12 6 9 13 9 10 12 19 13 18 12 11 13 12 16 9 14 13 16 10 12 16 23 18 8 12 11 12 14 11 15 14 10 9 15 14 13 9 12 14 15 20 9 11 16 19 15 12 18 13 13 13 13 8 10 11 11 9 19 11 11 16 11 21 16 16 15 20 12 13 15 12 17 11 19 11 16 13 15 14 12 11 10 17 16 19 13 15 7 12 13 16 10 11 14
13 14 23 13 15 14 15 13 12 13 14 11 16 14 15 15 9 10 9 14 10 18 8 13 14 19 20 15 17 11 11 14 9 19 6 18 19 12 12 10 13 16 12 23 9 19 22 17 25 12 21 11 10 18 22 9 12 16 20 15 15 9 23 13 15 19 12 18 16 10 16 10 13 20 13 13 13 16 22 23 14 14 13 12 12 14 13 17 18 16 18 17 21 11 14 19 10 10 10 15
11 16 16 15 15 21 13 11 14 13 18 21 14 12 25 15 14 14 10 15 9 11 8 17 18 17 9 20 7 11 18 16 12 12 16 16 11 11 14 16 18 12 15 13 19 16 13 11 11 20 23 14 10 17 17 13 14 14 14 19 16 11 20 15 18 12 12 10 17 10 18 10 10 15 20 14 15 16 15 13 14 20 19 15 9 16 16 27 13 14 15 18 10 13 13 15 15 11 14 18
18 21 14 13 21 34 31 17 16 10 14 11 14 20 12 17 18 22 12 11 22 13 19 22 16 17 7 11 16 18 13 12 14 17 10 7 19 18 19 10 12 13 17 12 16 20 14 24 18 19 18 14 9 13 12 20 16 13 17 14 14 24 17 15 26 23 6 20 20 12 17 14 17 13 27 16 13 12 13 15 25 16 13 17 12 18 11 12 23 14 16 24 19 14 11 15 19 14 11 13
22 21 12 12 19 14 19 18 24 18 17 17 19 13 20 17 9 10 14 15 16 25 12 14 11 8 15 10 12 18 20 11 11 16 14 11 13 13 9 20 22 14 16 18 16 15 15 19 19 12 21 12 15 20 19 21 12 11 23 12 16 25 16 22 8 22 10 20 16 13 23 16 14 16 11 13 14 25 17 19 20 15 20 17 17 18 15 12 19 13 14 7 18 8 13 20 9 18 15 12
10 17 20 10 13 16 14 10 16 13 15 14 13 11 17 15 14 10 8 17 13 18 16 18 13 7 11 10 24 12 14 18 15 13 8 16 12 57 7 13 13 13 19 16 13 10 16 17 13 8 15 14 12 6 15 10 23 14 16 16 11 18 13 13 17 20 15 19 12 14 11 11 17 9 7 7 8 9 10 9 15 23 14 14 11 13 18 11 19 16 11 18 8 9 14 18 17 19 12 16
14 12 7 16 18 15 15 15 14 9 15 8 16 18 7 19 11 10 4 12 5 6 7 5 7 8 5 8 8 6 9 6 12 7 10 7 9 13 10 10 6 5 5 9 9 7 12 7 7 6 5 5 9 7 11 9 4 7 6 8 8 7 5 7 6 6 8 7 4 9 7 4 10 7 8 7 8 5 11 8 6 8 10 9 4 5 5 8 7 11 5 5 8 6 7 5 8 4 4 8
8 9 7 8 5 12 9 4 6 6 13 8 5 8 10 6 9 14 9 9                                                                                
