0.48 1673 12 20 19 16 19 18 15 17 9 16 16 15 15 11 13 15 15 17 14 13 18 15 14 19 24 19 17 15 14 18 16 16 12 12 17 12 15 10 13 14 13 12 15 19 13 17 11 12 9 21 18 18 17 13 17 15 24 22 13 14 19 13 20 13 16 21 12 10 15 15 19 12 11 21 18 16 15 13 14 13 20 20 16 19 16 13 15 12 18 21 19 20 15 12 15 20 14 15
18 16 22 16 16 21 13 15 6 13 17 14 8 23 20 15 16 13 11 22 14 15 12 10 16 16 17 15 12 19 21 17 19 17 13 13 10 11 17 20 11 15 9 13 21 16 10 16 13 16 19 14 12 17 28 18 13 15 13 25 10 12 19 12 13 16 9 9 18 17 11 16 19 24 12 16 12 14 17 11 18 19 14 14 26 15 12 16 16 11 20 16 20 18 14 15 14 22 11 18
15 15 13 18 16 12 14 21 9 20 14 19 15 24 14 17 14 17 22 13 18 15 11 13 19 14 11 19 12 14 16 17 21 21 15 21 14 17 16 17 14 8 25 11 13 14 12 16 15 22 10 13 12 21 13 18 23 19 13 22 14 10 18 17 11 20 9 9 18 16 20 11 14 12 16 17 9 14 11 13 8 10 21 13 26 24 14 27 11 12 14 12 13 11 17 13 18 18 18 21
14 12 13 15 11 9 20 12 14 14 17 22 13 14 17 11 18 11 18 20 10 18 15 20 15 16 18 20 19 18 15 16 13 19 15 18 11 18 20 14 18 13 11 16 11 14 18 12 16 16 18 22 8 15 14 12 17 19 13 17 11 11 18 19 11 17 13 11 18 12 17 18 15 21 20 19 14 11 12 12 17 12 18 11 18 23 9 24 12 10 24 22 14 20 14 17 21 26 14 12
21 12 13 9 12 19 24 15 15 17 12 11 23 18 22 20 19 18 16 24 12 19 30 16 17 16 22 12 16 12 13 12 15 24 19 15 15 12 13 11 12 18 14 18 14 15 15 16 10 16 18 14 21 18 20 13 15 19 17 16 21 15 16 9 16 14 14 12 12 12 16 14 14 14 17 21 13 15 19 17 11 12 19 10 10 16 15 17 13 12 21 10 14 23 18 14 15 17 14 14
12 11 17 13 11 14 20 16 20 19 14 10 18 16 10 6 14 9 10 14 17 20 26 17 18 11 24 19 16 13 17 21 23 23 20 13 18 15 12 13 12 13 16 13 13 14 17 6 17 22 15 16 17 17 14 20 21 12 13 22 18 14 18 13 15 16 8 23 18 20 18 10 14 9 19 19 11 16 11 18 15 14 12 12 12 14 10 14 15 18 7 15 14 23 8 23 16 17 18 11
18 10 13 14 21 16 12 22 17 19 22 19 16 19 18 16 18 12 14 10 19 12 14 17 14 11 16 11 17 14 8 18 18 12 16 17 13 12 17 18 12 16 15 21 18 15 10 11 16 11 13 14 15 19 18 16 16 16 13 18 20 18 6 12 23 13 18 18 16 17 14 16 14 17 20 8 17 17 16 17 16 16 10 17 25 16 8 13 15 18 17 24 19 11 14 14 18 11 16 17
17 16 18 16 13 8 20 10 15 17 22 22 17 17 6 12 13 15 11 16 22 15 10 29 14 19 14 12 16 16 16 12 12 13 16 14 15 12 15 22 17 15 14 19 12 18 19 16 17 12 11 19 23 15 21 19 10 17 13 21 17 13 18 18 9 18 15 16 14 13 13 26 12 17 18 12 19 17 19 12 16 15 13 17 19 16 17 16 15 21 17 16 17 22 18 21 13 19 15 17
21 14 14 26 19 19 15 18 17 15 20 13 12 10 12 19 17 15 14 15 16 21 23 19 13 18 14 16 15 17 22 18 16 17 13 10 22 20 17 21 14 12 15 11 14 20 25 21 19 22 14 11 17 13 11 20 22 18 23 14 15 12 13 14 17 15 10 15 17 16 15 25 20 16 22 20 19 17 21 10 15 18 18 11 17 21 16 21 14 16 15 22 16 9 16 12 13 13 19 11
25 22 19 21 19 14 16 13 10 12 14 14 12 10 13 11 15 16 11 14 13 11 11 20 20 16 18 22 15 10 23 12 14 17 22 15 13 22 14 17 10 23 17 21 13 12 14 15 15 11 12 22 11 11 21 15 11 22 18 9 11 18 17 20 11 14 13 24 11 6 14 10 13 17 10 17 14 24 14 14 19 20 20 14 12 9 16 16 10 18 25 16 14 18 12 14 12 23 13 10
16 25 16 21 13 13 15 14 18 15 19 15 18 10 18 16 19 14 12 17 14 14 13 16 21 22 16 18 11 14 16 11 11 24 13 13 14 14 15 14 9 10 14 17 16 20 9 13 18 15 15 26 13 14 12 18 14 10 17 18 16 11 15 17 18 19 23 14 19 18 13 12 12 12 9 14 14 15 6 19 17 18 11 17 12 11 17 25 16 6 13 14 18 11 22 14 12 15 18 15
28 12 15 19 14 15 12 14 24 18 20 15 16 12 19 21 13 11 16 12 12 10 19 17 18 7 19 10 16 20 13 16 17 14 22 9 22 16 17 12 15 15 18 20 13 8 13 17 20 15 17 12 19 18 14 11 19 23 12 10 17 18 11 15 20 15 18 16 13 15 15 14 19 23 13 9 14 12 10 8 15 23 17 18 21 18 16 15 13 16 22 18 10 14 19 16 14 14 13 14
13 12 15 19 17 15 9 16 14 10 23 16 23 20 13 19 17 17 18 19 28 13 16 12 17 12 18 19 16 9 15 14 19 12 14 14 13 10 24 16 21 13 18 14 15 10 14 15 19 9 15 16 14 21 16 18 11 17 18 11 19 16 11 15 16 24 16 10 11 22 18 18 12 13 9 21 16 21 21 15 16 22 17 16 15 17 15 13 13 8 10 15 11 15 20 11 14 14 18 11
14 17 16 13 14 15 18 7 16 12 19 17 16 17 12 15 21 14 14 9 19 23 12 15 18 18 23 17 20 12 11 18 15 13 19 16 22 17 17 12 19 7 14 18 15 21 9 19 19 11 15 18 11 18 18 15 16 22 18 18 16 12 15 12 15 13 19 21 19 8 17 15 11 17 18 13 18 25 20 12 11 32 14 11 13 21 11 19 13 16 10 16 16 12 17 29 24 24 17 14
19 22 18 22 16 16 16 24 21 16 9 9 21 11 23 11 20 18 15 15 12 18 18 14 12 12 19 13 8 15 13 12 18 17 15 18 11 19 15 12 13 17 18 18 14 17 21 10 9 16 14 13 19 10 13 15 22 11 18 20 14 11 12 10 15 17 10 11 13 15 12 13 17 25 14 11 10 16 12 16 16 8 12 21 16 13 13 11 24 13 17 18 13 10 8 15 15 20 13 16
19 19 17 13 10 19 11 19 17 21 14 23 16 14 21 15 14 23 17 15 13 15 25 13 22 16 15 9 14 18 20 20 15 16 26 12 18 11 20 18 13 11 13 10 13 15 21 15 12 12 21 15 10 12 15 8 10 18 16 19 17 13 18 13 17 16 19 15 10 13 15 12 14 7 17 15 10 9 12 13 17 15 16 21 13 13 11 18 27 21 18 14 19 19 12 21 8 15 13 22
13 12 10 15 12 10 18 13 16 13 20 17 15 16 9 7 8 7 6 14 8 10 7 4 16 15 6 9 11 9 11 10 4 11 10 7 5 9 9 5 12 12 7 10 9 8 5 4 9 5 11 7 10 7 7 7 6 7 12 7 10 9 4 9 8 9 8 6 11 9 5 6 8 5 27                         
