0.4 1380 14 10 12 18 15 19 15 18 19 13 17 9 13 9 18 16 17 14 17 12 14 15 17 13 18 13 14 10 14 26 14 14 12 13 20 18 23 15 21 18 17 6 13 12 24 14 16 14 24 12 20 22 19 16 14 20 13 14 17 24 15 19 19 12 14 13 20 19 15 18 18 15 15 15 17 20 13 15 19 21 12 12 13 16 8 18 11 13 13 21 12 10 14 11 16 12 11 17
13 16 17 18 25 19 10 13 17 25 21 11 25 20 13 15 20 25 19 18 16 22 14 23 17 10 17 24 15 20 15 19 19 15 13 10 24 16 19 22 17 15 17 19 13 9 17 19 18 12 15 22 20 11 14 14 9 13 14 11 17 22 9 13 16 12 17 14 12 11 15 15 19 12 13 16 18 13 17 21 11 19 13 19 14 17 16 21 16 14 18 10 15 14 16 15 16 19 16 19
14 16 16 17 16 12 16 14 10 20 7 16 12 15 14 17 19 10 11 13 24 20 16 16 15 13 21 19 16 18 16 17 16 9 21 17 14 16 17 19 9 21 23 14 14 17 23 21 9 17 16 15 14 12 14 21 16 18 12 19 12 15 11 16 16 15 16 22 16 20 14 15 11 14 19 14 11 16 18 13 10 20 19 14 12 14 17 12 13 14 19 16 13 13 13 9 20 22 13 8
12 23 17 15 17 25 13 19 16 22 12 14 21 20 22 16 13 20 13 13 14 14 21 15 13 21 14 14 15 14 12 13 19 22 20 24 17 15 17 19 13 17 18 17 11 18 19 19 16 11 12 28 16 17 17 17 10 11 13 16 18 24 11 22 17 19 10 15 24 16 10 14 12 17 14 17 14 10 12 20 17 23 12 16 18 14 17 12 19 19 18 16 15 11 21 17 21 12 14 12
12 18 9 13 18 17 20 15 11 20 15 26 18 13 14 13 16 13 19 24 22 19 10 15 17 22 13 15 13 11 14 15 11 10 18 15 19 8 18 20 22 16 15 21 12 8 16 14 25 14 14 21 17 20 12 22 20 17 17 12 15 10 18 20 8 12 9 13 18 17 20 20 19 14 15 19 13 15 18 17 14 14 16 16 18 15 16 16 17 15 14 19 18 17 17 19 15 17 23 14
12 21 14 9 11 24 24 16 15 17 12 30 16 18 16 16 16 19 17 20 24 15 11 15 16 13 21 21 12 17 17 16 16 22 22 16 17 17 16 18 15 15 17 21 16 23 19 8 10 10 15 17 18 10 17 16 28 17 18 18 22 11 14 19 18 13 16 10 18 19 21 14 14 16 19 16 13 10 11 19 9 16 12 16 15 18 14 17 14 22 19 19 9 16 10 16 18 13 12 21
20 27 15 18 16 17 13 16 12 16 9 20 17 19 12 18 13 13 9 18 11 12 21 18 17 19 12 19 17 13 18 18 23 23 20 21 10 16 15 12 9 9 19 17 19 19 13 23 22 14 23 18 15 11 10 16 16 10 10 13 19 13 13 14 19 22 15 14 14 18 15 23 18 16 14 31 18 11 18 15 9 13 18 17 10 22 16 21 22 24 15 20 17 18 14 15 18 14 15 11
11 21 14 16 21 17 17 18 18 8 15 11 12 12 14 16 18 15 15 14 15 17 15 14 14 20 20 14 15 18 17 20 15 22 18 20 15 18 20 14 15 17 22 14 23 18 17 17 16 16 15 13 14 10 13 15 16 11 19 15 18 9 9 14 15 20 15 12 15 16 18 18 13 19 17 15 13 19 21 10 13 15 13 15 10 10 16 17 17 15 13 10 16 15 16 17 20 14 14 16
18 20 18 12 15 15 14 16 16 12 22 14 18 12 11 16 13 22 7 19 23 7 14 17 17 17 10 20 13 13 24 14 13 17 19 7 15 20 22 18 23 11 20 16 14 19 15 12 21 13 14 16 22 17 16 12 16 11 11 18 14 13 16 15 17 12 19 10 20 14 14 11 21 18 13 12 13 14 16 13 16 13 18 20 13 15 17 16 16 11 15 18 15 17 15 16 9 21 11 20
13 14 12 13 22 12 14 15 7 17 21 20 18 9 15 13 17 21 24 15 12 12 15 17 12 18 17 12 20 20 20 15 13 13 14 12 14 23 6 17 19 12 9 14 9 15 15 14 15 13 14 15 8 14 13 13 15 9 14 17 10 19 14 19 15 17 13 19 24 7 13 14 11 17 14 19 13 18 20 11 20 16 11 13 9 20 14 9 13 17 13 9 19 13 11 16 17 19 24 17
16 20 19 20 13 14 22 21 18 18 20 20 16 24 19 22 11 17 19 15 14 13 18 13 16 9 20 23 13 12 11 16 14 12 17 10 11 17 13 13 13 27 19 12 12 15 18 18 16 18 18 13 13 18 14 18 18 17 15 19 15 16 18 14 13 19 10 9 18 13 16 19 23 20 15 15 13 21 16 16 14 11 23 16 18 15 18 16 22 22 14 11 13 21 14 17 9 26 15 15
16 22 10 18 21 18 20 17 14 13 15 12 11 9 14 13 19 18 11 18 20 19 21 12 18 16 13 18 12 18 18 27 15 18 16 15 15 14 19 15 10 13 15 18 21 16 16 18 14 18 17 16 31 16 20 12 12 13 9 10 18 18 19 14 12 16 14 17 14 12 22 22 15 18 15 20 21 18 15 17 19 15 19 13 21 14 10 16 18 17 13 17 22 21 12 17 23 24 19 16
16 12 16 18 17 19 8 16 18 21 11 18 18 13 12 14 13 20 17 12 16 18 15 10 17 23 10 13 13 11 10 16 17 27 13 16 13 13 11 15 11 19 14 13 9 18 16 14 21 16 13 14 11 16 14 10 14 13 17 18 10 19 23 13 15 18 11 16 17 14 13 23 20 22 13 15 21 20 11 19 21 16 22 20 15 13 12 14 8 15 15 11 12 14 15 16 17 13 13 12
11 12 15 19 21 14 13 17 13 15 22 18 18 26 22 21 10 21 13 17 16 13 12 20 25 7 6 6 8 9 8 5 5 9 10 9 10 9 10 11 12 13 7 13 7 15 7 8 7 7 8 7 6 9 8 8 11 6 7 6 8 6 6 7 9 7 7 5 17 10 15 7 10 8 5 9 6 10 13 13 7 11                  
