0.444444444444444 1703 13 22 19 34 10 14 18 18 13 23 18 16 12 15 15 14 14 18 9 15 19 16 15 23 19 22 19 11 23 13 10 23 19 11 19 16 15 10 16 18 20 11 18 10 26 15 19 20 15 13 18 20 17 15 11 15 15 17 17 25 15 19 16 19 16 16 23 18 21 9 13 19 12 20 17 12 12 10 10 17 20 13 17 15 9 12 18 18 19 19 9 20 17 15 12 17 18 16
17 13 21 16 21 15 16 16 17 16 20 15 12 14 8 18 21 11 12 17 19 18 17 24 16 17 20 20 14 17 16 12 20 19 16 13 15 20 18 18 9 16 22 11 14 24 16 23 13 13 15 19 12 8 14 14 13 17 14 17 10 9 12 10 14 23 17 22 15 22 18 16 17 19 15 18 18 13 13 17 13 10 17 22 22 26 17 11 17 19 23 16 16 11 15 18 13 15 18 21
13 14 18 22 10 18 20 16 17 16 17 19 22 14 19 16 14 15 18 10 14 11 15 11 12 20 18 18 14 10 16 21 17 18 22 18 10 14 8 13 18 21 19 20 12 16 13 18 20 15 12 16 17 13 20 17 16 14 18 19 16 14 21 15 19 16 15 23 11 16 15 14 14 13 18 15 13 13 14 23 17 25 9 16 24 9 16 19 18 18 19 24 20 18 28 10 14 22 19 11
13 16 16 12 23 18 26 11 9 7 13 14 17 17 16 12 19 13 14 11 21 20 14 12 15 17 16 18 18 20 17 19 11 17 29 13 16 12 18 22 15 13 15 22 19 16 9 14 8 17 22 12 16 14 14 20 19 17 14 12 7 16 27 19 12 14 24 11 18 14 12 13 16 13 12 22 21 12 12 10 20 10 14 14 16 18 17 9 19 23 14 14 20 16 13 27 16 23 20 13
22 5 15 12 13 24 18 17 27 16 20 19 19 11 16 16 18 16 8 27 12 14 23 9 16 11 14 15 12 26 21 18 17 14 18 13 13 17 23 8 11 16 11 10 10 21 14 16 14 16 20 15 16 24 19 11 13 18 15 15 20 13 16 18 14 21 18 22 28 18 18 18 25 14 12 19 15 16 18 13 16 22 17 14 24 11 15 15 15 13 12 17 11 17 18 12 12 15 9 17
21 20 22 10 31 18 13 18 15 15 12 18 18 16 10 18 15 23 24 27 14 14 17 21 17 18 24 18 20 13 20 16 20 19 16 15 20 20 10 19 14 16 15 19 18 29 14 15 17 9 22 17 9 16 15 9 12 16 23 11 14 19 17 15 26 11 20 17 24 14 20 13 17 16 13 13 11 11 19 15 19 12 14 11 20 19 16 15 21 16 16 18 13 22 22 25 17 23 22 13
16 18 15 19 13 16 13 25 15 15 10 15 15 13 22 16 18 17 17 13 16 11 8 12 21 19 20 19 20 19 15 26 14 14 19 15 16 14 10 17 13 19 18 19 21 11 15 10 18 23 14 20 14 20 17 19 11 10 18 15 13 12 22 18 12 27 19 21 12 19 13 20 17 18 19 16 17 17 16 21 14 11 16 13 22 19 9 15 17 9 15 22 23 18 11 19 12 21 14 28
15 17 16 17 19 21 19 13 16 23 21 18 19 13 29 15 13 16 14 19 13 20 16 16 16 16 17 17 24 18 23 19 17 19 15 14 11 17 16 9 15 18 14 17 20 12 16 21 11 17 16 21 9 19 10 19 16 17 17 18 7 18 17 12 17 13 13 18 25 15 17 13 19 17 17 23 12 9 16 12 10 9 19 27 19 13 16 18 20 21 27 12 18 23 10 14 14 18 14 22
16 11 11 16 17 19 16 18 20 14 22 10 15 22 21 11 17 11 19 10 14 11 12 16 22 18 15 13 18 13 14 17 9 16 18 16 21 16 11 13 13 12 17 16 19 13 15 20 13 20 14 11 9 14 17 12 11 22 17 13 17 21 15 15 15 13 15 17 16 14 21 11 16 18 12 17 18 19 14 19 16 17 17 21 24 15 24 11 18 25 12 12 21 25 23 11 12 23 15 20
25 27 16 20 13 23 22 18 13 13 14 17 24 17 16 17 10 8 20 12 16 7 15 22 9 21 20 18 17 14 18 12 19 18 15 13 8 16 18 15 19 18 23 17 18 18 18 18 20 13 10 17 19 18 17 15 13 17 27 11 25 14 18 13 14 14 15 10 17 13 16 21 20 16 21 14 17 16 23 15 15 9 18 14 13 11 17 15 17 15 12 24 18 25 16 17 16 18 22 16
19 18 21 18 17 24 20 18 17 25 20 20 8 19 22 17 14 22 21 23 22 12 18 17 20 21 10 17 21 14 28 20 18 16 12 24 16 21 18 17 18 15 17 15 15 21 23 14 18 18 12 14 26 18 19 15 17 17 13 26 22 13 18 14 20 23 9 22 24 20 13 22 17 26 17 22 23 15 21 18 18 20 12 18 13 23 14 22 14 23 11 17 14 17 16 18 22 14 13 14
18 17 27 21 15 14 11 21 12 16 16 10 11 20 22 12 16 11 17 15 11 19 18 17 19 22 17 16 10 17 18 19 14 13 22 11 21 15 18 18 23 17 12 11 12 22 17 18 11 20 18 15 15 23 14 15 14 17 11 11 18 17 12 13 20 16 13 19 12 21 12 12 21 13 14 19 14 18 12 17 18 20 14 21 21 18 20 13 16 16 23 9 16 21 22 23 18 23 9 16
12 15 19 18 16 21 21 12 16 21 15 19 12 13 23 16 21 10 16 14 16 13 22 17 8 15 17 19 21 19 21 15 18 17 12 15 15 12 15 18 7 22 18 14 14 17 14 12 14 23 11 16 18 21 11 15 15 17 21 15 17 25 15 16 14 16 11 18 13 19 17 15 17 20 13 17 10 9 27 10 25 15 18 27 15 20 12 18 18 14 22 15 13 11 15 10 13 18 11 17
11 21 21 18 18 17 18 11 21 15 19 22 19 17 9 13 18 18 11 17 14 15 17 14 12 13 19 11 18 15 20 15 21 13 22 16 12 14 16 12 20 24 18 19 16 13 15 14 14 15 14 17 17 16 23 21 24 29 12 14 22 15 22 15 17 16 22 26 26 14 16 21 18 14 17 13 15 17 17 21 8 20 15 9 21 14 20 19 16 17 15 21 11 28 16 10 15 21 14 22
23 20 18 22 16 21 16 18 12 25 18 20 14 16 20 22 18 13 16 14 19 18 21 13 15 8 26 9 21 18 13 19 15 16 17 18 22 15 14 22 18 17 22 21 17 13 16 15 15 17 14 13 18 25 14 17 22 18 16 15 14 18 15 18 16 13 24 16 16 21 17 9 16 15 11 16 12 14 20 13 17 21 20 17 18 18 14 13 21 20 21 16 23 12 20 20 21 14 21 20
21 16 16 19 25 15 16 20 20 18 14 15 20 19 21 13 20 13 16 21 12 14 17 17 13 14 14 16 17 13 20 20 14 12 12 14 24 15 22 20 16 14 20 17 15 25 22 14 15 26 14 14 12 21 18 18 21 16 15 20 16 24 11 17 18 18 23 15 17 14 23 19 14 18 11 15 11 14 17 17 11 17 18 16 17 15 20 18 25 14 15 13 14 16 18 21 20 15 20 12
18 17 17 15 34 7 15 15 15 18 14 19 15 16 14 11 17 12 16 17 16 16 24 13 20 25 15 14 9 16 19 14 8 17 15 15 18 16 7 8 11 6 12 7 12 6 11 6 4 6 5 7 6 9 9 5 10 12 6 9 10 8 11 11 8 9 9 6 9 10 10 6 7 10 8 5 7 8 12 12 14 9 4 7 5 7 7 13 6 9 12 6 5 7 8 6 13 7 10 8
11 10 7 10 23                                                                                               
