0.333333333333333 1593 19 20 15 19 19 19 20 16 23 13 12 13 18 20 18 21 14 17 21 24 20 17 14 22 15 21 14 19 11 28 17 13 27 14 14 11 12 25 15 19 7 18 19 21 13 22 14 17 19 17 23 13 11 12 15 18 18 23 17 13 20 23 20 14 13 24 19 18 19 23 14 21 19 29 15 23 16 13 14 13 14 19 21 22 14 15 17 19 18 13 19 16 20 20 15 21 12 17
13 25 27 21 12 14 13 15 15 16 12 24 15 12 19 14 17 21 17 18 18 24 15 17 18 8 18 16 14 23 9 20 17 26 13 18 19 17 18 11 14 13 14 19 19 15 20 14 18 25 21 21 16 19 12 13 21 15 19 21 19 20 12 19 15 16 22 15 20 13 20 19 19 13 16 15 15 22 20 16 9 21 29 21 19 29 20 17 22 15 17 19 22 17 18 18 15 18 12 15
16 23 18 17 23 24 17 12 17 19 21 24 22 23 10 13 16 21 21 19 15 13 19 13 16 13 11 14 18 20 20 27 21 25 22 18 17 20 13 18 25 16 28 14 16 22 20 17 14 17 8 14 16 19 14 20 22 20 17 15 12 20 15 15 12 17 14 24 21 11 14 7 17 17 23 18 13 22 9 21 18 25 21 15 16 11 19 19 21 21 14 13 20 12 22 24 16 18 18 25
23 18 17 20 23 12 8 13 21 19 15 12 15 26 19 25 17 17 15 9 15 20 25 19 16 9 18 22 21 23 16 26 15 17 19 12 20 8 9 17 15 22 19 13 20 14 19 12 7 15 17 20 23 16 16 18 16 22 16 17 21 16 19 17 28 21 18 13 15 28 16 15 14 16 21 23 22 8 20 19 13 18 21 24 25 20 17 12 20 21 20 13 21 28 19 18 23 25 14 20
19 14 17 20 16 17 13 15 17 18 20 15 21 15 18 20 21 15 24 21 17 15 15 12 12 26 18 12 16 19 10 18 17 20 25 17 10 16 13 21 17 16 16 14 13 20 18 18 19 20 17 15 19 17 19 12 17 17 15 18 15 16 15 17 14 16 21 23 12 11 19 20 23 24 18 21 19 19 18 12 15 14 13 17 16 13 18 25 17 12 16 20 12 19 15 19 23 16 19 14
15 21 20 21 13 18 20 12 17 22 21 16 20 14 23 7 23 16 21 15 13 12 13 12 17 23 18 16 16 20 10 17 14 18 17 23 22 9 21 18 12 17 17 16 12 16 21 22 12 20 17 21 16 19 26 15 12 15 10 15 20 10 13 15 25 13 17 23 13 19 12 12 8 25 24 11 22 23 22 21 16 19 22 31 22 22 19 18 20 14 16 24 24 26 20 19 19 13 10 14
26 15 25 19 16 15 18 25 16 12 15 15 20 9 19 10 11 16 22 19 13 17 20 12 19 21 15 10 15 22 16 19 17 12 12 17 22 16 18 24 17 15 18 15 9 19 20 12 19 20 23 21 17 17 25 16 21 16 22 14 12 12 20 15 15 17 19 19 14 27 8 20 21 13 20 20 20 17 11 27 18 22 19 28 19 21 13 15 18 16 25 22 13 20 18 21 15 16 18 15
17 19 16 17 13 23 27 23 20 16 17 17 18 21 19 12 17 20 12 14 15 18 20 22 20 15 17 16 19 21 9 18 15 16 24 15 23 25 16 9 14 20 14 17 17 19 18 16 18 23 14 19 17 16 19 13 14 25 13 16 23 18 11 15 17 16 20 18 20 18 18 17 18 17 29 15 20 23 18 15 17 15 13 20 14 18 23 19 15 16 17 16 22 16 17 13 22 13 18 20
14 12 18 36 11 9 19 14 11 14 14 16 16 14 19 16 16 25 20 21 12 22 11 15 21 26 14 22 15 15 18 14 16 19 13 18 18 18 9 16 17 23 16 22 8 11 17 15 20 17 19 11 16 17 15 17 16 21 13 15 14 15 19 26 21 17 11 16 19 16 18 20 13 14 13 24 14 19 8 25 17 15 11 17 17 14 20 18 11 15 21 12 18 20 21 16 23 27 12 17
16 17 16 16 15 18 23 16 17 13 11 21 14 16 19 21 18 11 14 20 14 16 22 23 18 19 24 17 19 23 17 16 19 22 26 13 17 17 13 17 14 18 17 19 16 15 19 19 17 10 19 20 19 21 13 21 13 15 22 17 20 22 14 20 19 15 16 14 15 18 20 14 18 14 18 18 19 16 17 14 20 19 17 21 15 21 18 16 15 26 18 17 18 23 20 19 19 12 12 21
15 11 16 20 20 15 17 20 11 15 23 13 15 22 18 19 15 22 22 17 24 20 23 20 13 22 16 16 19 13 18 18 17 17 11 15 10 14 19 20 17 20 19 18 15 20 19 21 24 18 17 21 12 18 20 12 18 23 16 17 18 18 15 17 16 14 18 16 14 20 26 22 17 14 23 15 19 19 17 13 19 16 21 17 20 18 11 13 17 18 16 18 20 13 23 16 12 12 11 12
13 16 13 15 16 19 16 17 13 14 15 21 8 24 22 11 15 19 19 28 15 14 17 17 16 12 19 18 24 10 18 16 24 23 14 20 15 21 17 17 21 16 11 15 14 13 14 10 16 12 14 18 15 15 16 19 16 13 21 21 20 16 15 13 18 24 16 14 15 21 15 18 18 24 22 19 16 13 15 14 18 18 15 13 15 18 18 19 9 15 13 17 20 19 15 14 10 14 20 20
20 11 20 15 14 10 19 19 11 18 19 19 21 15 16 23 21 25 23 19 15 17 12 21 16 16 16 14 20 24 14 17 27 17 15 11 20 21 18 16 11 14 16 17 19 20 11 23 16 17 24 16 16 18 21 13 17 17 16 11 21 14 16 20 25 18 17 18 24 19 17 16 23 16 17 20 25 19 15 20 24 15 18 18 19 16 16 19 11 20 16 27 16 16 18 19 23 19 19 15
10 17 18 15 14 15 21 10 18 20 15 14 15 23 15 14 17 13 16 18 13 17 15 21 17 20 14 21 15 22 14 21 24 11 16 21 24 13 23 16 23 20 14 19 16 16 23 20 10 15 16 21 22 18 15 24 13 20 27 16 16 15 20 22 17 22 21 19 15 17 23 23 14 14 14 15 17 18 20 16 18 13 23 21 18 17 9 16 24 22 17 14 14 19 17 14 27 16 14 14
17 18 15 20 16 18 15 19 12 21 24 10 21 16 14 18 20 20 20 20 14 14 19 20 22 19 16 20 18 15 15 18 18 15 17 14 19 16 22 22 18 12 23 16 14 6 26 17 18 17 19 24 24 17 16 17 20 18 17 15 19 21 18 18 10 25 16 17 12 17 21 14 17 11 20 14 18 14 12 21 20 17 17 17 17 14 11 18 14 16 22 13 24 25 18 19 23 17 14 19
23 21 16 14 18 19 17 22 16 33 25 13 17 15 16 16 23 12 22 23 19 22 13 18 19 18 16 15 17 13 15 29 17 23 11 9 11 12 9 11 15 10 7 9 5 7 12 9 9 9 8 7 10 9 14 4 7 8 11 12 10 5 10 6 6 8 12 12 9 14 18 13 13 10 8 11 11 10 6 12 10 13 9 7 11 6 7 10 7 10 5 13 9 6 11     
