0.461538461538462 1482 13 13 16 14 14 12 11 14 16 14 30 17 13 17 18 11 17 16 13 21 16 13 15 22 16 11 13 17 14 15 17 12 17 14 11 17 17 8 7 15 10 21 15 12 13 19 12 18 15 15 16 12 17 14 15 14 11 15 16 13 19 13 10 13 16 13 11 9 16 10 10 8 18 14 18 15 14 15 8 19 12 20 18 18 16 12 15 15 19 20 14 15 15 13 19 11 15 14
10 15 20 21 10 9 19 16 18 11 9 15 22 15 15 15 12 10 18 11 13 10 6 13 19 14 11 18 20 13 9 9 10 14 16 17 9 10 17 17 21 20 17 16 13 17 15 12 18 14 13 15 16 14 21 19 19 14 16 14 14 21 20 11 10 12 18 11 14 15 10 10 12 19 19 15 15 16 14 16 20 13 15 7 14 16 18 16 18 13 14 13 17 19 16 14 15 19 13 16
16 17 14 20 18 17 15 14 19 12 16 12 13 18 12 20 10 16 17 9 8 14 13 14 9 13 14 11 16 18 12 8 15 14 22 15 11 22 16 16 15 23 13 14 15 12 9 11 15 15 12 17 16 14 14 8 15 15 18 20 14 16 15 19 14 12 6 11 12 13 14 21 17 13 15 23 13 9 14 20 12 16 19 16 11 13 11 7 12 13 18 14 13 16 13 8 15 11 18 12
16 14 14 10 22 11 9 14 22 16 13 18 13 13 16 11 10 20 14 12 17 23 8 18 16 16 15 8 21 18 17 13 18 23 20 13 14 16 12 10 17 15 8 10 15 15 19 14 12 12 12 13 15 9 15 13 15 12 14 10 10 18 19 21 15 12 17 13 13 11 8 10 10 10 13 14 14 13 19 15 14 14 14 14 15 16 16 18 15 15 18 19 13 16 10 19 14 13 21 16
24 20 10 13 16 15 22 15 10 11 14 13 13 11 9 13 15 12 8 10 13 17 15 17 12 19 16 9 18 17 14 10 10 9 16 15 12 14 13 12 16 9 19 10 17 11 12 14 23 17 12 13 12 18 14 24 16 17 12 7 12 21 17 15 15 10 15 13 10 11 14 16 10 13 16 11 10 16 15 12 15 11 13 13 12 11 14 7 15 21 15 9 8 12 13 10 19 13 13 15
14 15 19 10 9 15 21 14 15 14 16 10 24 20 12 12 15 13 11 15 14 11 11 13 9 17 9 14 10 13 17 23 12 13 18 15 16 12 12 8 16 15 18 9 14 18 17 13 22 16 18 12 10 11 23 12 15 15 13 13 8 16 12 18 8 16 13 12 20 12 12 15 17 20 15 11 15 13 15 17 23 15 12 14 17 11 13 15 11 15 13 17 11 17 14 16 11 11 14 10
18 18 11 18 9 14 17 16 15 22 10 14 18 11 14 17 17 13 15 20 12 11 25 22 10 15 11 14 11 11 11 12 15 10 16 18 19 9 11 13 12 17 6 17 13 18 12 8 19 17 14 14 16 13 12 14 23 14 20 11 16 6 17 13 19 14 18 13 13 11 10 15 13 12 13 12 15 17 11 15 16 17 19 23 17 17 13 15 17 17 22 14 11 11 12 15 17 10 16 13
16 11 16 12 14 14 18 11 15 14 13 15 18 18 12 14 19 18 31 17 19 11 13 19 15 12 11 14 14 13 15 15 13 13 9 11 9 11 13 16 15 11 17 15 19 16 10 14 18 17 14 13 19 15 14 18 11 9 10 10 14 15 9 17 15 14 16 21 19 10 20 13 12 10 13 14 12 15 18 12 12 10 14 9 7 18 17 17 13 9 16 18 22 8 12 10 18 10 7 18
13 14 17 17 14 13 8 14 13 19 16 7 15 15 13 15 12 17 17 14 13 21 17 15 12 11 19 16 11 11 17 12 16 16 11 18 11 13 17 16 20 13 16 8 14 9 18 9 15 13 13 15 14 15 23 14 11 17 12 14 9 14 12 22 15 17 13 16 10 14 18 19 17 12 16 12 10 14 15 13 12 9 16 11 21 16 11 13 17 14 13 14 9 16 16 14 15 15 11 13
16 10 25 15 16 16 17 16 21 18 14 20 15 14 14 18 16 8 11 12 12 13 18 15 19 10 13 9 12 11 14 18 11 19 16 15 14 17 14 20 17 15 19 16 11 16 17 20 14 22 16 15 15 17 15 16 12 13 17 11 9 16 12 13 11 12 17 14 9 18 12 12 15 12 11 12 17 13 18 14 11 13 11 15 16 15 11 16 14 19 16 7 13 15 12 9 11 17 11 20
12 16 10 14 10 17 21 13 9 11 17 13 15 11 14 20 18 12 14 16 17 15 10 18 14 14 12 16 13 13 9 17 11 16 15 18 16 24 14 20 16 17 19 11 14 12 16 17 13 15 12 17 17 21 11 16 17 18 16 10 12 15 11 10 17 8 11 16 18 15 12 10 10 10 11 10 16 13 16 18 14 20 14 9 14 12 22 17 16 16 13 10 12 14 12 14 13 9 11 10
14 16 12 17 12 16 19 10 12 14 12 17 18 11 15 15 15 16 9 13 18 8 12 14 15 16 10 11 18 14 19 12 10 15 18 12 15 10 12 9 13 14 20 16 11 8 22 8 14 9 12 11 15 17 14 13 12 10 12 17 16 14 17 17 18 16 18 21 16 15 10 14 19 12 11 13 13 15 13 16 15 12 11 12 18 9 9 14 16 21 10 13 19 18 15 11 17 12 20 13
15 12 13 11 26 16 17 11 21 10 15 21 13 12 13 13 10 14 15 9 15 13 17 21 8 14 20 13 19 13 14 19 10 14 16 17 12 16 10 12 9 15 13 18 18 14 10 23 10 15 11 14 12 12 12 15 12 15 15 13 9 15 14 14 19 16 11 17 15 14 20 14 16 15 16 16 13 18 8 16 17 16 19 26 6 10 16 16 12 16 16 14 11 17 14 13 7 15 15 21
13 16 10 20 13 11 18 13 14 23 13 14 13 13 11 12 12 10 15 10 7 22 14 21 17 12 7 18 15 14 14 14 15 14 16 19 18 14 12 10 14 21 14 15 16 18 16 14 17 13 13 9 7 15 15 8 11 14 13 16 17 19 8 17 17 15 11 10 15 13 16 15 15 14 11 9 14 19 10 11 16 11 11 19 12 14 21 11 16 11 8 13 10 16 18 14 12 18 15 14
12 16 9 18 15 16 12 16 10 9 17 17 10 12 16 17 7 6 9 8 8 9 7 6 8 8 8 13 10 8 10 11 9 5 8 6 5 7 8 11 4 9 5 11 7 5 8 8 8 9 13 6 8 14 7 5 6 7 5 7 7 8 6 15 6 5 9 5 9 7 8 7 6 4 7 9 12 6 5 6 9 7 7 6                
