0.473684210526316 1673 14 20 20 15 19 16 18 13 15 11 23 15 22 16 14 16 12 19 22 16 13 20 15 18 15 17 20 17 15 15 11 19 16 14 12 12 18 14 27 14 20 17 11 10 19 19 22 11 13 18 15 12 19 9 11 19 15 16 16 17 17 14 20 10 18 12 14 20 10 12 14 18 17 12 10 18 16 21 18 16 10 15 8 8 12 16 18 11 12 13 22 12 16 12 23 35 19 22
22 18 21 14 11 14 20 12 8 21 18 11 14 26 16 21 14 17 20 18 15 18 15 13 14 13 18 12 15 18 20 15 23 24 13 12 18 12 16 16 18 11 19 16 25 17 16 15 11 26 18 12 13 17 17 17 19 19 23 15 19 15 22 18 20 9 18 26 21 12 16 22 10 18 16 16 12 16 19 25 14 13 14 11 13 22 21 17 16 13 18 10 17 17 19 13 11 22 19 14
16 7 13 16 12 11 21 20 21 8 14 19 13 25 15 17 11 8 23 15 11 11 13 15 20 19 25 19 17 16 22 17 23 12 32 12 18 11 20 13 20 18 14 13 21 17 24 14 11 15 14 13 21 11 13 15 16 20 21 18 15 17 17 13 22 23 19 14 15 16 22 15 14 12 18 16 19 20 12 13 17 22 11 17 13 21 20 15 20 18 14 32 20 18 9 13 15 21 20 12
23 10 13 21 16 19 11 10 20 19 20 17 16 16 31 24 14 23 23 13 14 16 23 12 17 10 17 13 13 19 16 17 21 16 13 22 12 14 24 14 19 14 8 19 18 15 16 15 19 11 16 21 17 16 20 14 18 22 8 20 15 23 18 17 16 18 10 19 23 15 16 19 20 19 7 21 25 9 14 21 14 19 16 20 11 15 12 19 15 23 22 17 15 10 13 15 14 15 22 16
19 23 16 20 12 12 18 18 18 18 22 17 14 19 12 13 22 21 20 18 14 23 20 17 12 23 19 16 18 14 18 21 22 14 14 11 15 21 18 10 17 13 16 14 24 20 16 19 15 12 16 19 19 18 22 23 13 18 16 14 16 14 20 16 16 23 16 19 18 17 20 18 13 12 19 13 15 23 15 16 16 17 13 23 16 13 22 13 32 16 25 24 4 17 16 18 12 13 13 12
25 11 16 18 16 8 20 16 18 10 11 16 26 16 28 15 12 18 15 16 22 21 13 12 19 10 15 22 16 17 18 18 13 20 18 21 11 19 13 10 24 17 12 17 17 9 16 10 18 23 14 12 22 18 21 11 17 18 22 14 20 21 15 21 18 13 15 19 16 21 21 13 14 20 19 14 18 17 19 12 13 14 15 15 14 21 11 26 17 17 14 14 20 18 15 18 10 15 17 16
18 11 14 12 10 15 20 15 12 13 20 14 24 16 12 16 17 25 17 19 17 12 18 16 20 18 23 20 23 10 16 18 18 22 9 15 8 12 12 13 20 10 21 15 15 11 13 11 17 19 13 13 17 14 19 15 17 10 17 17 6 15 19 14 16 11 17 13 18 14 14 16 21 12 19 17 13 18 15 15 17 9 13 16 13 12 16 18 17 10 14 11 10 19 19 19 15 14 11 21
18 20 25 15 14 12 14 17 12 16 21 17 11 20 12 14 13 22 13 24 19 10 12 14 19 17 16 17 19 13 14 12 15 11 16 25 19 12 11 24 19 24 16 17 12 17 17 14 9 22 12 16 13 14 19 25 13 18 19 19 19 15 14 19 15 19 21 17 18 23 23 13 17 22 19 14 13 15 15 20 22 17 25 20 19 18 17 22 18 32 28 16 18 24 18 22 12 24 21 11
12 17 26 17 12 14 15 18 16 18 22 15 15 22 19 18 14 17 17 14 16 17 11 20 14 15 17 26 13 17 20 21 13 23 18 10 12 26 20 14 25 11 16 11 10 15 13 15 14 21 14 16 18 14 17 19 17 21 13 16 19 15 12 17 25 26 11 18 19 17 23 22 22 21 19 16 16 14 15 18 25 11 21 23 13 19 18 10 13 16 22 19 20 20 13 27 16 14 16 16
18 21 19 12 19 18 17 17 15 14 14 10 21 14 19 16 19 14 13 11 13 17 8 15 15 23 10 15 21 16 11 13 11 18 15 18 14 18 17 25 17 15 17 12 25 13 20 17 21 11 11 18 17 12 12 18 17 11 12 20 21 25 15 16 8 12 24 11 12 13 10 12 27 14 22 14 23 20 17 9 16 14 11 21 14 16 17 14 17 20 25 11 20 22 11 16 20 13 18 18
17 12 16 14 21 11 16 23 19 13 15 15 13 14 15 12 24 22 18 10 14 11 13 24 17 16 17 13 13 21 14 11 14 19 8 19 21 19 18 12 11 10 19 20 12 21 19 15 15 21 14 21 15 17 21 18 19 17 13 19 11 14 21 12 15 16 18 15 20 22 20 13 13 23 12 18 13 23 23 10 13 15 17 19 15 16 15 16 13 16 16 18 11 22 16 16 15 14 11 18
15 17 20 16 16 15 11 15 11 15 16 9 15 17 14 20 20 14 14 10 10 18 13 20 11 17 10 16 10 17 25 14 25 5 15 18 7 14 15 13 20 15 14 12 12 15 18 15 17 19 11 19 18 12 8 17 10 14 18 16 15 18 18 21 15 19 15 16 16 12 13 16 11 17 10 14 21 15 15 13 9 21 11 12 18 17 14 12 15 10 18 12 17 16 10 12 18 22 14 16
14 15 20 20 9 14 19 22 13 11 20 17 16 16 15 17 13 19 23 14 13 19 18 18 12 20 16 13 11 12 19 11 16 23 15 20 15 18 14 11 26 19 18 18 19 19 12 11 17 20 13 19 21 21 24 16 22 17 17 16 19 21 20 17 23 12 12 20 17 14 13 10 14 13 16 18 17 10 15 18 12 16 14 12 15 8 9 15 23 14 9 12 8 16 14 12 19 13 18 11
7 13 15 13 14 15 15 11 7 14 19 12 11 15 16 21 11 21 16 13 12 16 22 19 11 15 15 16 5 13 9 17 14 13 20 17 15 15 13 11 20 16 15 21 27 24 16 11 22 19 19 20 22 14 11 12 14 11 17 13 14 25 13 25 26 16 17 19 19 14 13 19 15 24 8 17 19 20 20 14 26 18 14 26 18 25 14 16 20 17 17 15 16 17 17 22 13 19 13 22
12 7 16 12 19 22 15 16 25 16 13 10 28 19 13 16 22 14 13 11 14 16 20 14 20 21 20 24 19 7 12 17 15 16 19 23 23 18 13 10 23 16 22 25 13 11 14 15 16 12 16 19 20 19 13 18 12 16 19 27 9 18 7 15 12 14 15 14 16 22 16 17 17 12 16 14 15 16 13 21 11 23 16 22 35 12 15 15 20 16 15 15 18 9 16 14 16 15 15 17
15 12 15 17 16 18 16 17 11 10 19 17 11 18 14 15 10 14 18 17 21 17 18 12 13 20 13 14 18 20 13 10 14 24 17 15 16 18 17 20 15 23 21 12 24 13 13 14 15 23 9 10 17 11 14 14 23 19 23 17 19 17 15 13 17 13 19 24 12 18 16 27 25 21 11 17 17 11 14 15 18 12 18 11 18 15 13 22 13 8 21 15 10 11 18 10 19 13 21 18
16 16 15 17 19 12 20 13 15 28 9 15 23 22 17 24 7 16 13 14 11 21 12 15 16 14 15 8 16 13 15 15 16 18 22 17 19 30 14 23 20 10 19 9 13 19 9 15 22 14 13 19 18 24 15 9 13 16 11 14 23 17 18 15 20 14 12 20 11 22 11 8 12 10 16                         
