0.411764705882353 2518 28 18 24 31 12 22 23 21 22 16 29 18 23 11 20 15 18 22 24 21 24 23 16 22 21 25 20 17 24 23 18 15 23 21 15 16 13 18 15 20 16 17 26 17 20 20 21 27 23 24 22 24 18 24 17 15 17 17 20 21 13 15 24 27 24 25 20 18 16 19 15 26 22 15 19 18 12 20 20 17 26 19 27 18 23 15 16 16 14 21 29 21 22 18 23 30 18 22
16 23 23 21 48 21 24 13 17 14 19 20 15 22 16 31 29 15 18 18 21 17 26 21 22 18 18 23 21 21 15 12 29 11 23 19 14 14 28 24 19 17 16 30 21 14 19 15 15 15 22 22 19 21 21 23 21 22 18 11 12 17 14 26 14 11 16 20 22 13 18 17 19 17 23 20 16 16 20 19 12 19 21 19 15 9 15 23 22 21 21 19 23 25 14 17 26 19 20 17
24 19 26 22 24 19 22 15 19 23 12 31 17 13 20 20 14 13 19 16 14 17 12 18 57 18 15 25 15 12 16 15 26 18 21 19 13 20 9 22 17 19 10 21 17 15 14 17 23 20 13 15 21 18 16 20 23 11 16 15 21 23 22 15 14 12 25 13 35 26 19 25 27 27 15 25 15 13 20 15 20 20 17 15 19 17 25 19 20 16 14 20 14 27 19 21 22 16 15 17
24 24 26 21 23 23 20 24 15 24 19 21 20 17 23 17 15 19 16 22 23 23 23 11 9 32 19 21 20 23 22 18 21 23 14 22 22 26 17 35 20 23 21 16 20 18 13 15 28 30 21 15 19 23 24 17 15 17 27 15 17 19 13 11 24 20 18 22 21 19 24 15 18 11 17 28 22 11 24 16 20 21 23 18 12 24 20 14 10 10 13 16 12 19 27 18 25 13 20 15
23 22 10 17 17 20 24 31 18 15 15 15 16 15 23 19 16 13 17 16 21 19 23 14 27 21 18 22 15 23 17 18 16 22 21 15 19 13 21 21 23 13 22 13 15 23 23 24 24 26 19 24 32 13 15 19 18 13 20 14 12 26 26 14 20 13 14 34 20 28 26 26 18 31 23 8 18 18 24 26 16 19 22 22 20 15 17 24 17 19 20 11 19 19 25 24 15 25 23 15
15 23 18 27 17 22 12 12 15 16 20 16 19 30 20 16 20 17 24 14 14 22 16 21 15 18 11 13 19 16 20 28 19 20 10 20 18 21 16 17 26 25 14 20 13 16 21 12 18 13 33 29 15 20 25 24 21 32 22 26 23 19 17 31 20 18 25 25 13 19 17 15 15 22 13 19 23 15 17 17 16 23 14 18 19 20 18 16 23 21 14 22 25 11 22 24 20 24 18 20
17 22 18 14 17 19 20 23 21 18 18 16 19 22 13 13 16 32 20 13 17 28 13 26 24 16 14 19 20 19 25 18 12 20 16 14 24 21 21 15 27 14 17 18 19 24 14 19 18 16 16 22 12 23 19 18 21 18 22 15 20 19 13 13 17 15 20 14 16 17 16 16 18 16 14 19 15 22 22 17 15 19 24 16 20 24 24 12 22 18 21 13 17 21 28 18 25 19 27 18
18 20 28 26 20 23 15 17 23 26 20 22 20 20 12 20 19 17 20 25 15 20 17 28 20 24 14 20 19 16 15 21 13 18 27 20 20 25 22 25 14 20 22 19 22 14 18 17 17 19 19 19 24 23 20 14 16 20 19 19 14 24 24 18 16 22 51 29 17 21 19 16 13 17 16 17 26 19 22 19 16 13 21 19 22 18 15 20 8 19 13 20 32 27 22 24 26 22 12 20
13 20 16 18 17 14 22 16 12 12 14 21 13 15 9 9 20 16 31 20 22 13 25 16 20 17 21 19 18 27 15 28 20 23 18 19 39 22 19 22 19 14 15 23 17 24 23 17 18 23 28 7 20 21 29 24 13 13 14 19 21 15 16 11 18 19 16 23 19 24 26 18 18 21 19 29 21 17 17 21 15 25 19 18 14 24 15 16 20 17 15 27 14 9 20 26 19 15 16 14
26 12 14 13 26 18 22 14 17 15 25 15 20 21 17 18 12 18 20 17 28 12 22 14 15 15 13 24 15 20 25 16 23 12 25 19 21 12 17 22 20 25 20 20 16 24 20 19 21 16 13 17 20 17 15 10 24 20 25 28 18 26 28 16 13 20 24 16 20 19 18 14 21 14 10 23 10 22 24 13 13 16 15 23 12 23 19 18 19 18 27 22 24 13 26 16 18 16 17 31
17 21 14 15 25 14 21 22 18 24 19 11 15 19 16 28 21 12 13 17 11 14 16 24 24 16 14 14 21 16 11 15 21 14 22 19 16 19 15 27 16 17 23 12 22 21 14 19 17 11 17 17 16 21 16 20 26 14 16 14 17 14 21 19 16 20 20 15 23 15 19 19 28 21 23 22 14 12 16 22 17 15 24 21 15 30 28 19 17 26 30 21 24 25 21 19 20 16 17 12
24 8 10 28 25 23 11 15 12 19 7 23 12 18 28 18 20 12 18 23 14 28 18 12 16 19 16 25 16 21 15 18 23 18 25 24 16 32 13 14 17 17 22 23 23 15 21 19 21 23 13 14 21 29 20 15 25 12 20 16 23 16 20 15 17 17 21 15 23 15 16 19 26 23 23 25 34 15 25 27 17 22 18 25 24 17 17 14 26 19 25 14 17 23 19 22 17 15 31 25
25 18 18 12 14 14 21 19 12 10 25 61 19 28 25 12 23 19 22 16 14 22 24 21 24 15 18 26 28 31 16 11 16 21 21 16 22 26 15 13 14 20 17 16 20 13 21 18 15 21 24 19 12 25 17 22 16 19 15 20 17 23 22 19 11 29 23 20 17 22 26 13 8 20 12 14 19 17 18 16 23 16 19 16 15 14 18 25 17 25 19 15 14 19 16 22 12 22 23 17
18 19 12 14 22 23 10 34 16 14 14 27 19 17 21 24 22 14 15 26 11 23 20 28 24 11 13 14 14 15 24 29 22 29 9 14 17 14 13 14 18 14 27 12 22 16 15 20 20 21 13 21 17 21 9 16 19 20 14 21 14 20 18 14 23 30 16 20 14 23 19 23 12 21 14 13 14 19 19 14 21 14 12 24 26 20 17 16 20 21 18 16 19 20 31 19 16 19 19 34
18 22 18 17 19 23 13 21 30 17 10 29 25 19 27 22 22 25 18 14 21 15 22 11 24 16 14 18 16 24 11 15 25 11 18 10 19 21 18 12 22 22 16 19 34 18 26 17 18 17 19 17 13 13 16 11 22 18 18 16 24 18 22 23 23 14 11 19 14 9 18 17 24 20 16 18 24 19 14 20 16 24 22 34 11 16 19 18 16 16 20 17 29 18 20 18 24 24 20 28
21 22 23 23 16 16 15 15 16 20 16 14 20 21 18 17 18 12 19 15 15 17 16 15 17 23 25 23 17 12 24 17 19 21 16 20 11 24 22 12 22 16 15 23 14 21 16 15 26 25 14 21 16 14 20 17 16 25 21 18 20 15 31 14 19 21 19 18 18 25 21 18 19 22 17 16 20 14 19 16 28 28 18 20 19 22 14 18 8 22 19 17 23 22 18 14 19 25 22 13
29 24 22 26 21 13 16 14 18 16 10 18 21 16 12 18 15 19 18 14 13 18 15 19 20 20 15 14 15 22 21 28 14 23 17 22 15 20 19 25 23 19 17 22 19 16 21 16 19 24 19 27 36 19 17 12 25 13 20 17 16 12 18 17 19 17 11 16 18 22 20 22 14 15 13 25 19 16 18 21 16 25 27 20 20 19 22 21 13 19 15 12 18 18 17 30 18 17 22 19
17 19 17 8 14 22 19 23 20 28 28 12 20 23 12 13 18 15 9 23 16 27 25 21 21 20 20 13 24 16 22 24 11 16 13 27 14 20 17 18 20 28 17 17 31 11 15 23 16 22 19 14 18 21 16 18 24 17 21 22 22 12 21 20 18 23 21 17 18 25 20 25 15 17 19 26 22 17 15 26 20 16 16 16 18 20 21 11 12 16 22 23 23 22 23 17 16 20 18 14
17 17 17 19 17 16 17 24 12 20 20 15 18 24 19 15 21 22 10 21 18 17 14 27 19 28 16 23 20 13 15 20 18 19 22 24 20 25 23 18 14 24 26 20 22 16 25 22 18 17 25 24 16 29 23 21 18 19 13 13 20 21 20 19 20 21 25 20 17 25 16 30 26 28 7 19 14 29 22 9 18 15 16 21 21 22 20 19 13 15 14 18 26 16 14 25 14 19 15 18
22 27 18 20 13 15 17 24 15 19 18 13 13 22 22 12 21 17 16 19 16 23 21 19 19 18 12 21 20 11 13 15 22 14 18 15 34 28 20 10 18 32 23 14 25 17 19 16 26 17 28 18 34 23 13 19 14 14 15 21 16 16 27 17 29 19 22 11 12 25 17 24 15 24 16 28 18 20 21 14 21 16 15 17 22 22 21 17 23 16 25 22 22 13 23 14 19 16 25 22
21 23 22 13 18 17 17 19 19 11 24 14 24 19 17 10 15 12 19 21 20 22 14 18 20 18 15 25 19 20 22 19 21 22 24 14 13 23 20 17 21 22 18 24 15 16 19 24 25 14 24 16 12 20 11 18 22 21 18 22 21 23 15 26 19 22 22 20 23 17 13 21 25 12 18 26 22 18 18 12 18 26 9 13 21 13 29 26 15 25 16 13 13 28 23 29 16 12 26 26
29 26 18 28 21 16 17 13 21 19 18 26 23 22 15 15 26 25 23 15 24 25 14 18 12 16 24 25 21 19 16 26 19 27 18 19 30 25 20 23 19 19 9 23 20 28 16 15 20 19 28 24 16 13 15 12 19 14 15 19 19 13 15 18 27 20 18 30 20 17 23 22 23 16 22 22 15 17 16 17 17 26 20 20 22 21 19 19 25 15 14 25 13 14 30 19 21 24 22 18
13 23 16 19 19 18 18 23 26 19 20 18 15 20 19 23 22 13 12 24 17 16 18 19 23 21 17 23 31 16 20 16 17 18 15 14 18 14 22 21 15 20 19 21 16 19 13 12 17 30 16 23 26 24 10 21 20 18 25 21 20 27 23 17 22 22 18 19 14 20 19 14 31 18 19 19 18 12 18 23 15 14 24 9 21 14 24 28 20 18 20 16 23 23 19 20 21 25 26 11
16 25 17 12 20 19 30 7 17 22 29 19 20 16 24 10 26 17 13 22 32 19 24 15 17 22 27 17 21 13 21 16 12 13 14 14 10 19 22 17 26 21 24 14 21 19 19 17 23 29 29 20 16 19 18 19 22 12 19 18 26 16 23 15 19 23 18 16 25 11 20 13 23 22 26 31 17 21 19 12 25 21 22 11 21 22 6 16 23 11 15 21 21 13 21 24 24 24 23 22
13 17 22 18 18 21 7 21 14 17 14 24 21 18 16 16 15 29 26 21 19 20 19 14 21 15 17 29 19 5 13 15 13 19 20 20 29 10 19 23 13 16 16 12 22 18 13 25 13 14 18 24 21 18 10 22 14 17 18 16 12 21 23 11 13 15 14 21 19 12 28 16 18 20 15 16 22 12 25 35 11 23 19 11 28 16 25 16 15 14 22 14 20 15 11 32 18 11 11 20
23 13 23 17 15 19 17 25 17 13 15 12 20 26 19 15 10 18 16 19                                                                                
