0.347826086956522 2052 23 16 19 16 17 18 17 22 24 32 17 17 18 18 21 28 17 19 19 22 24 17 19 19 11 22 21 24 13 21 23 26 24 18 15 17 26 25 24 24 20 22 14 19 23 14 16 16 25 18 15 18 21 13 29 20 17 15 8 25 18 18 17 24 20 26 26 17 20 26 19 19 15 25 19 16 15 15 20 18 23 21 15 26 21 15 20 18 22 18 12 24 13 11 17 9 15 17
25 15 18 13 26 28 23 18 24 19 13 26 12 20 17 27 10 16 14 12 24 18 26 24 20 21 22 19 14 20 19 12 26 20 17 10 23 25 22 19 19 9 20 13 16 24 20 17 27 16 18 17 13 16 10 16 27 24 17 26 18 15 19 37 16 22 18 19 19 13 20 8 45 12 21 20 19 14 18 19 20 26 20 18 14 14 15 24 22 25 15 15 27 11 19 16 18 19 16 18
22 20 11 30 23 15 17 20 16 18 16 22 18 22 18 19 22 17 17 28 19 15 18 18 16 23 23 7 18 19 11 15 11 20 16 16 12 20 23 25 19 23 13 15 21 22 19 19 14 18 20 17 12 21 8 20 21 12 24 17 25 31 22 21 19 22 16 18 17 16 27 20 10 23 15 20 24 13 15 24 22 13 22 21 17 19 17 16 13 22 18 21 19 13 23 22 18 13 18 18
21 15 19 18 23 18 17 19 21 18 16 18 20 13 17 21 15 13 23 19 18 25 24 20 17 18 17 16 18 15 16 17 20 15 13 21 18 21 22 23 14 23 15 21 20 13 17 30 16 15 24 24 14 19 16 21 17 26 21 18 27 13 22 13 15 13 21 23 25 15 18 27 11 17 24 20 22 13 29 10 16 15 15 11 28 17 15 22 15 21 18 16 17 25 17 16 14 17 16 18
18 27 12 24 15 12 16 21 22 16 17 20 15 20 21 17 16 19 13 18 21 26 20 22 20 27 20 22 19 19 14 13 29 16 17 17 18 17 19 16 16 24 16 28 20 18 14 23 23 29 17 21 20 23 25 16 18 24 21 18 20 19 16 15 33 20 14 19 16 25 21 20 20 18 20 22 12 13 16 9 27 18 20 22 27 19 14 22 11 16 12 18 16 22 23 18 9 16 23 9
19 19 14 17 18 25 15 13 16 15 23 16 20 30 16 20 14 11 18 25 21 19 17 20 15 16 15 13 13 17 13 21 25 19 28 17 20 19 10 21 23 25 16 17 18 22 13 10 20 16 23 22 18 15 14 21 12 13 12 16 14 9 16 25 17 21 25 19 12 14 10 32 15 16 13 17 9 18 21 29 13 15 19 13 18 18 30 23 9 22 17 21 16 21 12 12 19 24 24 16
17 13 20 17 23 25 15 18 26 21 15 14 16 17 23 20 12 15 19 22 13 20 18 20 16 15 13 27 18 16 16 21 18 22 16 20 18 18 11 13 21 19 19 18 14 22 25 15 13 22 22 17 17 19 17 22 22 13 21 20 16 18 15 19 17 15 18 28 24 12 20 28 19 16 18 19 14 28 14 17 10 15 14 26 15 26 14 23 15 25 20 26 19 22 20 19 17 20 11 12
19 17 19 22 12 15 17 18 17 23 31 19 18 13 20 14 13 18 16 10 16 18 15 20 19 18 22 21 25 25 14 19 8 19 14 12 21 19 12 15 14 12 14 10 13 16 14 19 22 19 11 12 15 15 14 26 20 24 16 18 14 15 14 21 20 22 21 13 21 15 18 20 15 19 17 20 21 17 21 24 17 24 19 12 22 17 22 25 11 14 20 12 18 17 11 16 15 14 14 18
11 17 17 16 13 24 10 23 24 19 20 20 18 15 19 13 20 16 25 18 18 21 28 19 21 23 18 20 24 11 30 20 14 22 20 24 21 12 22 21 7 12 19 22 20 20 17 26 28 24 17 22 20 17 25 17 16 25 21 19 17 19 23 23 20 22 16 19 23 24 17 20 17 27 15 25 11 17 18 17 16 20 19 19 16 16 17 25 22 17 17 22 12 21 20 13 18 12 17 12
17 21 19 26 27 21 19 13 17 13 18 22 22 14 21 11 22 20 27 19 23 15 23 25 15 18 11 10 19 25 18 15 23 16 15 19 21 14 14 25 11 19 16 16 19 9 11 23 16 19 25 16 21 23 21 16 21 16 14 17 17 19 26 13 26 16 16 22 21 14 15 24 23 12 23 18 24 15 17 8 16 23 23 19 17 22 21 15 17 25 22 18 16 10 26 19 16 17 17 29
24 17 22 19 22 24 16 31 20 16 18 16 27 19 15 14 12 19 22 15 18 11 21 14 13 21 13 13 21 18 17 6 23 17 17 20 15 22 21 15 24 21 12 8 13 16 16 25 25 14 13 18 13 22 15 27 19 14 17 23 19 20 22 17 12 12 20 28 15 17 24 14 9 23 23 22 27 16 11 15 23 22 18 17 19 15 24 15 20 16 15 31 16 17 17 19 11 23 19 17
19 24 23 21 14 14 18 19 17 17 15 19 32 20 19 14 18 14 19 10 25 21 17 19 24 19 22 31 20 21 16 23 14 25 19 23 21 10 20 13 20 17 25 20 19 16 23 16 22 16 26 34 22 20 13 14 15 13 8 22 9 15 24 28 12 15 21 21 20 17 21 16 20 14 19 21 16 18 15 14 15 16 19 17 18 20 20 19 10 13 19 20 20 21 27 20 18 24 20 21
20 20 22 13 13 19 18 21 19 15 14 18 25 17 18 18 22 19 21 13 17 22 16 11 21 19 16 17 17 11 22 14 19 22 16 19 16 20 20 13 17 15 14 19 14 19 12 15 13 23 16 18 19 14 19 24 21 21 17 26 9 13 21 15 14 17 16 11 16 28 13 23 20 17 20 12 12 25 18 8 18 16 24 19 22 19 16 14 26 23 12 16 21 21 25 20 15 24 12 17
11 17 30 21 16 18 14 23 20 14 13 17 16 13 12 17 21 15 26 21 21 23 24 16 17 21 19 18 22 25 21 19 19 20 16 13 24 20 17 19 23 22 16 21 20 11 13 19 20 14 20 18 19 18 21 21 19 9 25 18 23 21 18 19 19 24 19 18 14 17 12 16 25 19 16 24 18 19 19 10 17 16 13 24 17 19 15 18 13 28 20 12 33 22 23 20 15 21 18 13
24 19 17 12 18 14 23 26 19 18 18 16 22 20 17 16 7 15 21 27 18 23 21 25 12 22 22 15 20 16 13 16 17 18 18 21 18 15 14 15 16 19 17 10 18 19 20 13 23 13 24 23 16 16 17 10 20 12 19 14 17 19 7 12 11 23 25 29 26 17 20 21 16 16 14 24 23 12 12 21 25 17 14 19 16 17 11 9 14 14 21 13 19 14 22 15 17 17 19 17
23 21 17 22 18 15 18 17 17 26 17 20 17 17 20 14 13 16 16 24 30 17 18 19 17 21 16 11 23 23 12 21 13 11 14 19 22 15 21 18 23 19 13 24 26 18 24 11 28 16 13 11 11 17 17 21 17 19 32 14 23 18 11 24 15 20 18 16 16 21 17 19 13 20 21 19 18 16 18 11 16 16 16 20 13 15 15 17 23 27 17 18 24 17 13 14 23 19 18 18
23 18 20 25 18 18 15 22 19 19 23 21 20 19 15 16 21 22 23 21 18 21 21 23 16 11 16 17 18 24 44 14 13 20 12 12 26 13 18 13 15 17 23 19 13 17 18 14 21 18 20 23 21 26 19 13 15 22 19 13 14 11 16 17 9 27 14 14 15 16 22 13 14 14 21 11 17 18 18 20 22 14 12 13 15 19 18 21 15 17 23 22 18 22 23 18 13 19 19 11
14 18 25 21 24 12 16 18 20 23 26 20 12 24 20 26 16 17 18 18 16 19 11 12 12 21 22 17 16 23 26 16 15 18 22 15 15 13 15 16 22 14 19 22 14 17 17 11 22 21 29 14 13 15 17 26 12 22 20 22 15 21 18 23 18 21 22 18 16 17 19 21 16 23 13 14 21 20 19 17 27 18 15 15 17 17 12 19 24 26 20 18 26 20 29 23 21 20 26 14
21 23 22 23 20 12 13 20 19 15 22 15 16 16 14 24 18 24 15 19 17 19 18 15 26 17 12 18 14 17 20 19 19 15 23 12 18 16 22 17 28 18 23 16 14 12 27 18 18 21 20 18 20 18 22 18 21 13 16 16 13 14 20 13 25 14 30 20 26 14 14 22 19 22 14 20 19 21 22 20 26 18 15 19 19 19 22 25 20 14 15 14 20 25 24 18 25 14 21 20
26 17 17 21 17 17 12 13 17 17 8 21 12 17 15 21 23 17 13 17 14 13 14 21 13 17 13 11 18 25 15 15 17 20 24 20 15 22 21 16 13 16 16 14 25 26 16 14 17 19 16 17 19 16 18 15 18 25 22 17 14 18 23 18 10 13 19 19 25 22 12 9 16 20 13 14 15 24 15 28 16 24 22 14 13 17 15 24 14 21 16 14 11 16 28 19 21 17 19 19
22 13 18 17 14 20 20 21 24 15 18 15 16 14 21 15 16 20 24 13 15 21 16 23 10 14 23 13 19 14 13 20 10 8 26 18 26 17 12 22 12 15 18 16 18 13 21 18 18 12 12 19 15 14                                              
