0.4375 1612 12 15 19 19 19 26 10 17 10 16 16 12 22 15 12 15 15 23 18 15 11 16 16 19 13 26 14 21 15 15 15 19 15 18 13 10 12 13 10 12 13 12 15 16 15 17 13 17 12 25 28 21 20 13 11 20 19 21 20 25 11 14 16 17 20 18 18 22 16 9 17 11 14 15 15 12 13 23 18 18 26 13 8 9 17 18 17 17 16 14 18 21 16 16 14 14 20 24
14 16 18 18 15 17 17 19 21 13 19 17 18 16 16 13 13 28 23 14 6 14 18 11 14 17 20 13 13 12 21 25 21 18 14 18 9 12 26 20 10 21 12 16 10 15 20 17 15 21 23 14 10 21 9 15 16 16 16 18 15 22 16 23 9 16 13 16 8 14 13 13 16 18 18 14 19 21 14 14 29 14 13 15 11 20 20 13 19 9 12 11 17 15 20 14 26 17 14 10
15 17 22 18 12 15 22 23 12 9 18 20 14 13 17 10 15 17 12 16 14 14 13 10 13 17 16 17 22 20 16 20 11 17 21 16 19 19 9 20 13 15 16 16 15 19 14 14 21 16 18 14 13 24 19 16 12 10 18 13 16 14 9 13 22 16 18 11 16 21 22 22 26 16 16 17 19 12 14 14 22 18 10 13 7 17 13 9 23 14 16 11 14 25 11 14 14 16 16 21
13 10 22 13 14 14 19 23 14 14 20 18 29 13 15 16 20 12 21 22 17 12 16 17 14 16 17 15 17 22 20 15 9 16 14 21 17 8 22 16 12 14 10 12 14 16 15 15 15 9 17 16 12 18 12 15 18 12 13 14 10 14 17 19 22 11 12 19 16 16 18 20 12 19 17 25 11 15 12 16 10 20 12 17 19 16 18 11 11 18 21 13 16 15 13 30 26 20 22 14
13 13 13 22 12 13 18 13 19 18 16 23 12 11 19 21 20 15 10 11 15 15 22 17 19 14 18 15 16 14 25 17 18 15 7 21 16 15 10 20 7 14 14 15 15 22 19 16 14 20 18 8 24 19 37 51 47 13 15 21 16 10 20 18 7 17 18 19 15 16 19 16 23 17 16 20 20 17 20 24 25 11 13 15 16 18 20 18 18 14 14 12 25 17 17 17 20 19 14 17
13 17 16 13 15 11 15 20 15 13 16 10 20 17 12 24 15 20 15 13 17 13 20 13 14 17 11 18 18 16 15 15 11 19 15 14 22 15 16 14 31 14 7 18 13 15 20 18 16 11 16 12 8 12 21 15 16 14 18 10 12 15 22 16 25 20 23 19 18 15 12 22 14 24 25 14 10 17 20 18 20 12 15 14 19 15 19 23 21 16 22 14 12 15 10 15 15 13 15 13
15 12 11 20 11 13 16 18 17 13 20 13 18 15 18 15 13 20 20 17 17 14 22 18 16 12 17 22 15 9 15 14 14 17 14 13 18 13 16 18 27 12 16 14 10 20 20 14 14 16 12 11 16 14 15 20 23 24 21 20 13 19 20 21 18 16 15 19 16 13 15 14 10 10 12 15 15 20 13 18 16 16 9 26 14 13 13 13 15 15 17 28 17 17 9 17 22 14 21 11
21 19 15 13 24 12 11 19 15 13 10 18 11 13 11 15 14 17 12 18 20 15 20 16 14 14 13 22 21 14 15 25 26 15 17 16 12 10 18 17 16 14 18 17 8 19 15 20 20 14 12 16 26 19 22 18 17 14 14 17 16 16 13 27 12 10 20 18 22 20 10 11 10 10 14 17 11 12 16 16 17 16 16 16 18 15 21 19 15 21 11 20 12 13 19 17 17 16 12 13
20 32 22 16 18 10 12 13 16 17 21 15 13 21 23 11 19 14 19 13 12 11 15 13 17 10 20 11 17 14 20 21 12 24 21 18 20 10 12 23 14 15 17 11 22 16 12 18 15 15 20 18 21 16 17 19 23 13 16 20 23 20 11 19 22 16 17 15 18 13 26 10 14 16 12 22 14 20 11 13 10 20 16 11 11 18 15 18 20 13 15 20 11 12 20 21 10 14 20 24
17 22 20 19 13 14 21 13 12 10 21 18 16 32 15 9 16 12 16 17 13 14 15 12 14 14 12 10 9 19 15 17 16 16 15 13 21 15 9 20 19 10 17 10 14 13 17 17 14 14 17 12 14 12 18 14 8 16 14 8 12 20 15 18 19 14 18 14 13 18 20 26 15 30 15 15 13 17 21 17 21 20 17 11 23 14 17 17 17 16 12 20 18 16 12 11 19 17 21 16
21 17 18 13 16 13 20 21 11 14 10 15 11 20 17 15 10 12 14 7 14 12 26 15 20 25 16 18 19 15 20 18 17 8 12 20 19 15 19 13 15 20 20 19 16 15 11 14 17 16 17 16 16 21 17 15 8 21 14 9 19 18 14 6 10 10 12 22 11 15 22 24 14 17 12 14 18 17 18 14 12 11 17 9 17 17 14 15 17 19 19 10 11 15 9 16 11 18 18 18
18 20 14 13 15 22 10 14 18 19 17 20 15 15 21 12 11 17 16 15 16 10 9 14 18 13 11 11 10 14 15 22 21 22 20 35 14 8 19 18 18 17 12 11 19 11 16 21 11 18 15 16 13 14 14 27 16 10 15 11 17 8 19 22 13 10 21 9 14 13 15 13 16 12 7 19 15 19 20 10 23 14 9 12 13 13 17 18 15 22 21 7 16 16 14 16 17 15 24 15
15 16 17 16 16 19 15 21 10 15 15 15 11 14 25 14 17 20 12 19 20 22 16 13 20 14 20 23 6 11 14 16 11 21 13 21 19 10 15 15 12 21 12 17 15 11 15 19 15 20 17 8 17 17 12 18 15 14 17 17 11 13 14 11 17 10 16 12 10 24 14 19 14 18 15 13 16 16 13 23 14 12 19 15 14 24 20 12 12 16 11 13 16 18 23 18 18 17 15 16
14 11 10 20 20 15 16 13 19 10 14 24 17 13 21 12 18 12 15 10 9 21 12 20 21 22 24 12 20 17 23 16 15 16 25 15 14 20 12 15 15 16 21 14 17 15 15 15 16 21 21 19 19 13 14 12 21 19 13 20 18 12 21 18 17 12 12 9 14 22 8 18 13 12 18 14 15 21 13 22 24 10 20 7 24 9 11 17 16 23 15 12 18 15 15 17 8 12 11 18
14 27 14 16 13 15 12 10 14 11 23 16 19 21 24 15 9 15 18 15 21 18 12 15 15 20 18 16 24 17 14 14 12 11 16 14 17 16 10 12 17 12 13 15 16 16 16 13 23 22 4 13 13 13 14 19 21 15 15 14 16 20 15 17 16 11 11 17 11 17 13 15 21 12 19 14 19 13 14 11 18 17 17 14 14 17 27 20 17 12 15 17 20 17 12 13 16 24 14 14
15 17 16 25 17 11 14 14 18 19 10 13 13 16 13 11 17 12 17 12 10 11 13 20 16 21 17 18 15 18 20 17 11 18 17 14 17 25 19 14 16 15 16 18 16 19 15 18 16 14 14 14 17 15 16 23 16 18 15 14 10 21 13 16 17 19 13 11 18 16 18 24 11 16 13 14 16 14 15 14 15 17 21 14 26 18 16 23 20 10 17 19 10 18 21 17 17 18 10 21
18 13 12 21 25 10 14 15 17 19 14 18 19 17                                                                                      
