0.411764705882353 1530 17 16 9 20 13 20 12 11 15 15 16 18 20 18 17 14 15 19 24 15 17 9 11 13 11 18 15 8 21 21 21 10 9 24 19 15 11 17 18 13 13 14 26 13 11 16 30 18 16 20 16 11 24 11 20 12 18 16 14 13 25 18 23 20 15 14 15 20 21 15 19 17 19 20 19 13 15 13 19 23 22 12 17 18 16 16 17 25 20 18 17 10 10 11 18 23 16 13
13 25 26 21 21 22 9 13 20 15 25 13 13 16 22 17 18 15 23 16 19 18 15 19 15 25 17 17 15 16 15 16 15 24 13 21 14 18 24 14 14 12 17 18 12 12 18 17 20 25 14 19 13 12 12 22 27 13 12 17 19 15 15 18 17 18 16 16 9 15 20 18 20 19 16 14 26 18 19 19 14 13 15 14 14 18 13 13 15 13 18 21 17 11 17 17 20 15 11 16
11 11 25 20 14 18 12 21 17 24 18 16 13 18 26 21 17 17 26 19 18 15 23 20 18 13 15 14 21 19 25 18 9 10 19 13 20 13 15 21 15 15 9 16 15 17 17 16 24 16 18 26 18 10 20 18 22 18 17 15 16 15 19 12 17 14 18 13 20 20 24 11 13 12 20 13 19 18 23 25 16 10 20 15 21 17 13 19 22 13 16 16 15 11 22 20 23 13 10 10
19 18 17 19 12 17 18 16 10 20 17 14 17 16 12 12 20 16 17 15 26 16 19 16 19 15 20 17 14 17 13 14 24 18 22 15 16 20 13 10 16 24 24 15 17 20 18 19 20 13 15 16 21 13 12 18 18 19 19 17 21 14 17 22 17 15 14 23 14 20 15 22 19 14 9 24 11 18 17 26 26 7 30 17 11 16 16 13 20 16 15 18 21 16 11 18 18 9 15 14
15 18 14 19 14 15 17 18 15 17 15 17 12 15 18 21 9 23 26 14 20 14 16 15 18 19 28 15 17 8 18 20 14 13 17 16 39 10 16 14 15 13 19 20 22 12 21 21 15 13 18 9 12 16 18 13 17 13 18 21 23 17 16 13 17 18 17 18 11 11 14 14 17 17 12 18 23 18 19 25 18 13 21 13 8 18 22 10 19 12 23 20 19 17 16 17 12 20 15 19
22 14 15 24 18 14 15 13 15 10 20 12 14 21 20 18 25 15 12 16 19 17 11 18 17 17 8 21 20 16 21 22 17 21 17 14 17 25 15 15 15 24 13 20 11 13 19 8 19 14 11 13 21 18 11 14 16 18 17 22 17 20 18 19 16 14 18 19 17 10 16 10 22 6 17 18 13 16 22 17 13 15 21 20 20 20 24 14 19 22 16 18 13 22 16 20 17 18 12 16
13 20 13 9 18 11 14 17 17 16 21 17 22 12 29 16 14 16 15 24 16 22 17 17 13 19 18 18 16 14 11 13 13 22 16 20 23 19 17 12 10 16 19 13 14 20 17 19 15 10 20 18 17 12 7 14 17 29 22 21 21 19 11 15 20 22 17 11 22 20 21 21 20 14 11 14 14 11 26 15 18 25 16 20 13 18 18 17 11 12 15 20 16 16 17 12 14 19 15 15
11 17 12 18 15 22 17 12 21 20 15 16 19 20 21 23 27 11 18 12 10 19 16 15 18 24 14 15 20 22 12 24 11 24 12 17 18 14 20 12 19 19 24 20 13 13 17 16 21 19 20 19 13 15 20 14 16 15 12 12 13 24 17 20 19 20 27 14 16 15 16 13 20 19 22 15 15 15 22 17 17 17 11 28 12 15 15 12 14 14 13 15 13 27 18 18 14 14 23 11
15 25 20 7 16 13 20 12 14 18 22 15 18 10 20 18 17 15 19 13 9 14 13 12 16 21 20 14 14 13 15 11 18 15 17 14 13 18 10 14 21 21 27 22 22 16 13 13 15 14 21 25 21 18 20 19 15 13 11 9 12 13 11 20 18 12 13 22 19 9 10 20 21 16 14 13 8 13 18 22 21 20 15 12 18 15 13 15 22 13 16 11 16 18 18 16 21 14 12 17
25 12 14 13 22 20 15 6 12 15 21 15 19 15 19 21 20 9 14 19 20 18 16 17 20 14 15 13 14 19 14 22 11 20 16 13 13 15 11 10 13 11 15 21 15 15 13 13 22 18 24 26 20 13 18 13 17 23 20 15 20 16 21 20 16 15 14 11 13 24 14 17 12 19 11 15 22 11 10 16 13 19 20 14 27 18 12 19 19 14 22 17 30 19 20 15 22 20 23 15
17 16 17 21 25 17 18 14 13 19 19 17 15 18 12 22 13 15 15 16 13 11 18 12 16 21 12 16 23 17 17 20 13 20 20 16 14 17 26 27 23 16 15 12 16 11 17 22 13 19 21 9 15 10 17 27 16 18 18 11 14 23 20 17 22 21 24 14 17 16 16 13 18 26 13 15 21 14 14 12 14 23 19 17 17 13 15 15 24 20 18 28 20 19 18 15 14 17 18 15
18 23 17 22 13 11 16 14 21 20 10 17 20 20 22 9 15 17 17 14 24 9 20 18 22 23 17 18 21 16 13 25 13 22 12 13 12 24 14 16 18 20 12 22 25 17 13 12 10 14 24 20 13 14 12 26 19 18 17 25 20 13 12 13 15 12 22 17 22 15 17 14 18 17 18 24 21 13 27 17 25 16 17 17 15 14 10 17 21 18 17 14 21 18 20 18 25 14 18 19
16 11 16 16 28 14 17 14 17 24 9 14 12 13 14 15 24 17 19 11 15 13 17 13 21 14 22 16 17 14 16 13 12 18 12 19 23 20 13 17 13 15 24 20 20 15 14 19 13 21 15 12 16 19 18 13 12 16 10 14 19 23 31 21 14 12 18 14 15 14 12 19 10 13 13 15 15 21 26 16 22 8 11 15 20 12 24 17 13 13 25 22 22 20 14 10 20 24 20 17
18 16 18 10 20 25 11 18 13 19 15 17 13 23 16 23 20 18 19 22 17 13 17 22 22 10 17 8 11 15 9 15 19 18 16 19 18 19 13 11 18 17 15 22 19 10 9 15 23 13 14 20 18 17 15 28 15 13 20 20 17 19 23 26 18 24 10 13 12 14 16 27 21 16 14 16 19 19 17 19 19 16 11 26 15 16 19 15 9 32 15 24 17 12 11 13 9 11 27 15
16 15 15 13 15 20 13 9 17 17 14 18 10 17 16 19 17 15 16 14 18 14 25 18 12 16 15 9 9 15 17 17 18 12 19 13 18 22 26 17 16 12 22 20 8 14 19 19 18 24 15 20 12 17 13 16 26 16 20 19 16 23 17 10 14 10 21 14 21 15 10 20 16 21 14 14 19 23 15 21 17 10 20 23 27 18 17 12 24 10 15 21 16 22 22 16 24 16 13 16
13 17 19 15 17 15 9 15 17 17 26 15 15 11 12 16 15 15 12 13 19 13 25 18 18 23 12 18 16 18 15 13                                                                    
