0.4375 2711 18 22 20 15 21 11 18 13 8 24 27 25 18 17 16 15 20 20 17 16 14 17 14 27 27 20 21 14 16 16 14 23 12 16 25 16 16 17 23 23 17 18 11 21 23 17 32 19 11 20 16 24 17 18 13 11 25 16 20 16 22 9 21 14 14 12 14 13 20 20 19 17 17 18 16 20 18 19 22 18 21 21 17 20 15 19 15 19 32 17 20 17 24 49 24 24 17 24
27 23 17 14 15 25 20 21 22 20 18 21 19 21 17 18 20 24 22 27 12 29 13 25 15 25 19 17 17 25 13 17 28 22 20 26 21 24 17 33 23 18 17 15 18 18 19 17 16 27 21 25 19 17 24 24 21 23 27 19 18 20 17 23 14 18 21 20 21 15 29 20 20 10 13 21 12 13 13 13 18 21 18 21 10 18 16 18 33 15 17 14 24 21 20 13 18 20 27 14
20 22 17 14 17 23 18 24 26 11 23 16 12 18 24 20 19 19 18 23 24 24 15 18 21 28 15 18 20 20 16 17 19 21 22 24 20 15 18 23 17 19 17 19 23 23 19 11 20 25 19 19 23 18 24 34 15 17 22 13 18 17 19 24 20 20 23 17 22 20 9 13 33 15 18 17 12 17 19 16 27 27 21 13 19 26 20 26 23 17 21 33 20 24 11 13 19 21 20 18
20 14 15 15 13 16 18 13 19 20 19 18 18 17 21 14 19 17 22 32 17 22 16 18 23 23 19 18 19 19 13 19 28 14 13 21 22 21 20 21 12 18 14 18 23 20 10 18 26 24 15 36 7 23 22 22 18 29 22 19 13 12 18 20 17 16 25 15 27 16 12 15 24 15 17 14 18 17 20 25 14 24 24 15 22 15 23 17 19 19 20 17 18 17 26 24 19 21 14 13
18 19 23 21 13 20 15 14 22 17 20 14 22 14 27 23 12 12 17 11 21 20 17 11 16 20 22 31 11 17 26 11 29 17 25 17 16 23 23 17 18 20 25 17 29 21 23 17 13 26 14 22 22 16 22 20 18 14 21 19 17 21 15 16 19 13 25 22 17 17 16 16 26 17 23 14 22 14 22 22 23 17 34 12 17 24 13 25 23 13 27 21 23 24 20 21 14 13 16 20
12 18 19 21 25 23 23 18 22 18 21 17 11 15 36 27 15 17 17 12 17 15 19 14 11 14 24 19 17 16 21 16 11 16 22 19 17 22 19 16 22 22 14 23 23 17 17 24 10 15 16 21 23 16 20 19 14 26 24 22 21 18 18 19 17 19 19 11 18 20 17 21 15 21 22 25 11 11 15 21 14 28 16 15 16 13 18 16 22 16 12 16 19 10 18 21 21 17 22 16
22 12 11 13 19 17 22 15 25 11 22 14 16 21 20 21 28 17 18 28 16 26 25 24 25 18 20 24 19 19 22 11 16 20 15 22 20 17 16 82 25 21 19 20 13 24 24 21 27 16 19 19 20 22 11 12 25 19 14 13 20 19 13 19 13 18 17 19 16 22 18 14 19 23 28 20 24 21 20 17 20 24 20 18 18 15 18 17 9 17 17 21 13 11 16 14 12 21 18 20
13 16 17 18 17 25 20 23 16 16 14 8 11 19 27 14 22 7 7 26 13 22 14 14 15 18 23 10 25 15 16 23 17 13 17 21 15 14 30 25 10 20 23 18 8 16 10 20 23 23 28 18 20 8 21 22 22 27 28 29 17 15 16 15 19 24 22 17 19 17 18 17 17 25 19 12 16 16 23 16 15 19 25 21 25 23 24 15 20 24 16 18 18 24 15 24 25 16 15 15
14 15 18 22 23 22 21 16 18 17 15 18 19 10 14 17 15 26 15 22 14 17 24 28 15 16 17 15 22 22 21 19 17 23 30 14 16 22 24 20 18 22 24 15 23 23 10 19 16 18 12 20 22 17 17 24 28 15 21 13 16 16 18 16 16 16 25 14 20 16 21 27 17 16 17 19 19 19 16 22 25 19 17 16 11 24 12 14 25 22 15 18 16 23 14 15 22 23 12 25
21 22 17 22 15 19 15 19 19 18 16 30 16 26 24 17 20 23 17 17 13 19 22 19 16 14 26 21 16 17 20 23 16 18 16 13 14 23 17 12 14 15 13 12 22 20 18 17 8 12 19 22 26 19 25 18 24 18 13 19 20 16 22 24 14 19 18 17 17 12 18 13 15 11 15 18 25 18 17 9 26 14 16 18 17 17 15 21 29 17 24 19 21 21 13 16 15 26 20 23
16 21 13 24 18 19 27 13 19 15 21 25 19 16 11 20 15 26 15 20 14 15 16 21 18 23 14 16 16 19 23 16 14 28 13 23 19 17 16 17 24 29 24 18 18 17 26 17 19 16 18 12 21 21 17 24 23 17 20 26 26 23 24 21 26 18 32 17 22 22 15 12 20 16 17 25 20 14 25 18 16 12 20 20 20 22 15 21 16 15 20 19 22 25 20 14 17 24 24 15
15 18 27 21 16 11 22 20 19 23 18 15 17 18 12 31 15 19 20 23 20 17 21 19 15 29 17 22 8 17 18 31 18 26 15 25 18 16 17 17 23 17 20 15 12 19 17 9 16 21 25 14 20 34 17 20 17 16 21 18 20 14 23 17 24 19 13 17 14 12 21 22 12 17 8 10 15 22 20 26 14 13 15 18 16 9 14 7 23 22 22 15 21 13 21 18 13 14 19 23
23 20 19 17 22 18 16 18 17 12 17 16 22 23 14 21 13 28 22 20 19 11 10 17 20 18 26 13 13 17 12 29 27 21 25 21 20 15 23 31 20 29 12 15 19 28 19 15 19 24 25 21 14 15 15 23 17 15 16 14 19 17 16 25 27 15 20 20 22 25 32 22 22 24 18 28 19 14 24 17 25 12 14 14 20 30 19 19 11 26 26 15 12 22 26 19 18 26 26 17
16 14 20 23 30 23 18 21 19 15 25 21 21 23 26 20 18 20 23 23 15 15 16 16 15 31 14 26 23 18 15 13 23 10 20 26 29 18 17 18 18 15 15 25 13 19 22 16 23 18 21 17 11 21 13 19 22 14 21 25 24 19 20 21 13 20 15 18 15 18 22 21 17 18 19 23 18 18 17 24 20 20 20 22 15 20 14 21 25 17 15 36 34 15 13 11 22 23 19 20
16 27 15 12 19 20 19 30 23 15 19 22 16 17 18 17 26 17 20 11 22 18 18 18 15 22 8 13 16 15 28 17 27 24 19 15 18 20 18 20 18 19 25 17 25 16 19 14 25 11 8 17 25 19 14 20 9 21 18 17 15 19 23 22 14 17 21 15 15 29 13 23 15 22 18 15 25 24 21 21 14 17 28 18 24 26 25 19 19 14 20 22 20 19 10 20 19 25 15 32
12 11 18 21 24 24 21 19 23 21 26 18 19 25 14 21 24 21 21 19 24 28 24 14 14 26 11 18 22 24 25 25 15 18 23 19 10 14 17 15 17 21 22 29 14 22 18 22 22 21 21 24 16 20 27 24 15 26 20 19 24 20 20 25 22 14 20 14 17 12 19 25 25 22 6 22 11 22 25 16 18 30 22 21 11 19 12 18 21 16 23 22 21 16 22 18 28 19 15 21
26 20 12 16 12 19 13 19 18 15 9 19 15 13 24 21 19 18 14 22 19 15 23 15 24 25 17 22 19 16 21 19 12 16 28 24 19 9 16 16 14 17 13 21 15 23 19 18 15 12 24 21 19 9 22 20 21 19 29 16 19 24 10 23 15 18 22 13 19 21 20 21 11 13 21 22 20 22 29 13 24 27 12 28 16 25 17 20 14 10 17 18 15 18 10 18 20 15 9 23
35 25 19 14 14 27 21 25 15 11 26 21 14 19 19 15 16 14 15 13 20 20 15 23 23 17 21 17 13 25 19 20 22 17 17 13 12 27 14 20 17 23 13 17 19 18 13 26 14 19 18 18 29 19 17 18 27 19 19 23 28 17 16 29 18 20 30 12 16 19 27 20 32 19 18 17 25 22 24 21 29 18 12 27 13 23 20 19 21 10 14 17 19 24 16 23 16 17 15 12
14 16 11 16 17 20 20 14 27 19 18 15 25 17 20 12 19 18 18 20 21 22 19 20 15 26 14 15 21 26 24 21 14 23 19 20 15 13 21 22 16 25 17 19 19 16 13 13 20 25 18 24 18 21 24 9 19 10 19 21 20 17 18 13 13 10 23 23 19 22 20 20 16 20 20 20 22 16 17 19 18 13 12 19 25 15 22 22 16 25 19 21 16 16 15 18 25 21 10 12
11 24 28 20 16 24 13 18 21 18 17 34 17 24 22 21 19 28 18 24 18 31 13 14 26 11 19 15 24 16 14 31 16 20 17 21 18 24 19 17 18 20 24 23 24 23 15 19 19 27 15 17 16 16 13 14 15 17 18 15 22 18 13 23 28 16 17 15 25 18 7 19 15 25 28 27 22 23 18 11 12 28 14 17 19 15 13 25 23 21 16 26 17 18 17 17 21 26 25 23
13 21 22 13 16 29 17 17 23 15 19 21 23 19 15 18 14 21 24 15 16 22 14 16 21 18 18 20 12 26 23 16 26 22 19 19 19 28 17 21 13 24 18 23 16 20 28 17 20 18 22 12 16 24 21 22 19 19 20 15 32 14 13 20 23 26 18 21 29 16 30 25 19 19 17 28 30 19 19 19 24 22 18 23 15 24 24 15 15 14 18 21 12 22 25 12 28 24 24 13
8 14 15 18 21 25 15 15 20 24 12 13 17 22 18 13 16 17 16 19 20 26 23 26 18 15 17 20 22 17 20 20 19 17 14 8 16 18 10 18 15 17 21 22 19 16 19 21 17 25 21 22 20 11 21 14 15 14 14 19 21 22 12 16 14 13 14 28 22 21 18 11 19 21 12 15 24 22 25 16 6 17 19 22 10 13 26 23 17 9 17 26 14 13 12 16 23 21 28 25
18 16 23 22 20 17 21 17 22 17 18 20 28 21 17 16 15 22 25 19 25 27 14 26 22 26 21 24 17 22 17 9 17 21 14 24 31 22 17 22 25 13 23 27 19 18 23 14 25 23 15 19 18 12 17 18 18 24 20 18 17 27 19 17 20 18 20 14 17 18 20 28 25 22 17 25 16 19 21 17 19 23 27 18 17 20 21 19 18 19 13 19 15 16 7 19 12 18 17 23
15 22 24 13 13 19 10 19 30 10 14 11 19 17 30 27 21 20 21 22 23 19 17 14 17 18 23 13 10 18 17 22 17 20 18 21 19 21 19 20 20 10 28 19 19 13 19 15 20 18 25 24 23 23 21 21 16 23 22 22 20 15 22 17 16 16 22 19 13 26 8 29 26 12 23 12 16 20 12 23 17 17 14 18 12 20 18 10 12 19 22 23 22 28 15 12 14 14 19 14
18 19 24 10 10 21 23 21 16 25 17 28 18 25 12 21 11 11 16 18 23 15 18 13 18 23 16 25 15 14 18 27 18 32 13 10 50 18 14 20 19 13 27 16 19 17 16 7 22 16 19 20 13 14 12 23 16 20 29 19 18 19 14 16 16 11 18 20 20 22 13 22 19 19 18 33 28 20 16 14 19 24 13 21 25 15 13 15 17 19 22 15 17 12 31 24 31 22 23 11
14 19 18 22 17 7 17 14 20 21 31 16 19 11 22 23 16 26 18 18 18 23 22 22 19 16 11 18 26 16 14 22 21 21 24 13 21 14 18 16 15 12 14 17 17 15 16 18 11 19 19 17 13 24 22 17 24 12 12 13 25 23 20 19 15 29 19 22 24 11 21 20 19 15 14 16 17 17 22 23 17 16 11 13 16 25 20 18 16 14 21 19 13 20 16 23 17 17 10 17
20 14 27 26 20 15 15 14 19 15 22 13 18 16 13 23 15 17 17 22 23 16 11 20 23 24 23 25 26 21 26 17 13 17 17 12 21 24 12 20 16 15 19 20 18 23 19 18 16 13 32 17 23 20 22 12 19 16 28 18 12 19 18 16 22 12 23 22 20 22 12 16 22 16 14 22 16 25 22 18 21 16 17 32 16 15 14 20 17 17 12 21 16 21 13 17 24 16 11 15
15 27 13 22 20 17 17 29 12 19 20 13 15                                                                                       
