0.4 1907 18 15 14 15 17 17 13 21 18 14 18 20 10 20 20 12 14 24 14 24 11 23 17 19 18 15 17 15 25 16 22 11 14 20 24 11 12 15 22 21 21 13 14 21 13 17 16 18 21 13 18 13 21 13 18 20 15 8 10 21 9 19 18 17 16 15 17 23 17 16 19 20 18 16 18 22 10 21 9 20 10 22 17 17 16 24 16 20 15 17 15 21 18 21 17 16 20 13
21 19 17 18 16 17 27 14 21 13 11 11 12 17 12 20 18 20 16 12 17 16 17 12 29 24 11 19 17 21 14 15 22 20 26 14 17 15 17 9 19 20 16 13 14 15 20 18 17 17 28 19 14 14 21 15 24 19 10 19 22 18 12 14 20 11 15 14 14 28 14 16 20 16 18 15 13 20 15 28 22 13 16 13 17 20 17 22 11 13 22 18 23 23 10 21 18 13 16 16
24 21 16 20 14 26 19 13 12 25 20 19 12 28 13 19 12 14 15 9 12 21 17 23 14 13 17 21 19 19 20 15 9 14 19 20 13 16 19 10 11 23 17 16 25 13 10 16 20 16 23 16 12 22 16 16 16 20 19 10 19 20 17 20 18 15 23 14 23 21 12 20 17 21 12 10 10 20 19 16 12 19 15 14 19 12 12 24 12 18 14 20 18 11 18 18 19 17 15 18
23 17 9 15 23 16 11 11 15 15 15 16 16 20 21 14 14 14 17 12 24 15 16 12 18 16 23 18 19 14 15 12 19 8 14 15 16 17 19 20 14 25 13 15 15 15 13 13 15 10 19 24 16 19 17 15 15 24 16 14 25 16 16 15 20 17 26 21 17 11 18 18 17 20 9 18 25 17 15 11 17 20 11 25 15 25 16 16 17 23 16 19 24 11 18 17 22 20 21 22
20 16 14 14 14 17 16 11 18 11 14 13 11 14 20 17 13 19 24 19 12 14 12 22 10 16 14 17 17 12 17 16 16 18 10 13 15 22 11 17 14 14 22 24 21 17 18 18 11 21 9 23 14 24 17 19 14 13 13 15 29 27 15 19 15 16 23 14 21 15 13 10 17 17 9 20 11 17 20 19 18 19 16 18 23 14 16 15 21 10 12 15 15 22 19 25 20 17 17 16
18 12 18 21 14 24 22 16 19 20 15 11 18 18 17 22 18 12 19 15 8 21 16 20 16 27 21 15 22 12 19 20 16 18 20 23 22 76 31 14 13 14 14 20 13 25 20 15 16 28 18 20 18 12 14 19 19 16 21 20 17 15 26 15 22 20 12 15 13 15 17 19 14 23 10 14 22 14 18 15 17 19 17 17 15 13 14 17 14 18 13 18 14 13 17 16 20 9 20 16
12 15 14 7 17 21 19 16 15 16 15 16 10 18 14 21 22 15 19 13 16 14 25 10 19 21 16 11 12 14 18 18 23 16 15 9 17 13 17 16 16 15 16 14 15 18 17 21 21 19 25 28 13 25 19 24 27 17 20 12 15 19 24 12 16 14 12 15 16 19 15 17 15 20 24 19 16 18 20 14 16 19 14 18 25 19 13 18 18 17 15 14 14 22 14 15 16 20 17 17
21 18 16 13 13 14 25 15 19 20 21 17 23 13 21 16 16 16 14 18 17 15 14 18 17 19 20 24 17 11 16 18 16 21 26 20 12 16 15 22 23 15 14 8 17 13 24 8 24 15 22 15 16 18 17 21 18 10 19 19 14 17 22 19 19 12 14 13 16 13 14 24 10 19 21 22 23 14 20 13 20 18 10 9 21 20 11 12 16 19 16 17 11 21 13 15 17 16 14 18
16 18 20 21 28 22 15 18 14 17 14 17 17 25 19 16 15 18 15 17 16 17 19 15 12 16 10 12 26 18 13 13 19 21 14 19 19 20 12 18 23 21 19 19 21 14 15 16 16 10 19 12 23 20 14 17 23 14 19 13 19 16 27 18 18 16 14 17 15 19 19 19 19 13 14 11 24 17 26 22 9 25 22 15 13 19 18 21 16 14 20 17 20 18 19 23 13 21 16 15
19 21 24 12 11 13 26 19 17 12 15 25 19 17 15 19 18 15 20 23 11 16 13 15 22 11 16 15 25 13 18 17 12 14 17 21 15 13 13 16 12 16 15 13 13 21 20 17 15 14 16 13 24 19 19 18 23 15 22 23 18 10 17 16 25 16 17 16 17 14 9 22 22 23 11 23 16 25 12 16 22 23 10 8 19 13 16 13 14 25 14 22 18 16 24 20 21 14 17 18
18 23 13 20 18 16 16 14 23 17 20 20 28 14 16 16 19 15 17 18 13 20 17 23 12 22 15 19 16 17 17 25 20 16 28 20 16 19 23 15 13 12 23 13 15 20 17 22 22 23 18 16 20 17 19 17 22 23 17 12 18 10 20 12 22 24 23 24 24 20 19 20 20 32 22 18 20 20 26 18 13 15 23 19 13 16 10 14 17 20 22 17 17 15 18 17 17 10 14 24
13 18 14 21 27 18 22 24 22 21 19 16 25 20 17 20 11 19 17 15 18 21 24 15 16 15 13 19 20 18 19 9 20 19 20 16 19 14 14 13 21 17 19 12 14 14 18 10 19 17 21 14 13 25 16 24 20 19 21 28 14 20 21 20 16 7 19 11 13 19 18 16 12 20 9 20 18 16 13 16 32 12 22 16 20 13 20 17 8 16 17 14 23 24 8 16 14 7 19 15
21 15 14 12 18 21 15 22 20 25 18 17 17 15 22 22 24 19 19 18 15 14 20 12 19 16 17 22 20 19 17 9 20 19 21 11 29 22 11 12 19 13 16 16 11 18 19 13 17 16 17 17 9 10 24 16 19 22 19 19 20 15 14 14 11 21 11 28 20 13 15 19 20 15 26 14 25 29 17 17 10 16 14 15 23 17 15 20 22 23 14 17 12 22 15 25 18 23 16 22
15 22 18 14 22 12 22 15 21 13 16 20 16 17 12 7 28 17 22 12 24 21 14 12 18 17 13 16 14 18 13 17 19 26 17 14 12 18 14 13 15 15 17 18 11 17 18 20 14 14 20 8 18 15 12 11 19 28 22 18 15 14 23 12 16 10 14 18 12 21 16 19 15 15 16 17 16 21 18 7 11 16 11 19 23 24 16 18 14 20 29 18 10 20 13 13 17 16 17 15
15 14 14 22 14 18 12 12 24 16 10 21 19 17 12 16 11 20 11 20 15 17 17 11 18 20 24 22 15 17 21 17 20 11 12 21 17 20 17 16 16 17 21 18 19 18 23 19 14 9 10 15 12 20 26 19 11 16 16 7 13 17 20 17 19 13 13 22 19 24 21 15 17 17 16 15 12 18 17 21 17 8 22 26 25 16 8 14 18 23 22 21 16 18 12 21 14 12 15 17
16 21 17 12 17 16 14 15 14 18 13 18 23 14 15 19 19 13 13 15 18 9 17 18 28 20 13 11 11 15 11 18 17 14 19 18 19 15 14 19 23 15 14 20 17 14 14 7 15 14 16 21 13 20 11 18 16 14 19 15 16 19 13 17 18 20 13 16 18 15 12 20 19 13 13 8 22 13 14 24 18 9 18 15 28 19 17 22 16 13 22 14 14 17 15 16 18 17 12 14
21 21 18 18 16 15 22 16 17 17 15 18 20 17 11 15 7 6 13 23 21 10 17 17 13 15 22 18 16 21 19 19 15 16 15 12 14 19 16 23 19 18 10 17 23 20 11 16 18 22 17 25 22 16 19 23 22 14 22 19 29 15 17 13 11 15 17 15 28 14 14 16 8 13 13 18 19 23 10 16 15 24 17 14 16 18 16 15 15 16 18 16 13 11 10 15 12 13 11 20
11 10 17 19 17 16 17 12 14 19 15 16 19 23 18 19 23 16 18 17 17 15 16 18 17 18 14 12 14 10 25 18 15 16 15 23 28 19 15 18 22 19 18 17 12 22 17 12 28 18 16 14 16 13 16 26 14 20 18 22 20 14 21 16 19 22 17 17 18 14 22 19 18 13 19 19 16 14 23 24 25 14 17 17 15 14 18 16 18 22 22 15 11 19 16 13 18 20 27 16
11 10 15 19 23 14 11 14 13 15 26 19 15 10 16 16 18 19 12 18 18 21 14 18 14 22 10 20 16 20 14 14 17 18 21 19 20 13 16 15 15 23 7 9 16 8 20 21 21 23 21 15 21 17 13 15 24 16 12 19 16 24 12 13 14 19 20 17 18 17 19 13 15 24 15 19 22 17 15 17 18 16 18 11 22 21 21 18 15 19 17 16 19 18 13 9 12 10 22 23
21 13 16 22 18 11 12 14 11                                                                                           
