0.5 2189 19 17 14 9 14 15 9 12 16 10 19 14 7 13 13 14 13 15 11 19 11 11 10 10 14 10 11 12 16 15 7 13 11 22 16 17 18 7 16 14 12 10 15 13 16 8 9 10 20 11 8 11 13 12 10 13 18 10 8 13 14 12 12 10 14 12 10 12 9 14 18 13 13 11 8 14 16 10 12 16 15 10 8 31 14 13 18 10 13 14 16 11 10 17 12 14 13 13
14 9 5 12 10 11 20 10 20 9 13 13 13 9 17 16 16 12 12 14 18 17 12 11 16 10 10 17 15 15 9 14 11 15 10 18 10 16 8 12 14 15 12 13 18 10 11 14 14 10 13 10 15 14 15 19 13 17 17 12 14 19 22 13 11 13 17 12 8 11 16 13 12 23 15 18 12 10 14 18 17 10 8 14 12 19 14 8 10 15 5 18 12 19 14 11 16 12 10 13
13 22 16 17 11 20 11 11 13 10 17 14 13 11 14 12 15 13 17 21 16 20 14 13 15 8 13 16 15 15 14 8 11 11 15 12 11 12 17 12 19 14 10 13 12 14 16 13 13 12 13 15 13 13 15 15 15 8 10 15 14 13 13 11 9 12 13 14 20 10 20 12 14 8 13 6 14 12 21 9 6 12 13 14 7 15 9 19 19 16 14 13 27 10 15 18 15 12 13 12
14 36 16 8 23 8 14 11 15 10 15 10 14 23 13 15 13 14 13 6 17 13 11 17 14 10 13 14 14 10 16 13 24 13 19 13 15 20 11 8 14 15 18 19 11 16 13 18 16 11 15 13 13 14 17 10 17 10 13 10 12 12 11 19 13 22 16 16 10 11 11 20 10 8 14 10 12 15 17 18 14 12 14 16 12 15 16 16 14 13 10 8 9 17 12 12 13 15 16 16
17 10 12 11 14 7 9 17 8 8 10 9 15 11 12 14 15 12 11 8 16 14 13 16 9 12 12 12 18 14 14 26 18 12 10 15 17 9 10 12 13 11 14 11 7 14 15 14 11 15 20 13 11 14 10 20 8 12 8 8 17 12 13 7 20 15 11 11 8 11 7 11 10 10 10 13 10 13 12 24 11 14 13 8 11 6 15 13 14 10 17 16 7 12 14 14 14 12 15 6
12 15 9 14 13 19 9 11 12 9 13 12 13 14 7 17 8 13 13 19 13 14 11 15 17 14 16 16 10 8 11 9 16 9 9 13 15 12 8 12 11 11 13 17 12 8 9 13 15 10 10 19 12 15 13 15 8 11 9 13 10 11 6 17 16 10 14 9 10 12 22 11 9 13 16 14 13 12 15 12 14 16 13 10 8 11 14 8 10 13 8 12 17 22 23 14 7 12 18 19
9 8 11 9 16 15 16 15 17 14 10 17 11 10 12 11 9 13 14 17 16 9 7 16 19 13 11 15 12 19 9 17 12 8 12 43 33 24 17 7 15 18 8 12 15 12 13 14 11 16 8 11 16 11 22 15 15 19 13 13 15 8 15 13 12 15 8 13 13 12 17 16 18 18 12 11 9 15 11 15 16 10 13 11 17 13 12 20 11 15 12 11 12 15 11 8 10 13 24 13
19 11 13 15 11 11 17 16 17 9 8 8 12 12 22 12 11 12 9 15 11 14 13 13 11 12 8 15 5 15 12 16 10 26 13 13 16 20 25 12 15 12 18 12 10 14 17 10 20 16 15 18 12 12 20 20 11 12 12 15 9 15 8 13 19 10 11 22 19 19 8 12 14 15 11 18 12 14 14 11 14 13 13 7 13 9 13 15 11 11 14 13 11 18 15 10 7 13 9 13
13 13 10 12 12 8 10 21 11 14 10 9 12 10 23 14 13 11 13 16 15 14 12 13 13 19 15 16 17 14 12 15 12 12 13 8 11 14 10 10 11 11 8 11 10 11 18 15 12 12 13 12 12 13 15 15 17 19 14 11 16 17 13 20 15 11 17 15 13 7 15 14 15 13 18 14 9 12 20 15 16 9 13 21 15 11 10 14 13 12 10 13 13 16 23 16 14 10 17 17
15 13 14 6 14 16 13 12 19 13 13 10 12 17 12 7 14 13 19 15 14 11 12 19 13 21 16 20 12 21 15 11 13 14 14 11 18 15 14 10 13 9 8 7 17 8 10 16 10 20 8 10 14 12 12 10 18 12 19 12 21 20 9 14 16 11 12 11 12 16 14 12 16 15 14 10 13 17 18 16 15 9 16 9 13 13 16 16 14 11 18 9 11 10 17 10 12 12 10 15
18 17 7 19 12 15 9 8 7 9 17 10 8 14 20 12 17 13 12 12 28 12 14 10 9 13 15 13 15 12 16 19 14 22 18 18 20 16 9 11 14 13 17 15 18 14 11 16 11 11 17 12 9 17 10 9 15 12 10 9 12 10 14 27 12 13 14 15 7 12 13 9 14 7 14 17 14 11 15 10 13 13 10 18 11 11 11 11 14 10 11 11 16 11 15 9 14 14 17 13
12 17 13 20 18 12 15 15 18 7 16 13 20 16 14 13 10 12 12 15 13 18 17 13 14 13 14 15 11 13 15 18 20 13 12 12 8 10 14 12 10 14 17 13 9 17 10 6 14 17 9 19 15 17 14 9 11 11 10 9 12 14 12 9 12 13 14 12 14 13 14 14 10 10 13 10 11 13 6 7 10 15 16 15 10 15 15 13 15 12 21 13 12 15 15 13 18 12 6 19
14 12 22 17 10 14 13 11 10 14 14 14 11 9 25 11 25 15 12 12 12 6 10 10 18 15 13 6 10 13 14 9 5 11 10 15 24 15 15 11 13 12 14 19 21 8 10 13 16 16 14 20 12 16 20 15 12 19 13 15 12 14 16 16 13 14 12 18 10 16 13 11 17 18 13 11 19 9 14 14 7 13 9 10 9 15 9 18 18 21 18 15 10 17 13 10 15 11 13 11
13 13 10 12 17 19 13 13 17 18 10 14 12 22 16 17 15 12 18 20 17 15 14 12 9 10 12 16 15 9 14 16 14 15 20 15 19 18 9 14 10 9 17 14 14 9 16 17 9 11 15 12 15 14 15 14 11 10 10 21 14 11 13 15 8 15 14 18 17 13 10 14 14 11 10 13 15 18 12 14 13 12 10 18 15 18 13 17 7 7 17 14 10 12 18 11 17 9 9 10
12 11 15 20 13 12 13 11 12 14 12 18 13 14 17 18 17 18 15 26 19 18 11 10 14 9 17 17 19 10 15 17 18 13 13 14 14 14 18 9 14 7 11 12 11 14 12 11 18 12 9 12 14 13 15 14 11 13 9 14 16 12 12 18 9 15 11 9 15 11 7 15 13 15 10 14 9 15 12 12 9 9 11 19 18 15 15 9 19 10 13 9 10 13 13 20 11 15 11 10
13 12 11 11 9 14 15 10 11 10 11 14 12 13 10 11 8 15 12 12 18 18 16 16 18 14 14 9 10 15 17 11 11 17 16 16 20 13 12 10 17 17 13 14 16 10 12 11 9 18 13 16 16 13 20 14 12 13 9 17 10 18 9 13 12 8 13 10 13 7 13 14 17 13 16 19 11 18 10 13 11 13 13 17 18 11 15 13 10 9 8 11 11 18 17 13 12 13 10 13
11 7 15 11 17 18 14 13 17 14 10 16 12 10 12 12 14 11 13 9 14 17 17 14 15 17 19 8 12 16 13 15 13 11 10 20 13 9 13 19 13 11 13 14 18 17 6 21 14 12 15 14 14 12 7 22 22 15 12 18 15 12 14 16 18 12 15 16 16 5 12 22 11 13 10 12 15 13 16 8 16 24 11 14 11 11 11 14 12 8 11 16 13 16 7 10 16 14 9 12
10 15 7 10 9 9 11 15 24 12 19 12 9 13 13 7 16 14 12 18 15 14 12 10 12 16 14 4 18 14 14 16 11 8 9 17 9 12 10 14 13 17 9 14 13 19 24 10 10 11 12 21 10 14 14 15 12 11 12 15 11 13 20 16 15 12 11 13 7 11 10 22 17 17 12 15 15 12 10 11 11 14 17 15 10 20 14 10 9 9 13 11 15 9 18 25 23 11 17 10
18 13 15 14 9 12 13 21 11 9 11 13 13 9 13 11 17 10 13 15 11 16 16 12 8 12 21 15 9 12 8 12 13 12 16 9 14 13 15 16 17 10 9 19 23 15 17 13 20 17 13 13 15 16 16 10 15 15 12 22 12 15 10 11 7 12 14 9 17 11 17 15 17 12 14 17 8 12 12 14 9 13 10 16 21 9 11 10 11 10 21 14 11 11 22 11 13 15 11 15
11 7 13 12 11 16 16 12 11 16 11 9 14 17 10 17 20 15 13 9 12 11 16 18 14 9 12 8 14 9 14 8 14 6 14 19 16 11 19 14 13 7 13 11 13 12 18 14 17 13 20 10 7 14 11 19 14 19 10 11 14 20 12 16 13 19 16 12 23 12 10 11 9 7 16 14 13 15 11 14 17 16 18 13 15 15 30 20 13 10 20 8 17 10 17 18 14 10 13 17
24 17 11 9 15 14 15 9 13 13 15 12 12 17 13 16 17 15 9 12 11 13 10 13 13 8 17 9 10 10 17 8 12 15 12 15 10 17 18 13 5 16 11 6 8 18 12 13 15 13 16 13 6 15 11 17 10 12 11 16 12 15 8 9 16 12 15 17 10 18 16 15 16 10 11 12 15 13 17 14 18 11 13 12 11 19 11 12 10 16 12 19 12 12 13 17 9 10 14 14
10 19 6 7 18 18 15 17 15 14 15 12 17 17 18 9 16 12 15 16 14 12 14 13 13 9 13 11 9 17 8 13 11 16 13 10 14 12 17 18 13 21 9 16 15 11 16 20 17 18 12 15 10 20 13 16 13 22 15 17 13 12 11 12 9 13 10 16 10 14 10 10 16 10 12 12 13 12 11 19 11 8 19 22 8 12 11 8 21 18 17         
