0.461538461538462 1016 15 10 11 11 12 22 9 13 16 12 11 10 19 11 11 15 11 10 11 20 15 7 13 12 13 8 12 16 16 38 14 12 12 9 16 18 16 10 17 22 8 11 15 8 15 12 12 10 14 9 13 18 14 10 11 11 15 15 9 12 12 10 10 14 12 17 11 9 13 10 12 14 11 17 10 7 18 15 16 8 10 15 15 16 18 14 20 14 10 12 12 10 15 17 19 12 18 15
18 9 10 8 12 14 13 16 12 10 16 12 15 14 15 17 11 16 17 8 15 13 12 14 8 13 16 13 9 11 16 8 13 11 18 10 20 11 7 12 12 13 15 7 9 12 16 24 12 11 12 19 17 12 8 14 15 19 9 6 11 14 13 15 11 11 12 10 19 15 15 18 21 9 11 13 9 17 11 10 20 9 12 18 16 9 12 15 14 9 18 13 7 11 13 16 15 13 13 12
11 13 9 20 12 7 16 11 12 8 16 12 13 13 12 12 16 9 18 16 14 10 12 9 9 17 6 10 13 11 8 7 6 11 11 17 14 14 20 14 11 14 11 6 7 10 15 14 16 13 13 14 14 10 17 15 16 17 9 11 16 11 11 9 12 11 19 13 12 10 12 12 17 13 12 12 13 12 14 54 9 28 12 19 9 17 17 17 16 11 19 14 8 17 18 16 14 13 8 16
15 10 19 13 14 20 9 16 17 11 16 17 13 17 28 28 13 22 16 15 25 17 12 11 9 15 18 11 12 18 12 11 14 12 15 13 12 16 15 19 13 10 10 15 19 10 14 14 13 15 13 17 13 11 11 18 18 11 12 21 17 12 16 9 14 10 12 11 15 12 20 11 10 9 10 13 17 19 15 12 15 13 14 18 10 19 12 14 13 14 15 12 10 15 18 13 10 12 12 9
12 14 13 9 15 19 12 12 13 9 12 13 9 16 15 15 8 14 14 10 10 13 19 13 16 12 13 13 12 17 17 10 10 13 14 19 17 12 16 19 15 10 11 12 13 9 13 12 12 9 11 14 14 13 15 13 10 11 20 19 10 11 14 14 23 19 14 12 17 21 14 13 18 13 12 20 13 13 18 12 6 10 10 11 11 14 17 18 12 10 17 16 18 13 13 14 17 10 10 10
11 12 20 23 12 12 13 10 15 17 10 15 16 13 13 13 14 14 11 16 13 14 11 15 8 12 11 12 15 15 18 13 13 13 10 17 11 17 8 10 7 9 10 15 11 15 14 16 9 12 16 13 11 8 9 9 19 10 16 14 14 16 15 15 13 17 27 10 17 13 12 10 18 8 13 9 10 13 16 18 14 14 10 14 10 15 13 14 12 10 12 12 14 15 7 16 10 13 13 14
11 12 9 14 10 14 19 13 14 16 11 17 15 8 19 9 14 16 17 9 11 15 16 18 12 11 12 20 17 14 22 10 12 11 17 12 10 13 12 12 12 12 10 16 8 15 19 11 15 20 9 8 13 13 13 8 14 14 12 18 11 13 9 17 16 14 9 14 10 15 10 10 18 12 18 11 10 8 12 15 12 18 9 19 18 15 14 10 15 19 9 10 10 17 8 8 14 12 16 10
13 18 12 24 15 14 7 11 19 15 9 19 13 6 11 18 14 11 16 12 12 11 5 10 11 11 26 16 9 17 13 11 10 15 21 17 10 14 14 10 10 13 14 14 14 11 11 11 12 14 12 12 9 11 18 17 12 10 12 16 9 17 11 11 11 16 14 12 21 12 12 14 10 16 18 17 9 14 17 11 17 8 16 11 17 14 12 9 15 16 13 15 14 14 8 16 15 9 11 19
18 13 9 13 13 13 11 9 13 11 15 13 11 17 5 13 9 13 16 12 21 11 8 21 18 18 8 15 11 22 7 15 9 8 8 11 12 16 11 15 18 11 13 13 14 10 8 17 23 16 16 18 12 12 18 11 12 9 18 13 6 17 8 12 13 12 12 12 15 21 15 14 16 13 11 15 10 14 7 18 11 13 19 17 20 17 21 13 11 17 9 14 9 12 11 12 15 14 11 7
16 17 13 15 15 8 18 8 23 11 12 11 17 18 9 8 17 15 15 13 10 15 18 10 19 8 24 19 10 7 8 13 12 12 15 19 17 15 13 12 13 16 10 14 9 15 15 18 10 24 18 18 11 16 17 11 15 11 12 11 10 11 16 5 20 11 14 16 18 10 13 15 13 13 15 14 13 17 12 13 13 10 11 12 14 12 15 9 12 15 16 12 12 10 13 13 11 15 17 7
13 17 7 11 12 8 7 9 15 11 17 15 9 23 12 9 15 18                                                                                  
