0.375 2067 15 18 15 13 12 28 19 30 17 22 27 19 29 17 14 19 19 18 16 25 22 23 20 21 13 20 26 15 13 19 24 20 22 15 15 15 17 22 17 12 17 11 24 19 21 13 25 14 19 19 19 14 17 13 19 15 24 14 23 37 18 23 18 17 22 11 19 24 17 30 22 24 26 16 32 24 22 12 17 21 22 10 19 13 26 8 17 23 25 23 19 14 21 19 32 17 18 16
21 25 13 12 14 16 32 26 18 16 18 17 22 18 17 18 21 22 13 22 22 20 21 16 16 17 20 15 21 16 25 17 19 14 16 22 17 18 19 21 21 20 20 19 21 12 27 23 19 18 23 15 13 16 12 23 16 28 15 24 16 16 22 26 13 18 22 25 19 17 35 23 24 15 21 20 16 15 18 17 15 14 21 22 20 23 17 20 20 19 16 12 25 21 17 15 21 15 14 12
18 14 11 22 15 12 17 22 18 14 27 26 20 22 18 18 21 23 24 15 17 13 20 14 24 19 19 12 28 17 12 25 21 25 13 25 15 12 13 23 19 22 14 16 9 13 18 22 15 22 23 23 19 12 23 18 16 12 14 19 23 15 17 17 11 29 15 18 22 17 24 17 16 18 24 24 21 13 18 19 15 6 18 22 18 21 15 11 17 22 30 17 16 12 15 21 18 18 9 23
12 18 17 17 19 14 17 17 16 13 16 16 27 22 20 19 21 17 16 18 29 16 16 22 25 18 16 16 24 24 17 24 17 13 17 21 20 15 18 13 14 18 16 20 12 17 14 15 20 19 28 17 20 17 23 15 19 18 16 23 22 21 16 16 10 21 21 15 17 18 13 15 19 7 12 23 17 11 20 23 12 20 17 28 14 13 18 22 19 16 24 21 16 18 14 17 29 21 20 14
13 18 15 17 17 25 19 18 15 18 20 16 31 25 20 25 11 14 16 21 23 13 20 29 13 18 13 22 19 17 17 23 22 12 18 17 14 21 17 14 14 8 20 17 24 18 17 18 18 11 14 11 12 17 9 15 9 23 20 14 17 12 11 19 21 15 12 23 17 19 17 12 15 21 14 15 30 19 20 9 23 15 22 18 19 18 19 21 19 21 21 15 20 17 21 20 16 23 16 20
17 17 20 18 25 17 22 17 21 13 26 11 23 27 19 19 18 19 17 10 14 21 23 14 13 15 15 29 22 11 19 21 16 13 24 24 13 17 25 16 12 17 15 24 18 14 18 25 20 16 20 13 22 21 23 25 25 17 16 18 13 14 26 12 25 21 19 14 17 17 15 24 15 25 18 20 12 23 24 18 22 20 26 20 21 27 28 27 25 16 18 22 19 11 20 28 22 22 20 23
21 20 18 15 16 16 21 19 20 15 32 8 19 16 16 16 34 15 31 26 21 23 19 16 19 16 18 21 24 23 28 21 15 13 19 21 24 12 26 15 21 19 14 22 17 13 20 12 20 17 17 14 38 18 18 23 15 34 23 15 21 21 29 19 17 17 17 18 12 21 18 16 10 25 29 14 23 24 22 15 21 21 20 14 20 11 15 22 18 14 29 15 13 12 14 23 18 21 27 23
17 13 18 16 20 13 14 16 13 17 15 14 18 22 20 22 23 21 21 22 15 16 16 21 13 21 14 10 16 25 25 15 13 12 19 18 25 16 13 11 28 14 19 18 23 16 22 14 18 24 20 9 19 15 12 16 24 22 17 22 21 26 17 19 16 14 18 22 27 20 17 13 17 21 17 19 19 20 23 18 16 16 25 21 22 20 13 22 19 16 12 14 20 19 17 19 19 24 16 27
24 23 18 17 19 18 29 19 13 12 23 19 14 20 17 20 15 16 26 14 11 13 20 17 16 11 13 28 28 25 25 18 19 16 21 14 13 19 12 21 16 18 18 12 24 21 24 18 14 21 21 21 20 20 20 21 19 13 22 16 28 20 18 22 17 20 14 10 22 11 17 17 15 15 18 16 25 23 15 21 17 23 19 20 15 23 18 26 18 31 13 18 16 14 21 21 15 22 16 21
26 15 21 11 16 13 10 16 17 14 17 21 13 17 16 24 20 18 17 17 24 19 11 21 17 18 13 14 16 21 12 20 20 24 18 26 13 21 21 18 18 11 27 19 19 14 13 18 22 16 21 22 11 20 18 27 18 22 17 17 20 4 15 26 21 20 17 18 13 31 15 24 16 14 16 16 23 19 21 23 23 22 17 14 18 26 13 20 21 20 21 22 14 23 19 15 22 20 15 14
25 16 16 19 14 13 23 21 19 15 24 19 21 24 20 18 16 15 15 18 14 21 23 8 20 19 15 22 11 30 19 8 15 22 28 20 21 25 25 14 19 15 18 16 19 12 17 17 20 15 11 25 21 21 17 10 17 13 10 21 22 25 8 21 18 25 13 26 13 16 23 23 23 23 31 27 23 18 18 11 17 20 23 27 13 20 9 14 17 21 14 29 19 16 17 22 13 18 20 22
24 21 14 16 19 15 12 12 15 19 16 29 18 17 16 17 18 13 26 18 18 19 16 23 19 19 14 16 19 21 26 17 16 23 17 21 17 21 18 19 19 19 19 13 20 24 12 15 18 20 15 16 17 15 24 19 17 11 29 16 13 15 23 21 18 19 16 27 24 20 18 20 21 19 17 16 23 30 19 13 16 21 16 14 19 17 18 18 18 24 11 20 22 9 15 14 17 15 26 10
9 24 16 14 25 17 15 21 16 20 19 20 17 20 14 20 15 23 17 22 24 18 15 12 21 14 12 31 18 20 13 15 15 16 24 12 22 20 19 15 19 12 18 12 18 21 21 12 19 17 18 14 19 15 15 18 20 14 18 24 18 20 19 9 16 16 21 16 14 24 25 17 14 21 16 22 23 16 21 14 17 23 19 15 15 18 15 21 20 19 18 17 24 14 9 22 13 23 14 21
14 20 13 17 25 23 12 19 18 14 11 16 22 20 16 19 19 20 12 14 25 23 16 11 25 18 28 23 25 18 19 23 19 20 16 14 14 16 25 22 19 26 22 27 19 11 13 18 21 14 18 23 14 13 17 20 22 16 20 11 19 21 15 18 20 11 22 15 16 17 13 12 16 22 18 14 17 25 14 16 15 27 13 25 17 16 20 16 15 24 12 22 22 22 25 19 16 26 30 13
21 15 22 13 16 13 15 24 19 17 10 17 13 20 20 19 16 12 19 24 14 24 19 14 21 25 26 22 12 21 21 17 19 19 15 12 12 10 17 19 16 12 11 12 31 19 27 13 17 19 18 18 15 17 19 23 16 28 24 16 16 27 15 14 18 18 16 17 18 20 16 12 18 10 19 18 27 24 23 23 27 23 15 13 14 19 16 23 16 19 19 12 17 22 13 19 25 21 11 19
16 17 19 21 20 21 19 17 21 18 18 19 19 17 18 22 18 18 17 26 26 18 20 23 11 28 26 19 15 20 19 18 19 24 26 9 17 11 18 15 13 14 24 19 11 14 11 22 20 12 18 15 17 21 24 15 10 18 25 16 16 20 15 27 19 17 15 13 19 17 14 13 8 18 23 24 18 15 17 21 30 18 15 13 15 14 10 17 21 17 16 11 18 29 16 23 15 22 14 16
15 21 8 12 14 22 16 19 18 15 12 15 14 26 25 15 14 20 22 17 12 25 16 17 18 24 21 21 16 23 8 18 23 18 17 21 17 21 30 18 18 21 18 16 17 23 15 14 18 21 20 21 19 25 23 19 16 22 26 16 20 23 20 21 20 16 13 21 15 14 16 25 16 13 15 12 18 14 22 14 27 14 21 19 15 14 26 13 16 17 19 23 25 21 17 19 19 25 15 21
21 19 15 14 18 9 19 12 21 25 18 18 14 14 21 17 20 19 17 17 32 15 19 15 19 26 18 22 23 23 18 20 15 17 20 15 16 21 25 15 25 29 20 22 20 17 25 14 16 13 17 17 10 18 18 17 13 20 20 23 14 17 21 13 12 22 19 29 16 13 10 20 22 17 13 22 9 22 15 14 26 10 19 20 22 19 23 20 13 11 26 15 13 25 17 20 12 18 24 14
21 16 16 20 15 20 17 17 19 13 12 25 12 16 13 15 15 12 21 19 19 26 22 18 19 18 16 14 15 21 15 20 11 13 20 18 14 19 23 19 18 17 22 22 17 21 13 13 22 22 14 23 21 18 22 16 23 20 24 15 21 17 23 23 18 15 14 16 14 17 19 17 14 15 15 14 15 23 17 17 12 19 13 26 10 17 12 22 18 13 16 12 15 24 15 12 11 15 15 17
22 17 15 17 29 15 20 17 12 16 15 16 20 24 12 16 22 15 18 20 18 26 22 16 19 19 18 15 20 14 20 27 14 19 21 23 16 23 18 14 16 12 17 19 23 12 12 20 15 21 16 18 15 11 16 18 16 20 13 20 19 17 18 19 20 22 22 25 15 15 18 15 15 10 24 26 20 15 25 21 10 18 16 16 10 13 11 26 21 23 21 16 17 25 22 25 24 19 27 10
19 20 10 12 20 21 16 14 13 14 18 23 24 19 19 10 13 15 22 9 15 18 23 11 22 16 15 11 16 16 22 19 18 14 18 23 17 12 20 24 20 17 18 17 19 24 12 15 20 17 17 22 19 24 20 19 14 19 22 20 17 16 9 22 20 17 21 13 15                               
