0.454545454545455 1659 27 14 25 16 12 19 19 18 17 16 21 14 15 19 23 19 17 20 17 11 19 12 16 18 11 12 22 20 10 23 26 19 20 19 25 14 21 12 23 28 23 18 18 13 16 17 19 15 13 26 14 22 13 10 19 14 15 22 12 12 17 27 20 24 10 12 18 21 17 14 18 18 27 22 14 33 24 19 28 21 19 18 17 18 13 14 15 13 16 16 20 18 19 15 20 14 20 10
17 26 16 13 12 18 18 15 21 12 18 26 19 17 19 17 20 25 19 14 26 19 18 14 15 19 21 21 18 16 19 13 16 20 16 19 18 14 19 23 12 14 10 17 17 19 16 15 19 11 22 16 23 18 14 24 21 14 17 11 17 7 14 18 20 28 21 13 21 22 14 8 19 11 20 16 20 24 24 21 16 26 19 16 25 26 18 17 15 26 13 10 25 26 24 15 23 22 22 25
23 15 16 13 16 19 18 11 18 25 19 22 14 20 12 16 17 13 23 19 17 19 22 20 19 25 22 16 17 20 15 18 20 22 23 27 21 18 14 20 9 17 14 20 22 9 31 28 14 18 16 14 11 16 9 12 16 18 13 20 23 15 19 20 19 22 21 13 13 17 23 16 20 12 22 20 26 19 18 21 21 18 24 25 13 12 32 21 9 13 21 17 21 9 14 18 24 26 19 23
26 25 22 13 27 21 12 23 15 12 17 29 10 37 14 13 23 19 24 18 14 28 25 20 30 21 26 11 14 20 26 18 21 11 24 21 17 24 14 20 20 11 13 24 11 24 30 12 20 16 19 23 16 21 22 17 14 19 20 15 13 15 19 12 18 17 12 16 20 15 18 15 20 22 22 21 15 15 15 14 13 20 17 17 18 15 21 15 16 16 19 14 17 14 18 18 22 15 17 22
16 23 35 14 14 14 13 23 17 18 12 28 12 21 23 16 22 20 10 19 12 24 21 25 18 22 18 29 14 11 22 23 15 17 14 14 20 18 26 16 14 20 20 14 16 20 17 16 26 17 16 22 23 13 25 35 30 23 21 17 20 13 28 13 18 20 21 22 19 15 29 10 12 18 22 22 26 7 28 15 14 24 25 14 23 26 26 17 26 20 9 26 18 17 23 25 27 22 20 14
14 13 21 27 18 18 29 21 20 41 19 12 15 23 14 15 17 24 14 15 18 12 14 18 18 18 21 13 24 18 14 21 26 25 19 18 20 17 21 20 17 15 15 15 16 12 25 22 9 20 25 13 18 18 11 25 16 19 16 17 23 13 13 28 19 14 16 16 15 14 14 18 27 18 17 16 25 24 15 18 20 19 14 25 12 14 13 11 25 16 17 24 17 16 20 10 22 17 16 18
9 12 18 23 20 14 19 16 25 26 15 22 16 16 9 22 18 23 14 20 16 17 15 29 22 23 16 14 24 13 20 21 18 23 24 20 27 22 22 13 18 18 16 23 26 12 22 26 16 21 18 27 24 16 21 17 23 13 13 13 15 10 14 22 17 24 20 18 15 19 13 18 18 14 18 17 22 23 14 21 21 25 20 23 15 17 17 20 16 15 24 17 24 14 17 17 14 20 13 38
22 22 17 16 23 10 21 17 16 19 27 7 16 19 18 13 11 14 14 18 21 17 29 20 18 20 26 19 22 13 16 13 21 20 12 21 14 12 16 18 11 20 16 15 20 21 19 24 19 19 15 21 18 10 13 12 17 20 22 21 19 17 19 12 19 23 14 14 19 23 16 20 15 26 20 25 27 22 15 16 22 22 12 21 16 18 20 24 22 21 26 23 17 22 15 10 23 13 36 20
21 23 24 10 23 19 19 29 16 20 11 19 26 49 49 33 47 34 21 11 19 16 13 15 21 25 21 11 11 16 24 10 21 12 21 19 25 15 12 20 23 22 16 21 15 18 22 9 14 19 7 16 23 13 25 19 32 19 15 25 14 27 19 23 14 23 19 11 18 24 15 21 32 19 19 15 17 15 11 17 14 23 16 18 15 24 27 28 13 21 18 26 21 18 22 21 20 18 17 9
16 24 16 18 10 20 13 14 18 16 25 16 18 14 23 29 23 11 15 38 12 10 19 18 16 18 19 24 8 17 25 22 23 25 17 17 17 20 20 13 21 14 21 15 18 19 22 17 13 16 20 18 12 19 15 12 14 13 22 19 21 26 13 20 20 12 14 22 9 13 17 19 22 20 18 17 13 19 13 14 18 18 14 13 13 11 21 23 21 17 10 17 17 14 18 14 16 20 24 24
15 22 16 19 15 22 10 24 20 17 18 12 25 16 17 17 14 12 17 18 20 19 29 16 24 13 18 15 20 22 16 14 14 28 19 13 24 15 19 22 20 23 8 11 16 18 24 14 19 28 18 18 18 24 17 15 16 24 14 17 16 12 18 24 15 19 25 22 23 22 25 19 14 16 15 14 13 20 24 22 14 25 15 17 20 16 19 17 20 14 21 11 19 21 13 13 19 14 20 24
17 20 22 17 18 21 20 20 6 22 15 21 20 17 19 23 12 9 21 13 15 15 13 12 21 20 16 10 17 10 18 17 14 21 21 16 14 12 12 12 19 19 19 17 16 20 19 13 20 22 16 13 14 14 19 16 20 20 17 27 18 21 12 22 18 20 23 14 23 23 17 16 20 18 12 25 20 18 21 18 19 16 8 15 18 17 21 19 19 15 20 18 21 24 23 12 15 11 17 17
17 21 23 19 17 18 14 16 19 19 20 23 13 20 18 28 19 16 13 17 23 16 18 23 19 20 18 26 24 24 7 25 20 13 21 18 18 17 28 28 21 9 19 21 15 14 22 12 18 17 11 16 24 20 13 19 15 16 22 13 12 16 18 20 17 20 21 19 20 9 11 25 15 17 26 16 18 14 23 18 17 21 26 17 16 13 15 20 14 10 16 23 22 8 15 23 19 12 20 22
11 24 12 33 14 16 19 24 22 16 15 18 25 20 24 14 18 16 18 12 14 17 14 18 10 20 16 13 9 12 20 18 25 17 21 20 11 26 12 22 11 19 24 12 32 10 20 23 15 19 22 21 20 19 23 11 24 16 22 21 14 24 18 23 19 18 13 12 10 10 19 25 13 18 15 24 23 19 22 17 29 15 21 19 20 10 14 21 13 26 27 26 16 22 21 14 20 13 13 12
20 16 23 15 18 9 20 25 25 15 15 15 20 14 18 22 21 16 13 21 19 12 8 9 12 15 16 34 20 14 23 22 24 14 19 24 27 19 18 19 17 25 23 18 21 20 18 10 17 25 22 22 20 27 22 19 19 22 14 14 12 16 16 14 17 19 24 10 24 15 15 18 23 12 18 28 13 19 20 22 21 17 17 16 18 19 24 19 17 18 10 22 15 21 17 21 17 12 28 27
15 12 17 18 10 27 17 26 27 20 21 19 17 23 19 19 18 16 14 18 18 23 14 15 32 20 17 24 16 14 29 15 20 20 22 10 16 21 16 23 24 16 10 27 13 21 19 22 19 14 11 10 18 18 21 15 13 22 19 14 17 16 13 28 20 19 15 23 20 14 15 19 16 28 24 21 13 18 21 12 11 16 13 19 12 11 9 24 12 15 20 21 25 11 16 15 15 23 14 15
28 12 12 15 6 18 15 16 23 10 24 25 15 25 26 25 16 20 24 24 19 17 24 21 14 18 17 11 22 27 17 16 12 21 22 18 12 22 10 19 22 20 17 13 24 20 16 18 20 23 11 16 11 18 11 17 24 17 23 16 19                                       
