0.454545454545455 1975 11 19 17 18 14 14 17 10 16 19 14 41 16 21 9 21 16 10 18 20 14 19 18 13 12 8 21 13 17 14 17 23 9 12 14 16 14 13 14 17 18 11 14 21 20 14 17 13 11 16 14 23 16 17 26 16 18 11 16 12 16 14 15 21 17 15 12 11 22 20 12 16 12 14 21 18 19 12 17 13 20 12 12 17 20 26 17 24 12 22 17 8 24 17 15 10 13 13
12 10 19 6 13 13 21 20 16 15 9 14 16 15 23 22 16 17 15 15 13 18 23 12 8 12 24 16 12 18 15 12 14 16 16 13 11 16 11 16 24 14 13 15 13 18 11 21 15 20 8 15 16 20 17 19 11 5 19 16 22 23 23 8 17 20 14 9 21 17 13 13 13 17 17 18 17 16 14 15 12 12 13 15 15 15 17 12 17 16 10 17 23 24 23 5 13 21 16 15
15 13 19 18 17 21 16 14 17 13 11 18 13 13 15 16 21 7 11 8 15 17 11 16 21 12 15 19 18 22 10 17 10 11 15 11 14 18 19 17 11 16 12 13 12 18 9 14 18 18 11 16 12 20 7 19 17 19 12 13 15 15 19 18 13 15 9 11 19 13 15 17 13 16 17 21 25 18 13 21 18 6 16 18 17 7 12 14 19 19 12 14 17 15 21 14 14 13 15 12
14 13 17 12 11 21 16 14 17 18 12 13 15 17 8 14 17 21 12 17 17 15 18 13 16 16 11 25 14 16 24 7 16 16 18 13 23 15 16 12 9 19 18 12 16 15 22 10 15 17 14 13 12 18 20 16 13 10 10 16 18 12 15 19 20 14 26 11 15 15 16 14 18 20 17 25 13 13 14 17 22 11 20 20 9 12 19 13 13 13 20 16 10 15 10 10 19 19 17 13
8 12 10 14 9 13 12 11 20 19 22 17 10 11 21 14 17 18 10 19 18 19 12 8 10 22 24 20 15 16 20 20 19 11 23 19 14 21 19 18 10 19 25 14 17 11 27 21 19 19 18 12 10 17 19 18 20 14 14 12 18 9 31 10 10 17 13 15 21 14 12 19 19 22 17 8 11 16 17 23 22 19 20 23 16 13 12 10 15 15 14 11 14 14 12 8 13 15 20 15
17 20 19 21 16 17 11 16 12 18 11 21 16 10 10 18 27 56 16 12 19 20 11 22 21 14 16 14 18 18 14 14 19 18 14 14 21 20 15 14 10 15 13 17 17 16 10 28 15 13 13 14 24 15 16 10 23 20 22 12 15 14 12 11 12 17 19 16 14 20 11 14 18 15 15 15 16 14 13 15 19 13 25 12 13 20 16 27 16 16 12 14 19 18 12 20 18 19 20 14
22 17 13 13 13 16 14 17 12 27 14 22 15 14 20 13 16 20 23 18 14 16 21 17 15 20 16 23 17 19 17 18 20 16 23 13 21 11 16 9 14 12 17 18 13 17 14 18 8 14 16 13 9 14 26 13 17 16 19 20 12 12 18 20 16 18 15 16 12 17 16 11 28 20 22 22 24 14 19 9 15 15 15 16 11 20 15 10 22 26 13 18 24 19 16 11 19 16 13 17
17 19 12 9 22 14 13 8 18 14 16 13 8 16 17 13 16 12 11 12 14 14 13 17 18 16 12 13 10 15 14 14 23 14 9 20 16 27 11 15 14 15 13 18 15 13 15 16 15 11 16 19 11 16 18 20 16 15 20 11 13 21 16 9 19 14 14 15 13 16 8 24 17 12 21 10 16 13 16 16 18 21 16 19 12 12 18 17 12 15 15 22 19 13 21 17 15 12 18 16
12 16 11 12 18 10 18 21 18 22 14 14 12 15 15 19 16 17 15 7 17 10 16 12 13 12 15 16 14 18 14 18 11 15 15 12 17 9 16 14 13 14 13 13 14 16 9 16 11 12 20 16 23 14 14 9 15 7 18 20 17 11 21 27 16 11 17 13 13 17 16 16 14 16 16 16 15 18 13 18 14 15 25 20 14 13 14 13 24 11 22 13 12 17 22 9 19 24 15 13
15 7 10 14 18 12 16 16 16 17 13 18 13 19 23 21 19 20 19 8 17 13 10 10 11 31 16 13 19 17 15 17 16 11 17 16 10 16 22 27 16 15 20 16 19 14 15 13 13 20 12 22 15 14 18 22 20 15 16 16 14 7 15 15 14 11 13 10 13 14 15 24 14 68 49 19 16 9 16 10 9 23 15 15 20 15 16 16 13 16 11 11 11 17 18 19 13 19 15 18
8 12 14 14 19 16 21 13 8 19 19 11 23 14 14 23 17 20 13 13 13 16 15 22 22 14 14 14 20 16 20 12 23 12 10 14 11 15 9 18 17 11 14 29 19 17 18 20 15 21 16 17 19 24 19 18 13 19 16 16 24 11 16 16 16 17 14 17 11 17 18 13 15 16 14 18 12 14 13 12 16 13 14 17 15 14 16 12 15 20 9 14 19 16 17 18 15 15 19 12
11 17 16 11 19 14 16 14 20 19 20 13 15 19 13 20 17 16 24 10 12 16 10 12 12 11 14 16 11 13 17 23 12 13 10 14 14 22 12 12 19 16 12 17 15 8 16 16 13 12 13 12 15 12 11 13 12 16 17 19 12 19 21 13 15 15 24 17 20 13 11 15 10 11 9 11 18 15 10 9 13 7 19 17 20 18 15 20 20 20 18 12 13 15 13 10 11 11 15 13
14 17 11 16 20 20 14 12 14 11 15 14 27 14 18 21 18 14 19 11 21 17 12 14 19 21 17 17 23 19 13 13 15 13 17 17 17 17 17 21 15 13 13 10 11 13 17 11 17 16 25 16 14 19 10 11 11 13 16 11 19 9 10 17 13 16 13 16 18 15 12 14 19 13 11 14 10 12 15 20 15 8 10 14 9 19 23 15 16 26 22 16 13 21 18 17 20 15 11 16
11 21 18 11 12 17 16 16 14 15 15 14 23 18 18 16 12 13 12 18 15 13 26 8 13 17 13 12 15 12 10 13 13 14 20 9 15 14 20 15 18 27 15 21 14 15 14 13 13 20 18 14 13 15 22 22 12 18 9 17 21 16 10 8 11 13 6 17 17 20 17 10 18 17 12 9 22 23 13 17 20 12 11 15 17 10 12 15 18 13 11 12 14 19 10 11 13 17 11 14
8 8 19 14 17 17 18 14 10 21 11 24 19 21 12 19 10 11 21 20 14 15 14 17 16 14 16 13 15 11 21 16 18 19 12 9 11 14 17 15 18 20 12 18 14 15 17 18 17 17 15 16 11 22 10 21 13 18 12 13 9 14 21 18 19 13 11 19 13 21 17 22 21 18 8 15 20 8 16 24 14 21 14 15 15 16 14 19 13 11 18 17 16 18 24 15 18 16 16 19
20 17 11 14 20 14 24 11 17 17 8 18 10 28 20 15 14 11 23 20 10 19 13 11 17 22 14 16 23 10 14 21 17 14 17 10 10 14 17 17 18 12 13 13 15 12 21 27 17 20 15 15 10 21 17 24 20 21 10 10 17 13 14 19 11 22 19 12 15 23 20 10 13 17 16 13 15 15 18 19 18 20 13 11 18 22 14 14 10 14 11 11 18 14 17 18 21 14 15 17
17 16 16 14 17 10 20 19 16 12 19 8 15 18 12 23 18 17 17 12 20 12 17 14 19 12 17 17 12 16 13 20 16 10 15 15 21 17 11 15 18 16 22 18 13 17 20 17 14 14 15 18 20 18 24 17 30 10 15 20 9 18 9 10 10 15 17 15 14 22 18 16 11 21 16 11 16 22 19 12 17 13 10 14 13 8 12 16 11 10 18 10 11 14 14 17 17 15 14 12
18 16 20 14 17 14 18 18 16 11 9 21 13 13 17 21 11 14 13 14 6 19 16 18 14 13 11 11 12 10 14 14 10 16 14 13 17 19 11 18 12 10 13 15 13 12 19 17 17 18 25 16 14 20 12 15 17 14 14 15 20 15 17 22 9 12 18 9 12 20 22 17 9 11 12 22 13 11 12 16 14 20 16 13 14 24 22 20 21 11 13 10 23 12 14 13 14 13 13 17
15 12 20 21 13 19 13 20 17 11 13 9 16 16 12 10 22 17 10 17 22 20 16 18 17 13 14 19 17 16 18 11 17 12 18 20 20 18 11 17 15 15 11 18 19 7 15 13 7 18 11 16 19 18 15 15 14 14 17 26 22 15 18 17 17 21 15 15 16 15 14 18 14 10 13 20 20 12 18 14 10 20 11 16 10 17 16 16 9 10 15 12 20 7 17 10 15 14 31 15
13 20 12 10 14 12 19 17 23 12 21 12 16 12 11 12 13 15 14 23 13 10 15 11 12 16 17 15 12 18 14 11 12 22 15 13 14 11 13 25 13 17 20 18 15 22 21 19 12 14 16 11 23 24 13 17 17 19 20 12 18 17 16 16 23 8 11 19 11 11 14 12 18 14 17 10 11                       
