0.461538461538462 1732 11 18 12 22 18 13 17 16 22 13 6 17 20 11 23 13 17 13 12 17 11 16 13 11 13 11 11 18 8 16 18 14 19 19 11 17 15 8 18 10 13 11 15 11 14 12 10 15 12 15 13 12 14 12 17 18 17 9 45 6 13 12 14 15 12 14 16 17 15 14 11 20 15 13 11 17 19 8 11 8 18 16 10 19 14 14 14 15 12 16 13 15 9 11 21 16 12 17
16 15 17 16 17 14 13 19 15 17 14 14 21 18 22 14 14 23 17 15 7 20 17 14 13 16 23 16 13 15 14 19 17 14 16 21 18 16 15 17 19 13 22 16 20 15 21 17 16 12 11 16 17 16 28 9 20 12 22 19 16 14 15 14 18 21 11 22 17 13 16 14 14 15 16 16 13 17 14 15 21 13 16 12 12 19 14 15 14 18 16 14 19 12 20 18 25 14 12 17
16 25 13 15 20 20 12 11 11 12 17 11 12 17 24 19 19 16 12 16 15 14 8 24 14 14 13 16 13 11 13 15 10 23 14 20 19 19 22 21 19 22 17 15 14 18 13 12 22 10 12 12 16 16 14 24 13 14 20 15 12 11 22 9 10 16 17 10 15 12 12 22 15 17 20 12 13 7 15 14 10 17 20 16 15 18 19 16 11 9 13 12 7 13 13 15 14 10 12 20
7 15 15 17 14 16 14 9 14 19 15 15 10 8 12 14 10 11 9 12 13 14 13 13 12 15 11 12 14 14 7 7 13 16 11 11 13 9 17 13 11 16 12 16 14 17 14 10 14 16 18 17 12 17 13 13 11 18 11 23 18 11 18 11 16 14 8 17 17 13 12 13 23 15 14 17 12 14 19 14 20 13 10 16 17 16 13 17 22 14 15 17 19 11 15 15 18 16 13 11
16 25 16 18 15 14 13 20 16 16 13 18 13 7 20 16 16 11 15 14 10 11 15 15 14 16 14 14 22 13 16 20 20 12 20 14 12 21 9 23 39 44 11 14 20 19 14 18 17 8 15 13 14 12 18 14 16 14 15 17 11 16 16 11 17 19 19 23 15 16 14 12 11 18 14 20 24 12 15 12 17 16 16 13 17 19 15 10 12 21 11 12 12 23 15 13 26 19 9 15
17 10 17 26 14 15 11 17 14 13 14 11 21 16 22 11 13 18 18 10 16 9 14 13 18 17 17 15 12 15 9 16 15 19 13 13 14 12 20 19 13 17 25 17 17 15 17 18 8 10 15 23 21 18 14 12 18 10 20 11 21 26 10 16 15 8 12 8 13 16 16 12 12 14 11 19 23 15 11 13 18 15 14 12 8 12 13 15 12 13 11 16 21 17 17 14 13 24 10 10
15 13 8 11 18 15 18 18 14 13 17 22 13 16 15 11 12 15 12 12 15 8 15 8 17 16 11 11 14 13 21 20 15 13 13 14 12 16 19 19 15 16 9 14 15 14 10 14 17 12 15 12 13 15 18 17 14 11 18 18 15 11 10 8 16 12 16 9 13 14 9 13 8 12 18 14 11 17 18 11 15 14 15 18 17 13 11 13 12 12 11 16 10 10 19 16 24 14 15 14
10 12 10 15 19 10 16 12 15 15 19 19 14 10 13 12 14 13 21 12 17 18 7 9 28 10 14 10 19 15 11 12 10 10 17 12 15 23 9 13 12 10 12 19 10 18 13 12 13 17 10 14 13 15 13 15 8 13 19 10 11 13 17 13 12 13 15 13 16 10 13 18 13 14 8 12 14 12 19 18 19 9 12 18 10 8 22 14 9 11 13 12 9 13 14 15 15 11 14 14
19 11 12 16 8 16 15 10 15 13 15 12 14 11 20 19 8 22 10 13 15 22 21 18 12 12 17 13 13 20 15 15 9 16 21 17 19 12 19 10 14 10 16 18 14 11 19 16 24 19 16 24 17 13 16 8 9 18 16 14 13 12 26 30 46 41 18 12 16 13 13 13 10 7 8 16 10 8 15 13 15 12 19 13 14 25 15 21 18 20 10 12 12 11 20 22 11 12 21 17
17 16 11 14 12 19 19 11 13 17 10 14 14 15 14 14 16 15 9 16 11 20 13 10 15 14 14 15 13 13 19 18 24 10 14 16 19 11 12 14 24 17 15 16 6 16 12 18 14 7 16 11 15 16 10 16 12 14 10 16 8 16 12 12 19 22 8 18 13 21 11 17 9 17 17 15 19 20 14 7 13 16 14 22 11 16 9 14 17 8 17 15 15 11 17 18 14 15 9 9
15 15 17 15 13 11 13 16 18 13 17 10 18 17 14 18 17 17 11 17 17 20 19 10 16 9 14 8 15 12 16 16 15 16 15 13 15 14 14 10 16 13 21 10 14 23 13 10 12 18 11 15 11 10 11 11 12 20 16 13 18 15 14 13 11 18 7 11 9 12 17 9 14 15 8 15 14 14 10 13 14 9 13 13 16 21 15 14 15 17 15 15 17 9 12 13 15 12 10 12
11 17 20 16 12 7 16 11 21 8 14 20 19 16 20 19 25 22 16 22 14 16 22 12 10 12 14 18 14 12 12 19 24 25 15 13 14 11 11 14 16 14 16 11 15 11 15 11 21 13 13 15 13 16 14 9 18 8 17 16 15 12 13 11 16 17 8 17 11 14 13 12 13 15 17 13 17 18 12 11 11 19 18 9 10 16 8 14 15 13 16 12 17 12 14 12 15 15 12 10
9 11 16 18 11 14 14 16 19 17 12 12 15 13 13 14 13 13 19 18 16 19 19 14 12 10 9 11 15 15 13 19 16 11 17 17 10 14 14 15 12 13 14 13 15 9 22 10 15 12 7 12 19 11 13 15 17 12 21 11 11 11 18 15 18 11 22 11 18 20 11 13 15 12 13 16 16 18 16 12 15 17 15 14 12 14 23 12 17 10 15 21 22 13 13 13 21 10 15 13
29 22 15 20 18 14 17 19 24 13 12 16 7 13 20 11 17 14 20 15 13 16 9 12 16 20 14 11 16 17 20 19 17 18 15 9 12 21 18 28 20 19 20 10 16 14 13 14 13 16 19 12 13 15 13 13 11 11 12 17 16 14 12 11 15 8 14 8 16 12 14 12 20 12 15 19 13 16 28 14 16 24 17 11 14 14 13 15 18 10 16 13 13 19 19 14 17 19 16 14
16 9 11 12 11 13 15 16 18 14 12 14 22 13 8 16 11 19 14 27 16 16 16 16 13 15 12 16 17 22 10 21 10 14 14 16 15 20 20 13 22 15 21 15 11 16 20 12 9 15 12 13 20 17 26 24 10 12 22 10 15 23 18 19 17 14 19 16 17 17 12 14 16 15 14 31 15 13 11 13 13 18 16 16 16 15 12 14 12 12 15 24 16 12 11 14 19 14 14 16
9 12 17 13 12 13 19 15 14 13 13 11 17 16 19 18 13 16 11 11 17 12 19 14 12 13 15 15 16 11 17 17 12 15 14 13 15 16 22 13 22 19 16 18 15 13 15 15 15 10 12 16 16 14 12 13 9 16 8 19 12 16 10 48 18 16 18 9 18 15 19 12 13 20 19 17 19 15 9 14 8 8 16 13 13 10 18 14 14 13 13 16 20 13 10 19 8 16 28 11
13 5 11 24 17 12 24 18 13 24 14 12 19 9 17 17 16 15 16 12 20 19 10 12 8 13 17 14 20 11 12 11 17 17 18 23 10 16 11 15 21 19 11 9 18 13 18 10 21 18 15 8 14 13 13 21 18 18 16 12 17 14 10 15 11 10 9 7 18 19 20 15 17 9 15 13 21 14 15 15 18 11 16 13 20 16 14 11 6 19 18 21 13 18 17 7 16 16 8 15
15 12 15 13 17 13 14 12 14 10 18 14 11 11 17 14 11 17 13 15 17 7 14 17 18 14 15 13 17 17 18 17 12 10                                                                  
