0.45 1524 9 16 20 10 11 15 16 24 22 15 19 20 15 16 16 17 15 11 22 23 18 13 8 12 21 18 20 17 27 12 13 17 25 24 10 11 15 7 20 16 13 14 21 16 12 19 11 22 22 18 8 16 15 17 24 8 12 15 15 14 19 18 21 18 16 10 23 14 22 11 14 18 21 9 15 14 17 19 13 11 9 17 14 16 17 12 12 18 8 14 14 15 18 14 13 16 22 15
12 17 8 14 14 21 9 12 23 11 22 15 13 15 19 14 18 16 22 18 18 18 14 20 18 17 10 17 15 22 14 14 16 18 20 11 15 18 21 15 10 17 22 18 14 8 21 20 12 17 14 15 19 15 19 21 14 14 19 14 11 18 12 18 15 20 19 15 17 14 9 12 9 8 13 20 21 18 13 14 24 13 17 19 14 23 19 9 13 14 24 16 15 20 16 15 15 15 13 14
13 11 23 11 26 27 10 16 9 19 24 12 17 28 25 19 16 14 11 11 17 20 17 11 18 16 21 17 15 13 19 19 19 20 12 9 11 22 14 11 18 21 20 13 21 18 13 19 15 20 15 23 18 12 16 22 13 14 31 16 16 16 20 12 13 25 19 17 19 24 18 26 9 14 14 9 15 11 11 20 20 19 13 19 20 19 20 16 18 21 12 17 25 25 9 25 13 9 14 13
26 13 16 20 25 13 12 11 18 17 18 14 10 16 16 16 14 11 14 24 17 18 22 12 15 17 21 11 24 14 11 18 16 22 16 14 14 20 16 10 18 13 24 22 14 18 20 11 13 20 21 19 20 24 20 9 17 16 18 15 19 12 19 17 14 18 10 19 21 17 14 15 16 16 14 19 11 13 20 10 18 16 13 15 16 6 22 17 16 12 18 13 13 22 65 45 18 11 22 9
20 15 18 12 9 13 16 20 21 22 16 11 11 19 14 16 25 13 17 24 12 16 15 9 20 18 16 17 12 13 15 16 18 20 16 14 19 24 14 15 17 15 16 12 15 13 19 9 16 15 22 10 8 8 11 24 24 15 16 12 13 15 18 21 10 10 14 16 16 15 21 11 14 12 15 17 25 24 17 21 9 21 27 17 15 17 17 18 14 12 17 12 24 12 20 21 13 18 13 13
18 17 21 23 10 21 23 14 22 18 8 13 9 24 19 12 20 20 21 17 15 15 11 12 21 20 12 21 17 14 21 18 21 19 20 20 18 15 16 12 14 18 12 21 17 20 17 11 17 17 8 11 18 27 19 17 14 12 13 19 16 20 26 24 12 13 12 15 14 17 18 11 25 12 16 22 13 26 9 21 11 13 25 20 10 23 15 22 11 12 13 16 10 16 15 13 13 14 17 22
22 19 19 16 12 7 16 12 14 15 16 15 18 12 9 14 22 15 15 11 22 11 17 15 14 23 14 11 14 16 23 16 13 23 7 18 22 18 12 7 12 19 19 16 19 15 17 19 18 13 12 14 15 18 19 16 12 14 9 15 17 18 13 17 22 15 16 17 13 9 14 20 11 16 19 19 13 13 20 19 17 14 10 17 17 10 18 15 22 20 15 26 11 13 19 15 15 19 27 15
16 16 12 14 20 24 23 10 20 21 16 20 21 16 19 20 10 14 18 13 12 14 18 12 17 14 15 10 11 14 14 14 15 23 11 12 20 15 15 16 9 15 9 53 39 24 17 10 21 10 20 15 14 13 14 13 9 15 15 8 14 18 15 22 15 15 15 14 10 14 14 20 19 20 22 14 11 13 18 18 16 13 16 19 26 23 20 11 14 20 16 19 16 17 19 16 19 19 19 16
16 18 17 20 12 15 27 15 22 15 18 11 10 22 15 19 16 18 17 18 18 19 21 18 17 11 16 18 18 13 18 13 19 20 18 16 16 21 15 9 17 15 9 17 29 16 18 9 12 16 19 18 12 12 17 16 21 10 13 16 13 15 11 10 19 13 17 19 19 22 17 21 15 10 13 16 12 22 13 14 10 16 15 15 18 9 18 14 17 17 11 18 14 15 12 22 23 19 10 16
12 18 16 13 11 8 11 16 22 13 15 17 16 11 13 14 13 22 11 13 16 8 16 19 17 15 13 16 16 13 17 15 17 20 21 13 12 15 10 13 19 11 15 22 9 16 18 10 13 11 24 20 20 10 22 15 12 14 20 16 14 19 22 24 11 15 25 15 17 15 14 13 16 16 23 14 11 15 13 20 24 10 11 22 14 16 14 10 16 22 16 11 14 8 19 18 24 19 14 12
17 15 17 17 13 9 13 16 21 11 17 22 19 18 15 16 11 17 22 14 19 16 18 14 12 15 13 12 18 11 23 8 15 12 17 15 20 15 22 14 19 21 19 16 14 12 13 18 13 18 13 10 15 19 12 18 13 17 12 19 22 18 17 17 13 19 19 20 15 20 13 10 15 12 15 15 12 15 17 9 21 12 13 25 23 9 17 16 15 12 16 21 9 15 14 8 19 15 8 18
13 17 22 13 10 16 16 19 13 17 21 15 14 15 11 18 25 22 14 17 14 24 11 10 11 20 13 16 13 19 14 18 14 17 10 8 12 19 14 17 21 16 17 13 19 16 16 17 20 14 22 18 16 12 21 19 13 17 16 11 11 14 15 21 10 16 18 18 16 21 10 12 15 14 23 13 19 10 11 12 12 16 12 13 17 18 14 14 20 20 17 9 21 17 17 18 11 20 16 14
17 10 17 16 14 18 20 16 15 12 11 15 11 15 15 15 14 15 15 14 17 17 24 10 15 17 14 15 20 26 15 10 19 13 11 19 12 17 14 14 15 16 13 20 14 17 17 21 12 12 19 16 25 18 12 13 13 12 15 14 13 13 16 13 15 20 21 16 13 20 18 23 23 14 20 16 20 14 20 20 13 13 14 13 17 8 15 19 16 15 17 17 13 17 16 16 18 19 16 15
17 27 21 19 23 10 12 11 13 17 14 19 17 17 12 16 21 16 11 15 11 23 16 21 12 21 15 16 11 24 23 17 27 15 21 9 16 15 15 18 13 18 20 14 13 16 10 16 17 16 16 16 14 13 10 18 16 12 19 13 19 17 11 16 13 19 18 8 14 13 20 14 21 10 20 15 19 13 15 21 10 17 16 19 19 22 22 16 15 17 14 14 19 10 13 17 21 10 18 11
15 13 16 15 10 13 13 19 11 12 11 13 15 10 16 16 20 11 19 12 20 16 16 18 16 15 18 20 12 12 21 16 13 14 21 7 19 27 19 17 16 16 17 13 12 16 12 13 15 17 18 13 15 15 14 16 14 12 14 20 12 16 17 11 10 5 16 17 21 25 12 13 13 20 22 13 24 17 25 18 28 20 17 11 23 7 17 13 22 14 10 15 11 10 14 19 14 19 14 16
13 15 22 19 11 14 18 14 16 20 17 20 13 12 6 12 15 12 22 12 14 19 19 19 19 22                                                                          
