0.483870967741935 3956 24 34 33 28 28 28 38 34 20 26 29 27 33 25 18 24 35 33 29 36 28 31 27 24 24 37 36 38 18 25 25 25 32 32 28 45 27 36 27 40 26 28 24 30 29 24 28 29 30 34 23 27 32 25 27 42 22 38 24 42 35 28 32 23 32 35 28 23 26 26 23 32 40 26 31 31 26 24 27 33 24 27 22 29 28 28 12 26 28 25 27 25 35 20 27 29 31 38
31 33 27 22 26 26 40 31 18 28 26 23 25 23 33 19 26 34 30 27 26 13 37 23 22 24 33 29 21 25 38 32 25 28 34 26 32 31 43 40 24 34 26 35 34 27 30 22 21 23 20 36 20 25 22 7 24 39 33 34 18 25 27 28 27 22 23 25 28 25 33 30 15 26 21 35 27 22 24 34 26 34 21 22 26 29 20 21 31 20 25 26 25 23 25 26 38 23 22 36
24 34 34 23 26 31 26 26 24 34 32 21 24 29 33 30 35 34 27 21 36 20 34 29 27 24 30 33 30 30 28 26 26 24 22 31 23 23 27 20 22 30 34 25 30 30 18 35 33 19 35 24 29 23 30 26 35 24 23 32 23 26 17 32 33 19 26 41 24 23 21 22 21 36 37 36 23 19 29 28 25 26 27 26 29 33 32 25 30 39 38 31 33 25 31 17 32 22 35 36
29 20 33 28 24 47 29 36 42 31 25 34 27 29 21 33 31 40 22 26 23 36 32 43 29 43 28 28 26 33 36 25 26 28 29 32 20 24 19 24 24 24 29 28 26 36 24 32 19 25 29 27 32 27 32 24 31 19 28 21 34 30 30 32 23 34 29 19 30 24 20 33 27 23 28 33 36 40 20 31 42 23 29 33 40 23 22 30 26 33 32 19 38 33 30 37 32 36 18 25
29 21 26 19 27 31 24 31 43 19 28 23 27 35 30 28 17 32 28 25 24 20 35 36 25 34 32 25 32 26 39 39 24 30 31 29 23 23 24 25 28 31 24 43 34 29 34 33 36 20 25 29 30 30 28 33 25 24 37 25 24 23 35 23 24 26 37 26 28 21 37 31 24 22 29 42 27 33 32 34 32 33 32 36 31 30 23 23 33 21 27 41 20 22 24 23 17 29 29 32
18 32 33 21 30 22 21 38 19 24 45 17 24 30 44 41 30 26 25 27 27 38 24 26 23 25 25 22 22 22 28 23 27 21 26 36 30 21 31 32 22 20 19 26 31 25 25 23 24 32 30 25 35 30 39 16 23 33 28 26 25 26 36 20 31 25 15 29 40 27 24 27 24 43 23 30 20 30 30 33 29 29 21 29 26 19 27 21 32 27 12 36 32 27 22 26 32 22 18 33
23 33 29 27 24 26 27 25 23 32 32 39 19 49 31 22 27 27 30 30 33 30 29 22 31 21 23 30 20 39 26 29 33 14 31 44 17 14 18 32 33 27 31 32 24 29 24 33 28 22 18 38 40 27 39 21 29 27 25 40 26 38 38 25 29 35 32 42 26 35 24 29 34 9 20 29 27 29 29 35 23 30 20 24 28 21 25 35 30 36 36 32 31 39 33 33 20 29 23 27
40 13 31 27 33 30 32 14 20 33 36 22 26 27 25 33 33 29 23 32 30 30 28 25 31 33 23 26 33 23 39 30 29 24 30 30 36 26 35 30 30 28 33 24 24 32 31 26 33 32 26 24 30 28 29 30 30 24 19 24 21 29 31 29 34 19 27 21 20 32 30 26 23 29 27 34 20 17 28 26 35 32 27 24 42 27 30 20 28 29 33 19 25 34 34 25 31 38 36 25
40 44 41 32 26 25 24 31 43 39 45 28 26 32 35 27 23 23 29 33 34 21 33 27 25 30 32 32 30 31 37 28 26 33 31 19 35 22 31 23 29 33 22 35 28 27 33 23 30 23 25 24 32 48 28 26 32 31 29 29 28 32 17 31 26 21 24 31 27 25 18 36 32 27 23 32 26 33 28 27 29 31 18 17 19 35 27 31 26 23 27 36 21 27 30 32 33 32 30 23
29 22 24 31 17 30 30 39 37 26 17 47 40 32 31 27 31 31 28 30 19 31 32 32 37 25 22 28 32 31 31 29 29 31 32 23 32 36 30 29 34 24 28 32 21 23 31 18 28 29 28 28 26 28 32 47 25 35 30 29 21 40 35 35 29 23 34 26 25 26 19 28 30 22 29 25 32 28 21 39 27 30 21 27 37 36 30 23 25 31 25 25 29 21 20 32 29 36 30 38
29 37 34 29 30 17 36 23 21 32 20 31 23 26 29 21 37 32 40 31 32 32 37 29 32 26 23 28 41 34 26 16 23 40 27 26 40 35 29 25 28 25 29 27 31 30 30 28 27 32 29 26 29 31 30 35 29 27 41 31 33 31 29 27 30 24 37 21 30 37 21 16 40 34 30 19 33 28 26 33 33 45 36 23 33 33 18 21 38 31 22 34 47 14 108 43 37 16 18 68
68 70 25 23 21 29 22 24 33 18 35 15 32 25 25 26 34 37 22 18 31 29 30 33 28 34 8 20 30 34 33 37 14 22 26 35 38 38 23 30 30 23 34 35 15 27 31 29 27 28 37 39 37 20 35 39 26 39 28 29 27 38 29 36 20 24 34 35 26 27 29 23 19 21 25 32 31 37 36 22 26 27 28 24 28 25 29 28 28 27 22 30 20 29 27 24 26 41 25 29
37 26 28 28 40 28 34 31 25 24 22 28 36 23 18 47 40 34 21 34 38 26 26 26 28 25 38 27 29 33 23 30 22 30 26 26 32 23 29 26 33 26 29 35 23 30 30 20 31 24 21 27 29 24 23 25 46 34 22 35 24 20 43 29 28 25 51 35 20 25 31 21 20 33 33 38 18 35 37 30 29 50 31 31 34 36 26 35 27 33 29 21 35 31 47 27 32 20 31 35
31 34 31 29 33 36 37 24 34 11 33 15 34 17 21 27 34 30 24 33 29 23 34 29 33 30 21 23 30 38 23 21 30 25 34 29 34 26 26 33 22 23 18 37 29 22 24 22 34 42 34 31 37 25 36 24 34 32 38 33 29 24 28 28 32 23 26 32 19 20 24 27 22 24 33 32 39 34 24 26 22 39 24 32 29 33 40 34 22 28 30 34 36 19 31 34 28 32 27 28
32 25 26 18 20 37 33 23 27 31 28 26 34 28 23 18 20 23 28 30 36 20 24 33 27 22 35 30 32 33 33 40 19 36 48 45 29 32 31 24 27 18 29 27 33 27 37 28 49 35 31 29 29 26 34 35 31 30 35 34 20 31 32 26 25 33 30 27 34 24 21 27 30 33 33 29 30 21 43 23 25 22 23 32 33 18 28 34 24 38 33 39 34 18 30 27 21 30 35 32
29 29 29 22 29 23 41 27 32 28 30 4 29 42 24 29 34 33 30 40 25 28 23 24 38 31 20 19 40 23 24 30 23 20 24 41 32 26 29 28 25 32 18 30 32 42 39 20 28 31 31 24 25 20 26 34 21 34 30 29 32 25 36 40 37 24 24 30 33 18 20 33 30 28 26 20 24 24 32 31 36 33 33 23 30 30 29 35 26 26 21 27 28 28 32 22 26 29 29 32
38 29 29 20 24 28 23 28 26 39 33 20 20 23 26 23 36 30 24 28 34 26 29 27 20 37 34 26 30 22 31 26 28 27 37 27 23 34 34 25 34 27 27 39 19 21 25 21 27 27 39 27 27 32 18 32 36 34 36 21 34 29 36 19 35 28 24 32 28 37 21 23 29 15 27 30 41 28 24 38 37 22 25 36 39 21 31 32 25 26 33 34 37 22 27 24 36 33 23 29
21 34 28 35 27 34 20 26 24 28 29 26 30 21 27 23 29 32 24 10 27 36 34 21 21 19 20 21 21 32 18 31 30 32 33 29 27 30 24 36 24 21 28 31 29 31 34 30 31 34 22 24 21 28 34 35 23 22 32 36 20 25 24 30 25 28 26 25 26 31 23 36 25 22 40 26 32 34 39 36 22 35 26 32 33 20 18 23 26 29 24 28 25 25 23 34 20 27 33 30
31 29 28 24 27 25 28 25 21 38 31 32 34 33 27 31 32 27 36 29 27 30 33 24 26 28 38 31 36 21 31 37 31 25 33 23 21 22 31 14 21 24 25 22 18 22 19 25 29 30 17 27 31 44 34 41 25 28 28 27 37 24 26 24 39 27 28 26 30 31 21 18 21 30 35 38 20 29 28 32 29 29 23 29 32 29 24 39 17 18 33 28 31 23 31 16 41 26 38 28
29 27 23 20 37 34 29 31 33 23 38 34 21 32 22 28 22 29 37 40 32 45 25 27 25 37 32 30 38 31 35 26 28 31 43 25 38 32 36 27 24 28 18 34 29 30 30 22 31 34 32 35 24 33 33 41 32 28 78 64 56 35 57 51 22 23 31 29 22 33 26 31 30 20 15 35 30 37 38 29 27 31 30 31 28 36 21 25 34 20 38 17 33 33 24 27 23 32 32 26
29 37 23 36 23 22 29 25 29 35 32 17 24 27 18 27 25 28 24 31 28 36 29 29 31 19 27 31 29 32 35 28 36 28 26 26 25 47 19 40 28 41 25 24 26 26 32 40 32 33 28 25 29 32 19 30 23 28 43 37 30 25 25 36 30 27 36 20 35 13 20 25 25 21 26 28 23 24 26 35 24 28 22 24 35 36 27 29 21 40 38 26 25 35 28 29 25 28 35 35
25 26 22 26 30 31 38 21 32 33 31 28 29 30 28 24 25 34 29 23 26 21 25 31 36 34 30 21 37 17 28 38 21 33 27 30 22 21 27 31 26 27 26 35 22 30 17 24 20 25 18 25 30 20 21 27 33 16 25 29 19 30 27 30 21 22 28 29 18 29 29 26 31 29 23 27 29 37 34 16 36 24 17 12 23 35 27 24 23 27 24 21 21 27 28 26 29 29 26 30
31 15 39 30 27 25 22 28 32 34 32 36 38 31 28 29 34 27 37 31 31 12 28 30 33 29 23 34 26 39 28 34 39 23 29 27 33 25 26 34 25 36 27 24 24 10 22 28 35 18 26 31 32 33 34 32 25 34 25 47 26 17 34 39 31 20 28 31 27 26 34 31 20 29 28 27 28 27 25 33 27 25 27 28 33 24 21 37 26 23 25 33 29 26 24 31 33 29 25 28
21 29 27 34 20 26 28 22 24 31 22 25 34 32 35 43 30 24 27 32 32 24 23 19 31 52 31 26 30 18 29 30 30 17 27 24 27 33 27 19 37 36 25 35 37 30 33 29 26 40 31 35 36 46 23 27 34 35 26 35 29 28 20 29 31 32 21 34 27 29 21 22 31 29 27 24 19 26 24 24 40 20 38 29 31 34 29 34 27 38 24 35 34 28 25 32 24 15 34 28
28 27 18 35 33 28 21 21 38 35 18 31 32 32 30 24 47 36 30 29 24 29 28 33 29 24 23 20 31 38 34 35 33 33 19 23 21 36 24 37 30 24 26 28 27 35 31 27 31 13 35 29 31 27 32 25 34 29 29 25 25 27 35 27 35 27 31 33 31 33 22 33 36 28 29 35 37 37 29 32 30 38 33 31 34 21 24 29 27 34 28 33 32 29 41 29 35 35 28 33
24 35 36 27 35 26 17 27 25 39 26 24 18 23 24 35 43 25 30 36 33 25 35 35 17 18 31 23 30 27 26 22 31 29 21 22 26 23 33 38 39 33 22 24 28 34 37 32 26 28 26 24 25 15 27 16 38 31 33 32 19 24 25 36 29 30 30 27 27 30 36 27 21 22 36 22 21 23 26 38 27 30 25 41 19 28 19 39 19 34 23 30 34 31 26 21 32 26 30 31
25 33 23 18 31 35 29 22 32 22 24 25 39 33 21 25 22 32 41 35 35 34 26 27 29 31 28 31 27 29 26 27 27 24 30 23 31 29 32 31 26 21 25 34 17 36 24 35 30 30 31 25 36 25 35 24 26 24 13 33 29 26 28 31 31 36 34 24 33 33 29 25 25 25 33 37 29 17 31 24 29 20 32 27 27 30 29 26 34 29 34 30 23 29 38 13 23 16 26 27
35 28 29 27 22 27 27 34 38 28 20 31 26 27 28 33 23 36 33 22 26 43 35 30 23 40 25 26 41 24 18 29 19 32 26 32 25 33 24 24 35 35 36 40 30 25 19 35 22 21 32 31 17 31 24 18 28 33 32 29 31 32 22 35 33 27 35 25 27 32 16 25 18 23 30 17 21 30 44 27 31 32 30 28 24 26 18 32 25 34 35 26 27 35 26 34 24 23 29 36
17 29 40 28 24 25 26 31 29 32 25 27 32 29 18 27 28 25 35 28 36 39 34 23 25 28 19 32 28 25 27 24 21 20 39 41 22 18 27 32 32 27 27 17 27 25 42 26 23 22 25 23 26 27 29 39 29 23 28 39 22 36 24 26 24 27 22 28 37 30 27 35 36 27 25 19 37 28 25 27 34 29 32 24 33 35 22 34 37 37 25 37 18 18 32 31 42 30 33 29
21 30 20 23 25 20 35 19 25 26 27 21 23 38 27 33 18 25 22 26 32 26 23 26 31 33 31 27 26 21 27 31 32 29 26 23 22 26 23 30 18 26 38 27 36 24 28 26 31 33 22 28 26 27 22 29 32 41 19 28 39 26 32 35 26 14 29 27 24 27 23 32 32 44 31 29 31 24 25 28 26 24 37 20 31 23 42 21 25 39 30 29 23 38 33 22 34 26 30 25
31 24 31 29 13 11 42 35 27 41 28 34 31 23 23 34 25 17 16 18 32 27 19 20 27 25 26 26 36 33 29 27 24 25 34 33 21 23 25 32 29 22 37 23 36 27 31 30 32 23 28 27 15 27 23 23 27 17 21 32 33 39 28 32 27 27 31 37 24 19 26 32 27 25 28 35 21 32 25 18 20 35 42 26 35 23 24 33 42 23 34 28 26 31 23 29 34 31 30 23
31 15 23 29 25 22 29 22 34 21 31 24 28 30 27 41 26 29 21 30 22 26 28 34 22 22 24 39 24 30 27 39 22 27 29 27 21 26 21 24 27 18 26 25 35 13 34 31 28 30 23 30 22 37 27 32 26 21 41 25 22 25 29 21 26 21 30 29 29 29 31 18 11 20 30 19 20 27 24 31 31 27 19 38 30 22 22 31 30 32 28 24 33 28 23 25 21 19 19 25
22 41 22 24 29 20 32 31 31 29 37 30 41 29 31 26 24 31 24 37 14 26 37 31 27 30 28 28 31 30 20 32 32 32 32 34 29 22 34 33 25 13 33 29 31 38 32 29 27 31 29 16 31 30 26 44 33 31 21 28 25 32 37 7 33 18 24 23 21 20 37 52 53 35 25 32 17 12 15 32 30 39 30 36 30 13 15 31 30 35 30 22 31 27 29 25 27 30 33 27
25 35 35 33 32 25 29 31 26 25 33 36 31 27 31 22 21 25 19 24 22 33 33 39 40 35 26 27 21 30 34 27 33 21 30 27 23 22 26 10 31 35 27 35 32 24 18 25 26 36 34 27 25 20 30 22 16 16 22 27 26 21 34 32 26 22 20 27 27 23 36 17 24 28 34 36 24 22 27 26 22 31 30 30 25 26 31 22 19 36 34 24 31 27 32 41 28 21 26 29
24 22 30 25 15 19 30 33 23 25 60 26 27 30 30 30 30 35 25 34 27 25 31 37 28 24 18 30 20 19 41 104 39 36 36 30 33 25 32 26 37 20 32 29 31 41 35 29 32 34 36 24 21 29 31 29 29 33 33 29 26 36 14 37 25 17 34 25 25 12 24 32 32 25 30 30 30 25 36 20 31 36 37 33 18 30 30 37 27 38 31 35 27 28 35 29 28 26 26 23
31 36 33 28 25 21 37 28 29 28 21 34 24 22 20 33 32 32 19 20 30 21 27 23 35 29 24 30 29 27 21 27 38 37 30 22 24 26 32 31 28 35 35 28 38 34 22 25 27 34 35 27 15 25 35 28 21 35 23 34 43 22 29 37 26 33 39 20 30 34 31 38 31 29 33 24 24 24 41 37 30 27 38 27 42 31 26 21 25 36 30 19 26 29 32 20 18 28 22 27
44 36 25 32 30 29 25 26 13 21 42 30 24 32 33 27 33 30 34 35 33 25 23 24 38 25 23 26 27 29 29 34 25 27 31 22 39 16 25 41 30 28 30 26 36 20 40 28 35 29 31 26 30 35 27 34 16 31 29 24 32 24 29 23 26 30 29 33 25 26 29 38 22 19 28 37 21 39 30 26 26 25 21 24 8 32 31 29 24 31 30 25 33 24 25 26 33 31 29 28
30 19 34 26 27 26 33 23 30 32 15 32 23 39 35 31 21 31 26 32 31 35 29 33 25 35 32 19 21 30 43 21 35 33 37 35 25 29 25 25 38 28 24 33 33 31 42 31 32 24 40 40 30 36 38 20 20 22 30 20 25 33 31 34 41 37 33 34 27 28 30 35 27 28 26 9 16 12 19 22 20 10 13 6 16 5 6 15 4 13 9 17 8 19 14 16 14 13 13 6
18 19 16 11 14 20 14 10 18 19 14 14 14 19 13 13 13 13 10 17 16 7 12 13 15 17 13 11 13 20 5 7 13 15 16 12 16 10 11 15 9 12 14 13 23 15 14 12 13 16 11 5 10 17 19 7 9 18 7 10 4 24 18 8 14 10 14 20 14 15 13 11 19 17 14 13 5 17 16 8 12 8 11 18 18 11 20 14 11 11 9 11 8 14 15 18 18 14 13 14
18 12 14 11 15 10 17 16 9 17 9 10 17 13 12 13 9 17 13 15 15 12 18 12 10 16 15 14 12 7 12 18 14 14 14 15 10 16 37 14 20 12 13 11 20 15 19 13 22 14 7 20 16 16 10 15 18 11                                          
