0.470588235294118 2819 26 25 27 19 48 30 28 27 44 24 29 33 32 33 27 29 22 35 27 30 25 29 27 41 21 20 22 43 18 38 32 33 29 31 23 37 34 32 28 26 24 45 38 38 25 33 25 23 32 26 34 26 31 40 28 30 25 42 17 41 26 23 46 22 30 34 26 32 36 25 37 22 28 30 31 25 33 28 28 32 22 69 62 41 12 19 29 26 23 26 25 34 30 29 27 23 42 36
32 23 36 28 27 22 25 44 24 36 36 22 27 52 22 24 19 42 24 26 30 31 29 28 30 19 7 27 21 27 39 30 30 30 24 24 41 30 33 26 40 26 34 28 25 30 29 29 32 24 30 39 24 22 35 25 24 28 27 35 28 32 21 37 36 32 38 27 26 21 14 26 30 19 25 29 27 35 18 25 26 43 30 24 30 42 34 36 40 34 28 46 34 46 24 32 24 37 27 23
34 36 31 25 38 33 31 24 31 38 26 36 42 36 35 25 29 30 37 34 26 17 32 56 26 31 24 28 15 30 10 31 33 25 34 38 27 22 23 27 37 24 36 38 21 29 36 24 32 35 29 29 43 25 26 37 27 25 31 31 25 28 30 29 31 31 34 38 33 23 36 40 36 19 27 30 35 38 32 36 29 39 29 31 28 27 41 33 44 35 33 24 29 26 28 32 28 30 18 26
35 26 27 26 48 28 23 31 31 31 39 56 24 23 30 26 30 27 24 34 26 19 21 25 25 29 39 28 26 36 21 30 21 37 23 30 28 32 38 37 32 35 32 32 41 30 30 38 19 30 26 38 32 26 25 32 27 36 35 29 34 28 31 29 36 30 27 28 27 29 31 29 28 26 33 33 24 33 19 30 22 41 19 33 29 22 23 30 26 32 29 19 24 24 32 24 36 26 40 40
32 31 19 21 25 23 25 28 29 34 23 38 36 37 32 26 44 37 29 25 17 28 44 30 39 32 45 33 25 13 23 37 34 28 30 27 27 33 27 41 19 27 23 27 44 37 42 37 54 26 37 31 32 26 35 35 29 41 34 23 29 25 37 22 27 34 26 28 37 36 31 35 26 49 23 39 29 28 30 29 28 37 26 21 35 38 33 32 43 29 39 36 26 23 30 37 27 36 43 35
31 39 36 35 42 28 45 36 34 29 31 31 26 37 43 42 38 32 36 39 38 33 34 25 26 36 35 26 26 20 33 42 28 34 17 21 28 33 36 22 22 23 32 27 38 31 26 18 37 33 30 42 38 29 22 25 36 29 28 27 27 32 35 29 32 30 39 34 31 25 37 37 27 29 40 25 29 22 25 29 30 30 36 33 37 41 23 30 26 26 32 33 35 30 39 41 26 36 40 28
25 25 33 37 34 34 39 22 17 25 24 32 30 32 34 39 32 27 25 38 26 22 33 35 35 35 22 28 41 34 32 34 30 28 26 26 24 34 26 29 22 39 20 35 31 31 31 40 41 35 35 22 40 41 42 37 35 32 30 35 28 25 35 27 22 31 35 28 31 25 36 32 23 25 25 29 35 28 25 30 34 36 33 31 31 33 23 32 32 24 38 30 24 30 32 22 26 24 44 40
22 34 19 19 43 24 29 44 25 29 34 26 22 26 34 26 34 19 17 36 23 32 38 25 35 28 31 22 31 20 38 19 22 22 34 21 32 30 18 29 23 39 29 32 27 28 42 43 26 28 41 41 39 31 24 34 37 34 32 30 41 32 36 71 32 35 101 142 17 141 69 62 28 26 29 30 29 34 33 23 31 43 28 26 30 78 39 31 31 40 32 22 37 41 21 41 22 26 24 39
47 33 40 29 26 21 32 40 28 28 29 39 29 41 41 37 37 31 30 48 31 33 27 33 36 18 26 31 27 25 20 22 27 24 27 30 29 17 23 36 26 22 24 42 31 25 36 25 28 40 38 39 43 28 28 30 26 23 31 39 29 33 37 26 23 53 36 27 39 39 26 40 36 39 33 29 36 38 25 17 20 30 30 29 27 38 25 28 36 26 29 40 36 45 31 10 31 28 35 36
35 45 26 32 21 27 39 33 24 30 26 30 37 24 33 29 40 46 35 38 37 35 25 27 27 31 35 38 24 41 35 38 28 28 30 28 25 27 34 22 27 19 38 37 35 32 34 46 33 41 35 29 34 26 27 33 33 29 30 30 33 23 23 36 28 32 40 35 29 20 32 27 30 31 37 39 22 19 32 39 33 44 27 36 32 37 34 39 27 34 37 39 38 34 30 27 30 27 25 29
36 40 38 21 25 32 32 28 27 30 30 30 41 31 39 24 25 30 21 41 39 27 24 26 32 28 40 26 34 43 25 18 30 27 34 37 18 34 36 33 24 27 24 36 24 20 17 47 24 32 35 33 21 26 27 19 30 29 41 21 37 36 29 37 44 36 26 38 34 34 36 33 31 37 33 35 31 34 39 30 23 29 22 21 33 26 27 23 27 29 21 27 34 28 32 38 37 23 47 45
29 40 38 34 37 25 39 25 29 28 17 32 36 21 24 22 30 36 23 32 45 34 36 40 40 23 35 27 32 24 25 48 37 26 28 28 31 38 37 32 46 34 33 22 28 33 30 34 24 39 25 26 32 20 29 20 34 21 17 23 35 26 31 27 34 27 29 29 38 22 31 21 24 30 27 19 31 22 26 28 36 23 37 36 33 40 34 24 29 37 22 28 32 41 41 28 22 31 37 32
27 31 30 26 29 31 30 29 35 23 31 59 30 23 15 30 27 45 28 20 27 34 26 36 30 35 37 45 32 15 14 33 23 27 32 28 28 28 25 27 21 26 35 32 23 29 23 37 32 29 28 23 30 26 31 25 27 32 17 38 28 31 18 22 25 27 28 32 27 31 36 30 24 32 31 39 38 24 25 23 38 37 34 30 39 31 35 22 29 34 33 36 37 24 22 36 28 24 36 54
29 30 23 25 29 36 25 22 20 22 25 25 40 31 31 46 36 43 45 32 29 22 25 27 33 30 40 31 26 35 30 21 22 27 20 34 31 38 28 26 29 24 31 25 33 31 37 46 31 35 26 32 37 34 37 27 33 34 23 28 29 25 35 42 23 33 43 26 24 20 36 45 28 35 29 39 23 37 31 33 23 26 31 44 37 28 29 20 33 24 25 34 35 34 36 37 33 28 26 29
31 37 31 29 33 26 44 27 31 24 28 37 34 27 34 27 33 24 37 32 28 32 41 29 77 88 60 27 33 36 31 30 33 23 29 25 31 31 24 32 30 34 38 32 26 37 38 26 27 35 39 24 33 36 44 30 23 32 30 27 42 22 34 27 41 40 40 35 37 33 27 38 29 28 25 35 36 31 16 36 36 31 36 40 38 34 36 36 40 29 36 36 30 31 32 34 40 28 31 32
23 37 40 34 44 34 35 31 24 29 22 32 23 41 19 33 27 31 25 29 25 36 38 30 23 21 14 30 16 29 32 32 23 35 35 31 32 29 34 24 35 32 29 25 33 25 31 21 27 31 29 24 26 34 35 34 24 21 41 27 29 25 43 28 30 34 25 24 35 23 33 21 36 31 33 38 34 20 33 31 26 24 29 39 27 29 32 23 30 24 35 31 34 28 20 31 42 28 41 51
26 32 37 36 25 26 34 28 31 42 23 30 39 32 30 30 35 27 22 33 21 20 25 34 31 31 32 22 33 48 19 40 29 14 30 26 36 25 20 23 28 28 30 32 26 34 48 24 23 37 29 23 20 31 31 27 24 22 40 38 30 30 42 32 34 30 29 27 31 34 38 38 32 36 33 37 43 30 31 36 31 26 26 37 32 45 19 24 32 28 34 34 26 26 28 34 26 28 46 26
26 31 30 44 20 27 25 26 31 32 24 32 31 38 30 25 28 26 32 24 27 14 27 32 30 43 40 32 32 22 31 29 34 38 27 29 29 30 28 27 22 27 36 26 30 23 23 32 28 41 31 26 34 27 38 27 32 18 43 41 16 29 18 48 37 23 31 32 32 28 18 25 31 32 33 37 38 32 41 34 28 34 33 37 34 29 20 31 38 21 19 19 34 31 37 38 35 28 34 25
22 19 35 22 30 41 27 30 35 24 26 25 29 34 35 38 37 34 32 34 27 29 47 33 23 28 31 35 32 35 23 25 30 27 38 35 33 30 24 19 33 27 33 31 33 23 14 43 29 37 35 35 20 27 32 36 30 29 20 19 36 29 27 25 26 39 33 33 24 22 25 25 25 23 28 33 34 31 22 36 22 23 27 37 28 36 27 32 27 22 42 27 33 35 44 28 27 24 37 39
40 19 27 21 40 28 25 16 22 26 22 24 31 26 31 28 28 16 37 16 22 23 32 26 21 26 53 40 28 39 29 31 32 35 30 25 30 41 25 34 21 35 29 35 27 26 38 40 23 22 29 36 36 29 23 30 22 31 26 29 27 27 26 31 24 29 22 27 27 22 22 33 27 22 22 36 30 23 30 26 28 28 28 24 30 28 34 20 31 23 30 45 24 29 31 36 36 41 15 31
25 29 30 31 36 29 30 27 30 16 21 40 23 37 44 25 37 27 26 31 33 33 30 25 31 32 30 23 27 30 32 18 39 35 25 34 28 36 29 38 27 29 35 33 57 31 32 36 30 43 34 30 32 33 39 31 31 30 36 33 30 24 26 26 38 32 30 33 25 42 36 39 42 38 34 28 31 29 23 26 34 33 22 38 29 23 22 28 37 28 28 20 30 34 21 37 22 34 30 33
31 26 29 22 28 22 25 32 22 29 26 34 30 21 30 31 27 28 29 39 27 33 28 22 23 28 32 29 39 38 29 35 33 26 22 22 29 25 28 19 28 38 38 30 30 24 22 35 30 36 31 38 34 32 37 30 20 34 21 38 19 25 26 25 28 26 40 28 36 24 26 22 27 25 39 35 23 26 37 35 31 27 32 30 35 35 22 28 42 41 29 45 45 35 26 41 24 32 29 34
31 34 23 17 38 26 34 24 25 24 28 23 30 24 17 36 38 29 33 31 33 33 25 38 21 34 31 33 21 27 21 25 24 21 29 27 28 31 22 32 25 29 25 20 28 30 33 30 20 18 29 23 14 34 49 33 26 31 29 20 35 25 25 36 35 31 22 31 43 37 21 31 30 20 18 25 26 25 34 33 31 34 31 33 28 26 29 28 18 26 28 34 33 31 41 29 44 27 41 25
26 16 30 28 34 23 36 32 35 20 30 26 33 30 35 28 25 37 36 27 45 28 35 39 26 33 30 31 21 35 33 31 36 30 29 23 18 22 23 33 28 30 38 27 31 35 24 30 36 36 20 38 40 19 32 72 67 28 27 22 25 31 22 25 30 42 35 33 21 31 35 34 30 29 28 26 27 29 29 26 40 32 26 37 27 39 30 39 42 17 33 24 29 32 37 26 37 30 31 32
32 30 27 27 25 19 20 24 32 22 39 28 37 35 32 38 26 19 31 30 36 32 31 45 24 31 34 21 34 20 27 38 31 33 26 45 37 23 34 53 29 19 32 31 26 27 35 31 29 34 34 27 28 27 25 19 30 36 21 34 29 21 27 25 27 36 40 31 29 34 26 28 28 34 21 24 31 35 38 41 34 28 17 26 27 25 24 24 24 28 21 19 43 33 33 30 26 23 33 28
28 42 26 34 26 38 36 39 40 48 25 45 32 23 34 21 29 48 35 22 22 40 30 26 34 29 32 35 35 31 31 25 28 41 25 21 36 25 20 30 20 30 40 26 38 37 24 34 27 36 27 14 14 66 4 28 26 32 37 26 37 37 47 20 24 34 35 27 27 41 34 20 27 35 23 37 29 37 26 25 25 37 35 24 21 31 27 31 17 32 35 33 29 30 35 39 32 47 40 33
29 32 29 38 36 23 33 47 39 31 25 28 33 29 32 42 35 31 24 46 36 32 47 40 43 28 39 38 21 29 29 28 23 30 27 38 25 25 18 21 31 19 22 35 18 32 27 34 29 28 23 35 30 32 35 20 25 36 31 30 26 39 36 34 34 41 22 26 27 26 23 25 44 25 33 32 41 27 39 26 26 20 34 30 23 28 29 28 32 36 34 33 31 30 23 32 32 34 36 23
19 27 27 26 27 24 35 30 34 26 25 29 29 24 22 37 23 25 25 18 35 29 33 31 30 26 28 28 18 30 37 41 34 32 32 28 31 31 26 28 20 28 36 29 19 27 45 25 33 28 21 41 27 24 32 35 30 21 38 26 34 24 23 31 29 24 24 14 33 24 36 29 22 25 22 19 36 27 35 30 35 18 25 24 43 22 22 21 29 37 18 27 38 26 32 30 39 26 35 17
30 23 35 34 26 31 22 34 38 36 20 26 34 23 22 33 34 22 22 37 32                                                                               
