0.454545454545455 3917 29 25 33 23 37 29 30 30 27 24 38 47 31 24 36 44 23 29 44 44 33 35 24 39 33 36 34 37 39 29 30 24 44 30 22 37 34 39 40 24 26 28 33 27 37 41 35 33 33 26 38 32 21 41 29 35 31 32 39 40 39 23 45 35 35 34 25 36 25 38 39 28 30 29 49 41 29 36 43 34 37 38 40 35 34 29 34 38 44 23 34 33 31 26 22 48 46 44
46 27 22 40 34 33 22 26 47 34 32 33 24 35 31 36 39 46 36 29 38 45 40 33 35 28 34 34 24 37 41 28 31 47 38 22 39 45 36 42 35 40 37 36 37 25 22 28 48 33 36 33 35 30 38 34 34 51 32 38 23 28 29 37 33 34 35 32 79 90 30 30 71 65 23 27 22 39 35 34 34 31 32 27 24 34 33 42 40 37 31 32 40 50 18 40 34 22 31 40
42 32 38 29 48 29 31 31 25 26 28 43 38 33 38 42 41 28 46 36 48 37 25 34 30 37 38 39 41 30 29 40 30 32 56 45 31 32 32 34 41 33 28 29 34 42 33 24 39 33 37 40 29 47 28 21 29 37 22 34 30 29 42 40 35 44 38 40 25 36 31 27 26 20 27 34 22 33 38 28 26 58 26 39 47 46 26 33 34 42 40 32 36 40 36 41 31 20 30 37
34 44 34 26 32 46 37 33 40 31 30 41 28 35 28 29 28 33 33 40 29 39 22 30 28 31 31 26 35 23 41 30 42 31 30 34 34 43 34 30 37 40 43 38 22 32 35 38 25 34 32 27 27 31 43 37 45 39 37 44 40 37 46 37 31 29 21 30 30 36 31 41 31 31 22 47 38 20 31 34 47 35 36 28 44 28 33 28 26 27 39 38 53 36 30 35 46 42 34 32
36 26 29 35 30 31 38 18 37 37 29 30 25 27 32 37 29 35 34 27 40 36 21 26 40 33 35 35 9 34 26 35 30 30 27 33 36 27 26 44 31 39 35 47 26 38 29 34 27 24 30 33 42 35 38 30 34 26 25 35 44 33 25 33 26 37 29 30 32 37 36 31 33 28 29 32 26 37 36 49 32 39 30 38 36 43 36 28 33 38 36 42 23 36 29 22 32 31 31 34
39 30 20 30 35 40 30 39 31 37 48 20 37 27 37 31 45 36 29 37 46 36 30 30 51 25 25 39 33 41 40 28 35 24 24 48 37 27 49 35 32 33 24 38 51 35 35 31 25 32 23 35 30 30 36 34 30 37 38 38 25 44 33 28 27 31 29 33 31 30 40 31 17 39 20 29 35 36 27 37 46 25 35 27 31 33 28 38 29 37 26 43 26 44 44 34 48 42 30 30
32 31 45 28 25 41 33 25 27 41 27 43 30 24 32 32 26 40 37 31 31 47 30 27 24 34 37 25 37 36 18 31 38 23 37 45 41 40 37 47 42 38 27 26 39 26 37 28 40 41 32 39 47 42 42 28 34 30 33 34 39 38 31 28 46 44 37 36 32 35 45 30 34 31 29 34 38 33 45 35 35 37 29 37 34 26 31 44 46 35 31 31 38 39 26 25 32 34 24 25
27 35 39 33 33 33 41 31 40 26 25 32 27 32 42 41 23 39 32 33 36 46 29 31 28 37 41 35 35 41 37 39 38 29 33 26 35 30 34 40 38 48 28 36 45 37 25 34 39 26 33 39 19 32 39 32 34 26 39 45 16 33 28 28 35 31 27 30 37 26 40 23 31 44 34 44 42 34 25 31 38 37 30 48 42 30 25 28 35 31 45 34 35 26 33 26 26 45 38 38
30 41 34 42 55 26 33 32 35 26 33 25 40 12 33 35 31 41 39 36 33 24 39 23 36 33 34 31 38 48 28 40 33 30 25 36 37 39 28 29 22 34 49 40 40 41 31 24 34 21 30 40 29 62 48 24 24 37 40 38 30 26 38 31 40 36 28 38 31 56 34 37 30 42 37 23 45 27 39 32 32 41 41 41 35 34 46 25 32 32 34 40 35 33 41 36 38 33 28 32
30 37 41 32 42 33 28 37 34 49 27 27 22 41 32 23 37 43 25 41 38 28 28 17 37 34 31 29 30 32 32 37 33 38 38 38 39 33 43 28 24 79 47 51 94 94 39 38 34 38 36 35 29 32 24 32 33 29 29 28 48 32 28 33 40 35 34 42 21 41 29 27 41 33 29 38 35 46 33 40 42 33 46 38 36 22 35 33 20 33 43 33 35 36 27 31 31 33 31 25
40 45 36 40 28 29 37 42 36 27 33 36 48 39 25 32 42 43 25 37 36 48 35 43 41 40 29 34 31 27 33 23 21 44 35 28 44 33 32 33 41 35 42 37 43 34 44 33 35 30 35 34 42 30 40 35 26 25 38 32 28 80 26 145 30 27 45 39 43 35 42 28 30 46 36 30 32 21 40 45 33 29 26 27 33 37 42 30 13 37 23 36 25 24 35 29 32 40 34 34
36 44 40 29 37 34 32 49 43 40 26 41 24 26 32 47 36 27 37 28 36 33 27 24 32 22 46 45 35 37 30 37 31 28 33 40 36 37 47 33 35 23 35 37 37 34 24 33 33 29 35 32 35 24 39 24 34 32 31 28 39 46 33 27 36 34 32 28 38 34 30 32 32 30 34 27 40 29 28 32 27 36 30 29 36 29 42 25 18 23 41 44 44 30 28 32 30 31 33 25
25 44 30 37 32 34 39 38 33 47 26 24 35 29 42 32 34 39 41 35 35 45 35 22 38 35 39 40 25 33 30 43 38 35 46 28 45 44 28 39 31 33 30 41 35 35 29 38 38 19 33 40 26 33 29 36 31 34 49 44 25 27 22 27 31 22 20 27 37 23 31 32 29 41 29 38 36 33 37 32 28 26 39 28 32 30 39 29 40 39 31 38 29 33 26 39 36 29 55 41
33 18 44 27 38 38 40 32 37 40 44 42 28 32 33 41 32 49 51 33 27 28 30 27 41 38 26 30 26 37 31 24 40 28 34 33 32 39 30 32 39 29 30 30 35 35 38 31 47 31 38 41 43 29 31 27 34 26 22 32 42 37 36 41 40 33 31 32 31 33 26 50 32 40 34 37 28 33 31 38 28 24 39 36 46 30 37 23 37 42 31 42 25 33 33 39 38 40 41 40
41 34 39 32 38 25 29 35 20 39 38 32 30 38 38 34 45 36 39 27 40 37 32 39 28 29 47 35 38 40 41 32 30 27 23 25 34 43 30 44 47 41 33 34 48 33 30 41 36 26 46 30 41 23 31 34 38 42 45 34 24 35 40 32 32 44 24 31 40 42 25 35 36 33 34 32 26 41 18 90 41 19 18 38 38 32 29 28 55 38 34 44 28 29 23 32 33 53 24 31
39 28 39 28 35 42 33 36 35 23 36 24 35 36 31 31 36 42 33 26 36 29 26 29 30 30 38 33 38 35 39 31 31 27 37 36 36 26 35 41 25 36 29 43 40 17 16 36 43 46 37 39 34 23 37 42 49 28 25 31 32 27 25 39 31 30 31 35 30 48 41 37 41 24 40 46 36 31 27 32 31 33 39 38 28 30 37 36 36 28 34 46 38 47 29 36 29 32 24 52
22 30 22 28 29 35 39 26 38 44 32 36 28 38 34 35 26 23 35 31 31 21 21 37 45 34 33 28 42 40 32 34 31 33 23 51 38 24 40 32 24 30 61 58 34 49 43 38 38 36 23 22 43 30 26 47 39 40 31 33 36 35 40 28 48 36 34 38 35 31 32 37 29 32 43 27 41 38 38 27 42 46 32 30 39 43 29 47 38 44 30 32 31 39 34 33 32 25 37 29
34 31 24 32 32 37 28 32 35 35 22 37 26 29 38 32 38 33 37 34 22 33 30 36 34 41 39 36 32 33 34 28 47 49 31 36 43 38 35 46 47 26 34 25 28 31 26 32 23 42 40 37 35 24 46 37 31 30 42 37 30 38 15 6 29 40 26 35 38 38 34 41 41 33 26 27 21 43 45 34 34 25 43 39 43 29 27 30 32 33 37 44 33 27 31 21 31 45 34 43
33 48 42 31 34 26 29 24 20 25 31 17 20 23 32 23 41 29 33 38 41 34 31 33 26 30 30 32 42 48 33 31 44 43 28 30 33 31 33 45 37 25 45 29 25 28 25 27 40 33 32 32 29 32 30 29 38 38 38 31 22 29 34 42 31 38 37 40 39 43 32 50 38 36 37 25 36 34 42 36 45 25 38 37 24 98 40 9 26 26 31 36 30 31 31 34 37 38 33 35
32 27 37 42 27 40 39 28 32 26 36 24 33 29 22 37 32 44 32 46 41 31 31 30 32 36 30 42 40 39 33 26 37 32 33 43 39 23 34 38 39 35 22 30 40 27 15 31 18 34 27 30 34 37 33 38 34 32 31 35 46 34 28 27 42 24 30 28 40 26 37 30 27 34 34 36 38 30 34 37 40 39 39 36 27 47 42 26 33 33 26 44 32 23 39 37 49 42 26 24
37 28 43 39 48 37 34 40 35 36 34 22 44 30 33 37 38 36 37 45 34 42 40 41 35 38 35 27 42 47 32 24 24 31 33 32 39 48 35 39 36 48 27 39 25 34 28 40 41 43 37 34 30 34 40 30 42 35 38 29 35 46 36 38 34 34 49 41 30 25 35 41 39 40 36 45 40 31 37 37 30 30 44 36 34 33 28 29 42 34 27 30 45 38 29 35 37 23 33 44
26 40 35 33 37 49 32 35 40 38 39 40 39 34 34 33 32 31 39 44 29 40 31 34 32 31 27 28 32 43 32 23 38 42 35 49 34 36 34 33 31 36 28 32 25 35 38 28 43 33 32 39 33 37 36 34 32 37 32 32 47 45 37 30 31 40 32 38 32 31 26 35 26 40 20 42 37 43 27 45 35 35 33 36 41 38 47 33 30 45 31 19 40 38 34 27 39 31 28 38
36 34 32 29 42 29 35 43 35 36 44 36 30 45 34 31 24 42 40 24 41 48 45 41 26 31 29 36 25 32 39 40 42 31 44 34 34 41 25 27 30 37 27 23 38 32 30 37 40 34 36 27 31 34 32 30 32 30 35 18 35 33 34 37 40 34 27 32 27 41 29 23 28 33 36 32 33 39 33 48 26 41 32 34 34 37 29 20 39 26 30 34 35 33 26 29 24 24 28 30
33 32 31 35 40 32 45 33 34 39 39 26 37 39 35 42 38 40 34 38 27 36 40 26 39 20 45 30 29 44 45 32 42 35 22 27 43 37 35 36 29 34 31 33 36 37 31 36 35 15 36 26 33 25 39 34 33 39 32 34 34 32 48 33 32 36 28 40 25 29 32 39 37 34 35 39 48 37 45 34 40 33 22 49 34 34 36 37 34 42 33 30 38 41 38 21 34 28 29 38
28 33 26 44 35 30 38 28 36 21 46 34 43 31 43 53 36 35 35 26 29 26 21 39 31 23 32 32 46 23 31 37 30 48 30 44 48 35 39 38 42 33 24 39 37 31 23 34 39 31 44 28 37 27 31 20 31 38 42 26 29 32 34 37 29 28 33 30 36 37 43 35 34 32 40 32 20 24 38 42 30 27 31 29 28 33 31 35 34 34 34 38 38 30 34 33 33 38 36 36
27 41 38 33 43 33 32 45 28 29 28 33 24 36 46 39 33 41 31 41 36 38 30 28 42 26 26 28 35 35 37 25 29 15 35 32 29 45 41 37 36 32 29 39 27 31 17 30 31 26 26 39 33 41 49 19 33 28 30 40 42 35 34 37 29 31 36 38 32 38 45 33 39 30 34 35 42 30 31 37 44 35 22 36 34 38 34 25 35 41 36 33 23 24 35 36 41 33 31 29
38 39 31 24 33 28 35 38 28 24 23 31 46 31 32 41 33 32 30 40 33 41 51 30 31 27 26 27 25 34 47 41 35 39 22 31 38 39 47 33 39 40 42 38 35 30 35 29 35 43 31 49 36 37 30 35 43 34 36 41 33 39 26 28 32 33 28 37 26 19 41 29 35 15 40 34 29 34 33 37 32 38 27 42 43 23 28 32 40 30 38 31 30 34 38 40 41 33 31 33
30 35 32 30 21 22 39 31 25 32 22 42 30 25 28 36 28 35 25 36 37 37 25 36 35 34 28 25 33 45 36 33 40 63 38 36 24 23 31 36 32 35 33 38 51 40 20 35 27 33 37 29 20 32 31 28 26 33 37 37 24 32 38 40 31 34 46 29 33 30 33 34 43 41 45 23 31 43 34 42 32 31 39 34 21 34 36 46 28 31 40 30 35 43 39 32 43 36 41 34
35 32 35 34 38 33 30 27 35 29 39 37 34 43 39 46 32 31 46 31 32 33 51 37 23 42 21 45 30 22 40 24 38 30 36 38 21 36 37 43 36 29 24 42 43 22 33 28 43 28 44 33 44 34 39 36 36 31 35 42 34 33 35 33 33 29 22 41 24 34 37 44 40 30 44 28 30 39 38 32 31 31 42 43 31 31 35 40 30 28 39 31 41 37 35 42 24 31 36 43
31 27 44 37 38 52 46 26 33 32 12 37 25 42 42 40 35 19 46 28 31 28 28 28 29 41 39 34 32 30 29 29 34 37 28 32 49 40 29 38 29 39 42 40 34 40 37 36 31 22 34 43 28 43 30 34 36 35 24 32 39 40 43 32 41 31 38 23 29 28 31 31 21 45 22 24 38 39 30 41 42 40 29 34 29 37 33 31 34 30 25 28 39 32 22 30 40 37 45 22
24 42 34 44 43 38 34 34 44 29 30 43 34 23 38 25 32 38 33 42 34 48 35 36 36 42 38 28 42 31 29 30 46 37 38 33 40 34 35 31 30 40 42 29 32 25 34 40 49 27 40 32 28 31 28 34 32 30 33 31 30 35 39 24 28 18 39 34 41 38 29 35 22 39 33 32 21 38 47 10 21 30 31 39 37 74 36 29 39 38 37 68 27 33 33 36 29 25 27 35
29 36 40 32 42 38 38 29 33 32 39 32 40 33 41 28 33 44 44 34 33 39 32 28 52 35 40 40 49 42 27 36 34 30 38 43 27 36 42 41 44 42 34 21 36 27 47 19 44 36 42 45 34 39 39 33 28 25 38 51 41 25 38 44 33 38 30 28 49 42 30 34 42 33 43 30 34 35 37 39 37 26 26 28 22 21 35 37 38 35 36 40 27 34 28 36 40 36 40 30
43 38 28 33 31 30 29 45 31 28 28 25 26 29 20 36 39 31 32 40 33 32 39 42 26 41 40 38 34 31 29 39 33 46 33 37 49 49 36 43 37 34 9 21 40 31 33 29 28 43 38 28 35 21 29 33 39 41 34 44 41 22 33 34 42 45 47 31 43 39 48 47 38 38 35 40 35 44 31 28 41 19 30 38 40 51 34 34 40 34 38 36 21 30 39 35 31 44 27 22
28 47 41 35 36 39 30 37 33 33 27 35 25 23 36 38 39 27 36 35 42 40 31 29 39 44 26 25 24 40 55 42 43 24 29 33 31 35 48 33 31 28 31 39 46 25 41 43 15 29 25 32 23 49 37 39 30 33 45 18 40 30 41 40 37 27 40 38 38 34 15 32 43 30 33 43 32 35 32 32 32 37 39 35 34 34 40 43 40 40 30 31 49 37 40 30 46 34 33 38
46 30 17 30 29 34 40 32 33 46 45 40 37 33 40 32 31 31 31 28 45 40 22 33 38 30 34 31 36 45 29 29 26 23 51 31 36 34 36 24 44 43 48 37 33 35 39 35 21 27 37 47 25 33 29 30 46 52 24 40 29 33 33 46 45 38 33 32 31 31 22 29 38 30 37 33 37 32 36 36 39 33 33 33 41 38 31 32 34 35 36 44 38 48 43 37 41 43 32 26
35 41 47 37 25 40 39 33 33 45 37 37 23 23 17 14 15 31 32 24 39 22 45 40 31 24 37 31 44 40 31 28 48 26 36 36 31 30 28 31 35 21 47 41 35 34 35 41 34 41 44 39 40 44 38 34 33 50 40 34 48 43 26 34 50 38 37 30 28 31 50 33 24 33 38 37 55 31 35 38 39 44 42 48 38 35 34 37 33 35 26 28 45 30 17 29 28 29 29 30
18 23 36 31 39 30 23 44 35 26 42 32 29 28 37 34 27 29 30 33 35 36 38 44 43 36 46 22 27 37 28 41 34 35 33 38 38 32 22 30 39 33 30 47 33 27 20 31 36 37 28 30 40 36 48 33 38 38 22 36 30 32 41 34 39 32 31 26 32 49 45 29 45 29 30 51 40 32 30 32 30 29 39 31 33 29 19 39 35 30 19 36 30 35 37 43 38 37 26 29
20 37 51 37 31 32 34 39 41 32 24 30 34 28 40 32 35 35 31 37 29 38 28 37 29 27 33 34 33 33 26 39 32 28 44 37 32 31 35 37 35 41 25 41 43 47 32 33 34 19 31 24 39 42 41 36 39 29 33 27 17 29 31 29 38 32 31 35 31 37 36 31 33 38 35 39 44 36 30 24 30 36 38 35 48 34 21 32 32 31 41 28 36 37 31 26 36 35 40 28
33 37 29 36 43 45 33 29 27 29 47 30 29 52 35 16 24 37 32 27 24 41 41 31 43 41 24 35 25 38 29 35 45 31 35 32 27 33 38 32 27 35 38 39 34 37 47 25 25 43 38 42 35 49 37 41 26 45 22 36 23 42 42 40 26 36 35 37 46 33 36 43 43 45 39 36 30 34 21 30 37 31 27 36 32 38 42 36 45 28 32 27 36 21 23 34 31 30 23 30
34 27 39 49 37 42 23 40 32 38 39 35 34 18 32 39 40 35 32                                                                                 
