0.482758620689655 3826 15 22 31 20 35 22 17 23 24 19 30 30 16 22 21 25 21 24 22 31 23 32 23 18 13 31 25 21 20 25 26 20 19 24 27 22 17 31 23 23 28 29 18 25 30 25 20 21 22 16 18 19 27 18 22 27 26 15 21 36 29 29 21 16 16 17 22 14 24 22 25 30 23 26 17 13 23 29 35 25 19 30 21 28 19 26 23 28 27 20 18 26 28 21 19 15 27 13
34 22 23 22 19 22 22 21 28 25 24 22 22 24 20 18 18 15 20 23 21 21 17 20 20 24 30 19 25 19 28 16 30 22 22 26 22 17 20 24 19 28 20 18 29 21 34 23 17 18 30 23 22 28 19 16 26 20 20 15 24 67 62 21 36 31 24 13 22 21 36 20 14 15 25 23 20 32 20 17 13 25 19 31 29 27 24 19 16 30 29 19 19 21 19 26 18 18 15 22
18 25 21 23 26 21 31 21 28 24 22 23 22 18 33 25 29 15 29 20 22 21 29 20 19 22 25 21 25 18 17 20 24 21 30 26 26 19 28 28 22 15 17 26 27 33 26 24 19 16 25 21 17 20 17 34 34 26 24 22 16 34 23 22 16 24 26 23 18 23 19 24 10 26 25 18 28 26 27 13 19 24 21 19 19 35 20 28 15 23 33 29 30 18 26 19 16 25 29 32
24 24 25 20 25 26 20 21 27 24 22 24 24 28 27 25 30 17 30 24 21 15 19 22 33 26 21 28 19 21 15 23 15 21 32 28 28 30 21 32 16 16 18 16 27 6 25 31 30 18 23 16 16 27 18 31 17 17 31 21 30 23 34 21 23 27 7 23 25 32 22 35 12 17 21 30 36 41 21 17 24 13 20 24 20 23 20 25 19 16 25 24 19 12 32 24 28 24 22 33
18 32 25 18 20 24 39 23 22 20 34 25 19 23 21 22 24 26 23 19 21 34 18 22 25 14 21 23 18 18 18 15 24 27 33 20 19 21 22 19 31 23 30 21 19 16 23 27 29 25 18 25 22 28 27 25 25 26 25 28 23 24 23 34 26 19 24 19 27 21 17 23 19 23 23 23 14 24 24 24 13 22 35 25 25 16 30 28 16 28 15 24 20 22 21 32 31 29 27 15
16 22 24 16 24 23 19 15 24 21 21 20 21 25 26 17 16 22 25 13 21 22 22 18 28 22 29 29 26 24 25 20 25 23 18 17 17 27 25 23 23 24 28 24 25 18 26 25 23 14 21 19 17 23 21 22 21 35 18 29 29 23 33 23 17 24 22 21 36 26 26 17 19 19 21 25 23 22 18 24 24 21 24 29 21 16 22 28 25 23 29 34 25 22 14 17 29 23 21 23
18 29 23 28 19 19 20 29 20 15 29 14 15 22 27 21 37 22 15 33 21 24 22 23 30 22 25 21 21 16 22 26 24 21 31 8 24 18 22 24 23 18 15 23 18 12 30 25 34 26 30 28 16 20 24 24 24 27 14 27 13 18 20 28 22 26 27 19 21 26 26 23 16 24 24 23 22 23 26 25 25 17 18 27 29 21 24 19 31 19 18 28 19 15 24 17 18 19 30 17
16 20 27 22 22 21 19 18 26 24 26 27 17 25 15 22 22 24 24 28 25 20 22 27 27 24 18 23 28 19 23 25 34 21 32 15 34 38 23 33 18 28 26 28 21 38 30 21 24 25 19 32 21 21 24 14 27 15 33 32 23 29 38 26 13 22 22 29 22 24 25 24 25 28 25 29 7 21 17 29 20 25 19 28 32 24 18 24 33 25 19 18 29 24 20 20 24 30 27 22
21 21 19 35 21 13 27 17 26 22 20 29 25 28 27 31 15 24 15 22 23 33 18 23 28 28 12 29 16 22 22 23 18 13 16 21 26 23 23 16 23 22 32 28 33 25 25 15 28 11 18 21 17 20 29 17 19 21 18 24 20 21 28 10 21 30 20 29 32 29 33 25 24 25 31 27 25 20 15 23 20 27 22 25 31 31 29 23 32 19 26 18 21 20 28 22 21 19 17 25
28 22 24 27 30 17 18 21 20 17 24 18 26 33 19 25 26 15 28 20 29 28 17 15 20 49 26 31 26 28 26 30 17 21 29 27 23 22 21 31 20 25 16 24 25 28 23 23 28 23 31 28 24 39 30 24 27 14 26 37 19 29 25 26 29 28 35 27 20 24 31 19 24 24 20 25 22 10 12 28 30 22 22 30 25 22 19 17 19 25 29 26 18 30 22 14 28 22 23 25
23 26 35 31 15 27 13 20 21 25 26 35 21 22 21 21 26 24 19 31 14 30 31 21 29 33 28 33 18 25 24 15 32 28 32 24 27 24 19 25 24 22 20 16 19 23 36 24 20 28 26 22 25 22 23 12 26 27 21 18 29 89 60 24 27 23 37 18 22 24 26 21 9 23 25 25 26 36 21 33 30 19 17 12 27 20 16 16 26 35 31 33 22 19 21 24 24 21 24 20
29 19 21 17 20 17 18 22 31 20 30 31 25 18 20 29 21 36 35 20 18 32 17 25 24 28 22 30 30 23 20 24 26 18 28 26 19 23 23 25 27 20 22 27 23 33 18 10 27 18 19 25 20 22 18 31 23 36 18 19 24 24 33 21 24 20 24 28 19 14 31 22 19 17 25 23 22 22 28 40 35 28 39 14 28 15 24 25 20 21 33 32 19 30 30 30 21 21 25 12
18 22 27 38 26 15 25 41 17 17 24 27 29 15 27 21 24 19 23 27 24 24 17 22 23 31 21 26 17 38 20 23 33 26 26 22 27 18 26 20 17 28 30 24 20 28 23 25 30 15 23 29 22 20 29 27 9 15 29 35 23 18 17 21 30 27 19 16 25 23 19 30 27 28 21 31 27 17 11 21 19 18 22 17 20 16 25 33 25 18 17 22 29 22 27 13 19 28 29 20
21 27 18 28 23 37 30 35 21 18 20 37 24 19 32 33 22 27 20 24 29 16 19 25 19 17 19 18 26 25 21 27 20 21 15 26 24 23 21 34 25 29 22 15 17 23 29 22 23 23 20 23 24 24 15 13 21 26 24 25 22 21 18 28 14 20 20 26 33 23 33 17 30 14 27 20 30 23 27 20 19 32 19 29 34 30 24 18 25 19 14 20 24 23 29 25 23 23 27 30
22 11 21 14 24 26 22 24 24 21 25 22 26 23 21 18 14 26 26 23 9 23 18 23 34 26 25 18 26 20 22 14 20 14 15 18 27 21 19 16 28 25 20 30 17 22 17 24 24 18 28 30 37 18 24 37 9 25 26 19 20 22 23 30 35 27 20 23 32 28 23 26 9 20 20 33 20 24 22 32 17 21 17 15 22 29 19 29 28 21 26 14 24 29 20 23 29 18 23 25
17 27 23 19 23 20 24 16 21 16 23 31 23 19 15 27 12 21 21 26 18 22 31 27 25 24 23 25 21 21 15 22 16 15 26 21 28 20 28 21 15 21 18 33 26 18 15 27 13 14 28 18 20 23 20 24 21 22 26 22 27 20 22 23 23 25 22 20 20 16 19 26 17 25 23 24 25 22 27 23 20 16 28 25 25 22 24 17 20 28 28 21 15 24 29 15 30 26 20 24
18 18 25 19 16 18 25 29 22 19 32 27 22 24 22 20 19 22 22 16 24 31 28 27 31 34 24 19 25 36 24 25 19 14 26 21 24 27 28 20 26 18 22 23 36 22 25 20 31 27 26 27 15 19 17 32 29 29 19 29 26 21 27 24 28 15 17 22 22 25 15 30 30 16 16 32 19 28 27 18 29 18 28 21 20 20 20 24 30 18 28 27 28 30 16 25 16 23 23 21
27 26 20 16 30 21 28 19 23 11 27 21 20 22 23 20 28 23 19 28 19 24 28 24 30 22 27 29 17 23 26 14 22 24 26 25 21 30 24 25 23 22 21 25 17 30 22 34 21 27 34 21 23 27 24 26 25 24 23 27 22 28 29 25 18 17 26 22 15 25 33 17 34 21 20 20 26 23 21 23 13 24 26 32 18 22 21 26 21 28 23 33 14 21 21 28 18 19 33 23
26 19 21 24 20 28 26 30 16 25 21 19 30 17 20 22 26 23 18 24 19 20 20 18 25 27 23 19 27 30 19 29 20 31 19 24 28 15 27 20 21 21 24 19 21 21 12 22 26 36 28 19 28 16 19 18 20 31 17 22 22 22 21 18 25 12 26 16 21 19 21 24 29 24 43 27 20 15 25 15 28 26 19 26 24 30 27 19 32 14 17 22 62 68 77 90 26 28 25 16
23 23 27 21 18 16 29 27 18 22 23 19 24 8 31 24 31 34 22 19 21 32 29 27 26 19 18 21 22 22 25 22 21 28 24 24 27 14 22 15 28 15 20 18 22 32 23 27 15 24 27 31 27 25 32 27 27 21 32 28 26 29 15 18 24 21 17 29 15 23 23 24 26 21 22 22 15 17 16 32 35 19 16 29 15 23 20 26 29 19 24 20 32 28 20 24 29 29 16 26
18 26 29 28 18 19 24 23 29 23 14 25 38 16 17 17 25 16 26 24 10 26 23 24 22 26 26 24 17 33 16 25 18 22 29 41 23 20 37 15 25 25 31 24 15 32 24 28 21 29 26 17 26 17 26 19 26 25 32 26 35 25 25 17 24 17 22 17 23 26 31 20 31 20 15 29 22 19 23 19 15 17 26 20 23 26 20 25 31 31 29 21 23 19 18 17 27 21 15 16
12 26 19 18 28 16 16 23 25 17 28 30 17 28 24 25 20 28 22 26 21 20 27 27 24 18 23 26 20 18 20 20 26 24 20 16 18 9 28 28 25 36 25 29 25 22 14 15 38 30 20 37 10 27 25 20 29 26 21 27 26 23 21 37 33 32 28 33 24 25 20 23 15 29 17 22 16 18 25 28 30 24 25 16 23 18 16 24 29 17 18 31 38 22 18 28 30 31 17 23
16 20 25 29 22 25 24 38 18 14 22 27 25 29 14 20 18 22 18 23 21 23 25 26 19 16 25 26 21 25 20 14 32 18 17 18 24 31 21 23 25 26 25 13 23 24 21 23 24 23 25 21 26 21 18 26 23 31 32 13 21 27 33 20 21 40 20 23 33 24 17 22 31 24 24 21 23 26 38 16 24 23 24 19 24 18 29 17 18 20 29 11 25 27 26 25 15 27 32 21
23 21 23 26 23 23 29 23 25 25 25 26 17 18 24 18 30 32 20 20 21 30 19 25 20 26 23 25 24 24 25 9 26 24 26 18 21 29 21 28 21 20 22 29 16 17 15 22 22 23 23 22 20 22 25 31 20 18 21 20 28 23 23 19 18 12 26 11 30 18 30 24 33 22 27 17 24 30 24 22 24 23 26 22 22 19 25 32 34 29 29 24 36 32 19 25 30 18 32 31
21 19 29 22 36 20 26 25 30 25 26 20 26 18 28 23 22 21 23 18 30 14 17 16 24 23 18 29 17 24 35 25 27 27 26 26 24 22 15 28 16 22 32 23 27 21 18 28 22 18 27 33 21 21 21 22 22 20 19 30 24 21 23 33 22 21 25 28 28 21 19 22 28 33 17 26 22 22 16 27 21 25 25 22 22 27 27 27 19 17 21 30 30 23 26 27 24 21 25 31
23 23 16 20 18 22 38 24 27 26 19 25 39 25 29 21 18 23 20 19 15 34 24 30 24 25 23 25 27 19 28 24 27 18 35 25 35 21 23 21 30 17 21 21 24 19 22 24 26 19 18 28 17 19 23 18 28 19 30 16 15 22 17 22 30 25 18 22 25 27 24 17 27 24 26 19 25 24 20 34 22 19 34 24 15 32 18 32 28 16 28 21 15 15 25 11 24 24 15 26
16 17 24 21 24 14 28 36 24 22 20 22 22 22 26 15 24 24 10 21 19 17 25 23 21 25 20 26 19 21 20 14 20 29 21 18 26 19 27 28 31 20 14 21 19 20 19 16 26 26 21 21 20 20 21 22 19 19 30 17 23 16 21 22 25 20 12 21 23 21 20 27 26 22 16 21 22 17 25 26 30 37 22 19 27 20 24 18 25 29 25 28 29 25 21 27 16 28 25 15
23 17 34 25 27 30 21 23 29 15 22 23 26 26 28 19 25 23 18 20 22 21 19 20 20 20 19 27 31 31 19 26 19 13 27 24 20 27 28 25 22 22 27 36 16 23 15 34 27 20 24 26 24 19 24 27 24 20 16 16 22 26 18 18 26 16 30 31 21 20 20 24 26 25 23 18 19 32 22 24 18 22 20 21 22 30 25 26 20 19 23 19 21 21 24 29 26 21 16 19
32 25 37 24 24 22 24 19 16 29 19 29 21 33 19 28 18 24 24 35 22 20 27 16 21 26 19 17 20 20 19 27 34 23 21 23 21 22 30 21 22 25 21 14 19 20 16 25 34 23 22 24 28 31 28 25 35 26 23 23 28 20 16 22 24 31 38 16 28 20 27 26 26 21 33 20 17 23 22 21 25 23 29 27 22 17 35 35 19 31 23 21 29 24 21 20 23 26 15 29
27 20 18 18 35 22 24 23 19 30 18 26 18 19 16 26 26 24 31 25 21 47 29 31 21 23 25 31 31 30 22 17 22 27 25 24 28 24 24 24 22 26 29 19 31 25 32 26 24 27 18 20 25 21 20 24 19 36 26 24 25 23 34 27 16 30 33 21 16 25 19 14 31 24 15 30 23 26 31 20 29 23 19 18 16 33 27 26 24 13 26 15 16 26 14 28 25 15 26 22
26 14 34 27 33 29 23 28 16 31 25 13 23 22 23 23 25 20 28 20 31 26 17 25 22 21 20 22 30 20 18 19 30 24 22 27 24 19 27 27 23 24 24 15 23 23 20 32 30 23 24 25 26 16 30 24 33 17 23 21 29 25 14 19 21 29 18 30 17 29 18 33 27 26 22 21 31 18 27 28 33 25 27 21 13 20 20 21 19 19 21 26 34 16 21 26 20 36 20 24
24 19 14 17 26 19 23 18 24 21 12 21 26 28 17 25 21 16 20 24 20 18 27 25 22 20 20 23 14 31 30 20 22 25 41 15 29 26 16 21 24 27 27 29 24 28 18 32 26 35 34 27 21 15 23 21 26 17 26 27 21 22 18 20 26 20 26 25 4 11 28 28 23 29 24 20 14 21 14 16 18 19 28 32 22 27 20 14 27 25 22 28 19 22 22 28 21 28 23 24
21 23 26 25 24 26 14 25 18 19 16 17 17 24 23 19 24 24 26 24 23 16 23 17 23 33 16 28 28 30 29 29 21 20 24 16 20 33 22 16 21 25 18 34 20 33 19 30 21 22 20 35 26 20 22 16 21 18 18 32 19 27 18 33 17 18 16 21 29 17 20 36 30 16 17 18 22 22 24 22 18 28 28 24 28 18 27 16 23 27 19 16 28 15 21 13 32 18 18 24
21 28 25 29 20 17 24 29 18 19 21 16 10 17 20 28 29 30 29 50 36 29 34 31 30 28 14 26 31 27 19 15 18 23 23 25 15 15 26 22 22 17 16 22 32 21 24 27 36 26 28 35 25 25 19 19 27 22 24 32 23 23 21 28 31 16 14 26 24 37 23 19 25 27 25 16 27 23 27 20 14 22 20 21 21 20 16 24 29 18 30 21 20 17 17 29 25 25 27 19
24 14 32 17 22 20 20 23 19 27 25 25 23 32 30 21 25 17 25 30 25 23 17 29 24 26 21 21 21 24 31 23 19 21 20 26 22 21 30 21 23 30 19 30 18 19 29 30 25 20 16 29 20 34 33 24 26 31 21 37 17 22 29 35 19 20 24 15 28 24 18 22 25 21 33 14 27 29 33 21 22 25 27 16 16 29 33 28 18 24 14 22 18 27 17 14 31 30 33 18
18 27 27 20 23 22 36 18 24 20 22 15 24 17 13 29 15 21 28 22 20 25 28 23 27 26 17 22 28 27 25 21 28 17 14 27 17 28 27 32 33 20 23 29 23 14 29 22 23 27 14 24 16 17 30 25 22 32 25 23 30 17 21 21 27 35 28 33 25 21 20 31 22 24 20 20 35 24 49 21 14 17 16 26 20 19 20 26 23 39 35 21 25 27 15 32 30 24 24 18
21 28 22 25 26 27 25 21 17 27 26 30 16 24 26 26 30 29 21 18 25 28 24 29 21 23 21 21 21 25 27 22 25 22 25 30 31 25 19 31 23 17 17 32 22 28 31 16 25 18 20 25 22 24 24 25 27 21 15 27 28 19 26 27 12 6 6 4 15 14 17 15 13 17 12 11 10 16 16 18 9 8 9 10 12 6 9 14 6 6 7 12 13 4 9 8 6 9 7 14
10 9 8 9 8 16 6 7 15 13 10 12 14 12 12 13 13 10 7 10 13 13 9 11 9 11 9 12 4 13 17 14 9 5 13 13 7 10 14 10 15 12 13 8 15 11 16 13 5 5 8 10 6 11 13 12 6 17 11 8 10 19 7 8 8 9 16 11 16 13 12 20 17 14 14 16 20 10 11 11 12 16 9 14 13 7 16 9 10 11 15 12 16 16 13 17 12 12 15 17
9 10 9 9 18 24 10 9 15 9 15 11 13 22 17 11 5 10 11 7 14 10 10 16 14 8 15 9                                                                        
