0.452380952380952 3582 36 24 39 33 39 32 35 27 26 40 32 22 44 43 35 39 41 38 35 32 17 32 37 33 31 18 34 30 28 26 33 24 30 34 42 28 29 27 31 35 43 42 26 31 26 22 33 36 31 31 29 38 24 29 40 30 23 40 37 44 38 32 32 37 34 28 26 37 28 45 29 37 28 43 31 32 23 24 29 31 33 33 31 39 34 20 20 33 23 36 36 24 35 32 34 35 26 18
29 23 40 45 25 35 35 32 29 25 35 29 41 26 30 27 30 30 36 18 31 30 32 28 40 20 36 32 34 39 42 26 33 26 37 29 37 33 36 30 28 28 39 35 56 35 19 21 26 31 32 34 34 39 25 27 34 36 42 36 46 34 21 25 42 35 28 45 26 32 26 41 40 35 43 26 30 32 32 35 33 25 20 29 30 32 24 21 21 23 27 36 30 30 33 27 32 32 38 33
27 41 37 26 24 37 35 47 29 35 22 39 24 42 26 32 41 36 22 19 32 28 36 36 29 34 43 22 44 39 15 36 28 32 30 36 31 28 17 32 32 19 29 36 23 11 32 37 29 34 28 29 35 36 34 28 37 32 43 21 37 36 27 29 29 32 32 22 37 38 35 35 28 34 38 33 18 29 27 31 26 35 27 42 32 41 33 30 37 20 36 34 39 30 31 28 37 32 30 26
32 28 30 33 28 25 24 43 33 31 26 38 19 29 30 38 34 31 32 33 38 38 40 31 49 29 30 24 33 26 17 22 24 31 38 34 21 33 28 32 39 34 38 47 27 35 32 27 30 44 19 23 29 19 29 31 48 29 22 32 40 31 46 36 39 31 39 37 48 26 38 54 34 40 34 33 31 45 32 31 27 23 27 37 35 32 23 31 39 26 26 23 46 32 29 26 24 35 42 44
28 31 30 36 31 32 53 35 28 38 33 29 37 32 27 6 29 30 26 33 34 17 42 30 37 34 24 28 27 31 47 46 28 41 33 36 32 31 45 35 43 31 34 37 30 28 43 39 42 26 24 39 31 33 29 20 28 30 31 28 30 37 31 29 36 34 31 27 37 48 29 32 30 28 25 27 34 20 26 35 28 33 31 41 64 27 34 38 34 26 33 29 31 24 37 22 33 35 30 34
35 25 29 35 37 39 31 30 33 44 33 32 35 31 29 30 28 35 47 38 39 39 30 39 35 36 30 23 27 23 33 29 33 32 34 39 33 38 28 38 32 19 28 45 25 42 30 26 42 31 31 28 35 41 37 43 31 38 39 39 30 33 35 36 36 46 35 35 26 26 36 45 39 30 36 20 38 37 30 33 26 22 34 45 36 26 39 34 40 32 20 29 31 39 31 25 27 30 40 35
35 35 36 31 31 36 36 33 37 30 24 30 35 27 28 35 32 25 31 35 30 31 30 29 38 39 41 31 35 41 40 38 38 20 20 28 22 24 26 37 36 29 31 43 36 21 37 28 42 39 37 32 28 24 39 29 36 29 35 29 28 33 32 28 41 40 52 45 23 30 16 30 34 44 31 36 29 31 24 32 20 37 20 29 36 16 28 36 43 34 37 33 28 34 30 47 32 26 28 37
31 41 33 34 31 24 38 34 34 32 30 42 48 32 21 30 30 30 36 35 28 38 33 30 25 41 41 37 37 29 49 35 23 33 29 32 27 29 28 29 25 28 31 39 27 44 33 33 29 50 40 19 39 20 32 40 47 33 26 32 17 30 33 41 39 34 34 29 33 35 37 35 35 33 32 24 26 35 29 27 25 31 29 35 39 29 41 31 35 27 47 32 34 34 34 24 34 26 40 38
43 22 26 34 42 31 41 32 32 32 42 38 35 28 32 37 32 38 39 19 32 35 38 33 35 43 33 34 35 33 25 22 40 41 34 45 33 33 37 36 33 25 38 29 34 41 31 26 26 27 39 32 18 35 47 31 34 35 43 38 21 35 87 48 71 71 33 29 29 32 34 21 44 24 32 42 26 31 32 15 30 45 45 36 31 20 46 40 26 40 40 25 35 35 31 33 26 28 31 32
23 39 40 25 41 44 37 33 35 34 31 32 31 41 24 44 26 27 36 35 32 35 36 37 42 49 33 24 30 39 38 22 29 41 31 33 33 28 29 41 33 36 32 36 29 30 26 29 32 20 43 36 33 36 43 29 38 40 40 38 20 32 33 31 34 48 34 16 23 35 27 34 34 41 28 22 30 36 28 39 36 29 32 29 41 36 31 32 31 29 27 32 35 40 27 24 57 74 88 71
39 42 33 29 15 47 46 28 35 32 27 27 23 36 36 33 30 24 23 32 56 34 35 46 25 39 44 38 27 30 31 26 41 34 33 38 42 26 36 37 20 29 43 23 35 29 41 44 34 35 29 32 32 28 34 36 41 36 38 31 22 32 32 44 28 39 17 29 32 32 28 36 32 39 29 46 33 42 31 26 26 24 34 34 37 38 32 43 23 41 45 32 36 25 43 42 36 40 24 33
30 34 36 24 33 21 31 38 34 33 33 38 22 22 51 49 50 42 25 27 37 45 11 46 27 40 32 35 29 28 30 34 44 31 26 31 29 28 38 23 37 37 30 24 37 34 36 37 20 30 33 32 31 27 18 37 24 30 37 35 23 26 31 34 35 28 31 37 46 34 28 29 26 24 41 43 39 29 23 33 35 24 44 42 41 39 38 34 36 34 34 32 45 27 38 25 36 32 22 36
23 35 41 27 29 49 36 43 27 37 27 35 28 31 27 28 36 32 37 49 40 29 28 32 33 27 35 39 21 26 34 38 36 47 37 33 37 30 27 36 29 30 20 29 17 48 28 31 37 27 42 39 30 22 32 37 41 40 26 28 31 21 29 35 33 27 30 28 31 30 32 30 36 37 26 21 35 26 30 34 35 30 24 29 43 43 24 30 26 32 33 42 26 28 39 30 31 41 29 27
16 38 28 36 26 30 33 40 30 35 33 39 38 28 39 29 32 32 38 34 29 32 31 43 36 37 30 26 31 32 30 28 33 36 29 39 31 46 31 33 26 44 25 31 17 39 30 33 30 44 26 30 42 51 38 35 36 24 38 27 23 14 27 27 30 27 37 31 31 27 35 42 25 40 38 40 37 42 31 28 30 37 40 24 24 32 35 37 26 31 30 30 43 27 33 31 32 29 35 37
31 25 31 35 26 32 29 27 32 38 37 36 34 31 28 29 23 22 26 31 30 27 30 29 24 38 33 30 21 38 33 35 36 34 28 26 36 27 32 30 45 35 41 33 33 23 45 41 40 32 35 38 42 22 29 34 36 27 41 35 42 32 39 30 30 50 38 45 29 29 24 31 29 30 47 34 21 34 42 31 24 42 42 25 48 29 26 14 39 26 33 30 27 30 31 32 29 38 37 27
30 20 42 37 31 29 38 40 31 38 26 34 38 20 29 27 12 27 35 21 16 48 33 43 34 23 32 31 18 34 31 29 36 35 33 39 39 28 32 21 28 39 42 38 21 33 31 29 29 32 39 44 42 46 32 31 43 32 35 29 33 29 27 16 30 49 25 38 30 28 37 29 36 29 29 30 28 33 37 17 28 29 42 27 37 33 34 26 41 35 48 28 29 33 37 32 27 21 42 31
27 37 28 29 31 31 24 33 30 32 33 47 42 40 26 32 41 31 36 39 28 37 28 43 34 41 38 33 27 18 41 35 37 26 49 33 28 30 26 31 31 22 32 33 38 37 26 28 41 35 27 28 47 31 23 33 23 34 41 35 28 35 34 33 32 36 26 40 28 43 28 31 35 37 33 32 28 42 44 31 23 25 38 23 25 26 25 38 32 39 28 32 31 37 29 33 45 31 36 24
45 34 45 37 41 38 35 42 29 43 26 31 39 23 39 41 36 27 22 26 38 31 37 39 42 30 28 28 26 37 38 33 35 38 46 23 36 40 36 26 39 34 22 36 35 42 60 66 32 21 23 38 25 26 23 24 35 39 38 32 37 42 22 35 36 31 39 30 34 30 22 38 24 32 36 40 36 35 21 26 26 32 26 36 32 29 48 44 34 28 41 27 45 31 44 37 33 35 38 32
32 21 35 35 32 31 36 38 35 31 26 34 35 31 27 29 31 31 33 26 31 21 51 26 39 24 36 32 30 31 29 29 32 32 16 35 44 46 35 34 31 39 37 41 32 26 33 33 40 36 41 31 23 22 24 32 36 35 20 34 33 34 29 28 38 34 28 45 30 34 36 23 25 24 23 19 29 30 20 42 32 38 45 40 16 32 30 25 35 17 35 40 31 32 24 40 26 29 44 20
31 26 36 40 32 38 49 34 43 25 19 43 31 40 17 30 24 48 28 29 38 31 30 28 36 37 27 33 40 40 29 37 36 28 21 26 30 28 26 38 37 33 25 22 28 33 40 38 33 23 33 36 29 25 35 40 33 37 43 31 30 34 33 35 32 31 32 27 22 29 24 48 41 16 32 24 31 43 28 39 38 36 39 40 17 35 36 15 34 47 28 31 30 14 38 41 39 32 30 49
27 33 42 26 39 37 37 10 24 25 28 34 30 29 32 26 39 33 34 27 25 25 35 27 26 40 38 33 39 36 29 33 32 32 26 35 22 38 26 25 47 42 29 40 35 31 32 42 42 23 26 38 29 28 47 23 22 36 35 32 34 25 22 37 48 38 31 36 22 29 31 40 37 43 31 31 30 35 33 30 38 41 26 39 34 23 34 40 33 30 39 14 26 35 23 23 28 31 38 25
32 26 26 25 30 27 28 32 16 35 32 32 41 35 37 36 25 30 27 24 31 28 30 43 32 23 29 44 29 30 44 37 37 38 19 41 44 44 37 24 33 23 39 29 34 22 35 39 35 33 38 45 21 30 26 30 31 34 24 41 35 33 33 24 24 43 41 14 27 44 33 28 34 24 35 28 40 45 40 22 21 29 28 23 42 34 31 21 25 26 28 31 34 40 32 28 37 40 28 27
30 21 31 13 33 38 25 45 21 32 31 46 25 34 49 30 38 30 36 32 34 28 29 32 29 36 42 34 32 29 44 29 25 34 37 31 40 37 42 34 32 23 35 25 22 37 27 32 37 42 25 35 26 50 32 34 38 26 24 10 43 27 46 35 33 42 28 28 27 26 39 40 32 27 34 20 30 30 29 30 25 35 37 31 34 31 36 34 30 25 36 38 23 27 27 36 26 32 34 20
30 34 36 30 30 33 33 31 33 37 21 31 24 32 42 35 32 40 22 33 23 31 28 29 22 30 28 22 33 48 22 27 25 37 29 29 35 37 45 33 40 37 33 37 41 39 28 41 14 31 32 55 28 32 22 33 37 36 29 40 34 31 33 37 43 27 27 41 28 32 35 44 42 39 30 41 26 34 28 32 24 26 34 38 20 28 36 23 33 35 27 37 14 43 30 40 39 31 41 31
37 20 38 41 29 36 34 35 21 20 29 21 25 28 53 33 35 25 31 28 25 24 33 32 36 36 22 40 27 22 24 25 29 30 27 37 41 43 27 28 11 42 32 48 41 31 39 33 32 33 34 39 38 28 37 26 22 41 28 25 40 25 22 32 26 38 41 30 34 31 33 43 47 30 29 30 44 35 43 22 28 33 36 37 49 33 27 27 36 24 20 42 35 34 21 24 27 18 30 13
33 35 43 39 36 43 37 29 37 31 27 14 31 37 20 30 40 29 34 31 24 36 34 27 27 29 42 34 39 31 40 26 33 33 28 36 31 27 37 27 39 31 40 29 36 34 42 27 34 37 21 36 33 37 35 33 37 29 28 32 51 27 30 44 24 30 35 39 36 37 39 24 24 19 29 25 20 18 34 17 46 35 41 23 40 35 43 36 78 22 30 30 36 32 31 29 35 29 13 16
44 26 38 35 36 27 20 29 29 24 38 22 38 26 35 29 26 37 34 33 38 30 43 29 41 36 29 31 33 24 31 36 33 27 20 29 41 34 32 25 45 34 37 32 27 31 35 31 37 39 39 30 27 32 29 33 36 25 35 29 29 36 40 23 35 36 36 36 32 28 25 36 33 28 26 51 31 36 29 31 38 29 32 26 30 33 46 24 27 38 26 30 31 27 37 28 31 32 16 41
35 27 36 23 21 24 34 23 34 29 35 20 31 33 34 30 47 32 24 20 27 28 31 35 24 23 26 25 37 34 32 45 42 32 26 27 28 27 31 24 25 25 36 34 32 38 25 24 43 34 37 35 29 29 30 31 16 29 36 35 35 31 43 28 31 33 30 28 28 29 35 41 31 32 24 30 24 27 28 33 44 27 27 34 26 31 36 23 36 39 34 28 31 24 21 28 30 36 30 38
35 38 32 30 22 27 18 23 32 37 29 31 25 29 37 32 29 29 32 42 36 38 33 30 44 34 39 36 23 30 30 31 33 27 24 36 40 41 36 36 32 35 24 30 27 35 32 37 38 22 36 21 26 33 30 35 45 35 27 35 35 42 34 23 26 40 33 28 33 38 34 36 26 24 17 29 34 32 31 18 27 25 31 37 28 35 19 34 32 15 29 34 33 26 36 41 30 24 35 26
34 27 28 32 39 35 39 34 37 30 29 31 38 19 33 29 32 36 20 35 34 34 28 36 27 29 25 29 28 36 30 34 29 29 25 28 37 29 33 30 35 33 37 37 25 31 19 22 35 36 29 44 29 31 29 29 17 24 36 34 31 34 30 21 23 44 30 35 33 44 40 35 29 27 32 32 26 29 33 33 29 31 45 28 31 23 43 28 40 44 25 25 30 35 39 36 34 30 41 23
25 44 32 34 24 27 28 18 30 36 36 37 28 38 25 40 42 22 28 36 28 32 32 20 29 38 30 35 25 28 41 34 52 46 28 21 28 29 39 25 31 34 36 40 34 35 37 29 35 29 36 25 28 34 27 38 35 33 34 40 36 29 41 27 41 39 30 27 38 34 39 33 32 41 33 37 41 34 15 39 36 30 28 37 34 32 33 41 31 32 35 44 37 28 27 28 34 31 43 35
26 33 40 42 32 37 31 41 37 35 35 40 38 29 34 29 32 26 42 34 27 44 33 34 30 25 42 37 33 32 28 31 30 32 42 35 37 29 37 40 39 32 36 47 27 26 23 35 28 26 31 25 26 35 31 23 38 20 27 39 24 33 27 31 37 38 35 26 36 34 33 44 27 23 41 26 23 42 36 32 42 29 32 39 40 32 42 32 27 52 36 35 44 24 31 31 43 30 32 30
29 37 26 28 19 29 34 37 34 34 41 39 21 17 28 25 25 36 33 28 31 40 29 28 34 26 46 40 35 27 42 31 41 27 37 27 43 29 29 46 34 35 27 30 27 29 29 30 26 32 34 35 29 38 31 31 31 35 47 30 19 11 35 27 37 27 45 32 26 40 22 16 26 35 24 35 35 29 34 31 14 32 39 37 29 30 15 33 31 39 39 29 41 41 35 26 27 27 38 28
26 34 35 38 29 40 38 25 43 37 29 43 37 46 40 31 35 51 34 28 51 30 15 32 34 28 32 31 42 48 27 32 26 46 28 25 28 42 38 36 37 21 29 27 52 33 33 42 39 35 31 35 46 34 35 29 26 33 29 30 43 37 45 44 43 18 40 30 25 35 38 33 39 26 34 22 33 32 40 18 24 45 35 28 30 30 45 28 27 36 45 27 21 29 41 33 34 20 29 30
46 34 40 37 35 26 31 29 41 36 24 50 38 34 14 34 32 27 39 28 37 34 44 31 35 40 27 35 34 33 47 41 37 34 37 38 45 32 24 32 43 43 31 30 35 39 39 38 44 25 32 40 25 28 29 18 38 31 49 29 25 25 44 38 30 33 29 30 43 21 35 39 36 29 37 30 34 37 39 35 23 33 34 27 27 31 26 20 34 36 29 33 35 35 48 37 34 27 46 36
34 30 40 35 49 35 39 27 38 34 26 38 36 29 27 21 26 32 37 33 18 18 23 45 40 27 44 28 36 37 34 41 35 36 34 43 33 39 39 39 32 31 30 36 40 38 34 27 43 27 20 37 33 30 40 37 44 34 34 23 29 21 24 38 23 29 43 34 32 28 35 41 35 30 39 32 37 42 35 56 34 38 21 38                
