0.476190476190476 3979 31 35 32 35 34 28 27 34 22 31 34 29 21 36 35 36 39 39 38 40 25 25 41 36 30 29 38 41 36 28 23 27 40 42 29 35 30 42 52 42 32 45 30 37 42 40 43 42 38 31 37 36 32 46 22 36 47 25 37 35 26 28 33 43 29 42 31 33 28 36 34 35 33 27 23 37 23 34 33 28 25 28 28 34 27 36 30 35 26 25 23 25 39 34 21 32 31 25
25 35 28 29 34 41 20 32 27 31 24 26 23 15 33 35 26 42 23 33 20 23 30 33 34 43 41 28 14 30 26 29 36 30 44 41 66 61 20 31 20 28 24 41 37 37 30 40 27 35 36 33 28 34 34 19 42 33 19 40 23 26 37 10 30 50 31 24 23 28 30 19 31 23 35 34 31 37 24 27 33 38 27 32 31 33 38 37 27 31 15 24 26 25 37 33 27 33 26 17
48 24 34 24 25 22 36 28 28 45 36 23 33 34 35 20 27 31 32 37 26 28 34 37 29 28 28 31 24 28 34 25 35 37 29 41 28 32 38 9 36 23 32 34 27 34 33 25 31 41 35 37 13 39 38 33 21 30 36 23 21 25 23 36 37 31 23 20 40 31 35 27 41 28 34 30 16 38 25 27 53 36 25 28 31 31 31 32 35 28 30 18 27 24 39 39 30 32 35 25
29 50 27 38 37 40 27 29 32 34 30 31 25 33 38 32 34 31 36 35 44 21 36 24 31 29 36 43 36 24 24 30 30 32 37 24 37 35 36 37 42 22 78 26 38 37 39 38 32 35 34 31 29 38 38 37 28 33 32 28 23 29 29 37 31 33 38 33 32 23 31 34 43 19 24 28 37 23 31 34 29 46 27 42 29 20 25 22 29 32 33 36 37 31 22 30 27 24 34 35
36 27 40 32 44 30 40 26 32 33 23 36 39 36 26 35 33 31 37 26 36 26 39 29 39 46 28 23 27 22 29 40 29 28 38 43 34 43 22 26 37 41 37 25 39 43 44 31 38 29 35 41 44 19 27 27 37 29 16 31 24 51 34 41 35 29 35 43 33 30 17 24 33 42 38 38 44 27 45 33 40 31 38 17 29 34 32 30 31 38 23 38 36 29 31 35 27 24 34 34
42 28 24 38 36 35 30 34 25 31 30 25 24 38 32 21 35 40 37 29 39 24 44 36 34 42 24 31 30 27 33 30 34 43 36 20 32 44 28 38 33 57 34 37 32 38 38 38 32 34 17 27 36 28 27 40 38 54 37 33 29 26 30 35 29 34 34 26 32 38 27 33 21 36 30 34 29 18 21 30 35 21 33 34 19 35 22 40 29 35 36 28 26 29 44 32 39 24 37 27
36 26 19 28 39 29 16 44 44 38 33 35 29 28 36 46 32 37 29 33 34 33 26 18 29 32 37 27 35 36 35 34 32 25 34 24 24 35 42 36 40 36 41 29 38 39 45 37 27 32 43 34 10 38 32 46 32 32 37 33 35 43 30 36 39 20 38 31 28 44 33 30 35 21 35 29 32 44 37 32 26 36 38 33 30 25 25 24 41 25 34 31 45 28 24 98 38 24 29 31
36 44 39 39 45 40 39 26 41 22 32 45 23 40 34 35 32 31 31 42 26 27 29 35 31 38 31 26 42 31 34 21 20 29 27 39 25 34 45 36 32 18 22 21 29 23 22 36 28 24 28 33 45 42 23 33 36 30 32 23 32 25 32 33 39 30 32 31 26 42 31 32 21 39 43 44 41 35 44 39 27 25 25 34 34 48 24 28 34 35 48 29 29 34 26 24 30 35 39 28
24 36 32 34 28 29 27 35 31 28 26 23 26 30 20 33 29 31 35 33 18 19 25 34 30 21 35 33 45 31 53 37 26 25 30 38 35 27 30 38 37 25 42 30 33 37 30 34 38 41 36 38 33 33 27 32 35 37 31 18 29 33 21 27 31 30 24 28 20 34 30 22 20 27 37 39 27 28 27 35 27 32 24 23 22 32 33 38 39 18 30 32 24 28 23 30 28 31 25 18
26 37 31 24 22 39 41 28 25 33 30 25 20 31 27 31 24 31 34 43 29 26 26 31 31 21 36 30 36 27 28 33 19 35 30 24 31 11 33 38 14 27 23 26 22 42 23 25 36 23 27 36 21 30 24 27 28 32 30 17 28 40 27 29 23 22 22 28 26 21 28 27 16 39 32 36 28 34 33 22 32 40 30 27 25 42 27 33 45 40 31 42 35 41 41 37 40 43 30 26
30 20 38 24 33 31 30 25 33 31 32 38 32 29 21 23 26 38 27 33 31 26 27 27 29 40 34 31 25 32 26 42 32 30 28 22 27 38 34 39 32 39 28 39 38 26 35 36 42 35 30 33 27 26 26 30 32 36 39 44 24 33 28 46 33 22 25 31 28 22 27 28 30 34 39 23 26 23 30 31 32 29 18 33 30 35 33 35 29 44 37 37 36 37 46 24 55 40 32 44
35 36 36 34 31 37 36 36 31 38 58 34 66 134 18 66 61 28 37 38 27 39 36 17 25 39 26 27 22 27 33 41 25 27 30 47 29 34 36 21 29 34 36 30 39 34 41 38 18 44 38 43 18 30 34 36 29 31 38 37 37 31 40 34 31 39 35 31 30 24 34 24 32 40 27 37 36 35 37 39 27 34 26 45 44 28 34 41 36 33 20 28 22 28 36 32 35 24 42 44
59 37 30 36 31 32 28 30 33 39 38 32 40 29 31 23 35 29 31 29 30 28 39 29 28 25 23 34 22 46 49 34 32 32 42 33 45 45 43 22 41 13 27 31 30 39 32 42 31 34 32 36 44 40 34 32 32 30 22 20 29 39 30 26 25 24 24 36 49 30 30 33 29 39 43 38 31 17 54 42 37 32 38 41 29 35 32 37 31 41 33 34 41 26 36 38 33 33 33 38
36 37 34 35 36 30 25 33 31 42 29 39 25 39 26 32 37 51 24 28 30 28 27 21 81 36 39 27 36 29 37 40 30 40 42 41 41 41 35 38 49 39 43 43 24 32 38 27 41 28 36 27 33 40 42 42 33 27 38 38 37 37 39 40 25 39 47 35 30 34 40 32 47 29 33 38 30 36 38 31 30 29 35 28 32 40 36 35 35 34 19 41 44 41 37 39 34 19 41 28
27 34 27 34 29 31 36 35 27 45 34 39 38 30 31 34 40 25 28 27 40 44 35 33 44 21 33 34 31 25 35 33 58 37 30 35 40 36 40 32 36 31 31 32 25 30 24 29 33 36 37 33 16 41 25 31 35 25 28 19 26 37 35 45 23 29 33 36 35 26 26 23 26 36 37 28 25 24 40 27 40 34 32 35 34 40 37 32 25 37 42 29 30 33 31 35 32 25 29 49
36 40 42 35 28 39 33 45 44 42 36 37 49 26 40 44 38 38 35 39 27 29 33 36 27 42 46 34 44 31 41 25 46 41 43 36 27 45 28 29 34 21 40 32 36 29 41 32 48 53 34 34 24 34 30 35 36 42 39 18 39 37 20 53 42 35 30 39 34 28 33 23 32 33 35 25 37 26 38 21 20 26 36 30 30 30 25 26 30 24 36 32 30 30 30 28 29 30 26 38
35 31 29 29 36 21 23 33 20 20 22 31 27 27 30 30 23 29 36 44 26 26 29 18 26 30 28 33 39 28 35 37 32 36 36 24 30 35 40 31 25 29 39 29 33 37 23 38 38 26 35 36 23 25 30 25 33 19 36 41 34 38 21 28 27 26 27 28 34 24 16 35 34 34 43 36 34 29 25 33 37 51 35 31 35 44 27 31 21 35 30 24 29 36 25 23 40 30 25 30
30 40 34 32 33 28 24 23 20 27 36 25 20 28 38 27 38 25 27 35 35 24 25 33 24 25 21 32 31 27 24 25 30 23 23 29 43 37 16 17 45 28 37 26 26 42 38 24 26 25 31 41 22 30 33 27 28 36 30 44 32 22 42 27 39 38 37 33 29 29 29 32 37 30 29 30 28 24 37 38 24 15 33 26 26 40 31 38 25 33 34 27 45 23 25 34 29 24 24 24
27 40 35 39 26 32 19 23 25 37 23 41 36 38 39 39 35 41 30 44 40 39 40 33 34 42 28 51 34 26 30 33 35 34 31 34 30 27 44 27 27 30 32 45 18 22 32 39 35 26 20 25 44 42 27 32 26 34 35 34 33 44 34 44 33 35 27 34 34 44 38 27 30 32 38 36 30 37 48 37 40 45 34 30 40 35 35 26 22 35 30 19 42 27 24 21 38 30 27 37
17 21 26 55 68 66 75 24 40 22 41 39 43 26 19 23 36 32 47 32 19 27 37 40 25 27 30 33 28 30 33 38 21 39 37 48 22 37 33 34 39 30 33 25 40 35 43 35 38 43 47 26 36 22 20 38 44 30 30 30 38 36 17 29 41 30 25 32 30 33 41 37 34 31 31 27 30 36 33 38 37 46 47 27 42 39 33 40 37 26 28 42 35 49 46 35 41 35 34 33
35 34 56 28 28 39 36 22 36 28 30 27 32 22 28 32 20 19 33 28 35 34 24 45 31 35 34 17 22 37 30 27 31 30 27 29 23 22 24 26 21 23 30 42 31 27 18 31 37 31 34 33 34 30 37 33 41 34 35 25 32 36 21 16 29 35 25 37 31 30 37 26 35 34 35 24 54 21 43 41 37 38 29 26 33 35 43 23 30 41 33 38 40 19 44 29 26 30 30 30
36 42 33 40 24 37 39 43 27 33 21 26 18 28 23 26 27 37 24 25 35 34 17 41 19 28 30 21 33 35 25 26 31 22 38 32 26 34 33 28 27 23 30 23 28 27 20 19 28 16 41 26 29 32 25 24 27 35 32 30 25 31 41 32 24 27 36 25 29 39 31 22 31 23 40 33 34 29 29 34 21 28 29 28 29 21 40 33 39 29 29 36 46 22 56 27 39 31 34 37
36 29 25 26 34 36 27 35 36 29 34 35 24 16 33 26 33 30 26 22 41 28 30 24 27 38 29 36 21 27 35 26 25 25 31 29 21 27 27 28 31 22 39 34 22 20 27 46 40 36 21 29 34 33 39 43 42 29 27 32 32 23 24 25 34 25 27 31 36 36 39 26 33 25 31 26 25 38 25 29 35 42 34 34 45 29 25 40 41 36 29 36 35 41 37 38 41 23 34 24
30 27 30 25 38 29 36 45 28 40 30 25 34 27 24 36 26 26 24 34 28 21 29 32 28 30 35 30 25 31 22 34 31 23 34 25 41 28 24 27 30 38 37 30 37 32 39 27 27 27 31 25 31 26 36 52 28 35 26 24 30 29 29 26 26 41 38 40 31 34 35 21 37 22 26 40 25 25 27 27 31 40 16 28 27 32 35 23 33 30 29 29 26 34 44 30 27 36 26 29
23 30 25 30 21 29 21 35 24 37 27 26 30 33 39 31 33 25 31 29 28 22 46 28 30 30 31 32 36 34 37 36 38 48 27 33 40 37 40 29 31 32 25 31 41 33 37 34 34 30 27 28 31 36 38 35 26 29 27 42 29 25 36 26 12 32 24 32 25 22 14 29 31 29 44 23 27 27 38 42 33 29 27 28 30 39 21 37 30 27 33 34 26 23 27 45 23 24 20 18
17 19 28 31 30 36 25 24 29 36 32 25 29 31 27 36 41 28 21 31 28 20 21 29 28 14 23 37 26 23 24 34 24 27 19 40 27 36 31 35 26 28 34 28 35 29 21 25 26 32 27 21 35 26 31 25 22 30 35 22 37 21 34 32 32 24 25 32 37 34 27 24 26 16 25 20 34 31 28 35 24 34 20 29 23 23 30 37 33 34 34 34 23 35 42 41 20 27 19 31
37 30 27 33 41 18 29 19 26 27 18 26 25 27 28 34 34 45 43 36 35 33 32 20 31 27 28 33 29 35 31 25 38 32 38 44 35 22 41 9 32 45 23 28 23 36 25 35 35 29 35 31 28 26 32 34 34 26 23 21 28 28 37 44 23 36 25 26 30 20 29 38 27 39 29 27 32 26 26 23 37 40 31 32 25 33 29 25 38 37 26 20 35 42 38 28 40 28 38 30
27 29 29 40 35 48 28 25 24 30 32 22 33 28 40 31 42 30 32 34 38 31 39 35 39 37 40 31 31 31 34 35 38 37 40 38 29 34 34 22 39 28 21 25 29 39 30 31 35 26 34 29 31 24 33 26 36 31 38 37 36 35 23 35 20 16 33 30 24 36 24 25 32 31 38 38 29 32 25 28 33 34 27 33 32 25 24 22 38 25 31 40 22 30 45 29 27 27 29 31
37 31 33 29 28 39 34 37 34 43 27 36 30 21 30 36 41 31 31 27 33 26 29 40 31 21 42 30 32 26 28 36 36 43 39 36 31 44 39 22 22 34 28 32 25 25 28 32 37 28 30 27 34 37 22 36 29 14 32 34 27 30 31 22 35 31 34 29 28 37 30 39 38 35 27 28 37 35 39 39 39 53 37 38 34 44 33 42 18 32 28 28 22 39 36 41 34 32 40 29
24 30 34 28 29 33 36 31 33 36 33 48 27 41 39 44 37 25 29 29 53 20 36 30 35 37 37 32 35 28 31 30 33 47 25 39 30 36 29 42 20 33 33 22 27 26 15 25 37 18 32 40 29 29 25 15 38 33 36 32 33 43 36 22 37 29 36 22 23 38 46 24 17 38 40 30 26 42 33 37 19 26 23 31 30 37 34 31 28 23 27 34 30 35 21 27 35 31 27 38
28 29 22 32 30 31 25 25 43 29 35 34 22 39 31 28 21 23 30 11 29 37 34 30 30 22 38 35 23 20 32 30 46 27 32 33 31 35 33 25 36 37 34 24 34 23 32 31 39 31 30 33 29 28 28 28 22 36 29 24 28 36 31 19 34 45 33 25 32 31 30 35 34 32 39 36 29 25 26 28 35 33 19 28 25 34 29 36 37 31 22 33 53 37 31 24 32 26 26 27
25 37 29 22 28 24 16 27 38 29 45 27 35 24 29 30 38 29 21 33 24 32 25 23 38 31 33 45 33 30 36 32 35 24 28 23 32 25 33 39 28 27 12 37 18 39 35 31 25 29 31 23 25 30 36 30 27 29 38 26 26 29 36 37 34 30 34 45 27 16 19 31 20 31 39 22 46 23 31 25 35 24 23 27 22 28 29 33 35 30 38 28 27 32 10 36 39 44 42 21
43 26 17 32 37 23 26 35 32 27 17 37 26 31 32 30 24 33 33 29 40 31 32 38 29 47 42 41 33 23 40 37 38 32 44 32 31 34 39 21 35 25 31 33 33 27 33 31 44 31 27 35 29 21 26 15 20 33 19 34 43 31 20 29 29 44 20 30 39 39 26 26 28 39 33 33 29 39 40 40 37 23 42 35 37 26 33 29 25 25 18 31 35 27 32 24 37 36 32 33
26 46 35 33 18 25 31 25 39 35 33 34 22 32 39 33 28 24 26 27 25 26 30 30 34 20 26 32 25 40 16 37 34 32 33 71 27 31 24 35 96 24 27 36 17 34 20 38 25 25 42 38 29 23 25 40 19 29 31 46 34 38 36 36 36 36 27 41 37 28 28 36 30 45 43 26 32 29 37 34 33 28 23 28 40 40 29 27 21 25 28 29 23 28 23 39 33 43 32 22
26 27 30 30 26 28 29 38 32 30 33 34 39 27 36 29 32 23 28 29 27 24 26 31 28 31 48 26 27 26 32 30 30 33 32 32 32 27 46 27 28 38 39 37 28 25 27 36 27 25 29 27 27 30 26 37 21 36 36 39 26 35 31 20 37 27 28 34 33 24 21 25 30 14 35 31 25 40 23 36 30 26 33 32 48 38 34 29 20 27 36 20 22 27 17 29 32 32 32 30
35 26 42 29 36 34 45 30 20 24 28 13 28 41 24 35 33 27 32 24 43 26 29 44 29 31 37 40 31 30 37 28 29 29 31 41 24 28 29 28 27 33 34 37 25 31 41 27 38 32 42 18 21 30 37 33 33 19 41 35 31 23 24 26 33 26 26 32 32 41 32 18 24 25 25 24 37 21 37 38 37 42 24 29 33 27 32 44 25 31 33 26 24 34 26 31 40 25 37 20
36 28 31 28 30 39 30 27 24 31 17 19 22 22 38 43 25 40 35 23 37 31 33 29 41 22 27 43 27 33 22 29 42 25 24 32 42 35 25 26 42 30 43 32 39 43 28 33 33 19 41 34 23 25 49 31 40 49 26 33 27 38 37 33 41 29 30 24 38 30 30 31 32 18 24 36 44 43 46 25 31 28 27 41 45 33 45 40 41 31 21 40 56 35 47 24 38 34 34 31
25 38 26 15 24 31 32 34 37 34 31 37 28 36 42 21 39 41 25 34 32 31 29 29 23 27 23 38 37 35 36 32 30 46 30 49 36 24 33 22 34 20 30 37 29 33 38 21 32 20 24 14 35 30 30 24 24 25 29 41 34 29 28 31 37 49 39 26 35 23 26 37 37 30 30 35 36 26 32 28 24 21 43 40 30 30 46 39 39 33 29 23 26 24 37 24 34 23 35 32
35 30 25 34 23 37 32 33 35 36 40 28 26 14 21 29 26 30 32 27 29 33 20 25 23 24 42 25 36 31 29 31 26 20 37 32 40 30 36 25 25 30 27 23 31 27 19 26 43 30 28 32 35 25 33 25 20 29 24 15 23 28 38 35 27 37 24 35 29 32 36 30 38 33 39 31 32 31 32 32 29 31 33 30 37 27 35 29 24 35 32 21 27 26 20 36 37 23 27 28
36 29 25 38 28 41 29 34 28 25 26 41 23 29 28 37 28 42 41 37 30 29 26 28 39 29 35 35 23 21 27 33 42 34 30 18 28 28 41 27 53 30 28 25 39 32 29 24 36 32 30 39 30 30 24 25 31 17 32 33 18 32 34 26 45 27 38 41 26 25 21 25 29 25 37 31 30 21 20 27 35                   
