0.361111111111111 3769 22 32 40 32 32 29 26 29 34 36 45 30 26 35 34 23 36 33 40 25 39 30 35 32 21 39 34 24 31 33 28 37 30 32 21 34 38 25 36 40 16 40 30 25 27 29 33 28 36 24 28 35 32 30 40 31 32 38 37 23 37 31 36 26 31 35 33 34 32 21 32 30 27 32 24 34 27 22 34 31 35 31 31 29 25 37 33 27 36 21 39 41 33 33 20 27 30 34
38 28 34 30 30 29 31 36 41 31 31 33 26 32 22 36 38 43 37 29 33 22 24 34 27 25 29 45 31 50 25 25 37 23 38 24 33 35 29 26 30 31 41 26 29 27 40 29 28 38 32 42 46 27 35 30 30 22 47 33 33 20 26 27 42 35 34 25 26 37 29 34 34 29 35 29 36 41 31 28 20 25 28 29 26 35 28 27 25 26 33 35 35 18 29 34 39 28 26 23
28 28 33 31 24 29 29 41 20 38 21 26 33 21 30 19 35 42 32 30 32 24 37 36 41 28 32 25 26 28 37 34 27 23 39 37 24 34 33 25 33 40 29 36 32 29 33 31 39 33 24 29 37 38 29 42 28 27 32 39 22 39 27 30 23 39 25 25 27 39 24 24 34 37 24 24 31 23 22 34 43 35 28 21 36 30 29 24 29 63 24 49 27 36 33 37 29 35 37 33
25 26 29 41 22 31 30 35 27 26 19 27 30 32 20 43 34 25 35 27 27 32 27 27 25 46 27 24 42 31 26 27 31 33 34 25 22 38 23 38 40 27 29 25 35 28 31 32 39 22 48 28 46 36 33 38 26 27 27 36 32 27 32 36 27 49 37 18 41 28 29 41 36 35 20 25 31 35 39 26 40 36 34 32 35 37 40 35 28 29 41 25 34 40 20 26 29 16 25 40
34 36 19 27 31 25 22 28 42 36 29 31 34 35 25 29 29 38 31 43 24 21 35 37 21 25 35 35 27 30 32 39 29 27 35 35 27 34 25 18 33 25 31 33 28 40 30 14 35 28 36 31 41 52 37 33 33 42 30 27 29 38 35 40 36 23 37 30 26 33 16 26 33 32 37 37 27 33 37 39 27 27 41 25 25 36 31 30 26 32 30 32 34 39 20 43 38 39 36 24
32 32 25 40 46 30 9 39 34 44 32 31 27 34 29 38 26 31 28 31 23 33 25 36 34 39 35 30 25 28 31 26 30 33 28 34 28 33 38 30 21 28 30 32 25 28 27 25 21 32 29 40 37 22 32 46 31 27 40 34 30 29 24 35 40 36 21 33 29 34 38 35 24 33 32 30 41 35 37 30 31 31 28 36 27 24 36 36 22 27 39 28 28 21 22 23 40 29 23 41
30 32 32 27 38 33 25 23 31 33 28 15 37 35 29 29 33 34 27 33 31 28 21 29 39 30 31 24 43 30 33 22 23 36 40 32 29 28 19 36 26 36 27 21 32 33 28 26 21 46 24 29 26 25 35 27 18 28 43 22 34 40 31 32 29 26 31 28 24 38 30 30 40 26 25 27 35 26 30 39 30 41 32 26 25 49 31 41 33 28 31 24 39 31 40 28 43 32 38 44
30 20 39 42 26 31 35 29 37 28 24 36 20 26 41 33 36 35 39 45 40 32 22 25 27 32 31 27 30 29 31 39 20 37 28 37 44 26 31 24 36 28 41 26 23 32 39 28 30 40 33 29 31 32 30 33 35 46 30 30 31 26 25 38 33 33 29 38 38 30 21 39 32 35 36 29 28 34 30 37 36 29 32 26 40 42 24 24 32 27 23 29 22 26 46 41 22 25 27 27
26 23 29 34 28 50 30 31 17 35 31 24 25 34 40 24 33 41 24 31 48 28 38 33 50 27 35 30 25 40 32 26 19 31 38 34 26 38 33 28 26 26 37 30 32 27 36 29 32 29 31 31 24 27 33 28 36 24 29 36 41 23 33 30 39 27 31 27 41 17 26 31 41 38 37 27 43 25 32 30 36 22 24 27 33 35 30 31 33 36 31 37 34 10 26 45 27 31 39 24
34 29 40 35 44 29 32 45 29 39 33 36 34 46 33 32 29 19 33 32 29 35 21 33 27 40 35 35 32 33 26 36 32 28 27 29 39 39 37 30 33 31 37 34 44 30 31 26 31 28 26 30 32 29 36 24 42 36 20 26 38 37 24 38 37 24 29 28 44 31 24 23 33 34 39 33 28 34 35 34 25 33 25 37 33 39 36 35 31 32 34 31 36 30 32 30 35 39 34 20
30 30 32 28 40 24 82 100 66 57 38 42 52 21 22 28 31 27 27 31 44 35 21 23 29 38 38 35 41 33 32 25 35 30 30 32 35 25 43 30 38 34 25 26 29 41 31 31 17 25 37 35 34 31 40 22 44 29 39 32 28 39 32 38 44 27 32 38 31 30 36 21 44 29 28 34 32 27 34 34 21 27 33 43 24 42 33 44 33 43 37 20 29 35 28 38 35 36 30 38
40 23 28 37 30 30 35 36 32 24 35 27 35 26 28 39 37 26 48 35 34 30 29 38 26 35 62 55 37 68 31 39 30 36 34 26 34 30 29 35 21 39 35 30 30 27 35 27 33 36 24 25 28 27 31 36 31 40 34 25 32 43 41 23 30 29 37 37 26 33 49 35 20 37 28 40 26 31 21 38 27 28 33 30 35 37 38 29 30 26 30 35 36 38 37 30 30 30 19 33
24 27 28 28 42 46 19 26 30 30 44 32 30 38 30 39 29 32 32 42 30 46 33 27 35 34 16 35 45 36 40 26 32 25 29 36 32 39 76 35 25 36 28 32 26 43 36 24 42 36 33 29 34 30 35 27 34 40 34 52 34 24 30 33 37 35 27 33 37 41 22 34 26 29 33 38 33 41 40 37 26 40 37 28 25 26 39 33 37 30 28 28 38 43 33 23 28 25 35 21
33 39 31 28 43 24 24 31 26 41 37 17 45 34 25 23 27 23 29 27 33 35 31 35 40 42 33 26 34 25 31 24 30 36 25 42 41 32 40 36 37 30 25 38 33 30 34 31 30 22 34 34 32 30 27 32 32 31 27 50 21 34 34 22 25 40 26 42 24 38 25 30 34 29 37 26 39 32 21 32 33 30 25 33 44 34 36 38 27 27 33 26 28 21 28 19 34 39 27 25
32 27 35 31 35 27 31 35 38 35 27 23 33 32 37 40 32 35 29 30 32 21 30 20 29 36 38 27 30 32 30 41 36 33 27 32 32 32 23 39 25 21 40 39 41 31 30 26 30 39 31 27 42 34 30 38 38 21 32 25 29 21 36 26 17 29 40 28 42 30 28 26 30 31 23 31 26 35 35 27 26 24 32 32 34 24 39 32 27 31 38 31 38 31 40 32 30 41 31 32
29 31 36 34 37 25 30 43 32 25 36 29 33 27 28 37 41 35 35 20 34 32 30 36 34 29 26 31 41 22 28 29 32 26 26 29 39 23 35 33 28 30 31 25 34 35 21 36 37 33 29 31 35 39 35 33 34 32 35 39 35 32 29 29 20 18 21 26 28 32 30 33 24 31 17 34 36 29 33 33 38 25 39 23 34 27 33 25 25 30 33 41 25 42 33 24 33 22 32 30
34 42 43 27 30 34 41 27 35 14 30 25 39 28 38 27 25 26 29 35 27 36 36 28 29 29 27 23 6 13 35 34 31 36 32 30 39 21 28 28 24 40 28 40 39 34 26 29 34 32 23 31 32 35 19 22 39 27 27 32 33 31 23 28 25 23 31 33 41 37 26 32 29 32 33 39 29 38 37 41 26 30 25 26 19 30 38 30 39 27 27 48 39 40 21 43 32 27 24 34
28 35 40 33 43 25 31 41 29 31 33 32 42 30 18 32 36 38 22 27 26 33 29 38 33 30 37 30 27 26 38 31 30 29 23 22 34 37 31 32 31 29 34 28 31 38 21 24 29 22 32 29 38 24 31 33 15 33 31 36 32 28 31 41 27 34 35 45 33 33 26 27 34 32 44 19 31 24 33 25 34 30 38 13 24 40 46 8 41 29 34 33 25 31 23 37 35 41 42 33
29 46 22 27 26 29 23 23 32 32 25 34 10 24 30 29 39 28 19 35 23 30 31 26 30 42 31 29 41 28 24 28 38 30 51 37 27 34 39 30 37 24 19 35 69 60 69 24 32 21 30 32 38 28 28 39 32 26 33 40 42 34 23 37 33 34 30 47 25 36 35 41 34 35 39 26 26 20 37 27 33 40 29 25 22 20 31 26 30 26 30 39 31 26 33 24 32 26 28 47
32 30 21 43 36 34 25 25 47 38 38 28 29 25 37 26 34 34 43 20 29 27 34 39 30 35 37 36 34 24 39 33 45 32 24 26 34 31 29 25 16 35 40 33 34 45 41 22 35 27 23 36 31 23 33 46 28 32 29 33 23 28 36 30 24 39 30 19 21 29 31 31 23 32 24 31 33 32 33 20 34 45 28 42 44 37 42 25 33 18 24 41 26 39 33 34 30 40 26 26
30 28 27 32 39 22 27 36 28 32 35 30 29 23 27 32 33 31 21 30 37 42 30 25 49 47 19 28 33 26 22 30 29 30 42 45 27 30 31 28 42 36 29 37 33 29 29 35 31 47 30 42 35 35 29 22 30 23 30 44 29 20 33 35 34 23 28 30 25 27 40 23 26 23 39 22 32 34 34 46 35 23 42 36 28 29 26 24 34 21 35 30 23 43 39 30 34 34 42 33
47 32 23 28 26 40 24 31 32 35 33 35 25 35 26 27 23 45 25 32 31 47 37 41 32 33 24 33 39 29 29 32 24 30 26 30 31 37 32 34 33 30 26 34 24 32 33 43 32 42 40 25 25 35 32 19 31 32 27 25 26 35 35 24 26 25 34 22 30 27 45 30 38 43 41 26 31 43 37 38 20 31 27 38 33 24 24 20 34 40 38 30 34 31 31 33 18 23 40 33
34 31 36 20 38 34 39 33 25 14 25 22 32 42 22 39 29 30 21 12 13 18 36 34 30 25 30 45 26 32 36 40 31 22 35 35 28 30 32 35 30 31 28 21 31 34 36 40 9 42 28 23 38 31 43 32 35 24 21 28 33 26 33 37 35 25 26 16 28 33 37 28 31 29 26 30 42 18 37 25 30 37 25 41 26 39 36 23 26 17 34 22 28 22 9 46 29 28 31 34
36 46 33 33 39 25 37 34 29 33 32 31 26 45 30 24 31 25 22 28 25 26 29 35 34 30 30 31 31 36 27 31 29 27 23 33 32 35 36 34 34 25 30 38 31 36 35 43 31 29 22 34 43 39 26 26 25 45 26 21 25 23 27 29 28 36 36 36 33 36 32 39 38 27 32 23 26 31 26 34 34 42 37 24 32 37 41 21 26 26 27 32 37 19 31 30 25 35 28 39
30 21 26 29 35 35 28 27 32 33 36 30 23 22 28 33 31 37 41 30 34 28 35 36 31 27 31 34 25 47 26 43 33 29 32 12 32 30 31 30 32 30 32 31 29 30 27 25 34 36 23 32 31 27 46 33 27 30 27 36 30 21 25 24 26 31 33 28 36 25 31 36 27 34 35 31 28 31 25 40 28 18 38 31 28 36 25 28 44 26 34 29 39 28 7 24 29 36 30 45
33 45 30 29 35 31 35 38 31 23 35 33 27 23 35 37 27 39 29 30 29 25 36 34 27 31 27 41 28 41 26 30 34 37 24 39 33 32 31 38 26 39 28 32 28 22 35 39 35 22 32 26 39 48 29 30 29 31 24 22 30 34 16 31 25 30 36 31 29 29 28 32 34 35 29 31 33 33 39 32 27 24 26 20 30 34 33 18 21 39 37 37 30 31 43 30 26 31 33 27
30 30 31 33 29 31 39 36 20 33 30 29 41 35 29 22 45 20 23 17 36 36 30 30 16 39 37 34 33 28 25 37 36 22 33 36 27 32 19 28 31 23 30 33 35 40 36 32 28 31 36 32 31 39 31 38 31 32 35 32 39 32 34 34 30 27 28 29 23 27 20 25 29 27 35 37 27 32 17 23 34 28 25 36 29 42 32 32 26 49 38 31 43 28 33 33 25 33 33 38
32 27 36 35 36 33 34 26 25 35 18 36 32 21 26 28 23 29 22 34 32 24 34 41 43 35 31 29 36 24 31 40 25 34 33 33 41 37 26 31 25 40 17 33 35 38 57 30 23 26 27 32 24 28 48 18 41 24 44 42 40 30 29 40 29 32 35 33 24 35 37 23 30 24 34 30 37 44 29 37 25 32 35 31 33 32 33 46 24 32 39 22 35 42 25 40 32 24 28 35
34 26 36 28 31 33 47 26 39 32 25 34 33 33 18 33 24 29 42 39 33 23 33 39 39 36 25 31 33 31 33 30 31 39 38 30 31 23 34 34 35 23 35 28 32 33 37 35 22 38 23 35 22 34 39 27 31 46 39 35 32 30 35 26 35 31 25 27 31 22 27 33 32 24 36 29 37 24 25 27 24 20 22 32 27 32 33 41 36 26 28 32 30 25 32 27 40 39 39 38
28 36 33 33 36 39 33 24 19 37 32 36 31 38 26 39 37 29 26 31 33 26 37 32 30 33 26 26 30 41 28 32 22 32 29 27 25 37 22 24 23 44 29 30 23 31 45 29 26 36 26 23 44 33 25 31 23 26 43 33 33 26 33 33 30 38 26 33 26 31 39 31 28 44 31 25 22 28 41 38 31 43 39 33 32 42 34 32 40 47 34 27 36 31 27 32 28 37 25 32
29 29 25 24 26 37 37 32 29 42 41 37 25 20 33 36 37 37 22 31 34 23 24 33 40 19 31 22 28 22 27 37 23 31 30 37 37 16 32 30 43 28 32 39 33 29 42 35 50 33 26 33 20 28 21 33 23 32 21 30 29 28 37 27 35 33 27 23 27 23 25 35 37 25 48 37 23 34 32 34 40 30 34 38 45 32 48 18 20 23 27 32 37 33 37 30 27 35 32 33
21 31 21 40 40 27 31 33 49 26 29 32 30 25 43 34 27 29 51 36 32 20 34 25 17 45 33 20 27 34 37 35 31 20 40 44 31 24 26 26 30 31 43 16 28 28 25 29 33 32 38 33 31 37 33 36 33 29 34 25 27 28 21 36 35 33 40 42 10 31 30 39 33 41 20 34 39 32 31 23 35 30 44 29 24 17 24 28 40 36 30 39 39 29 41 24 35 40 38 26
23 36 41 30 26 42 29 37 31 34 39 23 35 20 42 28 21 26 36 29 31 38 27 28 39 38 26 27 26 41 26 34 28 33 25 28 29 35 34 28 31 23 27 36 30 28 34 33 26 33 31 37 41 33 28 30 32 32 41 32 42 37 44 24 20 24 31 44 35 36 38 34 27 32 32 34 22 37 29 30 38 30 21 30 27 34 36 35 34 35 35 36 33 47 35 26 35 31 29 30
26 31 34 30 19 44 27 30 33 38 35 27 31 23 29 50 40 42 28 30 21 20 31 21 38 26 40 29 33 27 34 22 31 28 25 26 30 23 25 42 50 43 29 24 23 20 34 27 32 29 35 26 31 35 35 32 28 26 27 21 36 37 33 29 28 42 31 36 33 26 33 23 42 35 39 24 22 31 34 31 24 25 23 27 39 36 41 31 34 26 29 33 34 27 32 23 35 33 36 34
37 36 33 36 29 30 38 30 34 34 33 26 29 34 24 29 29 24 37 30 41 34 27 33 43 37 29 31 20 32 39 19 49 42 29 28 28 35 39 29 28 27 34 21 44 31 30 22 32 27 36 27 40 20 30 31 33 25 48 24 31 35 29 40 27 29 33 40 36 28 18 30 37 28 27 29 36 32 32 39 36 33 20 32 39 48 31 49 35 23 34 33 31 27 37 32 33 28 26 24
38 33 35 28 28 45 40 29 41 24 35 47 36 42 36 34 23 19 31 31 34 40 25 35 40 32 30 29 32 32 32 28 33 26 24 38 28 39 32 40 33 30 35 32 31 38 30 40 26 19 34 33 30 28 30 38 31 31 36 28 39 24 26 29 21 24 24 34 32 34 29 35 39 38 24 35 37 37 31 32 43 33 28 36 31 42 29 33 44 41 33 42 24 28 27 42 43 29 31 26
35 39 33 31 30 34 25 37 38 31 46 26 30 24 33 40 34 20 27 30 43 24 29 16 33 29 26 36 41 43 26 16 23 37 24 36 22 42 30 31 26 26 26 31 50 29 34 34 32 23 33 25 35 37 36 21 31 36 33 35 34 27 24 27 38 32 31 37 36 33 39 26 16 32 24 32 29 30 30 41 32 26 26 34 37 30 30 36 41 30 30 41 21 34 28 28 38 21 38 36
32 30 22 33 28 41 32 31 24 42 29 38 24 31 29 33 26 33 30 27 20 32 31 30 27 19 25 18 55 31 36 34 27 41 33 22 35 35 45 33 29 22 29 27 30 28 36 30 35 32 33 40 23 27 28 37 38 40 42 22 23 34 25 28 29 24 29 30 36 29 31                             
