0.25 7052 23 27 23 22 29 28 31 20 26 43 43 24 29 29 31 30 38 28 40 29 25 31 28 29 23 31 20 36 18 49 35 25 29 29 30 36 32 34 28 26 20 24 22 28 28 31 32 40 38 37 34 28 36 28 27 28 23 36 30 28 33 39 26 19 36 22 24 30 31 27 25 36 19 38 26 30 23 31 18 34 28 23 29 24 29 34 33 32 31 33 22 28 29 26 37 30 31 29
24 35 25 26 23 33 25 28 29 22 42 25 20 22 35 36 33 37 22 18 28 28 23 24 30 24 29 31 14 32 24 34 25 22 31 24 23 22 35 23 26 37 42 22 30 25 29 26 34 36 23 18 28 32 33 20 27 25 24 25 28 30 38 29 31 28 27 23 26 37 26 23 27 34 28 26 25 23 21 29 31 23 35 32 14 28 26 26 32 31 34 37 37 27 27 20 22 31 22 31
18 33 25 34 24 18 24 38 28 26 21 31 26 29 25 21 20 28 21 30 24 16 32 24 36 37 14 32 27 41 37 30 24 26 29 28 30 28 32 34 35 30 28 30 23 29 28 36 17 32 28 29 26 17 38 22 30 26 22 32 26 24 28 40 38 33 31 35 26 34 22 24 18 24 31 24 33 39 20 20 22 23 26 36 38 25 32 29 23 39 38 33 28 31 23 29 31 25 32 30
39 34 26 27 20 32 44 46 34 33 25 23 26 23 31 32 28 21 22 37 27 35 30 38 26 29 29 27 18 31 26 32 32 35 37 27 23 14 29 22 36 27 29 34 29 30 27 25 28 26 18 33 27 32 23 30 35 31 36 28 33 26 35 33 28 24 31 14 26 29 18 39 26 32 45 28 26 34 32 30 30 28 29 32 24 19 50 36 32 24 37 25 25 27 29 42 22 24 25 25
35 30 26 23 29 23 25 23 31 23 25 25 33 24 19 33 26 31 20 26 30 28 25 27 26 30 29 27 36 19 38 32 28 21 27 32 33 25 28 19 29 27 22 19 37 39 32 27 26 25 22 26 31 44 17 21 29 26 30 36 37 21 25 26 34 39 34 31 24 27 26 30 38 30 21 22 30 26 26 22 35 25 37 29 23 29 33 28 36 29 35 24 34 33 39 31 33 30 22 28
33 31 34 26 39 30 35 37 16 35 31 29 21 34 31 18 23 27 27 7 28 24 24 30 35 32 22 37 39 27 20 27 32 26 27 24 31 39 26 20 21 21 30 33 33 26 21 32 31 32 31 25 22 15 32 35 26 38 26 36 35 37 26 24 23 23 20 23 31 28 30 23 31 19 26 32 25 29 23 40 28 37 22 24 25 28 33 25 20 26 37 29 27 30 23 17 27 27 23 22
23 23 21 30 30 36 29 33 20 25 27 24 38 24 27 23 18 33 36 27 41 36 32 22 23 25 23 18 42 24 22 31 44 34 15 23 37 20 26 28 22 19 30 40 26 32 28 28 23 30 37 28 38 42 25 29 25 23 28 25 42 27 46 30 26 21 27 35 31 36 26 25 28 21 27 31 23 20 33 27 32 26 28 26 29 30 30 31 30 30 19 27 28 30 31 28 28 21 34 33
39 39 15 27 19 21 21 25 28 24 26 32 33 22 47 41 27 18 30 27 24 21 20 21 35 26 20 29 24 20 29 27 32 34 29 23 35 25 31 32 25 24 39 28 28 30 33 28 30 31 34 30 35 36 38 30 25 35 30 23 38 36 27 25 27 25 37 24 26 30 22 21 20 30 28 24 26 36 22 23 24 24 27 25 18 24 25 20 30 26 34 33 33 41 26 32 28 31 47 32
35 27 27 33 37 25 31 27 40 25 27 21 30 36 27 24 23 33 42 24 15 37 17 24 24 26 28 33 40 28 28 24 23 23 39 33 28 15 29 13 32 28 34 31 36 20 19 28 20 23 29 34 25 28 35 25 34 31 43 30 24 32 23 31 17 24 24 28 28 31 29 30 22 23 24 27 32 23 26 28 28 24 24 30 29 29 37 16 26 24 27 23 26 28 39 35 16 23 24 29
31 19 29 31 33 19 14 41 27 27 28 31 37 28 35 24 23 28 35 29 35 25 22 33 33 21 32 36 34 36 25 25 27 28 22 28 24 29 34 25 26 27 27 33 38 29 32 36 29 31 30 41 29 26 38 26 29 30 22 25 25 23 37 23 39 23 27 29 31 30 27 25 22 29 22 23 21 27 37 22 32 29 21 25 33 29 23 29 20 28 34 27 38 27 18 29 24 28 29 29
40 33 13 30 22 27 24 34 24 25 32 31 22 20 33 29 21 26 26 19 20 27 41 25 35 32 38 25 37 23 31 36 24 31 35 36 23 28 32 26 37 21 41 26 31 26 26 24 18 30 29 18 29 35 27 22 25 23 32 26 32 35 32 29 25 24 29 36 28 25 26 22 34 23 25 33 31 30 26 26 14 27 23 36 36 22 31 32 32 25 44 19 34 23 27 32 22 19 34 34
28 22 33 23 27 24 34 16 31 25 29 21 25 34 30 26 34 25 26 29 28 33 22 22 34 31 27 25 33 28 36 22 31 30 25 27 26 34 26 23 40 22 26 33 26 26 35 29 26 37 28 27 27 29 37 32 34 24 25 36 30 30 15 33 32 23 25 28 35 23 36 22 27 31 31 29 33 19 27 27 28 28 39 21 33 23 32 25 27 37 35 31 29 27 27 31 29 30 31 25
26 27 30 44 27 29 30 22 19 20 28 26 24 35 36 28 26 31 26 28 27 33 25 32 26 22 22 33 24 34 30 38 34 28 33 29 29 22 30 30 30 30 13 26 29 33 38 38 24 26 25 20 26 20 23 32 26 26 26 26 35 29 19 26 29 23 26 25 27 24 22 36 24 31 35 18 37 28 30 29 21 28 29 28 25 34 25 36 31 21 36 35 21 30 25 26 24 28 29 31
25 29 31 29 25 20 28 20 30 28 27 40 22 15 29 32 26 35 32 25 22 35 33 31 33 33 23 25 24 33 27 19 17 24 26 30 30 39 35 29 28 21 27 22 28 19 29 23 27 34 31 29 17 21 28 31 27 38 35 28 32 30 20 32 30 27 31 22 24 25 30 21 25 24 13 37 30 33 35 24 21 30 25 20 31 27 28 28 23 28 29 22 31 25 25 39 24 36 29 30
29 24 30 33 36 32 25 31 31 33 28 28 31 36 19 26 17 29 32 33 36 25 29 26 35 30 33 29 38 29 30 37 22 30 29 36 37 30 40 29 25 35 31 25 28 26 31 26 34 24 36 28 17 31 30 34 26 23 28 36 25 26 27 31 23 31 21 30 23 24 24 27 25 37 17 24 24 38 27 32 19 15 28 24 27 35 34 22 27 28 26 22 24 30 26 26 22 37 29 23
38 39 28 28 22 23 26 30 31 24 34 29 28 21 27 21 35 34 33 37 39 26 27 28 32 29 36 34 24 31 34 31 28 24 31 26 32 28 40 24 27 32 39 32 23 37 37 31 28 30 28 18 34 25 29 40 32 29 31 31 22 25 34 28 29 22 20 24 36 27 28 36 23 20 22 43 26 27 33 22 31 39 25 29 23 31 24 27 38 30 24 38 26 18 28 30 33 24 24 26
28 19 28 22 35 26 24 37 23 37 29 28 34 32 39 30 27 26 31 17 22 27 28 27 25 20 22 17 21 25 29 32 24 17 30 31 23 31 19 34 25 26 37 31 25 32 33 14 25 27 23 28 36 18 21 32 31 26 29 25 28 26 31 35 28 29 29 27 25 23 37 29 25 23 23 41 27 29 30 20 32 29 26 30 32 26 23 22 21 24 26 26 28 28 32 27 32 36 27 22
25 19 19 23 28 30 28 27 43 61 20 21 30 33 35 44 32 18 23 36 28 34 28 26 19 29 27 25 27 35 29 21 34 30 30 31 32 24 24 36 44 22 29 42 19 21 24 24 26 21 34 29 36 25 18 29 37 26 23 31 24 34 39 31 28 38 35 32 28 24 28 34 29 27 32 28 25 28 28 27 24 31 30 29 31 30 21 33 19 26 33 33 18 33 26 29 30 21 30 25
24 28 32 39 29 22 37 33 34 33 33 21 28 28 36 24 31 36 31 31 36 38 24 34 37 29 18 13 30 28 38 30 39 27 26 31 33 24 28 28 26 18 29 28 28 27 30 19 28 26 33 28 26 24 36 28 30 20 27 32 27 29 29 25 24 14 28 32 30 33 35 23 37 31 20 32 32 21 27 23 29 33 33 20 25 31 32 31 29 28 19 22 20 21 25 26 23 26 47 27
41 32 26 36 33 28 29 33 30 24 28 24 25 26 16 27 27 24 23 33 29 22 28 35 32 34 22 28 39 28 25 21 24 26 29 29 30 33 28 51 53 57 66 26 33 27 30 26 34 28 30 29 39 34 33 27 36 27 35 33 27 23 42 43 31 35 28 25 31 31 25 29 30 23 35 24 20 42 27 21 26 27 31 22 36 36 30 28 28 23 36 25 35 22 33 26 24 28 31 28
31 32 14 38 26 36 29 29 22 25 36 34 36 29 20 28 25 29 28 26 28 37 33 31 25 31 38 33 23 37 24 42 32 25 33 27 30 22 29 30 28 23 24 36 19 33 33 33 25 21 36 32 34 34 24 30 40 31 25 26 32 23 27 28 38 42 29 28 31 38 29 29 34 29 24 38 24 43 34 27 22 24 28 26 15 29 25 33 25 27 38 34 30 36 29 26 27 29 32 22
33 17 31 28 37 27 33 31 32 35 25 25 23 27 20 23 38 30 29 22 28 28 27 34 28 25 34 26 33 28 26 28 22 38 29 37 26 34 27 19 20 31 33 24 28 18 32 28 21 41 40 36 28 23 34 28 29 31 36 28 38 34 29 31 27 27 30 30 35 43 28 42 26 27 27 38 31 42 36 25 21 28 29 39 39 35 33 30 31 22 23 30 33 36 26 27 35 27 23 37
31 29 27 33 25 23 24 23 28 37 15 41 33 24 32 30 17 35 23 34 36 24 34 42 35 25 32 37 25 26 24 33 33 30 23 27 25 46 32 28 20 27 24 34 23 30 35 24 24 30 19 19 24 22 33 30 36 22 45 40 33 30 21 27 30 25 28 36 38 32 27 41 34 34 32 19 23 38 32 41 35 41 36 44 23 23 19 28 30 26 38 24 32 35 33 37 29 28 29 28
21 24 27 19 31 20 31 36 31 33 37 32 31 22 24 20 24 26 27 27 31 28 23 28 49 19 21 29 23 32 32 24 29 33 35 19 25 23 29 34 37 24 43 26 31 28 25 37 29 33 43 23 25 20 21 33 34 18 19 36 19 35 27 29 34 27 39 40 36 33 40 22 24 26 23 25 32 38 26 26 29 27 35 26 34 29 29 30 29 31 26 25 21 22 26 24 26 29 39 29
36 31 30 38 14 32 28 29 26 22 21 33 24 23 29 32 45 25 22 26 33 19 27 40 29 32 25 27 29 32 34 32 30 20 29 25 24 21 29 38 25 35 37 36 23 27 27 33 29 37 24 32 18 22 22 37 27 20 32 38 32 28 18 29 33 33 26 38 27 35 38 26 30 27 29 36 31 34 37 19 30 29 32 32 30 29 39 24 36 31 23 32 19 27 36 31 28 25 24 40
25 32 32 32 29 19 24 28 27 19 24 28 21 33 28 26 34 32 32 28 33 30 25 19 16 34 35 32 38 33 31 25 26 34 34 21 31 26 27 30 22 22 27 28 28 29 36 19 32 28 18 36 26 31 29 23 34 24 23 34 29 34 33 22 33 34 35 29 28 22 34 30 20 36 43 36 30 17 27 24 32 36 20 27 35 27 25 31 32 35 26 32 26 21 26 33 33 22 21 29
24 19 33 26 29 28 34 26 21 43 28 27 29 38 27 23 25 35 29 38 22 39 37 38 30 43 33 25 27 17 32 34 19 23 32 28 25 27 21 34 29 25 30 30 26 20 33 33 29 26 25 42 24 36 31 27 25 32 24 36 26 25 26 20 33 23 33 43 29 32 36 20 19 25 35 23 24 29 25 27 22 13 34 28 29 18 24 33 32 31 22 27 28 29 23 37 36 29 41 29
34 28 30 28 22 29 32 31 22 29 28 29 28 37 23 28 31 21 29 31 35 22 32 24 35 23 32 43 27 29 38 24 30 22 22 24 28 28 28 20 26 27 22 23 25 33 22 24 27 30 25 23 30 32 27 32 42 35 24 33 26 24 18 19 40 37 28 27 30 27 19 23 26 26 30 33 27 40 32 21 21 29 28 33 27 21 17 23 24 22 29 33 26 25 34 34 31 34 33 29
26 29 22 24 28 32 19 26 25 32 29 32 21 23 23 30 25 23 27 28 36 27 23 21 32 30 28 33 24 32 24 26 33 23 20 34 21 33 35 38 19 33 32 30 32 22 26 30 26 31 25 31 34 32 35 27 35 21 24 33 30 18 24 25 38 18 23 26 29 33 25 30 39 30 27 28 38 30 22 28 25 23 24 29 37 32 23 29 31 40 29 34 28 22 23 35 25 30 28 36
27 31 32 22 23 37 29 20 32 34 32 29 30 22 34 31 32 26 25 29 17 26 31 35 24 18 26 18 20 30 26 31 24 29 29 27 38 30 24 30 29 29 31 24 19 37 31 34 14 30 31 25 31 38 36 25 31 26 26 28 34 32 33 14 23 12 35 38 32 44 33 38 32 20 33 34 37 34 33 31 27 31 29 23 43 25 25 33 21 29 26 31 27 22 25 29 25 32 32 33
16 22 30 28 26 36 17 30 31 26 20 19 27 31 23 23 29 37 29 29 30 42 26 36 23 27 29 24 23 27 26 26 32 29 31 29 29 30 27 22 21 27 22 29 32 36 30 32 33 27 30 38 36 29 37 27 29 31 18 27 26 32 24 21 24 37 28 31 19 25 37 26 18 29 38 30 32 38 20 40 27 27 45 22 32 31 28 24 26 30 40 29 31 20 28 27 28 28 27 25
16 27 25 20 32 26 29 33 33 23 23 27 33 21 34 17 23 32 37 26 25 28 36 30 31 23 23 32 39 16 25 30 14 36 35 23 32 20 31 31 46 29 36 19 24 27 29 27 28 21 27 24 29 28 34 18 27 44 24 28 30 35 44 31 31 26 28 34 21 38 26 24 21 21 18 30 23 32 21 30 20 28 31 32 31 26 23 39 21 29 23 21 30 37 23 25 32 33 24 34
22 19 25 29 32 28 24 34 45 26 33 30 29 29 32 25 33 46 23 29 30 23 24 26 42 23 33 27 25 30 34 20 18 32 30 29 27 26 37 33 30 30 22 32 27 21 25 29 23 21 24 30 37 31 31 33 29 21 26 22 27 28 25 35 17 23 39 30 33 27 24 25 25 31 33 24 31 27 30 29 20 34 30 32 30 27 29 30 23 20 32 29 19 38 22 24 23 30 25 24
23 36 18 17 26 34 29 20 25 27 27 32 17 21 23 23 27 27 40 27 25 31 32 25 28 16 45 27 31 29 27 31 26 27 32 19 34 29 26 35 40 30 39 22 29 39 31 26 21 30 35 29 22 26 23 27 39 19 36 29 23 39 33 28 37 37 32 28 22 38 29 28 31 29 25 32 31 35 33 24 25 31 26 24 33 41 39 21 19 20 31 18 30 27 31 21 31 28 26 23
31 33 32 33 21 35 15 23 30 37 26 29 45 29 36 23 23 30 26 28 38 26 33 34 43 31 28 30 34 33 33 25 32 29 25 25 28 28 25 29 33 30 15 36 27 30 30 33 31 23 26 25 32 37 24 20 30 32 20 22 33 24 34 29 28 28 24 20 54 25 34 12 37 30 29 27 28 29 32 35 38 37 29 40 33 30 30 40 29 24 32 35 30 25 30 27 30 31 34 32
17 31 29 36 18 27 22 28 29 27 26 29 29 31 26 33 23 28 24 26 25 18 42 28 26 22 26 27 23 26 23 21 25 39 35 31 19 26 38 20 25 32 23 27 21 25 32 40 33 18 29 25 43 29 37 27 33 28 28 27 33 28 38 26 32 28 29 30 38 21 28 29 31 27 32 22 21 31 29 26 18 35 34 21 31 23 29 44 26 20 34 30 26 32 31 26 27 41 20 34
31 35 25 37 24 23 33 26 26 26 23 31 29 26 35 30 36 25 38 43 39 28 28 25 20 30 21 18 24 36 25 22 26 34 31 26 23 34 25 23 30 32 32 29 29 41 23 25 36 21 28 29 33 32 21 24 23 27 26 32 25 30 27 35 27 16 29 31 23 31 29 34 26 23 41 29 31 24 24 26 26 24 22 29 30 40 32 30 24 30 23 32 28 17 27 30 27 27 32 29
29 27 29 16 31 38 28 18 30 24 21 28 22 21 37 28 35 34 35 29 27 36 18 24 28 32 35 30 29 30 27 21 28 16 30 37 23 39 26 24 34 35 33 27 34 29 30 19 23 30 28 24 36 27 23 24 25 26 24 33 21 21 32 20 18 28 29 33 32 43 34 31 42 28 22 29 23 16 28 26 33 34 34 34 31 27 31 31 38 27 36 30 33 38 35 31 28 27 20 28
32 31 28 20 25 29 30 34 24 28 23 12 21 21 26 27 34 25 40 16 26 38 24 39 33 24 32 33 31 29 18 28 26 33 32 26 30 30 38 29 17 35 17 42 28 38 33 30 27 30 21 26 36 22 26 24 32 28 28 29 26 26 28 25 29 31 26 24 32 35 20 35 27 27 23 27 25 34 30 37 28 28 20 25 27 30 23 23 24 33 34 23 27 21 22 25 42 30 26 22
27 24 25 26 32 31 29 24 24 30 32 33 26 25 23 38 19 35 30 28 20 27 19 31 27 21 30 23 27 17 25 28 29 21 23 26 23 22 27 32 23 24 40 33 28 34 23 25 34 34 30 28 24 33 30 32 24 26 24 31 35 24 25 19 30 29 31 23 22 25 18 31 29 33 31 28 25 26 23 37 46 26 40 26 28 22 27 26 19 25 25 26 26 25 30 26 17 28 22 26
30 34 36 26 26 27 31 18 21 28 25 24 25 25 28 33 39 24 31 35 26 33 19 28 29 38 26 31 27 38 20 36 29 32 30 23 30 29 22 30 26 38 31 27 21 27 23 24 29 31 29 27 29 31 24 23 18 31 22 32 33 32 33 28 34 24 26 28 33 42 34 30 31 33 24 26 26 33 32 22 35 21 32 30 32 23 32 35 24 23 33 27 27 29 33 37 23 20 29 35
31 36 27 30 29 35 32 26 19 24 26 29 27 27 21 19 32 28 25 24 34 22 23 40 25 25 34 39 24 23 24 22 24 27 30 19 17 33 26 42 35 29 22 41 36 19 40 26 18 21 39 34 43 36 32 34 32 22 34 33 43 32 22 29 27 29 33 35 28 17 32 29 31 12 33 39 23 28 36 25 25 27 34 23 28 35 40 25 34 31 26 26 24 39 34 33 36 30 30 36
34 26 29 27 34 30 30 25 26 28 18 32 32 28 32 25 29 34 34 32 23 25 34 20 24 35 29 30 28 26 36 25 44 32 27 28 25 37 35 27 24 25 19 43 30 27 26 34 34 36 24 32 31 27 28 33 32 23 35 25 22 27 36 20 35 25 30 19 34 16 32 31 30 29 25 30 21 30 36 35 38 29 39 33 29 37 27 29 26 20 31 24 35 32 25 39 38 36 34 29
36 28 30 25 32 33 29 31 29 19 27 20 28 26 25 28 26 32 27 23 22 37 25 25 26 28 31 24 24 43 30 31 32 16 23 30 29 20 28 25 27 23 36 26 31 42 30 29 22 28 25 28 28 21 19 27 25 31 34 16 31 22 34 38 28 15 27 28 30 33 37 29 32 26 28 36 30 27 22 20 22 36 31 30 21 28 26 27 33 29 28 39 26 24 40 29 25 21 23 26
28 31 32 28 28 23 25 30 29 25 33 26 26 34 39 30 37 36 23 30 28 32 28 29 26 35 29 22 28 31 29 30 21 30 33 23 37 29 23 28 30 30 27 25 16 32 26 24 29 31 26 30 34 31 42 24 31 41 27 23 23 29 23 42 36 35 28 29 27 20 28 24 19 23 31 36 27 33 33 25 36 27 26 26 30 28 17 26 24 25 25 25 25 20 25 28 33 26 28 28
29 34 31 28 31 21 22 23 34 22 29 25 27 22 36 25 22 32 19 26 33 14 21 19 43 35 21 16 36 24 26 27 36 24 26 29 28 26 30 25 29 35 32 36 27 26 35 42 23 27 33 21 33 30 38 25 30 37 34 25 27 32 31 31 20 40 39 27 37 21 26 32 21 22 31 29 27 19 28 36 23 25 21 27 24 35 27 20 41 32 43 32 27 28 30 30 27 41 30 29
32 31 28 27 23 18 15 25 32 25 25 23 35 26 31 14 28 32 24 31 37 23 25 32 25 37 24 29 23 24 32 30 37 25 33 29 38 31 37 29 31 29 27 29 21 26 33 32 23 17 36 27 27 21 21 32 22 30 29 32 30 31 27 24 24 25 30 19 25 32 27 32 24 29 25 26 38 21 20 41 27 21 29 28 24 38 31 25 30 34 32 35 31 24 32 28 24 18 29 26
21 24 40 21 23 32 18 31 23 21 33 29 34 21 26 26 28 28 27 24 32 32 20 26 25 25 22 24 29 36 31 32 31 24 31 24 18 27 42 33 29 22 25 15 22 19 27 39 29 23 35 36 22 24 24 25 39 31 29 24 36 16 37 24 27 28 27 22 21 24 34 36 28 37 30 25 29 25 39 35 36 28 35 37 28 37 33 24 21 31 36 36 31 34 24 35 32 34 34 28
36 38 26 26 24 35 32 27 36 19 19 37 20 26 31 25 20 24 20 38 31 29 33 33 15 30 30 27 28 22 26 32 33 28 29 29 21 29 32 40 22 33 27 28 25 20 33 25 33 27 22 26 24 32 41 21 35 32 25 28 24 22 32 26 33 38 31 30 22 18 25 23 37 31 29 28 38 30 19 27 35 32 27 40 29 27 21 31 35 30 18 23 32 29 28 34 30 24 28 31
29 30 38 33 28 35 26 34 33 30 32 30 31 31 33 31 26 40 30 31 24 28 33 25 35 28 30 32 30 25 21 33 26 37 27 30 23 18 24 36 28 25 34 27 38 30 32 29 36 16 24 34 22 20 40 36 24 20 33 40 20 29 30 34 31 37 30 31 23 28 28 26 28 29 33 33 29 24 27 28 32 29 16 23 30 36 21 32 26 21 28 22 27 33 36 33 31 22 26 25
24 28 35 23 35 25 35 28 23 34 27 27 28 33 29 31 41 26 36 33 23 23 26 25 24 41 23 32 36 29 27 31 38 22 26 29 23 26 26 30 24 30 21 28 31 29 31 30 50 31 31 33 24 24 25 21 24 22 28 28 39 32 32 24 23 35 31 22 22 21 16 46 27 21 28 34 26 29 46 27 20 38 28 23 29 37 28 22 28 26 24 32 27 35 35 26 24 24 33 27
26 38 33 36 28 34 19 26 30 37 23 22 25 32 38 24 19 33 34 41 31 22 35 29 34 34 23 22 27 38 38 33 31 31 18 19 26 19 24 19 33 23 32 31 30 25 32 36 25 36 21 24 28 18 33 26 19 29 26 19 28 26 20 24 30 40 16 25 29 37 24 23 12 26 24 27 19 26 34 30 41 39 30 32 34 27 26 24 24 31 37 23 35 26 23 33 38 38 34 27
23 24 24 30 29 28 20 31 25 16 26 35 34 21 26 25 33 32 23 31 25 22 33 28 27 28 40 32 31 37 32 24 17 27 32 29 32 27 21 31 36 32 33 36 36 31 36 29 31 32 31 37 23 27 32 40 33 30 30 32 31 23 23 28 28 31 30 24 27 28 29 31 35 27 37 21 39 25 32 35 19 37 37 23 28 20 19 32 21 30 34 30 28 29 21 24 26 32 28 36
30 41 17 40 30 32 26 33 36 23 21 30 32 28 26 26 25 29 15 26 18 25 22 26 24 34 33 47 25 40 26 27 25 25 24 23 32 29 22 22 30 34 25 34 27 36 32 35 21 29 23 41 29 32 32 36 35 20 20 33 30 20 29 31 30 33 29 26 28 35 35 23 28 25 40 19 23 20 30 25 24 28 29 29 29 25 22 36 15 26 30 32 29 23 22 31 21 30 29 30
25 24 30 25 27 24 30 32 30 24 34 36 38 30 23 21 30 24 34 20 27 29 30 30 29 32 26 34 31 19 22 27 20 33 37 28 29 29 22 22 27 32 26 40 24 28 32 29 33 16 28 41 24 32 31 25 30 30 17 23 27 35 27 35 34 30 24 16 32 18 26 25 21 30 38 28 24 38 29 22 27 31 23 34 19 30 26 18 19 20 23 32 30 30 21 21 25 31 30 34
22 25 26 34 25 19 28 36 22 34 35 29 32 34 25 27 22 35 34 34 29 24 27 27 36 27 26 28 30 25 28 40 28 26 24 28 26 30 30 45 26 28 33 30 31 30 21 36 29 40 31 25 19 32 27 33 34 29 29 24 23 37 27 35 27 34 25 27 31 40 26 25 27 36 26 24 26 25 24 25 31 18 21 16 26 26 31 36 35 26 30 21 31 26 25 26 21 34 24 20
34 29 27 28 34 30 31 23 32 19 33 24 28 32 29 23 34 35 27 22 17 15 25 22 21 33 23 27 37 38 27 25 29 26 25 29 28 21 27 28 32 21 22 29 26 23 32 29 36 26 37 21 22 30 21 27 42 35 27 30 24 29 32 26 31 29 14 19 34 28 32 26 26 39 23 28 38 26 21 29 38 33 37 22 35 26 32 26 39 39 25 28 41 31 32 26 24 31 24 39
27 37 29 32 36 41 25 26 29 22 24 30 27 22 34 37 21 37 22 24 32 25 27 26 27 24 24 32 29 15 31 27 25 34 39 31 18 29 33 35 34 27 30 28 25 28 30 26 30 27 31 21 34 25 32 18 39 34 25 34 24 27 26 31 28 22 27 29 30 29 24 21 32 38 33 28 23 25 25 33 32 26 28 34 20 39 24 31 20 25 30 46 29 27 33 31 43 27 26 38
26 29 23 32 29 29 34 28 45 28 23 29 29 26 23 26 31 35 27 31 34 32 43 29 23 34 28 21 30 28 20 24 27 32 29 30 23 31 36 25 32 32 29 35 23 28 26 25 18 22 28 27 22 31 31 28 28 35 32 29 38 26 39 28 21 21 37 31 40 35 31 24 33 26 36 34 24 22 25 30 33 21 38 28 19 34 27 29 34 34 28 25 36 31 23 33 22 27 29 32
32 29 31 31 31 39 37 25 31 37 23 26 38 16 24 31 23 25 37 26 31 25 23 30 24 19 23 34 21 21 26 24 32 29 34 26 28 32 26 29 26 42 20 45 18 29 19 24 35 30 24 36 31 23 39 23 33 35 27 32 25 36 24 29 36 24 39 27 35 37 27 32 40 37 30 24 27 35 28 39 29 21 23 26 24 18 26 32 31 30 40 23 27 32 34 24 36 33 25 35
36 33 21 31 35 25 29 21 26 31 24 45 27 33 24 34 34 24 38 64 26 28 35 26 27 25 13 32 28 24 26 25 22 25 30 39 31 24 31 15 29 38 39 24 36 22 30 37 26 38 29 28 35 22 30 29 36 30 19 30 28 35 23 38 26 32 25 34 28 27 18 29 35 38 26 32 17 38 29 36 31 29 31 27 26 36 35 21 24 19 33 24 19 35 28 25 27 27 28 35
34 28 32 22 34 21 30 33 30 22 25 28 40 20 25 30 22 29 25 28 29 40 24 22 38 22 29 21 44 34 29 28 30 21 43 23 29 22 24 40 22 26 41 17 27 32 28 22 26 29 31 36 21 20 23 35 44 34 21 27 19 37 26 39 20 25 23 36 30 26 32 26 36 17 30 28 26 30 30 26 34 33 26 18 34 30 24 16 29 28 20 30 25 30 26 37 32 26 38 36
29 30 34 27 26 33 20 30 27 33 19 21 33 26 31 33 32 31 24 28 36 32 28 32 31 22 30 35 27 35 25 27 26 29 24 25 32 22 33 30 30 29 27 29 30 33 23 26 34 31 31 28 29 31 34 29 30 34 31 38 33 24 28 28 26 20 30 32 33 29 33 28 33 35 26 34 39 23 41 39 29 28 31 28 28 23 26 29 25 32 26 29 34 34 27 26 26 18 19 28
25 28 29 41 22 29 30 26 24 27 27 25 29 18 29 32 28 31 28 35 22 40 20 31 33 24 23 17 20 40 33 23 27 33 31 38 33 36 28 24 19 24 42 22 28 26 31 39 31 26 31 33 28 28 23 35 28 22 26 17 22 32 27 23 20 28 28 24 21 37 29 31 31 21 30 20 27 32 23 35 27 30 23 21 21 35 22 26 22 28 31 25 34 23 35 20 21 36 26 31
24 20 24 29 31 21 27 33 40 33 32 33 32 39 27 30 31 22 29 23 37 19 25 33 35 33 36 23 43 31 32 28 36 28 39 23 25 38 35 33 34 25 19 25 34 31 32 32 38 19 31 29 38 37 37 26 27 39 29 31 32 15 21 31 34 20 24 25 32 24 23 31 30 31 25 36 21 36 30 29 25 27 19 29 36 28 28 38 23 28 34 27 23 16 32 23 27 22 26 17
20 30 30 28 29 35 26 24 29 21 30 31 27 18 33 35 27 40 24 39 23 38 36 26 18 25 22 36 27 27 35 34 21 24 24 39 35 31 30 26 36 21 29 29 37 21 18 32 31 34 25 28 21 33 18 31 39 25 27 37 29 27 27 34 30 36 34 34 27 29 26 26 26 30 23 36 29 31 29 33 28 20 33 22 32 21 39 22 19 24 31 37 36 19 25 31 28 19 27 31
32 19 34 27 19 29 33 31 30 19 35 21 26 28 30 42 28 25 32 30 32 30 30 37 34 38 30 24 39 26 25 20 26 30 46 30 33 30 18 35 34 33 32 26 23 36 29 32 31 32 26 28 24 29 32 24 31 29 35 24 24 25 29 25 31 32 32 27 26 30 33 26 32 29 28 26 34 24 23 36 36 23 30 27 30 29 30 34 26 32 21 30 24 22 35 20 22 33 35 26
39 17 23 37 27 27 36 21 33 20 24 29 31 32 27 33 27 25 36 27 33 18 37 29 30 26 31 28 31 24 28 42 22 20 25 26 29 26 27 33 27 25 40 33 31 23 31 27 27 24 33 15 24 37 26 22 32 7 12 16 11 12 19 17 10 12 16 15 17 15 23 10 7 13 14 14 8 7 12 18 19 16 17 16 18 12 19 12 21 18 9 13 15 14 20 9 13 11 15 18
18 11 13 14 14 17 15 21 10 12 13 14 19 19 17 13 12 16 19 18 15 11 13 15 11 7 12 8 10 9 16 14 18 15 14 9 21 12 15 11 10 23 13 15 9 17 14 12 15 16 19 24 15 13 17 15 14 15 17 14 10 13 17 18 7 9 17 10 14 13 16 20 13 21 13 16 16 11 18 18 9 13 24 11 17 13 11 20 9 15 10 9 10 11 19 16 13 14 14 19
9 14 16 9 11 10 17 12 11 18 16 14 11 12 17 16 8 15 21 11 16 13 19 14 17 14 13 15 17 15 15 12 15 10 16 16 11 16 11 15 16 18 13 17 22 16 20 13 23 11 8 21 20 13 15 9 18 12 12 18 16 13 10 11 14 17 17 17 11 16 18 17 9 24 15 12 8 19 13 20 13 11 16 11 17 15 13 12 12 18 18 15 16 22 19 20 18 9 11 18
16 14 13 16 21 12 19 14 13 22 16 15 17 16 14 30 34 24 14 9 15 22 12 14 18 10 21 12 23 18 14 10 21 21 16 16 11 16 11 21 14 24 11 6 9 10 17 9 9 18 17 16 17 14                                              
