0.46875 2944 26 23 33 30 25 35 24 12 36 32 18 33 31 34 18 28 23 31 32 27 33 26 27 33 23 37 22 30 29 38 31 34 28 24 22 26 26 34 31 28 39 24 26 30 14 40 18 25 32 22 34 38 35 29 26 30 40 41 28 26 37 34 29 36 22 30 20 32 27 37 34 17 17 26 28 26 33 28 27 23 29 30 30 45 35 19 29 21 26 45 38 25 19 21 26 30 23 31
31 15 32 32 34 22 22 37 36 24 33 36 23 31 29 19 28 22 40 28 25 27 19 15 29 30 24 25 38 28 33 24 36 20 25 40 30 25 21 32 24 32 24 25 32 26 35 34 27 26 35 24 40 30 21 26 36 36 34 23 32 24 28 16 29 27 23 34 33 23 28 19 33 32 17 31 26 31 29 29 44 29 27 31 24 31 27 21 33 25 22 28 26 25 20 32 27 27 41 25
27 30 25 47 36 30 26 38 24 28 28 30 35 23 37 28 28 33 25 19 31 26 31 29 25 29 22 32 37 14 22 23 28 48 18 24 24 27 30 37 38 37 30 36 36 36 32 26 30 37 29 26 30 31 22 15 31 32 35 35 35 30 47 36 32 27 23 28 30 29 20 21 28 42 35 33 30 24 30 45 26 23 25 29 33 28 28 23 28 32 33 25 27 40 34 30 35 22 32 21
25 28 30 28 32 40 44 25 25 26 30 17 29 33 24 20 26 38 36 27 33 26 34 40 36 19 34 36 30 33 23 38 29 40 28 19 25 34 25 23 24 41 28 30 34 34 24 23 32 33 32 31 31 17 36 28 29 36 22 34 31 25 34 37 30 32 23 27 28 10 32 38 21 33 23 32 34 25 25 21 23 43 29 29 23 23 27 23 32 34 30 36 28 32 17 29 30 27 25 22
23 26 28 22 26 32 27 32 28 18 29 20 25 14 28 29 35 22 34 29 29 33 28 20 34 33 25 28 26 16 33 32 26 36 26 27 30 34 30 24 35 18 39 26 26 30 28 30 33 26 21 30 28 30 32 33 29 27 36 27 38 28 32 38 33 25 23 44 25 34 32 30 25 49 30 30 25 31 31 32 36 38 27 21 30 25 32 37 23 20 37 22 34 25 22 20 36 14 39 28
23 25 27 21 22 32 27 40 29 25 23 31 31 31 33 30 33 24 25 40 18 19 24 22 33 28 39 30 29 21 32 27 25 32 28 30 33 31 34 41 24 29 21 27 36 28 25 26 27 31 25 28 28 31 31 34 27 29 25 31 34 28 26 29 28 27 22 21 22 20 33 47 28 20 37 26 30 28 47 26 32 20 28 25 29 23 18 29 28 20 32 43 33 22 32 24 34 32 27 25
29 33 14 22 25 26 22 28 30 30 29 29 27 33 35 19 31 32 32 22 22 24 25 27 28 27 27 33 30 52 26 29 28 25 25 25 25 28 31 30 21 31 30 35 31 31 28 24 27 35 24 26 24 28 24 36 31 25 35 34 34 31 24 26 34 36 29 23 23 28 37 27 19 29 32 36 27 25 28 20 27 30 26 26 34 34 39 17 20 23 32 22 23 21 35 19 30 22 20 28
23 34 32 31 26 26 29 29 35 30 27 24 22 16 22 32 30 22 24 26 32 21 24 25 23 25 19 33 33 17 27 26 26 27 31 41 26 27 24 26 31 19 23 18 25 35 32 31 13 24 19 35 28 27 29 48 26 35 36 33 38 37 27 26 32 35 26 30 23 13 26 24 30 25 27 40 31 38 29 13 89 46 31 84 44 65 58 33 41 30 36 26 25 20 36 21 27 29 32 24
30 17 13 28 21 63 20 39 35 30 23 29 30 34 34 27 32 21 34 32 27 21 33 34 40 31 36 27 25 31 22 28 22 28 28 24 24 23 28 30 27 21 27 13 27 21 27 30 32 25 47 20 25 27 33 43 14 30 29 20 27 27 38 23 27 32 22 31 17 31 27 33 21 38 26 34 28 33 34 34 30 29 28 26 37 27 27 32 42 35 39 35 33 31 28 32 18 27 39 23
28 43 32 31 31 27 37 37 23 26 29 28 34 11 36 24 26 34 31 22 38 24 32 37 30 30 29 34 29 31 28 31 27 34 31 30 29 31 27 25 30 18 25 14 32 24 31 29 28 35 20 34 22 28 26 28 27 25 27 25 25 37 17 27 34 33 31 23 29 25 27 26 26 30 81 40 29 19 38 28 25 22 33 20 25 33 31 31 27 40 45 26 26 37 34 36 40 29 23 23
30 33 32 21 28 33 29 35 36 38 28 29 43 40 14 33 32 30 35 29 30 30 32 35 26 29 42 19 41 37 33 32 29 30 26 27 28 30 25 26 32 35 27 37 26 24 30 30 34 24 26 38 26 26 31 36 28 34 33 34 30 35 31 28 31 30 32 26 30 35 31 33 41 28 24 35 25 19 25 34 32 24 32 32 31 25 21 31 30 35 38 25 25 28 32 33 33 30 24 27
24 21 26 29 36 24 24 34 34 32 29 23 34 22 33 25 23 23 33 28 34 27 26 28 23 30 20 32 28 22 34 31 27 27 21 35 22 29 35 32 29 20 27 39 28 28 27 31 31 36 31 35 29 20 21 39 39 36 30 25 25 33 30 31 22 21 22 27 24 28 29 32 23 27 17 30 30 26 22 26 26 37 34 20 24 33 30 27 28 22 24 28 28 23 25 22 27 30 23 31
32 22 27 26 15 29 30 28 42 35 33 21 18 29 29 26 32 37 35 35 26 30 30 34 32 26 26 37 26 21 36 27 25 18 32 38 26 26 24 30 34 32 29 31 28 27 25 15 33 27 30 30 35 38 27 30 25 8 38 32 32 33 39 44 39 37 39 24 35 23 36 28 39 36 32 32 36 27 24 36 30 23 38 28 29 37 33 19 26 30 22 34 29 21 19 28 25 25 24 25
35 26 22 31 32 31 41 25 34 23 25 23 38 27 27 21 32 40 36 26 29 34 17 16 34 35 34 25 29 26 29 19 29 36 32 25 31 29 25 37 33 31 39 31 18 36 26 34 27 28 26 29 28 21 15 22 15 15 21 30 20 26 24 35 31 20 26 31 30 19 26 25 30 38 27 24 32 32 29 25 28 26 26 25 31 26 33 33 26 39 19 27 33 30 32 23 30 31 33 32
31 30 30 34 22 33 29 19 30 20 36 25 32 31 32 28 35 35 34 19 32 26 25 29 23 26 38 29 42 34 36 37 29 17 30 24 27 39 29 37 34 35 27 37 14 28 33 30 26 32 24 30 30 26 31 35 46 21 33 27 31 30 31 27 48 26 26 28 31 23 34 26 28 37 21 66 63 81 38 30 37 25 28 31 33 19 29 35 35 38 42 20 22 17 26 18 22 32 29 35
41 19 28 39 23 37 21 36 20 29 33 26 35 23 36 28 22 33 37 34 7 32 27 34 34 29 26 29 24 22 26 29 24 30 38 32 40 28 26 25 35 26 28 32 26 31 17 35 31 25 16 22 27 30 28 21 39 26 33 32 37 31 23 25 32 26 28 26 25 21 26 29 24 28 14 33 33 35 30 31 27 24 26 25 23 27 21 27 22 30 19 32 31 28 28 26 26 32 33 33
31 28 29 23 30 33 30 20 29 27 28 37 26 30 28 28 29 39 22 28 31 29 22 34 29 39 31 19 30 26 21 34 18 29 33 40 28 26 28 35 26 31 40 28 22 38 25 25 25 34 37 42 33 33 25 32 35 36 26 33 30 32 20 29 34 39 32 27 26 20 27 19 35 29 32 18 28 32 33 24 25 31 25 39 26 21 18 26 30 25 27 33 29 24 27 22 22 26 27 28
34 26 19 43 26 34 27 21 12 31 29 37 31 30 30 26 28 29 27 24 29 32 36 33 31 22 26 32 28 34 31 26 28 25 30 29 28 31 30 25 27 29 24 27 24 24 31 32 31 27 33 27 32 29 24 17 33 35 33 23 41 23 33 33 42 30 32 26 31 27 32 30 30 28 32 28 35 25 36 27 24 31 22 30 30 30 30 25 26 33 24 13 35 36 35 30 26 27 27 21
29 36 27 39 36 36 15 36 31 28 30 34 34 35 23 31 31 34 24 29 30 27 34 32 24 33 30 37 31 27 34 35 21 29 42 36 26 37 21 33 46 23 28 32 24 35 21 39 33 27 24 25 28 32 24 23 26 38 30 31 35 34 32 35 29 34 26 37 23 30 20 38 29 30 22 20 34 29 22 31 31 27 28 31 45 41 25 22 30 40 27 27 26 34 28 24 33 42 31 36
25 27 24 25 18 21 31 31 39 38 26 24 32 27 19 23 24 22 26 34 28 48 23 43 19 22 33 22 23 27 22 8 29 21 31 40 26 33 36 38 40 33 38 18 35 41 26 27 26 21 32 32 33 31 29 24 29 29 28 33 33 29 24 24 26 32 24 32 40 33 30 39 40 20 28 27 36 30 30 26 30 26 21 28 33 31 26 26 33 16 22 23 29 35 33 35 36 26 33 36
27 29 20 15 32 38 25 42 34 29 25 41 29 32 32 35 36 24 27 33 31 30 31 20 23 22 23 29 26 20 24 29 25 31 29 24 27 41 37 21 25 27 38 37 37 30 17 24 32 31 20 29 29 26 29 28 27 26 33 28 27 34 13 32 20 35 33 20 32 33 26 31 22 40 31 37 32 26 38 36 31 33 33 34 20 32 33 20 33 17 28 24 31 37 25 29 23 34 36 28
31 25 18 28 30 26 32 18 34 20 32 29 31 22 34 23 27 34 37 30 34 22 20 32 26 33 33 32 24 27 34 34 37 46 30 30 33 34 27 21 27 25 30 35 31 27 30 45 28 25 23 33 34 27 24 30 27 36 31 31 28 26 32 31 36 36 27 28 31 28 37 30 43 35 14 29 31 29 35 34 32 32 30 16 23 30 11 37 24 28 18 25 27 30 28 23 24 37 35 31
29 33 29 29 27 22 30 25 27 38 27 35 26 27 31 30 27 34 43 27 26 32 25 35 30 31 27 20 29 26 37 28 22 24 23 24 40 29 24 32 35 34 22 39 30 37 36 44 30 20 35 22 28 39 26 28 35 27 49 35 28 35 32 32 14 23 36 28 33 21 30 27 26 26 23 31 36 33 35 27 36 27 27 26 40 27 28 22 31 25 27 25 29 22 31 34 21 25 35 39
32 29 34 19 30 26 25 33 29 37 37 31 19 30 20 34 36 36 38 41 24 30 16 17 27 39 28 26 37 37 26 30 39 34 29 23 27 38 35 34 26 27 29 33 21 34 32 24 29 34 29 36 29 38 43 30 26 24 29 34 27 34 35 18 20 45 41 26 19 34 28 29 35 30 30 24 24 35 35 22 44 24 25 27 30 37 27 32 23 27 30 25 29 25 29 25 39 30 34 28
29 33 30 33 29 36 29 32 31 10 27 29 32 24 28 30 26 30 19 22 38 23 32 34 19 21 30 28 31 32 25 27 25 31 32 34 14 23 31 31 23 46 32 35 44 28 26 33 34 30 29 33 36 40 40 20 23 44 26 22 29 35 30 38 29 30 15 32 38 40 29 33 19 29 34 35 30 35 35 36 19 31 40 31 39 35 34 34 35 34 31 26 30 36 22 22 34 14 25 29
32 37 25 23 29 31 28 26 37 20 28 22 31 28 22 28 26 29 33 27 24 25 28 26 30 31 32 20 24 28 35 25 26 38 33 37 28 30 27 40 25 36 23 22 24 20 30 33 28 29 30 32 28 27 32 29 29 26 23 28 21 31 28 18 32 25 21 23 35 28 29 34 25 27 35 29 26 31 27 25 34 24 25 28 33 35 29 21 35 24 32 27 28 32 29 24 20 20 30 21
22 20 35 28 29 31 23 28 31 29 37 24 31 26 27 31 44 29 27 27 39 34 36 23 27 26 28 36 41 30 27 27 23 36 24 28 25 26 28 23 24 24 24 19 37 32 24 33 30 31 26 26 16 14 22 26 28 32 35 18 30 23 26 23 28 34 28 26 23 28 19 33 30 28 27 25 31 28 20 22 23 26 24 19 44 45 26 23 38 31 37 35 23 32 25 32 37 23 37 25
27 27 29 31 20 39 32 18 14 27 34 24 20 26 34 25 25 30 23 26 30 25 34 25 18 23 27 33 44 41 30 29 37 32 26 37 30 34 33 24 27 30 36 28 36 29 26 31 30 36 25 25 37 22 19 18 26 32 29 37 23 23 31 37 29 35 25 25 31 22 15 37 35 26 30 27 24 31 19 34 41 21 26 38 23 36 24 25 21 25 27 37 27 32 24 30 30 29 28 27
31 34 30 29 29 31 27 28 35 37 35 27 22 30 29 24 38 30 34 28 31 31 40 28 25 39 29 33 24 22 30 36 28 23 32 31 33 23 26 28 31 29 27 29 20 39 22 28 20 35 24 18 24 27 30 20 22 16 38 26 28 28 27 36 32 26 24 31 40 24 18 33 31 21 33 32 23 42 31 34 22 27 23 18 18 31 20 24 29 42 33 27 29 24 42 42 33 48 27 27
23 23 30 22 20 27 33 31 28 36 36 26 34 37 23 17 36 31 26 32 32 30 20 22 26 30 32 28 31 33 31 36 27 26 34 35 25 31 34 29 39 20 34 27 42 11                                                      
