0.4 3825 28 35 28 35 34 39 36 26 34 45 42 40 40 32 32 41 51 39 35 36 41 33 26 34 32 39 29 41 39 32 47 32 30 43 25 34 36 35 50 40 46 36 39 38 41 48 29 25 43 37 48 42 33 36 25 40 36 32 42 29 38 44 37 38 52 36 35 32 29 18 29 43 35 34 50 23 31 35 28 39 25 40 32 36 40 40 25 40 21 35 35 27 36 33 41 38 25 33
43 31 37 32 35 34 53 47 28 33 36 52 27 39 36 38 34 27 41 58 45 36 46 36 47 31 32 44 26 52 31 31 41 33 36 40 39 29 32 47 43 31 33 39 126 36 47 25 36 43 36 35 42 35 30 41 26 26 41 31 37 39 40 27 30 52 40 39 30 47 32 32 28 37 38 34 34 41 33 41 37 30 32 36 38 28 46 16 26 33 40 36 25 35 43 40 22 36 34 34
42 44 36 37 34 35 37 35 46 36 38 42 35 18 43 26 37 39 30 29 32 33 46 48 25 45 29 29 34 31 30 33 44 42 32 44 47 30 40 38 28 37 31 36 40 35 38 34 33 33 39 38 39 31 32 38 32 44 42 34 29 42 35 33 29 44 34 31 29 37 35 45 30 43 27 40 32 38 47 46 40 20 46 40 37 41 32 42 35 28 35 25 38 46 46 34 36 35 35 28
31 31 41 43 37 37 46 39 25 40 33 32 49 40 28 42 46 48 29 32 42 39 40 34 32 42 49 34 38 36 40 35 28 36 42 35 37 43 39 40 28 40 49 34 31 34 27 33 36 26 42 23 34 34 33 31 31 39 37 26 49 36 37 26 40 35 42 35 35 34 33 36 37 30 41 29 27 29 38 39 33 43 26 39 27 37 32 44 49 53 37 36 47 30 43 41 42 26 37 23
42 24 32 43 30 39 35 40 45 35 42 40 22 38 28 34 34 23 35 37 30 33 39 44 34 49 43 32 35 41 38 37 37 40 41 37 30 46 36 25 36 35 38 29 39 37 51 26 28 38 25 36 37 38 31 31 39 35 32 36 45 26 42 38 27 28 26 43 42 45 37 45 43 32 52 33 43 30 41 46 25 35 38 30 39 28 39 37 37 29 37 39 11 29 40 46 42 44 33 37
48 28 35 43 35 29 39 38 37 37 30 40 26 38 30 35 35 43 44 23 47 31 46 26 36 40 27 24 27 40 46 27 25 34 35 32 31 19 37 37 36 39 24 32 36 32 40 42 38 40 46 35 22 37 41 39 31 33 33 46 43 33 26 37 38 43 39 45 26 36 18 37 26 28 41 38 37 48 36 31 39 28 29 35 31 40 37 30 27 44 37 27 43 26 26 34 46 34 29 28
39 37 39 39 35 30 42 39 43 37 33 38 34 46 44 23 38 16 35 45 28 23 32 33 35 30 35 41 31 33 46 33 31 30 37 36 37 34 44 40 29 40 28 27 43 26 42 33 36 22 40 39 50 29 27 35 30 30 39 44 35 31 39 37 34 46 35 13 40 33 35 25 35 33 35 40 32 21 23 54 40 33 30 26 40 37 39 48 40 17 31 34 41 34 32 33 40 39 34 26
36 25 50 41 21 38 35 46 38 25 46 51 28 41 39 42 30 38 46 40 33 45 31 37 47 33 36 34 42 34 34 43 32 24 33 38 45 50 51 35 35 36 32 29 34 34 39 42 47 27 36 43 40 41 45 24 38 33 42 34 37 35 35 39 30 39 35 37 39 33 40 32 46 29 35 29 58 39 44 28 41 41 38 29 35 48 34 42 49 32 38 41 47 38 40 37 39 37 52 39
40 40 38 11 41 46 49 41 38 44 34 34 35 25 40 21 35 42 39 38 38 47 34 51 23 49 49 46 31 37 39 32 38 32 36 46 50 23 38 33 39 35 45 41 34 24 28 36 31 37 36 34 30 32 39 46 34 31 31 39 36 34 40 40 34 45 30 44 33 28 36 34 31 50 33 42 45 40 25 23 35 39 40 43 27 35 34 36 35 34 33 34 40 30 43 37 22 34 28 35
33 45 30 29 30 43 35 34 33 35 35 40 34 37 31 35 41 31 22 30 45 24 41 41 32 33 30 30 26 41 29 45 41 43 42 28 39 39 37 35 34 50 74 78 97 40 46 32 43 36 39 38 42 33 51 40 46 41 41 31 31 39 37 43 38 39 43 52 22 38 37 35 38 37 34 30 31 39 40 36 28 29 39 38 34 35 32 38 34 35 36 31 40 38 41 37 31 32 51 26
52 40 34 36 26 33 40 48 42 44 44 40 28 41 39 39 44 39 34 43 45 34 43 28 38 25 46 41 30 36 34 33 22 27 41 44 41 32 49 53 32 38 35 35 32 39 37 47 38 35 46 41 104 47 17 6 131 80 45 33 30 37 31 48 38 43 36 47 36 29 38 42 32 32 47 40 42 38 51 51 36 29 28 43 38 36 35 33 31 42 29 37 24 50 25 40 36 41 36 23
33 43 31 48 37 33 41 22 26 33 34 35 38 37 35 42 41 43 31 38 39 36 12 31 42 40 36 54 35 39 25 58 58 41 35 37 31 30 30 29 45 24 46 43 37 35 48 28 43 29 30 44 23 34 34 33 37 48 51 33 37 38 46 40 38 39 30 29 42 34 24 24 37 44 47 32 31 33 34 36 36 39 41 60 29 27 32 35 32 34 37 35 41 28 38 46 36 35 37 38
26 37 24 38 36 37 40 39 38 37 26 37 41 31 36 34 38 35 39 34 43 35 44 32 42 31 36 31 35 38 42 42 28 31 54 35 33 27 33 32 54 47 44 43 35 37 27 31 32 38 39 31 35 36 43 41 34 38 33 33 40 36 45 42 28 29 30 27 31 39 42 41 40 31 38 41 36 48 25 34 38 36 52 34 44 13 28 50 24 36 33 39 33 35 23 28 34 28 34 29
25 25 40 38 27 37 59 36 39 25 41 39 40 30 36 31 32 32 32 43 52 38 31 41 35 41 42 38 53 44 40 43 40 39 33 29 37 38 23 38 40 31 28 34 42 42 36 27 38 46 28 36 42 40 25 48 40 40 36 32 46 37 22 29 41 40 29 34 34 27 15 32 27 30 48 32 31 33 54 40 33 44 38 33 50 33 38 32 39 43 51 29 39 49 34 36 40 38 42 42
41 42 28 31 32 27 48 42 37 42 50 32 32 34 36 26 33 38 45 36 35 14 32 33 56 45 34 35 33 40 29 41 32 46 28 46 38 42 32 42 32 38 33 37 42 44 27 33 44 27 17 48 33 44 31 33 32 32 27 30 26 27 26 24 31 45 44 32 38 34 33 39 34 35 38 44 31 25 32 27 36 30 38 42 35 36 34 39 30 34 31 45 25 29 31 29 41 26 40 47
43 32 28 27 42 38 25 41 34 34 32 38 39 37 31 29 47 32 30 27 33 34 26 36 36 29 29 37 29 46 36 35 33 35 43 36 25 47 37 32 37 46 32 41 39 26 36 32 39 36 42 33 40 33 34 24 50 40 28 42 38 35 48 36 44 36 46 32 38 37 49 29 48 35 29 33 48 31 40 37 41 40 32 32 29 32 36 33 40 53 37 39 44 37 44 28 40 44 35 45
32 39 35 21 33 34 54 54 42 28 38 36 28 42 42 31 37 31 29 37 36 34 41 27 35 48 36 36 28 36 43 35 47 42 35 23 42 40 41 42 36 26 23 28 33 32 33 26 44 36 38 31 42 38 40 38 45 32 44 39 35 34 47 37 57 52 29 35 38 39 35 32 34 36 23 38 38 21 32 23 32 54 33 34 25 39 45 26 31 35 44 36 29 33 24 37 29 42 32 38
42 25 41 39 35 26 35 38 27 40 36 31 26 51 28 40 41 36 38 42 33 45 36 38 28 37 38 28 23 28 41 44 39 34 36 27 32 38 42 32 44 38 34 41 40 42 43 38 34 33 42 37 36 22 24 38 49 50 35 45 31 25 38 49 33 42 46 44 40 32 35 30 34 33 35 32 40 19 39 44 32 35 35 26 44 30 29 43 39 55 32 22 46 38 41 41 30 30 37 36
45 41 29 38 36 35 34 33 32 18 49 36 39 40 36 39 35 33 36 30 41 35 36 37 43 43 29 40 31 39 39 35 51 48 45 50 44 50 39 41 37 44 46 43 42 34 33 33 37 35 39 29 50 34 27 40 34 30 31 34 34 33 40 35 41 28 50 36 41 50 33 28 46 34 36 35 39 39 40 41 36 37 42 42 35 42 53 43 30 32 38 41 33 43 41 20 37 38 36 38
35 49 37 41 40 29 51 66 73 68 59 15 34 40 29 73 84 47 53 49 30 39 31 47 41 47 35 49 39 43 30 35 29 41 18 41 34 41 36 39 31 35 28 35 33 33 30 27 42 41 37 33 30 24 43 33 29 42 36 31 20 32 43 50 38 29 42 38 34 40 37 26 29 34 53 39 40 36 17 35 48 46 31 39 36 40 31 29 37 34 31 50 27 39 47 42 33 35 44 36
34 32 39 37 37 21 34 44 31 32 46 25 28 40 24 29 32 34 32 34 36 41 43 42 24 32 42 39 22 33 47 20 40 55 51 33 39 28 40 35 25 35 40 36 41 47 37 46 37 35 37 33 30 34 38 44 45 27 26 51 36 28 32 35 47 28 34 44 32 41 29 36 40 45 45 38 37 32 40 42 32 48 33 34 41 30 31 30 34 32 32 25 28 38 33 37 48 42 29 26
32 34 32 42 29 28 28 38 29 31 37 33 38 42 32 30 42 37 33 38 30 43 37 33 38 36 40 35 33 32 35 31 30 42 25 30 33 42 36 35 33 36 26 39 32 37 32 42 42 40 33 41 31 34 36 38 39 40 35 42 40 35 49 36 34 27 38 50 29 39 31 32 45 31 48 40 39 32 34 27 36 32 27 18 31 29 48 38 46 38 31 43 39 45 46 46 23 40 45 36
38 48 34 37 36 40 23 36 35 38 46 46 46 34 36 36 33 47 39 42 31 32 31 29 34 40 36 43 39 45 32 41 42 28 32 28 42 39 30 50 34 36 35 44 37 38 40 23 35 32 32 47 25 29 37 36 33 42 36 30 35 46 25 47 37 35 26 33 35 39 39 29 40 42 31 38 36 36 39 47 28 46 37 33 32 37 43 41 29 31 34 44 40 26 34 34 38 31 45 30
48 31 30 42 33 23 34 49 40 41 36 29 37 40 39 31 34 30 32 33 26 42 37 37 36 38 40 30 32 57 35 34 44 28 48 21 45 34 28 33 32 34 39 41 23 29 31 27 33 39 37 31 37 33 39 44 40 35 35 44 25 41 38 44 32 45 41 38 37 27 29 32 24 42 32 44 20 48 37 40 34 36 35 29 35 33 32 39 34 37 53 25 34 38 32 39 46 21 18 49
42 38 47 31 26 36 29 33 44 36 46 30 35 38 37 42 41 28 39 37 58 33 32 32 21 39 38 46 30 44 24 28 39 32 24 39 31 43 37 51 26 42 23 25 31 43 36 34 34 24 38 41 34 36 36 25 41 27 52 22 41 25 35 29 27 29 36 40 36 38 42 42 42 40 32 34 43 30 33 30 32 28 45 38 27 23 34 46 46 33 25 36 32 40 31 20 43 18 44 44
33 26 37 37 26 35 35 28 34 34 35 34 33 33 32 37 37 43 37 38 45 41 36 41 37 35 29 34 36 34 26 42 34 37 52 49 35 40 34 37 38 22 29 24 25 43 35 41 28 27 25 35 36 29 31 50 36 46 41 42 30 29 34 32 37 48 31 30 32 43 34 31 20 36 51 41 30 28 39 39 36 26 38 36 35 43 34 52 33 36 24 30 43 38 26 31 29 33 30 37
29 38 35 45 47 41 35 40 29 48 31 40 32 38 35 41 41 48 27 41 48 41 33 33 31 29 43 36 44 30 35 30 36 31 31 46 37 42 44 35 27 28 48 38 23 29 39 36 43 50 41 53 32 27 43 42 35 33 38 35 39 37 47 42 29 20 33 41 32 38 48 43 37 40 30 39 49 37 43 43 38 46 37 31 30 26 34 39 51 39 33 36 35 26 34 33 24 27 31 39
29 31 31 38 44 28 52 35 36 38 41 43 37 26 33 35 48 41 32 28 39 27 24 33 34 37 32 35 30 27 42 36 36 29 33 35 30 30 37 40 32 32 46 30 38 38 36 55 35 29 31 28 34 34 35 39 38 37 31 33 26 25 49 48 36 45 35 27 24 41 24 30 31 34 36 28 26 29 29 27 35 31 35 27 36 37 32 34 40 67 25 46 34 27 36 22 42 36 31 38
29 36 40 24 31 38 29 21 23 40 43 32 40 26 27 46 36 49 28 33 38 34 28 30 42 34 36 37 50 31 37 40 29 40 39 36 28 22 40 36 33 34 40 27 36 30 47 26 35 67 21 31 36 31 26 39 49 50 47 28 27 18 30 39 37 44 29 35 42 42 37 29 37 33 30 36 38 34 39 32 34 34 31 25 22 34 36 34 39 44 37 30 38 36 39 42 28 48 28 41
36 37 49 32 37 43 40 30 33 34 35 29 27 38 31 31 39 30 34 28 35 44 46 39 37 33 43 31 37 38 26 23 31 35 41 31 44 44 35 30 39 43 35 34 30 38 42 46 32 35 35 32 50 29 40 30 42 26 35 33 29 33 36 51 32 40 41 57 32 42 33 39 41 36 33 47 37 46 26 32 33 32 49 29 39 40 30 35 32 41 37 34 33 24 43 42 31 39 39 28
34 27 38 35 38 27 43 24 43 37 36 52 39 35 38 46 27 25 40 36 42 33 46 28 32 35 43 35 34 51 42 32 20 45 43 40 27 30 31 39 47 36 31 29 33 27 32 40 30 46 48 27 41 35 58 34 52 36 35 45 37 20 39 46 53 35 40 28 29 35 31 27 30 31 35 35 42 38 10 36 39 44 32 42 38 51 53 42 40 37 28 31 33 34 41 30 33 23 48 28
27 38 44 31 48 41 22 33 29 31 39 52 23 40 39 26 34 36 30 41 22 38 33 40 53 33 27 35 31 30 39 46 32 37 39 38 41 50 41 36 35 40 30 41 31 48 19 50 32 36 27 29 26 31 41 37 39 33 33 40 47 40 36 35 38 37 44 34 25 43 28 41 37 32 38 42 22 29 42 39 41 36 40 38 34 48 26 41 47 39 42 32 33 46 33 30 29 36 40 32
40 43 24 36 38 31 43 45 36 37 34 28 24 49 39 33 39 42 39 33 134 35 44 46 38 49 42 42 37 39 39 33 39 13 40 28 40 36 44 33 32 35 41 30 31 33 31 32 32 37 29 45 26 33 44 44 22 43 29 36 42 28 46 42 38 28 41 44 28 44 33 28 29 37 36 25 37 33 32 37 32 39 25 27 43 38 39 41 54 35 40 48 29 26 35 34 50 42 45 33
28 47 35 34 43 31 36 42 34 26 42 40 44 52 35 43 23 43 30 34 28 32 27 39 28 39 30 23 45 29 37 42 27 30 36 40 44 27 39 42 40 29 43 47 40 38 16 45 19 32 30 33 32 31 32 27 39 47 47 33 25 27 29 43 42 43 38 30 34 42 26 35 24 42 45 37 35 30 41 35 28 35 39 30 29 44 32 40 39 38 42 35 33 36 39 41 21 30 39 41
36 40 24 38 49 26 34 42 23 31 39 35 44 36 41 39 40 28 30 33 28 29 33 28 32 43 37 33 39 36 41 34 46 37 39 28 40 40 29 40 39 38 31 28 41 18 23 43 36 47 37 46 32 42 36 46 41 49 40 38 48 25 42 35 33 39 39 27 47 22 38 27 34 41 25 38 28 36 29 33 49 27 40 45 41 34 20 27 39 33 29 55 40 39 34 34 34 39 41 41
37 37 39 27 29 26 36 34 32 38 46 26 30 42 23 41 38 33 32 35 40 40 37 37 48 41 34 40 36 33 36 40 33 48 39 27 32 30 44 35 31 40 39 31 41 44 43 34 36 37 35 39 37 38 38 34 25 30 43 36 40 41 28 41 37 36 34 37 42 33 44 39 37 28 33 45 51 34 38 30 49 42 24 42 23 46 38 41 33 35 40 41 34 47 27 36 36 43 44 42
39 55 38 42 19 34 47 39 25 28 14 40 28 42 45 34 40 44 23 45 29 44 35 43 40 31 39 48 35 40 42 33 35 32 37 35 46 28 42 46 36 41 42 44 38 45 35 35 27 46 40 29 24 37 43 28 34 42 44 41 44 34 33 36 42 27 38 26 39 36 27 44 38 41 46 38 27 34 38 28 46 31 21 28 44 40 36 44 38 35 32 29 37 30 39 43 21 32 41 37
50 44 32 24 35 27 38 27 36 19 30 37 25 43 36 30 34 43 36 35 24 37 44 43 30 27 38 29 34 39 25 30 36 44 34 25 26 43 23 22 29 44 29 20 41 17 43 57 41 30 41 40 25 35 37 35 35 40 38 44 38 34 28 22 34 39 32 53 40 42 25 35 36 41 31 49 47 42 35 47 28 29 30 33 37 32 40 41 33 32 32 31 42 41 34 30 50 38 28 49
30 32 28 42 39 25 30 44 41 38 21 28 39 26 38 24 44 36 42 36 33 34 39 30 37 40 36                                                                         
