0.469387755102041 3773 30 31 31 26 33 43 36 33 24 39 27 33 37 20 37 27 36 33 40 38 36 30 27 21 20 47 34 34 40 34 44 33 36 33 45 35 32 40 36 38 52 29 29 33 45 35 21 39 36 38 35 32 24 34 40 20 38 38 44 37 27 40 29 37 37 25 38 40 37 41 32 45 26 27 42 38 42 35 45 28 25 20 32 36 34 28 35 27 33 34 53 47 37 25 28 40 37 36
26 31 33 32 34 32 31 37 25 23 52 35 34 48 33 37 38 39 34 43 29 33 34 40 35 41 34 30 50 27 38 31 31 24 34 45 30 38 41 32 26 36 33 42 59 30 19 28 33 40 40 32 47 42 44 26 30 36 39 45 40 36 43 50 41 33 27 39 41 27 48 27 34 38 22 29 42 41 42 36 34 27 27 34 33 38 19 36 44 32 36 30 31 27 29 47 39 28 45 28
39 32 50 28 38 29 27 25 33 40 35 25 37 37 41 46 39 28 29 33 39 28 31 30 34 23 34 28 33 36 33 33 29 30 27 33 29 28 41 34 34 32 31 33 30 33 29 30 33 22 27 38 34 34 37 57 26 33 31 31 28 26 30 37 40 27 39 35 35 26 39 49 37 33 32 44 26 29 35 30 29 33 31 35 46 38 28 44 32 30 33 38 40 24 33 34 30 33 34 36
40 31 25 40 20 33 40 19 23 44 25 26 34 20 38 29 34 35 28 34 28 40 42 20 32 25 35 35 39 34 35 32 38 36 42 29 50 37 39 19 33 25 36 36 36 25 27 24 36 34 47 25 43 42 40 29 32 39 24 32 32 27 26 26 30 40 31 30 31 32 42 29 28 33 35 35 35 27 25 26 32 35 40 28 41 43 44 35 32 38 39 33 62 30 34 43 21 48 35 29
48 32 32 41 50 35 25 29 42 32 24 37 38 37 30 32 33 35 50 48 38 39 38 38 27 41 39 23 33 32 34 34 31 28 38 43 51 31 40 37 27 45 34 38 38 35 33 43 45 37 30 40 28 36 33 24 43 28 38 31 29 22 32 29 37 46 47 27 34 24 37 31 37 27 39 39 39 33 25 24 36 49 30 32 27 26 43 33 39 36 24 41 38 36 33 39 41 21 31 27
25 26 16 34 47 39 34 37 32 33 44 28 40 41 34 38 38 26 46 31 36 42 31 24 43 38 36 33 33 21 20 34 31 20 30 33 33 39 39 29 27 25 40 34 35 27 35 35 32 46 26 37 38 32 37 27 33 37 48 53 29 39 29 38 29 40 35 34 40 29 32 31 25 28 39 32 23 37 36 41 26 23 31 34 31 27 34 32 22 33 20 33 33 39 25 37 40 36 39 47
28 35 32 22 30 29 29 26 23 30 40 32 34 40 25 30 29 42 36 32 41 29 37 39 36 30 39 37 38 30 29 26 24 42 25 24 25 29 42 31 20 28 25 30 46 42 35 33 50 26 43 37 31 37 34 49 50 42 29 25 37 38 38 43 38 33 26 31 40 23 35 36 31 32 32 40 34 35 42 24 40 43 33 36 26 32 30 37 31 39 33 32 40 37 50 39 34 38 41 35
43 39 18 46 33 38 40 37 29 29 49 26 32 45 39 31 35 36 28 28 38 36 26 23 35 27 29 41 39 25 37 31 33 33 29 26 15 18 39 33 20 20 41 36 27 33 21 36 28 33 39 34 32 37 33 35 22 38 32 31 35 31 27 45 42 39 36 30 32 34 27 51 33 32 34 30 30 42 41 29 28 30 38 23 34 36 32 34 27 32 42 25 32 32 19 28 41 31 32 33
35 25 45 31 44 34 29 28 35 30 30 40 34 34 32 23 27 36 29 37 34 27 27 38 33 38 40 41 35 41 38 24 32 26 40 35 35 40 29 35 38 42 33 35 27 36 33 37 37 43 20 44 30 34 39 41 29 17 24 35 32 36 32 37 45 44 39 32 29 43 35 46 26 39 31 39 32 35 43 27 27 39 42 25 53 37 41 36 38 33 33 38 37 40 36 36 32 25 32 25
25 42 35 43 33 37 39 30 32 38 25 48 23 40 37 30 33 40 31 35 38 46 32 34 31 33 37 33 23 35 35 36 30 34 43 26 30 43 40 41 19 21 36 40 31 31 33 22 34 37 33 40 27 37 24 21 36 38 34 40 39 38 49 26 48 31 16 34 20 38 31 31 25 36 36 37 47 52 29 18 30 31 34 25 31 47 36 30 28 25 27 41 32 27 36 42 29 38 36 35
30 31 34 49 26 30 31 34 37 31 37 41 41 40 14 23 145 162 23 101 76 121 55 45 53 28 24 22 14 33 34 31 41 37 36 22 28 26 12 42 37 32 30 25 35 35 35 28 29 27 22 36 28 31 28 39 31 35 27 43 38 37 38 27 39 38 42 36 38 35 25 28 37 35 24 40 41 31 32 37 40 23 38 41 30 33 35 41 32 49 27 29 43 31 24 46 30 33 29 34
33 30 40 32 28 32 32 39 33 36 32 33 29 31 35 24 36 32 28 34 39 33 28 42 25 31 27 31 29 32 36 34 40 42 45 28 30 33 36 32 34 18 32 31 41 27 23 35 47 37 41 31 29 28 15 35 44 38 28 35 19 35 44 29 33 28 35 40 33 29 30 22 33 59 35 58 35 29 27 35 34 31 42 44 37 31 39 30 33 25 45 36 34 33 18 30 27 29 27 33
31 35 27 28 45 37 31 42 27 43 32 42 28 44 32 37 41 28 31 37 29 28 30 41 39 43 37 34 28 40 49 17 34 42 34 31 21 22 29 32 36 43 24 21 33 26 49 34 34 23 45 32 29 35 41 42 25 25 31 42 37 53 36 43 26 47 29 34 36 39 38 49 40 35 26 37 30 41 26 46 42 29 30 36 39 22 28 18 22 31 35 31 28 23 42 33 37 30 38 48
36 39 24 39 33 38 34 33 47 34 41 27 40 27 26 37 43 41 44 42 42 38 26 33 28 31 35 32 35 33 26 35 43 36 45 32 28 32 52 29 35 36 33 32 38 32 36 38 40 30 31 30 37 29 40 40 33 30 30 28 27 31 35 33 32 28 40 30 45 31 43 51 31 35 33 21 32 35 18 35 41 60 36 38 40 35 30 34 42 38 30 33 34 31 33 21 45 30 48 39
30 36 25 35 35 29 38 20 41 26 40 34 31 34 34 39 35 40 40 45 27 24 43 31 32 35 25 30 35 46 38 31 23 29 31 41 35 34 37 25 24 29 44 36 36 28 34 30 25 33 32 36 42 33 29 37 29 36 27 38 33 27 48 36 33 28 27 42 37 40 35 37 28 32 31 39 40 35 41 29 21 42 34 32 33 31 31 29 30 36 30 28 47 31 41 30 31 29 28 20
37 39 37 42 33 38 39 38 34 26 35 31 25 39 30 29 39 30 31 27 25 43 36 23 38 36 27 43 37 25 36 24 46 33 40 36 29 44 30 42 35 50 27 27 36 33 28 46 26 40 42 51 34 31 34 33 33 32 45 34 35 26 31 29 37 34 39 30 43 49 29 30 34 47 45 35 34 30 19 37 27 26 31 32 31 46 32 38 28 31 33 37 29 40 29 27 30 32 34 36
35 7 32 37 42 37 36 34 40 30 24 27 43 35 31 39 30 30 36 42 25 35 28 38 25 33 27 35 27 41 30 38 36 36 32 37 43 29 27 24 35 38 51 46 29 39 32 27 29 35 24 44 32 45 26 36 39 35 20 34 41 33 41 38 28 43 37 37 35 34 40 24 46 41 23 29 36 28 23 30 38 42 44 40 33 40 37 34 34 34 29 30 47 34 38 38 37 25 31 40
31 28 39 36 25 34 48 24 33 36 26 32 30 23 38 41 30 31 26 29 26 33 35 36 40 29 38 24 36 26 30 28 29 35 38 35 27 32 31 39 33 27 26 39 38 26 32 43 43 34 27 39 35 37 27 23 43 40 15 37 25 37 34 34 36 46 35 40 42 23 46 34 35 28 36 32 31 28 37 42 32 38 27 32 32 41 32 38 25 38 38 45 23 38 35 28 29 29 40 44
34 41 42 30 34 42 41 33 38 28 20 23 38 45 61 12 47 13 83 53 30 32 28 24 43 30 38 42 32 44 38 31 37 27 29 27 37 39 35 36 33 35 41 37 32 27 28 28 38 38 31 33 39 40 29 33 44 28 36 33 25 44 38 33 38 30 29 32 41 25 43 20 25 30 39 36 22 32 38 40 38 46 35 27 32 31 38 33 45 45 25 25 25 32 32 27 16 32 34 43
29 47 33 25 29 37 34 35 45 45 27 34 24 30 37 25 28 29 34 32 34 32 36 34 22 28 23 33 42 38 30 29 25 38 37 31 39 35 26 42 37 34 29 54 29 33 34 43 31 34 27 24 19 35 38 29 39 37 26 33 27 28 44 36 38 9 31 31 39 34 31 34 41 26 39 26 29 31 44 23 24 27 38 35 28 43 31 42 27 31 24 34 41 30 36 24 37 29 45 54
33 14 44 29 32 38 35 37 23 29 34 34 30 24 28 27 48 41 38 38 20 24 30 27 37 46 33 49 30 46 37 39 41 42 26 32 28 28 39 33 37 20 19 36 38 35 40 38 25 38 28 42 26 38 30 29 32 33 44 31 46 40 35 30 37 33 29 25 38 21 43 20 25 36 44 55 40 35 23 30 25 29 30 33 35 29 24 37 35 37 48 30 49 35 33 39 33 27 42 33
29 31 47 23 29 30 28 40 28 33 18 42 35 28 27 32 35 33 37 31 29 37 29 27 25 24 40 37 57 34 34 30 27 12 25 30 35 30 30 31 34 28 40 38 30 48 30 36 33 49 29 36 46 37 38 32 36 37 34 49 29 33 37 38 19 26 29 49 38 35 30 52 44 39 32 36 76 37 32 38 48 38 28 31 31 43 21 31 35 36 34 38 24 29 17 42 42 30 27 35
31 29 34 42 40 44 30 37 28 31 27 41 30 33 41 26 33 43 43 32 60 43 33 48 27 34 30 24 43 39 29 32 31 35 35 46 32 29 35 42 26 27 33 41 67 26 36 44 34 40 39 24 38 41 37 21 34 26 39 29 37 34 43 44 28 22 46 29 39 47 29 54 37 31 40 17 38 40 36 35 48 40 44 41 39 34 34 47 33 35 37 37 19 40 23 42 24 41 27 29
37 56 35 40 25 42 23 34 44 18 32 25 35 29 33 35 26 31 46 39 39 33 43 29 32 36 30 26 28 26 35 27 31 32 33 39 47 31 25 28 39 32 29 21 34 29 29 28 42 24 43 32 33 33 29 41 55 20 34 44 37 31 31 30 40 30 41 39 25 38 25 36 45 32 34 45 29 18 36 43 33 35 27 43 33 37 42 35 25 30 27 30 35 35 34 29 38 38 26 31
36 26 31 33 35 37 30 33 38 37 16 27 33 36 21 28 40 24 39 44 45 30 34 38 15 30 24 34 45 32 40 33 33 30 27 20 37 35 35 25 42 38 34 34 41 30 26 27 39 44 40 39 37 36 40 35 34 29 38 28 29 16 24 42 37 36 37 33 44 19 40 29 35 25 36 41 38 38 43 36 41 26 46 35 47 41 25 31 28 34 24 26 22 40 35 29 17 32 26 31
25 30 33 34 35 40 43 39 23 31 31 35 32 41 33 44 38 33 33 37 46 36 30 40 36 40 38 43 31 30 31 31 32 25 31 38 22 21 35 32 16 49 31 44 35 29 32 43 32 34 36 37 28 42 25 34 36 33 31 44 24 45 29 25 31 28 38 39 39 30 35 34 27 58 37 33 31 30 38 29 53 28 24 29 34 20 40 23 25 23 29 26 35 34 36 48 33 37 31 42
29 39 38 28 35 40 40 27 50 37 35 25 30 31 32 46 34 31 28 43 36 26 29 32 39 35 25 34 32 37 30 32 46 35 37 26 41 26 29 39 38 42 31 32 34 35 49 41 26 37 41 46 49 34 37 32 33 38 37 35 29 39 25 31 33 33 34 28 34 36 37 41 29 25 40 49 38 30 34 18 16 66 45 43 34 31 22 23 45 29 20 34 22 31 29 44 40 31 35 29
31 24 43 43 35 22 22 25 28 39 33 24 40 27 30 41 31 43 42 29 38 25 38 31 46 35 42 24 27 34 48 42 36 41 22 36 32 32 22 34 36 27 37 28 24 44 21 20 39 36 26 41 37 30 47 36 23 38 24 33 41 37 32 27 31 35 30 34 24 32 31 53 33 39 26 34 34 34 38 31 39 43 40 27 29 33 34 29 34 29 33 30 46 31 41 32 24 36 38 27
31 33 29 29 25 26 21 35 27 27 32 18 32 43 27 26 31 44 34 35 36 34 29 34 28 53 30 35 40 34 36 33 31 36 38 40 27 27 30 40 34 44 30 42 28 33 32 29 36 34 40 26 40 50 36 35 40 31 43 37 42 40 32 28 30 37 29 33 40 17 33 40 19 37 36 34 26 38 37 35 46 39 33 28 35 33 36 49 39 25 35 26 33 29 45 45 16 30 37 40
31 25 40 35 34 34 40 45 43 29 36 53 36 28 21 36 46 29 39 33 37 26 32 34 35 40 34 35 40 38 38 31 37 24 27 46 28 36 33 27 24 22 42 29 30 39 37 35 36 38 30 35 30 43 38 25 20 33 32 35 34 25 33 37 39 38 20 40 32 37 38 42 28 31 38 32 38 35 26 25 38 29 25 39 33 19 36 39 29 31 32 36 31 41 27 29 31 28 52 30
27 35 33 30 30 42 49 31 27 43 41 31 39 36 35 36 37 42 33 41 41 33 28 28 40 36 42 24 22 26 22 33 38 39 49 48 28 35 40 37 23 38 28 37 26 23 28 35 42 29 38 31 26 36 34 29 29 38 25 47 32 56 45 34 43 32 18 31 27 39 34 29 26 41 30 46 35 36 30 25 30 25 31 29 22 32 29 21 38 41 41 34 27 29 28 39 37 34 41 30
37 41 26 34 31 37 40 24 34 35 31 37 39 32 23 28 32 31 32 23 29 29 54 37 40 33 29 32 38 29 20 38 19 34 32 33 49 36 47 44 29 38 33 39 36 35 28 36 34 31 25 29 34 33 38 43 38 41 25 32 40 47 30 25 34 42 43 41 23 36 36 30 50 37 32 51 47 35 35 29 33 36 34 22 38 46 25 33 37 28 31 32 41 35 45 35 36 33 40 27
30 32 29 31 44 43 26 22 36 32 54 29 31 38 27 45 36 32 36 31 35 32 28 24 34 34 31 33 34 36 39 25 38 30 33 42 40 33 36 38 39 25 39 33 34 40 28 34 31 28 34 22 26 27 44 30 31 31 39 29 36 25 32 33 33 35 31 29 31 22 32 42 36 34 27 38 32 38 26 35 36 26 28 32 25 36 34 20 45 35 31 40 33 55 37 28 41 37 32 40
34 30 27 31 31 34 16 33 35 32 21 34 29 37 31 33 29 28 31 32 30 42 32 32 38 40 26 39 36 28 29 30 43 35 39 30 32 48 30 30 38 32 38 35 41 42 38 34 27 41 38 28 27 38 41 36 41 26 25 31 27 36 34 38 47 34 42 33 35 35 30 30 39 36 24 35 44 34 7 49 38 35 38 28 33 45 23 43 33 25 33 63 42 43 34 35 44 32 32 29
25 30 36 38 31 37 41 31 31 29 39 49 24 33 39 30 23 36 34 30 36 17 32 33 33 35 40 32 38 34 37 32 27 34 26 37 25 29 36 30 26 19 36 38 24 22 27 29 34 31 39 37 33 32 35 40 41 33 34 29 18 42 35 47 28 33 44 47 20 27 28 32 31 26 27 28 37 34 43 39 44 46 34 40 45 34 37 30 33 37 33 26 34 35 38 34 45 33 28 31
29 25 49 30 31 32 45 32 38 43 34 27 30 37 33 33 40 29 26 41 23 33 34 37 46 29 37 48 27 38 51 35 29 25 26 29 31 26 45 33 32 35 26 36 15 27 43 31 31 29 27 26 39 34 26 35 25 19 33 44 33 33 36 25 35 31 42 28 39 32 41 26 39 25 41 22 27 31 31 21 27 38 42 31 29 31 36 28 33 18 37 29 35 33 27 35 34 34 25 30
28 33 37 43 36 35 33 30 18 27 23 31 45 31 24 38 33 37 36 25 40 33 38 36 35 24 38 43 41 39 42 20 20 27 41 36 18 18 27 39 36 26 27 33 37 29 32 25 28 26 36 29 30 28 27 30 36 43 27 29 37 36 37 31 33 44 30 33 33 34 32 27 43 31 31 50 44 34 33 26 29 34 41 32 18 26 30 37 32 29 28 36 34 37 32 33 30 32 34 26
45 27 40 31 41 38 29 29 49 40 39 26 24 24 40 32 43 40 26 33 39 35 39 31 40 22 44 29 35 16 27 26 39 18 23 32 27 33 43 37 32 31 43 24 31 32 20 35 31 30 27 35 41 39 18 48 33 38 30 47 25 29 29 31 30 34 32 30 32 29 35 31 52 33 30                         
