0.482758620689655 3032 33 26 26 24 48 27 30 39 36 44 32 16 42 30 30 47 32 33 43 41 31 27 41 38 28 43 30 26 41 43 30 42 33 36 27 29 31 20 27 46 34 30 30 35 12 34 31 37 26 27 27 29 36 22 40 20 40 38 31 40 29 39 24 41 33 41 29 36 35 32 28 24 31 27 31 34 30 33 37 40 29 40 37 32 24 31 28 39 40 28 29 39 31 10 59 65 29 34
35 27 23 36 27 29 30 36 30 25 35 30 36 32 27 22 27 30 28 28 32 36 33 25 32 33 35 37 39 33 32 30 47 33 36 33 32 38 23 34 45 25 27 25 41 35 42 29 35 48 19 35 33 33 25 35 38 31 33 33 34 29 27 38 27 27 39 42 42 24 32 31 46 29 34 26 23 28 31 44 24 43 38 22 21 24 22 34 35 26 36 26 37 34 35 41 29 31 31 37
34 42 19 21 26 24 27 18 44 40 37 34 28 42 20 25 36 39 34 40 31 34 37 25 43 40 40 23 32 29 28 32 29 27 33 32 32 22 28 28 44 28 40 40 32 31 15 34 28 25 33 26 37 33 33 39 37 32 33 37 29 29 41 34 35 34 39 33 30 37 31 39 39 32 33 31 29 45 25 29 23 35 28 24 35 41 35 35 36 28 35 43 29 35 36 35 31 35 46 35
25 28 21 29 38 30 52 31 44 17 29 39 25 46 44 37 38 28 32 31 37 29 34 31 16 21 30 42 30 29 30 34 33 22 34 35 35 34 31 25 28 28 48 20 29 20 36 35 30 30 39 31 33 27 20 33 35 43 31 32 24 15 26 36 36 31 37 36 39 30 33 30 22 34 22 25 47 28 23 34 34 16 29 30 38 22 22 34 37 23 33 38 42 30 34 34 40 31 40 32
39 27 39 21 33 35 36 32 43 44 36 26 33 18 33 36 36 27 43 27 25 30 27 30 30 31 34 37 23 29 33 33 29 26 28 31 39 36 44 38 42 38 45 37 34 32 35 34 42 20 33 44 35 31 30 35 27 39 25 32 30 26 31 41 25 34 32 25 22 33 23 36 28 14 30 32 26 32 33 39 14 27 42 40 27 41 31 31 44 25 25 31 26 20 28 38 28 34 35 56
28 27 26 30 37 30 27 40 82 37 35 31 39 38 29 33 28 29 29 32 32 30 17 27 35 30 34 38 29 39 21 16 42 31 22 31 31 44 23 32 32 34 29 31 26 22 30 31 26 30 40 38 32 24 24 34 33 37 28 25 28 36 32 23 37 33 44 29 18 35 25 36 37 32 39 34 23 32 31 20 26 34 36 31 26 29 21 21 28 25 35 28 40 34 10 26 47 38 36 30
35 37 37 35 33 31 36 34 36 38 35 40 41 36 36 35 22 26 30 16 41 28 33 29 25 20 22 41 38 39 33 40 29 32 27 28 33 36 50 32 36 26 37 31 34 36 34 28 40 38 30 34 40 34 23 23 32 23 32 25 32 51 26 37 25 26 43 31 30 34 57 29 29 34 38 23 39 33 36 29 29 23 43 26 39 37 40 34 26 28 26 29 32 29 35 27 31 40 24 36
35 26 36 34 30 33 26 49 40 39 39 17 30 22 37 44 29 22 24 40 32 26 29 39 36 31 30 26 17 31 40 27 34 32 30 37 22 34 23 37 22 26 33 30 39 32 40 38 26 30 37 40 30 36 40 32 29 30 32 24 37 44 27 31 33 30 35 29 27 31 42 41 35 25 45 31 35 36 30 40 30 31 27 30 32 39 32 26 29 32 27 40 32 30 36 34 34 26 38 22
30 32 41 25 46 39 59 153 169 130 33 29 37 23 31 31 44 24 24 28 33 30 10 46 30 35 37 37 44 36 32 40 25 37 42 32 33 42 27 32 29 23 34 37 31 37 36 47 39 51 31 53 37 32 36 36 38 27 38 25 35 39 30 32 36 30 39 47 38 30 43 33 44 23 20 24 45 31 42 33 41 34 38 22 32 45 29 30 28 33 37 38 46 37 28 28 24 35 37 33
24 29 36 46 31 34 41 30 38 13 27 34 51 33 35 32 32 40 58 34 24 31 25 27 32 37 33 25 37 26 34 27 26 13 27 41 26 34 37 36 39 32 32 34 38 31 26 44 26 27 28 34 34 26 40 32 24 31 22 27 27 22 32 26 28 37 37 34 41 24 25 37 33 39 29 40 33 34 38 34 27 31 36 39 31 28 24 49 34 39 40 24 36 28 39 32 31 29 26 29
36 28 25 41 37 25 42 37 27 27 40 28 34 37 46 25 33 43 43 34 39 28 40 38 30 33 42 25 37 37 38 31 26 39 40 37 33 35 41 33 29 48 23 38 29 24 36 39 33 37 27 25 29 44 28 31 23 24 20 39 24 40 29 28 31 28 23 28 28 23 27 32 40 29 34 29 37 34 34 31 29 22 31 24 27 23 36 28 28 16 17 28 33 42 20 28 34 42 29 33
31 22 41 24 44 38 30 25 35 37 29 31 36 17 31 27 42 34 35 37 29 35 34 38 43 40 39 30 31 41 35 35 26 32 18 39 31 32 31 35 37 27 29 30 32 33 42 32 23 38 40 43 24 30 42 29 31 28 35 37 34 35 28 38 32 28 32 29 22 36 36 22 36 22 29 43 33 50 34 38 35 33 33 27 31 45 22 23 25 34 23 32 30 35 27 36 17 27 29 34
24 38 42 40 31 23 35 23 25 35 25 27 26 35 21 26 29 53 37 32 25 28 24 43 19 33 30 46 38 28 28 31 38 39 41 28 28 28 39 26 32 33 34 37 33 35 45 35 27 38 35 33 33 38 27 30 33 23 20 42 34 34 31 31 39 34 25 32 32 34 47 36 12 28 34 26 42 39 33 38 37 26 20 23 31 29 21 31 36 34 30 28 7 34 32 25 43 28 26 33
35 39 37 25 43 35 25 20 26 41 30 41 30 29 29 32 39 17 33 19 33 25 34 32 30 34 30 34 34 32 39 23 27 42 36 38 27 23 25 31 25 34 45 30 29 30 32 32 28 30 26 23 26 27 38 24 37 30 28 47 32 24 44 36 27 27 25 33 33 31 33 28 37 34 32 36 28 24 48 36 25 46 38 32 24 29 32 30 14 39 34 34 29 32 35 36 20 36 29 29
26 36 30 26 24 39 35 32 38 23 33 25 39 27 37 30 33 36 20 35 39 32 25 12 36 46 29 29 25 42 23 26 35 38 39 29 32 36 36 29 21 30 31 26 46 28 28 32 34 29 35 33 41 26 32 19 44 39 31 28 35 28 33 35 33 38 35 16 34 43 38 156 6 68 66 78 19 37 35 32 36 29 20 25 30 35 36 35 31 23 30 25 31 31 28 32 23 36 35 26
24 24 38 38 36 24 20 37 31 45 29 29 22 37 28 33 32 23 25 32 35 31 29 30 31 21 32 18 42 26 26 30 39 42 33 33 33 26 27 28 32 23 39 44 28 44 27 42 27 37 31 40 35 26 39 32 34 25 32 21 16 25 28 30 29 36 36 41 31 25 29 35 37 29 49 31 32 28 31 22 31 34 29 21 18 35 39 25 33 35 27 36 37 28 22 30 38 31 48 30
28 53 39 43 25 39 40 34 38 38 36 35 35 27 39 29 35 26 41 38 14 27 36 36 39 35 22 36 33 22 31 24 35 29 40 25 36 38 27 25 33 17 28 27 23 36 40 29 31 38 29 29 30 28 26 30 30 15 30 36 33 36 41 25 35 34 25 36 38 39 34 26 48 40 19 43 29 46 39 38 42 18 43 39 39 37 37 36 36 39 28 35 41 25 32 39 42 35 25 46
31 26 48 24 24 29 24 33 32 31 39 35 36 41 17 10 37 28 40 41 47 28 39 40 23 31 29 25 33 40 42 33 42 35 32 27 25 29 31 37 44 29 37 38 26 36 34 42 29 33 30 25 23 27 29 28 22 31 30 22 30 33 37 24 27 41 24 20 36 30 30 31 41 27 31 27 18 43 23 23 32 50 30 29 40 33 31 32 25 35 37 27 37 37 28 25 28 29 30 32
30 36 31 35 31 32 31 30 20 29 33 30 37 44 31 28 34 33 28 45 29 35 30 44 30 26 32 25 34 31 41 18 39 31 30 26 33 23 28 39 35 32 35 26 35 32 31 26 28 21 23 30 29 36 34 33 37 30 35 35 30 24 30 30 33 32 28 32 32 46 26 31 26 29 30 13 47 36 35 31 19 29 35 30 30 15 35 27 31 34 17 29 29 33 30 42 27 24 37 23
29 34 30 32 41 41 21 35 39 32 30 42 45 32 28 35 29 27 35 32 26 32 26 33 35 27 27 32 21 21 38 35 45 35 29 21 28 26 25 26 36 32 29 30 32 34 25 29 26 29 21 42 31 26 19 29 27 25 37 32 31 27 29 33 37 30 27 41 28 31 29 25 19 30 38 28 16 36 29 42 30 24 30 21 33 32 41 32 33 29 44 37 20 34 29 33 35 38 37 29
32 29 31 33 25 30 29 40 33 34 42 35 28 33 33 31 36 30 34 33 36 42 34 34 29 41 20 39 33 37 27 32 30 25 35 20 28 31 46 32 40 42 33 36 41 16 40 29 44 28 34 25 32 29 40 46 36 33 33 42 26 36 35 35 29 29 50 31 39 32 32 25 34 32 21 34 35 29 34 41 28 26 48 20 23 39 37 41 28 34 34 32 48 36 21 48 26 35 32 30
34 32 40 31 27 34 39 27 36 33 32 34 36 30 31 31 30 36 28 30 42 14 46 38 50 41 39 34 38 28 30 44 34 36 40 33 34 24 40 45 37 30 32 34 37 30 25 37 30 30 29 31 43 25 27 32 34 44 29 28 35 26 34 27 32 21 31 44 35 18 25 28 26 40 29 24 25 49 27 32 44 32 31 24 44 29 26 31 23 36 34 32 45 38 24 34 36 28 35 34
35 33 34 26 26 34 25 27 25 29 30 38 35 41 31 40 28 36 40 31 33 27 45 28 35 29 20 34 35 30 20 29 32 28 40 22 30 35 50 32 34 28 32 33 47 26 34 33 35 29 29 32 20 33 35 37 36 34 33 35 32 29 38 25 25 31 33 25 24 25 34 29 30 33 31 23 25 30 28 28 28 28 28 35 37 23 33 33 42 14 36 36 31 23 30 30 37 35 45 34
20 28 33 20 24 40 39 28 31 32 37 33 32 25 35 42 33 34 42 33 36 34 38 28 42 33 32 22 36 29 42 21 30 38 27 26 28 34 35 23 35 39 21 24 27 27 45 31 29 29 31 25 44 37 37 32 27 25 32 46 17 21 28 29 33 38 33 36 31 36 37 32 35 44 36 36 31 33 46 32 38 33 23 31 31 16 28 33 27 45 38 18 35 17 28 22 25 29 24 32
24 38 39 28 26 22 27 42 35 29 30 42 29 25 29 26 34 12 34 24 42 27 27 33 44 37 39 43 33 32 31 35 25 36 32 40 42 34 31 34 32 40 16 25 27 28 38 32 32 43 37 34 35 22 21 30 45 35 30 29 38 36 21 13 29 33 38 40 29 31 26 31 42 31 34 30 30 42 22 25 34 29 36 33 29 35 36 30 34 21 29 38 23 37 22 33 33 34 34 31
36 39 32 44 38 32 37 37 35 22 33 36 24 36 34 29 30 29 43 32 30 27 37 28 27 27 23 34 27 35 34 32 28 21 40 49 33 31 44 33 34 35 32 34 31 28 26 31 27 32 21 27 28 27 18 29 31 21 33 32 37 30 31 30 33 31 25 25 20 34 23 41 44 28 42 25 30 30 33 34 24 35 36 35 19 41 32 32 23 25 38 28 41 30 26 34 23 31 30 34
35 29 30 28 40 34 39 17 37 19 32 25 34 36 32 27 28 30 34 33 27 21 26 27 23 32 45 45 43 37 27 26 25 27 31 31 28 30 26 22 30 38 31 22 36 28 24 19 42 33 30 31 28 32 32 44 35 34 23 46 26 31 29 27 15 32 41 44 26 42 36 38 38 30 29 25 45 23 38 24 28 28 31 25 30 25 34 36 37 40 24 34 34 29 41 33 27 33 30 15
22 31 34 30 18 41 32 24 38 36 27 11 19 24 35 12 40 60 25 26 24 33 34 40 37 39 37 35 42 38 34 38 25 22 45 31 27 42 40 34 33 29 33 21 38 31 38 37 34 41 42 41 21 43 38 40 33 26 37 39 31 42 31 32 27 37 34 38 38 35 37 43 30 42 32 34 37 45 22 40 39 37 26 38 29 40 54 25 40 28 20 29 27 43 36 31 33 27 24 46
26 30 27 26 31 34 30 22 35 31 28 24 40 37 35 32 40 27 34 31 32 42 24 27 28 31 19 30 35 33 40 27 39 40 25 19 38 36 47 33 30 35 34 23 33 30 31 32 30 24 31 41 38 36 42 35 31 32 36 37 41 29 47 27 30 42 31 22 45 32 28 30 33 30 31 25 31 33 35 27 30 38 41 27 25 29 33 41 35 30 35 38 31 41 30 40 35 36 38 27
34 34 33 36 35 36 37 20 36 37 27 36 26 35 39 31 44 26 35 42 32 17 33 21 32 29 35 43 38 21 32 35 20 34 37 27 28 33 33 30 28 32 20 28 28 25 26 31 22 37 27 38 47 21 33 33 26 18 13 23 39 30 40 29 25 39 38 27 32 35 26 24 33 31 24 28 37 34 32 32 23 23 30 23 34 35 30 28 28 22 23 34 27 31 35 39 24 27 38 25
31 36 25 49 31 41 40 39 37 33 29 48 27 27 34 38 36 36 30 44 32 33 35 36 25 35 26 27 38 25 50 37 28 36                                                                  
