0.5 3742 31 40 22 22 36 36 30 39 26 29 32 36 33 36 36 33 34 24 26 29 38 38 31 29 27 37 31 33 9 42 30 33 33 24 34 28 42 32 26 28 28 31 27 33 13 17 40 28 34 26 33 44 34 29 41 33 29 28 39 32 20 28 25 42 34 34 38 30 24 31 31 26 39 38 34 25 28 30 24 34 22 18 33 31 26 25 27 36 26 30 37 32 25 27 29 28 31 32
26 33 31 19 32 38 38 41 35 35 21 29 36 39 30 32 20 36 25 33 29 30 28 29 38 20 35 27 30 35 39 30 37 46 41 28 35 31 33 35 27 31 34 35 35 35 30 37 25 24 27 26 29 37 31 31 33 34 21 28 37 42 36 25 26 26 36 26 31 36 41 19 42 33 34 34 27 32 36 34 20 27 27 28 37 28 37 31 38 42 26 16 34 21 27 18 26 29 23 40
37 38 33 25 30 35 38 31 28 31 34 27 30 24 18 32 39 29 29 22 36 35 11 33 29 30 36 24 43 22 17 25 38 28 18 38 30 32 23 42 17 33 43 42 19 30 27 40 28 26 22 26 25 39 38 30 36 27 32 36 33 42 37 25 41 42 33 34 37 24 30 23 36 35 35 31 31 30 29 19 30 27 29 21 34 24 35 36 39 30 24 31 25 24 37 24 21 31 34 15
30 36 32 36 25 33 30 31 33 31 26 35 32 23 29 35 31 24 39 37 31 33 42 28 33 19 34 52 38 27 37 38 25 30 38 55 41 28 22 37 25 35 42 38 45 43 22 43 43 24 31 30 38 37 28 34 42 34 30 30 24 28 34 31 22 21 36 40 26 38 21 28 32 24 39 22 30 26 25 25 34 36 36 35 28 25 25 40 45 31 36 31 35 31 29 30 32 23 25 36
40 43 30 26 28 25 42 43 36 37 16 38 41 26 38 19 27 20 25 37 34 37 26 31 30 37 28 41 49 45 24 47 47 29 31 32 34 28 35 26 31 25 28 24 44 29 28 30 32 40 24 31 45 28 19 35 30 37 21 41 37 31 34 33 31 25 26 33 35 27 24 32 30 34 33 30 29 32 29 33 30 33 37 38 22 41 29 25 36 35 29 29 29 40 24 26 33 39 40 42
33 26 38 34 34 31 22 23 33 37 39 20 25 25 32 30 28 29 21 29 36 21 33 16 29 32 41 41 28 30 31 26 35 38 36 30 28 32 33 36 27 34 32 26 36 28 32 32 24 31 31 27 28 26 25 30 29 32 31 29 30 29 24 30 23 28 35 31 34 28 42 31 34 30 39 39 41 33 29 30 45 39 29 34 29 35 31 35 35 34 39 39 24 30 26 36 28 39 33 25
34 29 29 32 50 19 31 30 31 46 37 22 27 31 42 33 31 31 22 37 29 30 39 33 38 29 46 44 37 24 18 17 30 24 42 37 33 29 31 23 29 20 29 32 31 42 28 28 30 22 27 34 32 32 24 29 29 32 23 22 34 37 29 29 26 25 33 35 23 24 29 40 42 27 27 41 37 24 33 37 37 25 30 17 31 34 34 29 42 44 37 39 27 29 20 26 40 24 33 26
27 35 17 26 23 27 27 31 36 15 34 38 25 36 32 37 41 29 34 23 30 14 36 32 23 23 41 8 39 45 19 22 24 37 41 32 30 27 32 28 36 24 22 34 35 34 43 31 38 42 33 36 39 29 28 42 29 44 31 33 44 29 44 34 34 41 24 36 31 27 35 33 35 26 24 31 24 42 30 21 18 28 36 35 28 35 15 26 21 28 28 40 27 32 33 24 46 36 34 28
29 23 29 40 35 22 22 42 21 38 36 21 30 28 26 37 35 23 29 21 29 35 23 30 34 37 24 31 22 32 33 27 46 31 27 25 34 27 32 35 36 29 39 28 26 27 22 21 24 30 22 35 29 30 25 31 26 25 24 26 24 36 25 29 32 35 26 34 28 28 21 38 27 29 36 30 29 41 28 31 39 31 28 25 38 40 31 29 31 37 32 28 30 62 63 29 16 43 36 24
27 30 34 25 38 21 36 42 19 28 34 37 34 34 49 25 19 38 24 29 36 31 22 23 28 25 38 26 42 28 27 24 28 27 37 35 30 31 20 34 31 30 35 32 38 34 24 41 37 31 35 34 33 35 35 39 24 34 29 23 34 25 46 27 28 42 37 32 31 37 33 34 28 24 20 36 25 38 36 28 30 32 25 18 28 26 31 29 24 22 28 29 31 32 31 25 21 28 34 21
26 37 18 24 33 20 23 31 20 37 25 25 28 20 123 21 53 51 15 29 25 46 28 36 32 17 41 18 24 33 36 33 17 31 23 29 40 33 30 31 40 27 27 20 25 44 33 25 28 33 23 41 27 26 23 28 46 42 28 32 17 18 28 35 28 25 40 28 29 23 37 39 33 23 40 27 53 34 42 40 31 32 32 26 34 26 40 43 40 38 34 30 36 36 21 38 21 26 20 25
23 35 26 35 28 26 31 25 31 29 29 28 33 30 23 28 28 22 28 25 21 37 29 22 44 37 38 21 39 46 25 34 28 27 48 25 56 34 34 32 12 34 26 37 29 36 29 35 34 33 24 27 31 41 31 40 29 43 32 24 20 26 32 70 52 24 37 27 32 26 29 33 25 32 32 42 32 35 28 29 35 48 37 24 30 38 33 51 21 22 40 41 37 26 32 42 26 26 27 20
20 28 35 22 24 30 34 40 37 30 29 26 20 38 28 31 19 40 35 31 31 37 21 40 38 30 47 40 40 37 20 19 24 36 31 22 41 30 38 44 29 26 21 29 29 25 33 32 31 20 27 28 27 26 28 39 26 26 31 36 42 32 31 34 32 30 28 41 34 24 40 18 23 23 33 32 27 32 31 35 28 45 28 33 29 34 38 29 25 36 15 28 48 30 35 21 38 37 34 28
31 43 35 25 31 34 23 35 31 26 32 28 27 31 43 28 23 23 38 21 24 35 36 37 22 28 34 30 41 30 27 36 30 33 24 21 31 30 33 31 26 22 27 38 31 32 35 21 30 35 51 42 30 35 28 27 32 39 33 22 24 50 34 32 41 32 27 22 24 35 22 28 36 37 29 40 21 37 33 21 27 37 40 25 31 21 31 33 43 19 31 29 29 28 23 32 40 36 39 33
35 26 25 23 24 22 34 21 32 23 34 29 41 42 33 30 41 32 24 34 40 34 31 30 31 30 33 24 22 34 33 29 23 32 37 35 18 26 24 30 36 28 27 29 29 35 21 24 23 26 34 34 39 24 30 25 34 30 40 27 20 32 32 40 24 32 32 22 39 34 29 36 32 32 43 35 39 34 30 47 45 26 15 34 33 27 33 26 42 32 33 38 28 24 33 42 31 27 37 39
28 23 31 24 22 39 19 27 29 28 35 28 33 26 28 28 25 45 27 40 30 40 38 26 24 25 41 26 24 42 34 36 32 28 29 21 37 25 31 35 32 39 34 40 28 33 29 27 27 31 31 19 28 27 26 43 37 15 35 40 27 28 22 41 30 31 34 38 29 27 25 38 28 35 38 37 18 20 37 27 32 27 31 34 31 25 39 28 29 70 23 18 29 37 25 27 44 38 36 28
28 17 31 29 36 33 35 26 30 24 37 34 17 35 36 25 32 33 18 26 38 29 36 37 28 28 30 41 34 31 33 21 31 32 28 31 30 29 30 20 11 38 33 34 37 23 34 29 31 35 30 31 26 24 23 28 24 30 30 35 33 32 38 40 42 25 26 32 27 31 31 30 29 19 31 31 26 28 38 37 31 30 29 46 38 38 30 34 48 28 28 23 40 30 37 38 31 31 30 35
28 35 28 37 31 43 33 29 30 26 22 29 29 33 31 29 33 37 30 35 13 36 25 35 37 40 36 23 33 36 35 34 12 23 24 34 21 30 45 33 41 44 34 17 28 31 29 32 21 29 30 29 36 23 30 26 24 33 35 34 29 46 33 37 32 39 35 35 37 39 20 25 33 28 16 22 29 37 32 21 38 31 25 31 24 28 21 45 30 32 40 31 32 43 40 27 25 39 36 37
36 56 34 29 36 35 31 33 40 35 36 25 44 30 33 32 22 34 28 32 36 24 21 46 37 26 30 33 35 33 39 29 38 39 45 37 28 27 25 26 27 15 28 27 20 21 21 35 32 28 26 36 32 54 98 61 75 145 29 144 38 24 19 33 32 28 33 29 31 23 18 36 34 34 26 26 24 27 22 35 32 30 37 35 29 20 24 21 39 30 27 34 35 34 28 36 36 36 30 25
29 35 23 27 25 38 18 23 31 27 38 7 26 39 34 43 32 41 26 25 25 27 21 42 29 28 38 38 29 28 35 41 24 28 23 28 32 38 16 30 33 27 33 36 44 32 35 26 26 32 29 28 30 36 32 34 36 28 34 33 34 35 30 30 46 24 36 31 35 27 28 32 24 36 25 28 34 24 29 25 32 35 35 32 32 25 26 33 15 17 47 36 25 32 32 33 28 34 34 30
42 42 42 25 39 25 28 29 37 35 30 37 32 38 44 36 39 36 28 26 34 33 30 28 33 31 34 34 32 33 29 25 22 36 28 31 28 38 34 32 34 34 32 34 15 34 28 34 32 33 25 43 27 27 25 29 25 27 39 34 19 41 17 35 32 35 30 38 28 25 25 34 31 27 29 29 36 33 38 31 31 33 22 26 23 26 32 28 22 38 36 19 33 38 28 32 39 35 31 36
32 38 37 27 42 34 25 30 29 34 31 48 26 27 35 22 38 44 30 27 28 31 30 44 34 32 45 38 37 44 30 26 29 31 31 29 42 28 25 42 26 38 41 27 32 22 32 42 37 26 40 41 41 28 40 37 29 30 24 32 31 34 23 18 40 34 35 23 35 42 30 40 30 42 31 21 34 34 30 22 37 38 24 36 30 43 19 27 34 39 46 34 10 29 21 32 33 31 22 11
35 30 34 28 28 37 23 40 24 25 31 34 27 43 30 28 21 28 21 29 28 27 31 24 31 41 32 26 36 30 30 19 44 25 33 36 23 26 28 34 22 28 26 30 33 35 32 20 16 36 21 20 29 41 21 28 29 13 29 32 36 32 26 34 30 25 23 30 29 35 22 26 33 18 32 36 31 30 31 30 23 34 26 39 38 37 27 31 30 37 38 33 32 31 23 33 34 34 39 36
29 24 28 34 26 32 28 25 22 31 29 34 31 29 37 29 23 36 37 21 36 39 26 29 41 30 33 27 31 35 26 35 25 19 25 42 41 35 19 19 28 29 46 37 28 30 39 40 35 27 31 27 37 34 34 43 31 22 34 21 36 23 33 28 33 39 40 32 31 38 36 32 23 34 35 30 25 45 31 21 24 24 42 24 28 23 34 29 45 21 26 20 29 28 36 35 38 27 40 23
29 37 28 39 33 38 24 34 29 30 36 27 33 33 36 27 30 27 23 41 29 32 30 31 33 29 21 31 26 21 26 27 35 58 24 36 34 35 40 25 38 37 38 26 31 30 29 24 32 41 32 31 23 23 28 21 32 32 25 38 30 22 38 36 34 33 28 27 45 28 25 28 26 35 21 38 35 29 31 29 33 40 27 33 37 24 24 24 21 39 34 33 32 20 30 45 44 29 37 22
27 31 20 19 32 40 31 31 30 34 30 25 20 25 18 31 27 36 25 34 31 42 33 35 31 34 29 27 32 28 27 31 21 24 34 29 27 30 28 22 26 33 26 40 28 23 29 45 34 37 36 30 25 27 17 27 35 22 32 37 30 11 6 37 34 41 39 30 37 29 31 31 31 21 26 27 34 33 22 16 31 35 38 33 37 36 23 25 33 36 30 26 33 29 30 27 37 27 38 45
31 36 28 29 22 38 24 36 44 43 38 33 27 33 30 29 24 30 29 29 33 26 31 13 40 39 35 27 29 34 30 34 27 30 31 41 31 31 31 32 24 33 29 46 31 31 28 26 25 43 30 40 33 24 30 27 39 35 18 39 30 21 27 43 40 37 35 47 32 23 30 26 32 28 42 33 38 40 23 33 31 33 36 32 31 44 32 28 34 30 38 35 30 37 27 29 31 33 32 28
24 30 31 30 38 27 39 58 34 45 32 21 34 52 23 23 29 35 27 30 23 32 32 25 35 33 27 35 40 31 36 23 32 35 20 32 35 39 25 19 38 39 38 32 29 34 29 29 44 23 31 44 33 17 29 21 25 29 24 27 27 29 26 28 23 26 45 30 31 38 41 42 39 29 34 32 28 17 21 25 37 36 33 28 34 23 30 25 25 22 38 32 29 28 23 47 40 38 23 30
36 33 39 23 35 35 23 29 44 33 36 29 26 30 20 31 28 37 20 32 31 35 41 34 31 35 34 44 32 30 26 26 18 24 29 22 26 35 31 31 37 26 30 33 40 27 24 31 35 38 39 35 33 31 35 28 16 25 30 35 23 31 23 32 20 29 33 30 28 28 30 41 33 32 37 32 28 30 22 28 27 24 44 26 27 33 35 41 27 31 36 38 28 28 29 26 47 25 26 31
31 27 43 42 19 23 28 42 18 32 30 33 29 25 31 39 19 37 27 36 30 37 31 42 26 32 16 38 34 34 41 23 34 27 37 23 21 25 37 26 28 35 30 24 34 32 24 21 19 43 37 31 27 24 45 23 29 30 39 38 33 22 33 38 17 20 26 27 25 31 30 31 27 31 38 41 42 32 36 30 36 33 30 23 26 27 31 36 35 32 39 35 38 30 24 32 28 48 39 26
42 29 26 15 24 33 32 37 24 30 37 33 38 30 14 31 25 28 33 33 18 30 31 26 31 24 19 34 32 36 28 27 38 23 33 31 37 42 32 42 33 33 41 38 28 35 26 31 18 29 43 29 31 38 29 29 37 27 29 28 34 36 39 33 32 30 31 37 35 36 35 25 42 24 34 36 28 37 34 33 26 27 31 24 50 34 41 31 33 39 22 32 32 40 35 29 29 30 37 35
38 40 25 24 34 31 34 27 34 31 24 20 26 41 34 34 36 31 33 33 27 32 25 20 23 25 25 41 26 35 36 33 36 31 37 31 23 31 25 36 26 44 18 63 39 31 33 40 36 41 27 31 24 30 35 32 35 38 34 27 37 36 25 44 28 41 28 33 38 40 33 33 37 33 30 28 24 30 32 19 35 27 27 29 29 32 40 32 33 37 32 36 26 40 37 31 27 35 30 36
28 38 39 29 34 31 39 20 30 34 18 33 31 31 42 31 29 27 29 22 40 27 32 41 30 29 33 34 26 18 35 32 24 41 35 21 34 26 32 30 32 41 30 31 24 31 37 40 30 37 48 36 19 22 38 46 28 33 34 37 43 21 34 44 26 35 39 28 25 9 27 39 29 37 26 31 28 38 38 39 30 32 32 27 41 31 25 40 35 37 33 30 32 39 23 35 38 25 40 38
39 31 35 28 29 34 32 36 26 27 35 38 30 27 31 39 36 39 34 33 27 28 35 45 26 30 33 22 42 23 31 30 38 32 34 32 29 28 27 44 30 39 33 32 39 33 35 42 25 22 30 29 39 26 30 29 15 31 33 37 32 29 27 25 38 20 38 31 32 25 32 25 23 21 36 30 42 40 29 32 22 24 38 30 30 38 27 31 28 20 29 27 31 52 39 42 43 30 36 22
38 30 16 14 46 33 34 39 34 35 32 21 22 36 37 29 22 30 32 23 32 32 27 32 32 36 42 36 32 18 28 33 16 39 44 41 31 22 37 42 27 39 33 24 37 33 21 38 34 35 39 34 33 36 31 14 43 30 30 34 21 39 32 25 23 41 26 34 35 33 25 36 31 16 46 19 40 32 31 33 38 32 25 24 20 22 36 30 34 45 40 34 32 31 26 31 25 41 30 32
29 35 37 43 25 37 31 38 23 26 31 31 37 29 21 33 28 28 28 35 30 33 34 32 24 29 40 31 35 30 39 30 22 27 24 35 31 33 24 46 31 30 40 31 33 44 25 32 17 31 42 31 21 25 27 29 22 48 34 41 38 28 32 35 35 31 36 31 27 21 34 40 33 41 33 26 18 28 35 29 19 36 27 34 31 30 35 25 25 32 30 39 30 27 34 23 31 28 19 37
33 25 40 20 16 27 22 26 29 34 24 14 20 25 28 28 23 23 38 42 28 28 31 19 27 51 33 31 32 31 20 34 24 34 34 37 32 33 23 43 39 27 35 49 23 28 40 26 30 32 39 27 32 23 31 25 34 33 25 24 39 48 40 25 33 42 35 32 36 37 33 35 37 31 35 31 30 44 30 36 39 31 27 28 35 24 22 30 29 41 11 38 30 35 28 29 34 29 29 37
31 31 30 32 37 33 27 35 28 31 35 28 27 32 38 24 42 24 21 32 24 29 26 30 17 30 38 38 23 34 31 36 27 34 31 33 37 32 24 35 31 40 31 30                                                        
