0.48 3493 31 31 24 28 39 26 30 32 31 28 22 32 33 30 20 31 37 37 19 33 19 30 20 35 18 22 33 28 31 35 38 30 22 22 36 23 29 34 31 30 36 30 32 46 24 32 30 40 36 20 27 23 40 32 28 22 20 32 15 33 33 31 26 39 33 23 34 37 27 33 39 21 21 17 26 37 38 33 32 40 25 33 26 28 30 32 18 19 39 35 26 34 26 25 35 32 32 29
25 27 31 32 30 34 42 41 36 28 25 26 43 23 14 42 16 35 29 27 34 31 30 23 32 32 35 36 38 36 21 37 35 33 21 38 30 24 30 31 30 42 24 30 27 31 24 32 25 32 24 19 27 27 29 25 37 27 40 41 23 35 23 32 25 27 42 12 41 51 25 32 28 26 38 31 37 22 33 37 29 31 27 31 23 33 27 38 37 30 34 32 38 17 35 27 24 33 30 29
27 36 22 27 31 33 29 26 33 31 26 31 31 20 33 28 24 29 30 28 33 21 21 22 32 35 27 32 25 38 28 31 34 27 31 22 26 28 20 41 36 25 26 31 28 26 36 28 37 26 31 26 27 25 25 31 39 28 20 43 23 31 29 30 33 28 26 25 49 27 31 33 49 30 33 38 28 37 40 38 26 36 24 18 25 18 22 26 23 40 24 38 38 27 38 37 34 21 21 26
37 18 27 35 32 32 22 20 25 27 36 26 29 31 33 21 28 41 40 18 32 32 30 24 34 34 31 30 32 25 42 31 23 32 31 34 25 26 19 36 27 29 35 25 24 38 20 29 36 23 25 19 21 43 30 18 29 29 32 22 26 31 25 35 27 16 28 19 26 34 34 26 31 31 26 28 30 28 31 29 27 31 30 41 36 39 21 30 16 36 21 37 28 35 37 19 27 31 23 25
21 24 29 26 20 26 29 31 31 39 25 37 26 25 23 29 26 22 31 43 23 39 34 42 29 38 26 23 35 42 33 30 42 32 28 34 24 23 33 26 36 27 41 35 34 25 28 34 34 37 29 34 28 28 36 28 30 30 30 35 17 26 31 24 30 30 27 28 31 26 22 20 31 27 34 28 40 27 35 24 39 40 35 28 27 20 35 26 26 22 21 28 32 25 25 31 28 26 23 26
38 30 25 29 28 21 19 39 34 31 20 40 30 28 29 35 29 37 31 24 25 24 24 21 32 26 34 30 24 33 26 24 30 35 29 30 43 30 32 34 28 33 35 30 28 20 20 29 28 34 27 31 38 42 28 45 40 30 23 40 32 21 33 38 24 18 29 22 27 32 22 27 31 38 38 31 30 31 18 35 28 40 39 30 29 34 36 26 34 36 32 31 36 33 18 30 21 38 21 33
26 29 29 34 32 25 25 35 33 39 25 37 25 28 33 21 21 33 25 36 27 27 31 35 27 10 30 35 26 28 25 33 19 37 30 35 23 25 27 31 22 32 27 37 26 28 28 16 34 29 35 28 33 30 37 37 27 35 30 24 32 23 21 35 34 22 24 24 23 42 42 30 29 34 26 27 44 36 34 42 29 31 32 30 28 34 33 23 26 26 36 17 34 28 24 31 23 23 28 25
26 33 34 27 28 33 27 34 25 27 22 31 15 27 25 31 22 25 33 38 23 30 31 27 30 23 40 21 29 36 23 25 33 27 29 32 38 25 39 31 32 31 32 25 29 20 19 34 29 39 24 23 30 23 30 35 27 39 42 34 26 19 21 31 31 18 35 21 25 31 30 34 22 31 29 35 32 39 46 24 35 31 21 25 29 34 30 33 24 32 23 28 36 35 22 28 21 33 29 26
37 70 54 24 23 29 29 34 25 25 33 24 30 34 34 30 26 37 28 29 31 30 28 28 38 25 26 21 29 31 28 19 26 31 30 36 41 44 29 29 33 30 33 22 23 24 29 22 23 31 39 28 35 29 37 32 36 30 38 21 25 44 24 33 35 29 32 46 39 31 31 33 29 27 32 30 28 26 33 24 31 35 35 31 21 42 35 43 35 39 18 35 28 33 30 34 39 21 30 29
24 12 33 29 38 32 23 19 25 31 23 34 44 39 29 28 28 15 35 24 39 35 21 27 12 26 30 12 28 28 28 15 27 37 29 18 31 42 39 21 31 32 28 31 36 38 27 36 36 27 35 26 29 36 22 36 45 24 29 28 32 37 30 41 25 27 45 36 34 22 22 41 31 29 43 31 31 27 34 28 27 31 25 33 34 23 21 27 26 32 29 26 31 21 36 24 32 30 26 29
15 41 20 13 31 29 45 34 33 44 26 24 31 28 24 28 30 35 19 39 36 29 77 27 24 49 31 13 27 25 29 24 34 34 29 29 26 42 30 31 27 32 28 28 26 30 33 25 33 26 20 22 36 37 33 40 25 30 40 29 35 21 33 21 24 30 46 24 25 33 34 27 23 21 21 31 28 35 28 36 31 24 36 35 30 25 34 25 36 28 30 40 36 34 27 29 38 25 26 33
35 38 27 32 25 20 31 34 45 33 29 40 25 29 39 25 33 26 38 42 23 27 37 41 38 26 23 43 25 27 34 29 20 37 40 46 28 37 31 28 33 35 29 33 38 25 38 28 25 22 38 38 27 36 35 41 38 34 33 40 32 32 42 39 43 21 26 34 28 36 23 30 46 38 37 27 29 32 21 32 23 30 33 28 25 29 41 25 22 44 35 37 26 37 42 29 36 33 15 23
37 20 35 17 25 22 29 29 32 18 30 37 35 25 26 29 25 28 34 33 30 31 19 28 27 31 27 33 34 27 31 33 25 39 34 41 25 34 37 24 38 31 32 20 40 34 34 35 30 33 33 31 28 35 35 24 34 24 26 30 26 24 22 29 28 27 27 33 31 25 36 29 30 38 33 24 28 28 21 32 29 28 31 26 26 30 23 34 42 39 24 33 31 20 26 32 40 29 22 34
37 30 21 34 40 29 32 26 27 26 28 38 31 40 31 36 28 26 30 19 31 20 34 33 27 17 30 29 29 30 30 36 36 34 33 27 35 18 34 27 35 30 26 38 40 31 26 29 33 34 36 25 34 28 39 28 22 20 24 31 35 24 34 28 34 26 34 31 24 26 27 18 32 28 32 27 28 21 26 31 38 25 38 34 29 38 35 28 38 30 28 32 40 29 22 30 33 35 30 30
26 17 27 35 31 29 32 33 26 26 45 37 29 19 31 37 22 22 25 39 26 29 31 32 25 28 28 41 36 30 30 29 32 31 23 31 27 34 29 26 26 22 38 29 26 24 47 29 39 30 28 28 23 28 45 22 27 25 29 38 20 30 32 26 32 27 25 24 14 29 29 28 34 40 25 31 24 32 30 35 47 36 30 32 32 25 27 40 20 25 22 27 36 26 30 19 20 18 26 21
19 33 35 20 25 26 18 27 26 19 33 29 37 24 25 26 29 26 22 30 21 22 33 24 23 26 25 44 38 25 35 30 25 27 29 39 37 28 22 31 32 39 10 28 35 31 31 28 41 36 27 31 30 32 24 34 35 32 28 23 26 31 32 36 29 35 34 29 21 41 44 26 32 34 23 26 32 36 27 36 35 31 32 32 22 29 36 24 39 36 32 39 26 29 30 28 24 24 27 35
26 30 30 23 33 31 17 26 32 36 26 28 32 33 28 35 29 22 39 29 37 31 29 34 28 35 28 27 28 28 24 34 29 36 26 28 28 24 20 31 34 38 34 25 23 42 38 30 30 31 24 34 31 34 30 23 31 26 21 25 34 25 32 29 31 32 32 27 33 28 29 33 35 35 24 28 40 29 44 46 29 29 30 42 27 39 35 33 32 33 28 27 35 37 39 31 14 25 38 21
37 22 35 26 36 22 25 33 24 31 70 80 56 71 30 31 34 38 43 34 27 39 24 24 21 31 21 22 29 33 26 22 34 28 28 18 15 31 34 30 25 39 31 32 32 30 41 34 28 28 36 40 32 23 25 48 38 15 20 26 32 33 26 22 23 30 35 18 29 37 23 27 41 37 31 30 37 26 33 34 26 19 24 25 35 32 36 21 37 35 26 21 30 43 29 39 33 37 33 35
24 32 23 21 35 30 21 31 31 30 32 34 28 43 25 35 27 30 40 22 37 34 18 30 24 39 32 34 32 39 30 30 24 11 33 23 24 38 27 33 37 30 25 21 34 25 32 32 34 27 33 28 30 37 32 31 28 31 35 27 21 22 24 27 32 29 32 33 28 19 34 20 31 35 31 24 38 29 20 29 38 46 17 44 32 26 26 28 18 27 31 28 30 35 19 31 33 30 28 32
29 27 29 34 27 41 29 34 24 40 21 25 35 27 43 21 31 25 25 36 21 27 25 28 34 25 33 34 34 18 30 30 32 35 27 36 29 31 12 28 31 24 26 33 28 34 17 25 25 30 20 30 27 33 25 30 24 30 23 28 25 37 39 43 24 30 40 28 35 32 28 33 26 32 44 40 28 27 28 28 26 20 24 31 22 37 28 26 30 19 22 24 30 28 31 22 49 32 29 20
24 40 29 36 23 29 35 28 35 31 35 30 40 28 37 21 26 37 24 32 32 18 40 41 36 15 33 26 28 33 31 32 28 19 22 29 34 40 29 25 39 32 33 30 23 22 22 31 24 30 37 30 31 24 32 33 29 32 27 26 34 35 28 25 24 29 24 25 25 25 20 23 36 27 31 35 40 21 24 26 25 34 28 27 23 31 27 39 20 41 26 24 34 28 28 27 20 19 23 27
27 24 25 29 20 19 23 29 24 31 26 27 32 28 32 34 16 33 23 30 37 33 32 48 32 27 37 40 33 36 40 34 31 43 32 28 22 26 21 24 32 24 40 30 29 18 28 26 24 34 23 25 36 33 29 39 33 27 30 15 32 27 32 27 36 30 35 30 40 26 36 26 19 30 32 29 33 26 32 28 42 28 23 32 25 18 36 34 26 33 28 32 37 30 35 22 36 31 31 24
26 34 26 28 31 29 28 28 32 25 29 29 33 25 26 26 40 26 34 35 24 24 24 37 34 29 31 30 26 34 25 20 29 23 39 27 29 28 27 28 24 22 23 22 34 28 25 36 33 54 29 29 29 44 21 26 24 27 27 28 37 19 22 23 22 26 33 30 23 27 33 18 18 38 27 31 22 27 39 23 28 18 19 35 33 38 26 22 25 21 32 28 27 28 25 28 30 27 41 31
32 30 27 33 26 20 41 35 38 29 29 33 34 35 26 34 34 27 36 23 25 35 42 18 26 36 34 26 31 36 29 32 36 20 23 34 33 30 24 21 39 34 22 28 24 31 30 29 40 31 25 29 34 16 36 45 44 24 31 37 26 43 22 34 25 30 28 24 17 27 21 27 43 36 23 5 40 30 30 23 31 34 39 40 30 25 48 25 30 25 37 25 37 21 29 21 34 23 21 26
42 21 29 32 42 46 31 33 26 23 28 28 25 36 36 34 23 33 27 31 23 26 28 25 32 27 27 28 33 28 29 24 34 30 20 27 27 45 29 30 35 37 32 33 33 36 34 26 16 44 38 33 37 15 27 31 31 38 30 17 33 39 32 42 25 34 32 40 23 27 26 27 30 33 35 36 22 36 22 36 33 27 28 24 32 27 41 29 31 27 26 29 31 34 36 19 31 30 33 23
23 22 31 30 42 35 30 29 31 43 24 35 27 31 36 45 22 33 21 28 20 26 20 32 31 37 28 39 31 41 16 34 33 33 31 23 41 42 31 26 36 35 23 39 29 36 23 24 25 34 31 35 29 19 33 27 22 37 30 28 24 32 38 27 22 37 31 28 25 28 26 28 25 27 23 28 21 23 25 28 23 20 28 37 26 31 30 26 33 25 38 24 35 29 25 34 32 29 20 23
30 27 27 27 23 31 26 25 36 30 34 30 28 28 41 30 42 28 33 25 33 28 23 30 27 17 20 44 28 28 33 27 34 20 29 34 29 22 32 29 33 30 35 23 24 31 15 32 36 22 25 34 32 38 34 32 29 36 33 37 32 22 38 26 31 26 24 30 31 32 37 32 34 32 29 28 36 33 39 28 23 28 32 45 21 32 19 25 26 34 33 23 28 25 26 27 31 28 31 33
26 22 35 33 19 33 36 35 33 40 18 20 25 35 26 23 24 53 26 23 28 43 24 21 37 36 20 22 27 36 36 32 40 19 30 33 21 19 35 25 41 23 21 29 31 25 40 28 21 27 28 32 27 42 34 23 27 23 34 34 36 34 27 19 33 24 26 25 28 31 31 34 31 30 22 39 36 24 24 30 32 30 28 33 36 26 37 35 32 28 35 27 20 25 28 20 19 20 19 35
35 23 30 38 31 27 17 37 38 24 18 24 32 22 41 32 37 22 34 31 31 33 25 37 38 29 20 46 22 39 36 42 22 41 38 30 29 31 31 17 38 29 33 32 25 35 32 38 32 31 34 25 31 32 30 18 28 39 27 30 43 29 28 30 35 32 27 26 31 23 26 38 31 40 19 26 32 25 31 30 34 31 32 20 33 37 36 24 30 24 30 31 36 33 33 36 31 20 30 26
25 29 33 26 42 33 18 31 27 30 35 31 60 26 39 27 39 40 31 38 33 28 27 23 30 29 35 22 26 30 26 20 20 28 35 33 35 35 39 29 28 20 27 26 19 30 28 32 37 25 26 25 30 35 27 34 35 32 28 31 41 39 24 35 30 34 28 28 31 26 41 24 26 30 32 30 41 22 33 38 19 34 25 32 35 38 26 35 27 33 19 24 22 32 25 26 16 39 19 30
27 32 35 37 32 30 33 30 33 31 36 36 32 20 34 37 30 33 31 27 18 29 40 32 27 32 29 12 34 47 27 38 29 27 39 26 26 31 37 25 28 25 28 42 38 32 32 26 25 26 41 17 32 40 23 16 21 37 30 32 28 30 28 33 33 24 32 20 18 24 33 32 32 40 19 26 31 27 24 31 33 28 27 40 31 34 35 22 27 37 26 29 22 31 26 21 42 25 30 39
39 33 15 24 40 28 37 23 38 27 23 29 23 27 32 34 43 27 38 22 32 20 26 30 34 39 33 23 29 22 34 34 21 33 28 28 23 33 28 33 24 32 19 40 28 29 21 30 33 38 29 30 33 34 29 31 36 32 37 36 36 13 25 30 10 34 28 36 35 29 36 27 24 21 42 40 26 37 32 34 28 20 25 39 37 34 29 29 31 46 36 46 26 36 40 23 28 18 28 10
28 22 43 31 26 26 33 35 31 19 22 29 35 38 26 26 26 45 19 21 33 26 19 30 30 30 30 38 40 36 24 31 38 24 22 28 20 32 26 23 35 30 26 32 20 31 31 25 36 36 36 28 24 35 33 21 27 25 33 27 46 20 56 32 30 28 16 38 28 26 24 33 36 32 38 33 42 26 23 25 37 25 34 25 28 29 29 43 24 24 32 28 21 38 20 38 41 28 23 34
32 32 35 25 31 30 23 29 33 52 23 28 27 29 27 32 27 21 35 36 23 26 38 23 29 22 27 25 21 38 38 25 27 27 31 18 26 36 27 20 27 35 29 40 18 37 37 36 48 37 28 29 27 26 18 26 21 16 28 28 27 27 15 25 38 29 42 27 29 24 15 23 20 30 28 40 38 27 26 27 44 36 39 26 26 21 33 27 30 42 17 27 22 32 43 31 14 35 28 31
36 33 21 30 23 35 26 32 31 22 33 23 20 28 26 37 41 37 38 37 37 34 26 22 23 30 42 23 35 32 26 31 35 36 30 28 22 31 38 27 33 21 34 27 27 28 11 24 36 24 19 31 27 29 30 48 34 24 35 37 39 27 27 21 32 28 27 32 30 31 38 29 31 27 25 26 38 28 37 27 38 32 31 24 30 33 32 24 22 19 39 24 33 26 39     
