0.478260869565217 4159 24 26 23 38 31 25 25 25 24 33 19 20 34 25 29 35 27 33 21 25 15 25 24 26 28 33 27 22 18 32 34 38 21 26 23 27 31 27 27 31 21 30 34 21 25 22 30 25 20 27 30 28 31 22 31 30 30 30 18 30 26 21 43 21 22 26 21 21 24 30 29 31 23 19 21 25 35 22 22 36 28 25 28 26 27 24 36 26 26 33 26 34 31 24 22 35 24 28
25 24 30 26 33 37 42 32 16 23 31 23 27 30 25 24 17 36 34 28 33 28 24 26 36 32 18 29 32 28 22 30 22 25 24 21 18 24 42 32 7 19 9 25 26 28 24 29 24 31 36 28 32 23 19 26 30 39 26 30 33 31 29 27 18 27 37 30 42 29 22 14 29 32 29 33 37 37 29 26 23 27 33 23 25 33 28 23 41 25 20 25 25 32 32 24 30 29 26 22
27 24 32 19 23 27 24 25 21 29 28 12 34 36 27 28 30 25 22 32 20 31 28 22 23 32 18 19 31 26 20 24 21 25 31 39 27 27 26 34 33 18 28 32 28 33 32 29 33 37 25 25 30 27 28 25 27 32 25 18 21 25 31 30 47 41 33 32 17 24 41 23 22 27 22 25 18 30 27 27 27 30 27 23 26 25 21 32 34 30 21 31 27 27 25 32 25 32 25 30
26 37 27 24 31 36 30 36 23 45 27 31 23 28 36 31 19 29 27 34 27 28 20 25 26 24 25 36 27 27 27 24 23 31 31 31 26 25 32 26 32 32 23 28 33 15 28 26 26 33 28 24 20 35 33 33 37 32 35 30 31 35 26 16 17 20 21 21 24 23 22 27 29 35 45 29 30 18 26 26 29 22 21 26 26 28 26 26 25 34 20 30 23 31 29 22 50 35 17 32
23 29 33 37 24 31 33 31 19 25 22 30 28 28 24 22 24 32 33 29 30 38 26 20 32 26 29 32 33 38 28 26 20 33 31 26 27 31 29 25 23 26 28 25 19 26 29 26 33 35 39 32 20 18 33 24 26 24 29 26 29 29 33 27 19 36 36 26 24 37 22 20 33 25 25 28 27 21 39 28 15 20 28 17 26 28 37 24 24 25 36 26 32 23 19 19 28 20 31 16
26 21 26 28 34 17 33 26 24 36 20 23 18 24 21 26 32 18 25 14 27 37 29 17 26 28 29 31 21 26 32 31 22 21 23 27 24 13 35 27 19 24 31 35 23 22 37 30 25 30 19 21 39 24 18 28 35 28 26 26 10 27 31 31 28 29 26 37 31 28 17 25 25 26 28 23 10 24 25 30 25 32 20 27 23 30 30 32 26 29 34 25 31 22 29 19 25 29 30 24
27 26 22 28 24 35 26 29 23 29 19 29 27 34 33 29 28 24 23 25 34 19 28 33 26 27 21 31 26 28 29 23 32 31 27 20 25 21 25 33 39 24 33 25 29 27 29 31 21 27 31 32 40 25 33 26 36 26 25 34 22 22 23 33 30 15 24 29 22 32 40 37 17 20 29 33 20 25 23 24 16 25 35 26 27 39 21 25 29 33 25 28 35 30 26 25 29 22 33 17
16 22 31 37 31 22 13 27 19 30 26 18 42 24 30 28 37 29 27 27 19 19 22 28 25 26 25 19 35 25 31 21 33 27 20 20 30 28 28 19 25 35 24 11 25 29 22 35 30 30 17 23 34 18 18 27 30 28 26 29 27 18 22 21 28 30 40 27 27 34 19 26 31 33 26 32 28 30 31 30 36 21 24 21 22 19 22 29 30 29 30 18 25 24 32 29 30 26 28 32
29 39 19 33 38 29 30 36 29 28 30 27 22 22 30 27 34 24 32 19 31 22 12 29 24 19 28 28 29 22 25 25 33 29 25 30 31 35 23 27 30 27 24 23 22 26 24 27 13 23 32 20 22 26 31 24 28 32 40 22 19 39 26 24 30 34 28 28 31 29 33 15 21 25 28 25 41 35 33 32 21 27 26 30 20 28 31 24 25 31 31 34 37 27 28 31 26 32 29 31
22 25 22 28 28 28 25 38 30 23 23 26 34 28 25 39 27 37 24 29 17 27 33 31 23 30 30 25 36 26 25 16 25 26 34 32 26 27 15 37 32 24 25 30 33 25 31 29 27 37 41 24 31 31 25 23 28 30 17 27 28 38 25 32 30 28 18 26 31 21 27 23 29 20 34 26 25 31 36 21 23 31 36 34 29 32 30 17 24 26 25 45 37 25 30 30 33 30 31 42
29 32 25 31 13 31 27 23 37 17 32 17 30 21 21 27 22 25 28 30 34 26 27 22 36 25 28 22 23 20 37 37 31 29 41 25 31 40 33 26 33 37 33 16 28 25 28 24 28 36 27 29 22 30 24 25 27 26 22 36 21 32 24 26 27 31 29 27 22 22 31 33 28 27 29 27 23 27 25 28 26 30 33 32 22 31 24 21 28 40 21 25 28 36 34 27 19 37 29 29
19 23 39 27 32 19 29 23 28 17 17 44 32 27 31 34 27 23 34 28 29 25 26 30 23 24 30 41 31 33 35 18 27 27 29 29 26 44 26 30 20 136 75 39 84 55 34 30 25 36 25 33 19 22 26 29 23 41 31 22 20 21 25 23 23 25 37 20 21 25 31 25 23 19 31 26 24 27 26 30 30 32 23 21 25 40 39 33 19 30 38 22 27 20 31 17 27 27 21 38
16 19 32 16 27 21 37 17 21 23 26 28 24 34 40 29 29 24 29 33 30 34 29 18 20 26 27 24 11 24 26 20 37 29 30 34 20 31 33 18 27 23 30 33 39 26 21 23 20 24 21 33 29 36 16 31 14 25 32 33 29 33 32 29 41 26 35 27 29 31 27 25 27 27 35 23 22 24 27 36 20 16 58 29 30 33 20 18 34 24 34 27 24 29 29 27 33 32 34 25
19 22 27 32 17 27 23 50 47 32 34 33 37 12 29 23 33 39 39 22 17 24 29 26 34 19 31 30 25 20 34 35 34 24 19 27 26 28 33 30 29 32 22 21 36 27 19 32 23 30 26 25 28 35 35 32 35 18 31 19 31 23 13 23 12 30 32 29 23 26 28 19 30 20 22 33 27 16 25 26 22 25 29 28 26 32 25 23 36 22 22 37 18 31 25 29 34 33 28 19
23 29 21 33 28 25 41 22 30 28 24 28 33 37 14 21 34 22 22 29 30 27 32 36 21 33 35 18 34 21 28 31 35 24 50 38 32 22 23 29 20 34 39 34 22 24 24 28 27 29 20 32 47 25 31 23 12 37 27 28 27 21 29 26 17 33 25 33 23 38 39 18 25 26 28 20 34 27 37 27 19 24 20 28 32 20 33 27 35 34 33 29 20 30 15 23 27 17 36 15
20 25 31 26 19 10 31 30 26 41 27 27 33 16 26 24 23 23 25 23 28 30 29 26 33 25 33 24 21 36 33 30 30 28 42 21 31 24 28 15 39 20 28 20 33 29 27 28 30 19 29 36 18 26 30 23 33 31 38 31 35 35 28 36 29 29 28 29 15 23 35 25 33 28 23 28 29 27 23 24 29 28 21 31 25 36 29 40 25 22 34 29 47 31 19 23 30 25 22 22
33 24 21 21 25 37 26 22 29 22 25 27 32 30 30 29 27 27 27 26 28 23 22 26 26 28 25 22 25 28 29 23 26 23 27 29 25 36 29 27 22 29 31 31 24 33 31 18 24 24 36 28 28 25 33 19 21 27 23 26 25 25 18 35 28 17 25 35 25 14 24 34 31 19 25 36 34 27 26 14 29 35 31 34 21 31 30 20 24 24 31 24 25 25 26 29 12 26 25 28
32 20 30 29 34 29 19 30 35 29 26 20 15 18 35 29 35 23 27 30 35 35 25 24 23 26 25 42 19 16 24 25 30 29 22 17 25 23 31 27 26 19 23 28 19 37 22 29 39 34 27 31 32 42 22 23 18 15 27 20 21 25 24 22 24 35 31 27 25 25 24 30 34 48 27 24 22 36 32 35 30 24 35 29 16 34 25 18 22 29 27 23 24 30 23 22 17 31 31 27
32 30 24 33 29 18 30 33 33 28 37 26 22 18 16 21 19 24 19 22 28 26 17 27 29 34 25 28 34 26 20 25 37 23 21 28 36 20 17 23 21 14 24 29 26 26 23 36 22 16 32 25 31 25 23 30 37 30 19 32 39 30 35 21 39 30 22 28 22 19 32 31 17 25 31 22 23 25 39 24 18 21 29 31 32 30 43 20 25 32 23 33 29 37 20 24 24 30 29 17
29 26 22 33 25 16 22 22 25 27 24 24 27 25 33 33 21 30 31 29 18 28 27 21 29 27 30 30 30 34 33 19 28 32 29 34 29 27 21 17 25 27 22 26 10 28 21 13 22 23 35 28 33 22 25 27 24 22 27 16 27 22 23 20 35 30 20 20 30 29 19 32 34 20 22 26 26 31 30 31 32 27 20 26 21 28 36 36 37 36 18 26 23 23 22 38 34 25 25 37
27 24 18 23 23 22 24 22 32 31 37 31 24 25 38 32 28 25 30 25 37 30 20 27 30 44 28 22 36 22 26 36 23 33 26 23 19 23 24 35 40 25 22 23 33 23 34 20 29 21 23 31 31 24 26 32 27 24 24 29 29 32 26 19 48 26 39 18 37 34 27 33 37 40 38 39 34 29 29 22 23 25 23 29 27 22 35 29 24 25 30 28 25 26 33 29 26 16 32 26
23 31 26 29 43 19 23 33 27 23 17 16 18 18 31 21 23 88 23 24 21 21 34 26 32 24 35 24 24 29 26 23 23 24 24 22 20 32 26 32 34 33 33 29 44 39 29 26 31 26 28 33 29 25 27 34 28 31 21 35 32 24 15 30 26 30 26 38 38 25 26 27 33 26 21 20 24 25 21 23 24 16 22 35 37 25 35 42 38 23 28 23 30 35 36 26 19 29 30 37
30 15 22 35 34 33 23 28 38 26 41 23 20 27 26 25 33 28 18 31 36 23 22 34 33 26 28 31 24 18 27 30 19 25 28 15 23 26 25 20 26 33 16 28 34 22 23 30 32 22 18 23 33 36 23 31 30 27 15 23 21 21 27 28 26 30 27 27 39 35 32 28 32 30 25 30 19 14 43 30 36 39 29 28 24 23 23 22 28 32 24 35 25 32 29 24 30 21 33 25
35 37 36 31 28 25 22 35 30 23 33 33 28 34 30 19 25 30 38 29 30 28 33 27 37 25 30 23 30 29 26 30 23 31 24 26 30 31 33 36 29 32 17 22 28 20 29 35 30 34 35 39 22 22 23 37 27 24 30 27 19 31 24 28 24 33 31 29 14 22 34 32 33 14 29 29 29 23 25 27 23 22 18 23 30 25 34 24 31 39 22 19 25 22 19 22 36 30 33 23
30 32 28 27 33 28 30 21 25 21 40 26 37 33 30 38 30 22 25 28 27 23 36 33 30 37 29 29 32 34 27 32 24 32 26 31 35 19 33 24 15 24 32 21 32 35 27 18 41 28 37 21 31 28 37 18 28 29 26 16 25 24 21 32 29 29 37 32 24 28 26 37 22 29 27 16 32 28 21 32 30 28 37 28 30 24 23 30 30 21 38 26 34 32 27 37 26 32 36 29
32 37 24 31 23 36 26 21 31 21 29 22 28 23 23 24 12 31 43 30 30 22 36 30 32 25 28 24 28 28 35 27 26 16 21 28 30 19 21 23 20 24 28 19 36 24 34 26 18 29 29 18 22 31 23 26 32 23 24 18 26 23 28 30 26 28 23 28 40 21 25 26 23 25 24 19 30 27 22 35 20 31 26 25 17 46 23 25 26 38 21 26 30 30 28 25 29 30 27 38
29 23 31 25 33 25 24 26 28 28 23 25 26 18 37 11 33 17 14 26 30 30 22 25 19 35 23 33 30 23 23 28 36 27 27 35 22 24 28 35 25 31 31 29 24 32 20 29 21 32 27 19 12 23 29 33 29 31 20 25 26 26 36 19 26 25 25 26 35 29 37 31 25 22 20 19 24 32 16 25 32 24 23 33 28 28 22 23 27 19 32 19 24 26 18 22 27 30 19 27
21 24 29 19 29 33 31 34 27 21 28 27 31 24 27 24 23 26 24 28 31 30 25 27 27 34 21 27 25 25 24 30 33 14 26 32 22 20 25 35 29 25 37 37 26 34 26 29 28 28 22 23 23 20 26 24 22 24 34 39 35 19 37 15 27 29 14 22 23 20 35 20 19 32 33 29 23 27 39 28 24 26 29 23 30 24 30 33 32 29 29 36 41 28 34 32 24 24 36 30
26 26 31 24 30 32 24 30 30 25 30 23 29 28 29 26 21 22 24 26 28 17 33 16 31 30 24 27 25 34 31 27 26 22 25 23 23 27 19 17 22 25 37 28 21 25 20 26 27 28 23 29 24 37 23 37 23 36 32 25 28 26 26 27 21 27 27 26 28 31 24 32 29 29 36 14 29 35 12 29 26 22 27 26 19 30 32 22 24 28 33 17 40 27 35 29 21 26 30 29
21 26 37 40 26 24 33 28 17 24 26 21 24 16 28 29 27 26 22 29 34 26 32 38 27 15 16 29 28 21 36 20 20 30 24 19 30 31 26 37 31 21 34 33 25 28 16 20 28 34 21 24 40 36 27 23 27 26 18 35 23 34 34 33 30 22 19 36 26 34 20 30 31 32 18 31 26 27 29 28 21 27 25 40 31 26 35 21 22 29 30 28 33 26 24 31 28 23 29 32
29 34 35 35 28 21 27 43 15 16 31 34 28 33 26 24 22 20 17 34 32 27 29 37 28 28 29 25 20 29 36 28 25 30 24 20 25 21 39 38 27 26 18 18 34 31 32 28 29 33 28 30 29 30 26 30 25 22 41 23 36 30 29 30 23 33 19 27 18 24 31 32 30 36 22 28 29 26 29 29 16 32 21 11 19 17 19 24 24 18 22 30 25 21 26 28 31 27 23 13
44 33 30 16 28 31 30 25 26 36 31 15 36 18 19 24 25 36 26 33 25 26 18 23 17 15 24 12 24 18 38 20 41 36 32 32 21 22 25 28 30 20 29 25 34 28 22 17 34 35 25 26 17 16 34 32 32 26 33 12 20 36 27 34 23 29 25 23 33 22 18 27 30 39 30 24 27 29 27 31 25 19 37 34 25 25 26 31 14 23 41 24 26 32 27 26 8 36 23 32
37 27 27 28 23 30 40 18 30 26 26 25 27 19 24 24 23 26 44 20 21 23 36 25 28 27 22 27 30 21 21 26 25 29 21 28 24 25 30 20 29 26 26 17 27 23 33 16 33 28 35 24 22 29 27 28 25 25 37 29 32 31 24 23 25 32 32 25 17 28 28 22 25 29 35 31 28 25 30 32 15 25 28 33 26 25 34 25 23 21 26 25 29 22 29 27 25 29 25 24
32 25 23 23 24 25 28 33 19 36 18 30 23 37 28 27 17 20 24 28 26 28 23 14 41 32 17 22 27 27 27 20 30 25 17 24 31 24 24 38 28 17 29 30 17 29 24 25 28 29 21 24 24 37 24 30 24 20 34 25 30 22 30 26 25 26 27 28 26 29 25 26 27 27 31 32 19 19 30 35 31 25 24 25 23 28 27 20 30 22 32 35 26 38 27 34 31 38 25 21
22 30 26 31 23 26 20 28 21 27 29 30 20 25 37 24 29 38 31 30 26 18 24 35 25 17 26 26 40 40 25 18 27 27 25 33 20 18 21 22 26 23 31 30 31 29 27 28 25 20 23 34 32 18 25 13 16 37 19 32 28 28 30 20 35 21 14 21 38 26 20 26 28 27 23 15 30 24 20 27 29 25 17 24 23 36 35 16 29 29 24 18 28 10 25 22 32 34 40 30
27 24 20 22 21 24 22 36 29 22 24 35 33 34 24 27 33 25 21 28 30 19 20 21 21 27 19 20 25 29 30 29 31 36 27 29 24 19 29 25 23 26 21 30 32 31 33 29 23 28 27 27 26 23 37 34 35 32 33 25 27 25 28 29 21 28 21 25 24 34 36 29 26 25 18 28 31 21 25 24 27 29 20 40 31 19 17 32 35 30 44 31 27 35 28 31 22 28 24 29
19 24 17 25 28 27 30 17 28 29 33 20 23 21 25 25 27 36 29 27 24 31 27 33 22 19 23 25 23 35 33 33 22 32 29 31 25 33 31 29 30 21 27 26 17 20 29 32 34 36 37 29 34 30 23 29 23 25 35 29 24 27 18 27 19 18 23 29 29 27 28 34 25 36 35 35 30 23 25 19 30 19 28 29 23 20 23 28 28 27 28 20 27 20 29 29 28 31 30 21
22 35 27 27 37 22 21 20 21 20 24 26 30 35 25 27 26 24 31 28 21 25 28 36 25 43 26 23 23 14 21 30 27 28 30 30 31 20 28 24 28 27 31 19 28 19 38 35 42 32 31 30 22 28 19 24 28 27 25 31 17 28 23 22 43 36 25 21 25 28 32 38 27 22 27 24 22 22 17 24 26 32 31 28 37 22 25 24 30 32 13 31 23 26 28 30 29 34 30 22
31 24 24 33 19 24 25 18 16 30 28 27 35 22 18 24 28 33 22 22 26 32 35 31 30 27 25 27 35 33 22 24 30 32 26 30 27 21 25 19 26 22 23 21 30 30 30 27 21 23 31 15 24 18 25 25 25 25 21 42 26 21 28 32 32 29 31 30 41 29 23 26 30 24 32 36 24 31 13 21 15 28 21 22 36 24 24 34 18 34 30 32 35 24 34 36 34 26 19 31
23 26 30 31 21 21 17 18 33 30 33 30 36 17 22 26 23 22 28 24 27 28 25 34 30 29 23 30 23 40 34 25 22 25 17 24 43 40 37 25 28 20 31 27 30 25 28 22 26 34 30 24 27 24 30 30 26 25 35 16 28 20 31 28 29 26 22 25 40 31 30 26 26 6 18 16 17 17 11 8 16 8 12 14 11 9 17 10 9 11 8 11 12 12 15 10 10 8 6 10
12 12 9 9 8 12 15 13 11 8 20 17 18 11 13 12 14 17 16 11 11 17 12 10 15 11 17 13 10 6 11 17 18 14 17 5 18 16 15 13 11 20 22 9 19 12 10 15 14 13 14 15 6 8 13 7 12 15 15 10 11 6 11 17 6 7 14 20 11 13 17 14 10 8 11 15 17 7 16 17 16 10 21 16 12 13 9 11 16 9 13 13 10 13 18 14 21 19 9 15
11 16 13 11 15 11 18 14 8 11 10 15 22 16 12 17 18 14 17 10 8 20 9 14 13 10 18 17 14 11 14 17 9 14 12 12 32 8 9 15 18 13 7 18 11 23 12 13 11 10 13 14 17 16 17 10 12 10 7 6 15                                       
