0.419354838709677 4467 40 34 41 25 38 30 38 25 45 33 25 26 38 30 34 25 25 24 45 34 34 37 29 37 41 35 31 21 28 28 36 21 37 35 32 35 24 38 21 33 41 29 32 32 42 34 32 27 36 40 21 38 32 25 23 32 33 31 14 40 44 43 30 23 28 33 39 27 25 31 20 32 21 36 29 37 27 44 23 31 23 34 47 29 18 25 23 28 29 30 35 29 34 28 22 37 27 25
34 28 32 20 25 31 27 40 37 27 25 48 38 28 35 34 40 33 34 37 26 28 24 25 38 25 38 30 35 30 31 32 39 34 32 29 34 35 36 42 35 30 33 26 29 29 39 31 21 25 25 35 25 29 36 29 34 28 42 30 34 35 33 49 14 39 28 17 24 36 30 37 26 25 32 37 29 14 27 24 21 43 44 30 40 25 28 29 34 40 40 28 33 26 31 38 43 28 37 39
34 31 31 27 27 20 28 25 29 27 34 27 20 31 28 39 41 35 26 37 28 22 31 24 30 30 21 33 33 40 26 22 40 31 24 23 33 26 28 35 39 28 26 22 29 26 24 18 23 31 30 26 33 43 26 36 22 26 24 36 23 31 36 31 43 33 43 24 34 29 31 33 35 38 30 32 27 29 32 36 32 28 16 28 34 40 23 37 40 33 38 32 24 29 33 25 24 25 41 29
31 32 30 29 18 30 29 23 28 39 30 21 41 31 38 27 38 33 35 34 26 36 22 41 34 30 29 38 39 33 39 31 17 40 26 36 27 41 30 36 31 30 28 34 30 32 35 30 24 27 24 35 37 26 32 26 32 26 30 37 27 31 31 28 19 38 34 30 36 35 25 28 43 23 29 32 28 33 36 27 27 27 24 23 38 28 25 30 36 19 15 36 31 19 30 26 38 24 26 24
30 33 32 44 32 29 31 24 48 23 22 44 30 42 35 25 43 32 33 26 34 33 34 24 32 44 48 22 27 31 37 27 36 29 46 30 30 25 31 31 34 31 37 24 24 29 23 34 26 27 29 33 31 29 27 25 39 34 43 31 29 38 25 33 19 40 25 30 36 25 32 23 34 19 41 36 40 24 39 28 22 21 26 24 31 32 22 28 27 28 29 35 19 27 24 25 36 40 29 35
41 31 35 29 24 38 33 33 49 31 30 33 35 25 37 24 32 37 35 34 37 37 35 34 33 35 40 24 36 26 28 36 25 30 25 28 25 32 29 25 28 29 35 32 26 28 29 42 25 35 31 31 24 32 21 33 31 31 25 34 32 45 33 28 33 36 28 28 32 22 39 40 27 36 35 24 35 32 28 23 27 37 29 40 32 25 29 25 35 30 42 23 42 41 36 32 16 34 32 33
33 40 22 34 34 33 35 27 36 29 19 33 29 42 40 30 33 27 34 31 27 31 33 32 30 38 32 23 31 40 26 23 25 37 36 15 37 32 31 40 33 37 36 31 33 30 29 32 25 36 24 34 27 23 48 26 15 37 26 27 28 24 46 28 39 35 41 19 33 21 30 41 33 28 23 25 19 14 31 30 21 26 27 31 27 26 36 31 28 39 22 29 35 28 33 31 32 28 23 24
14 27 29 21 29 27 26 45 19 33 35 33 31 31 38 26 21 24 19 36 31 41 39 38 20 35 26 36 40 22 42 37 33 39 29 33 45 27 13 30 25 33 31 27 30 29 27 22 28 27 40 27 39 30 32 16 26 29 31 36 29 31 34 26 26 35 33 19 32 35 34 19 25 33 27 24 23 42 37 39 24 31 28 29 34 27 38 36 41 30 31 23 25 22 38 47 28 25 28 34
40 46 34 36 25 25 28 34 36 18 36 28 42 26 23 32 25 28 17 24 28 36 33 32 36 29 38 35 40 31 29 24 37 38 36 39 29 37 27 34 37 42 31 37 26 29 42 20 35 35 25 35 19 21 31 27 22 22 32 26 26 32 33 16 27 32 32 31 41 30 26 36 30 48 33 34 29 36 31 30 37 48 37 21 22 37 33 28 32 32 32 32 26 38 31 40 29 29 34 29
26 43 29 37 21 24 25 22 35 34 21 36 34 35 28 29 28 41 29 25 32 22 25 29 24 23 35 20 41 20 30 27 26 29 27 23 22 28 30 31 29 26 34 34 22 35 29 35 30 26 27 36 39 43 9 40 43 25 40 29 22 31 9 25 35 33 29 33 26 35 27 36 32 30 39 31 36 48 38 33 32 34 32 34 28 37 21 22 27 32 20 30 33 40 22 38 28 24 28 25
23 38 30 43 31 39 10 30 21 31 27 25 38 27 29 34 25 34 22 35 37 32 32 50 27 20 31 37 20 30 45 28 45 31 38 23 36 37 27 24 31 36 32 33 26 39 30 28 37 25 33 34 33 26 38 46 35 32 38 26 24 22 42 27 18 39 34 36 42 17 42 25 43 29 26 36 34 30 31 30 19 40 38 34 34 30 26 26 27 35 37 38 31 31 31 29 35 22 36 37
32 27 32 29 29 36 28 28 28 36 35 50 79 41 26 15 24 29 24 36 26 46 32 32 31 38 27 30 33 36 30 18 29 27 38 37 33 43 38 34 18 33 23 31 23 36 43 36 21 34 37 29 33 19 31 36 30 33 28 30 31 31 29 28 37 39 31 34 38 31 32 27 31 36 41 32 16 35 28 35 34 39 32 34 18 35 32 20 33 32 38 28 21 35 28 32 31 34 31 33
22 37 32 47 31 31 37 26 42 36 32 42 23 26 38 26 28 23 24 32 36 35 31 25 29 23 29 36 27 42 39 33 24 31 21 23 25 28 25 30 20 27 21 27 35 33 26 31 29 25 27 27 24 36 34 35 28 23 29 28 35 29 29 37 28 35 44 20 29 18 51 100 126 32 113 54 49 106 69 34 24 40 38 21 34 26 30 33 30 38 28 28 26 43 41 30 27 37 31 27
38 27 25 26 28 29 41 27 32 32 30 24 29 39 36 37 28 31 34 40 31 39 27 27 28 38 41 29 26 24 30 27 31 23 33 28 24 24 28 25 21 27 30 35 28 37 30 32 30 34 49 31 32 42 33 26 33 37 30 27 21 35 22 31 23 47 47 18 35 29 34 24 34 39 42 42 25 21 30 28 27 37 31 30 36 32 20 24 39 44 35 41 26 31 30 28 26 26 32 27
37 49 5 34 28 30 28 35 27 31 33 32 67 35 30 24 42 32 21 33 40 33 26 26 32 30 27 13 45 38 38 21 21 23 45 35 30 34 38 24 28 35 27 26 24 19 37 39 35 24 27 37 30 31 27 43 42 30 22 33 31 30 25 24 27 29 30 33 26 24 38 36 43 34 19 33 30 28 35 36 40 30 36 28 18 15 35 29 14 24 27 38 40 39 34 45 26 24 36 49
32 46 26 28 40 39 30 26 50 30 24 31 35 27 23 17 30 34 26 53 25 32 37 41 32 28 25 28 37 26 27 25 28 33 21 36 30 25 33 32 29 29 23 8 27 41 31 36 32 34 31 29 26 29 26 33 31 28 36 13 31 18 26 29 23 32 24 87 22 37 35 29 23 53 29 24 38 23 28 38 37 33 30 36 32 24 35 11 30 36 25 34 25 32 26 26 32 40 26 29
22 37 27 41 27 48 25 23 34 43 37 29 41 28 27 32 28 34 30 21 27 27 37 29 35 22 37 23 25 38 21 33 32 27 16 26 31 35 39 32 37 32 31 38 27 29 21 37 28 35 33 35 31 32 24 22 31 24 49 26 31 30 32 34 28 23 25 27 26 51 36 29 35 20 20 26 29 32 40 21 24 21 29 25 27 34 30 36 36 27 36 25 44 24 35 28 36 39 34 34
25 27 30 33 34 40 30 35 35 41 38 18 31 41 37 23 35 25 33 23 36 28 28 40 29 28 32 28 38 33 22 27 22 32 31 20 33 29 41 21 25 34 25 30 34 24 37 32 24 34 27 48 40 31 29 29 28 27 36 25 28 27 41 28 35 29 27 25 36 34 27 30 27 36 34 56 32 32 14 33 32 25 28 28 27 24 32 33 29 25 22 28 35 30 27 24 34 35 35 22
38 31 21 37 36 33 23 43 33 29 29 36 36 38 35 19 37 30 25 26 39 30 19 38 30 25 17 29 25 22 19 27 34 27 35 31 30 28 34 27 24 26 33 30 26 38 21 31 24 40 30 20 31 29 31 20 22 26 34 32 29 31 27 34 33 25 32 37 35 46 35 24 40 37 30 29 26 30 26 33 32 29 20 43 25 35 29 35 30 26 25 34 22 32 40 19 27 22 25 25
21 30 38 34 32 33 37 26 25 42 30 29 31 25 30 27 29 34 37 39 31 39 25 28 21 23 31 24 39 26 23 39 28 38 44 35 31 31 38 31 27 32 22 31 38 29 29 23 33 40 46 29 28 31 26 30 18 29 35 28 22 25 38 34 39 34 44 37 26 37 33 23 33 31 32 33 27 36 21 36 24 28 31 27 19 33 32 27 26 35 33 20 19 27 23 23 31 33 16 29
28 21 36 27 19 27 21 25 22 29 36 35 25 30 23 35 24 41 36 25 35 23 21 41 19 36 22 26 25 30 26 22 32 32 35 40 18 29 51 36 30 29 38 27 35 32 25 40 29 27 29 31 22 23 34 21 28 36 27 27 43 30 35 39 26 34 26 27 27 44 34 28 29 22 38 42 25 26 22 25 31 27 27 38 37 28 33 31 27 31 38 33 22 26 34 34 24 35 25 11
29 33 45 34 38 28 33 34 36 27 29 31 30 29 16 28 33 29 28 29 33 29 29 33 39 29 27 25 33 34 35 27 23 37 29 34 35 43 34 38 34 25 28 23 24 15 30 30 20 29 34 32 22 26 30 33 34 24 35 42 24 26 33 17 27 39 34 25 30 26 26 27 32 23 10 32 29 18 40 32 29 54 30 35 39 28 32 40 30 31 26 32 41 28 31 31 46 25 39 36
30 30 47 35 30 26 25 31 29 26 23 24 34 18 21 51 45 32 35 26 35 38 31 24 21 27 45 34 21 18 31 44 33 25 31 16 33 39 25 34 33 24 24 39 40 40 21 21 25 26 33 33 33 38 23 31 19 23 30 30 91 97 83 54 37 51 32 28 33 33 26 28 35 36 33 27 35 27 20 25 35 26 28 31 34 25 45 30 31 29 25 37 23 29 32 30 28 32 33 31
42 43 24 23 34 26 30 32 21 25 35 30 29 34 20 41 36 27 25 45 24 26 38 26 41 23 29 34 32 34 26 26 36 21 34 32 23 33 36 25 28 30 34 29 40 24 38 27 31 38 23 25 21 28 41 31 22 33 28 32 26 31 31 25 29 25 17 21 34 31 28 31 36 25 43 26 31 21 29 36 30 29 34 23 20 40 34 25 35 29 36 30 32 34 20 39 32 33 28 28
29 19 27 35 30 25 24 27 33 34 27 34 25 19 42 39 23 27 27 25 26 29 32 38 22 23 26 22 29 21 26 29 29 36 31 30 36 39 24 40 16 34 24 44 32 41 41 20 34 24 37 30 44 38 39 34 38 28 30 39 30 21 39 42 26 26 35 23 31 35 27 28 31 20 33 32 33 31 25 28 21 31 14 27 18 30 26 19 22 31 25 37 33 29 32 31 26 34 42 24
32 26 34 15 32 23 32 21 35 32 29 36 26 26 22 35 34 20 27 18 24 29 27 27 32 24 25 29 31 17 24 28 20 33 33 33 32 28 27 27 29 27 32 24 30 22 21 27 32 27 42 20 28 37 38 21 24 25 32 31 26 39 39 36 26 33 16 30 15 23 31 32 29 21 32 31 28 46 33 31 37 28 28 30 26 30 32 21 22 28 32 26 36 24 29 22 32 22 28 15
23 26 30 28 24 25 27 22 25 30 25 33 45 27 16 21 28 37 27 26 21 20 29 31 22 34 30 31 27 15 34 35 32 40 27 31 29 29 28 26 26 18 30 26 23 19 30 22 33 28 38 35 29 22 36 37 31 22 17 40 26 27 34 26 31 26 27 24 27 23 26 44 24 24 31 26 43 27 16 31 22 26 34 29 22 34 27 33 32 26 25 27 41 37 24 31 26 37 25 37
33 33 36 27 24 38 34 24 25 24 28 25 29 24 30 28 51 28 26 22 27 27 29 25 27 34 33 33 32 34 25 26 23 22 42 17 30 35 27 42 30 34 33 32 26 24 20 35 21 30 31 26 26 29 29 34 40 33 31 46 38 28 31 29 31 27 31 29 38 31 36 15 12 25 16 27 29 31 33 35 31 38 20 32 30 35 34 20 30 25 22 35 37 37 33 35 34 32 21 33
33 30 29 31 28 25 30 27 38 21 28 23 35 29 36 31 31 32 29 18 25 22 29 39 28 30 25 23 27 14 26 26 38 36 31 25 24 31 25 30 28 35 25 31 30 35 29 23 29 18 25 25 29 30 34 32 28 27 40 28 39 24 42 26 29 20 26 26 28 35 27 22 32 26 36 30 19 26 31 27 40 16 37 27 28 36 34 40 19 29 28 33 37 35 24 25 33 21 24 24
25 38 30 28 38 24 37 31 25 31 36 24 27 25 15 20 34 32 18 37 32 21 29 36 38 25 28 31 26 32 19 27 29 38 33 26 22 27 30 18 26 38 28 20 28 22 28 38 24 27 31 30 23 22 21 27 27 21 24 29 27 25 31 22 25 25 27 38 27 35 27 39 29 34 36 23 32 43 23 30 27 30 29 27 27 28 24 40 27 33 23 28 28 25 30 29 28 32 44 18
34 28 32 22 28 28 31 24 28 39 29 35 25 32 25 22 34 33 29 18 28 35 38 31 33 24 17 21 23 55 34 33 26 21 30 31 29 29 42 21 24 27 33 17 28 29 27 41 29 35 40 33 28 28 18 33 36 27 40 24 24 41 30 31 25 30 27 29 18 39 34 30 33 26 16 24 32 24 32 29 32 34 35 37 24 43 23 34 25 32 28 28 33 32 32 26 35 35 30 36
35 29 27 23 29 36 39 29 34 39 27 40 27 37 27 28 34 26 29 40 28 23 33 34 30 35 39 37 31 32 32 30 19 26 30 29 24 26 27 29 38 21 24 27 35 31 24 21 17 31 31 28 38 27 39 29 34 31 31 28 34 31 30 27 21 36 27 23 29 36 33 24 25 35 20 33 27 31 28 31 22 27 24 31 34 29 25 18 36 28 33 28 42 21 38 29 35 32 27 37
23 28 22 35 19 35 23 26 29 34 30 23 22 36 25 31 20 28 25 35 27 34 29 26 39 37 39 30 40 32 36 35 34 26 33 31 36 28 32 30 32 18 28 38 22 42 28 33 28 27 39 31 25 40 40 30 12 39 31 40 38 44 17 28 33 34 41 28 23 25 34 37 41 24 30 28 35 47 36 23 27 37 23 34 31 25 36 22 30 36 27 27 26 21 30 37 33 21 23 38
35 33 25 31 35 27 36 35 29 43 21 28 25 17 30 31 30 46 31 36 27 25 26 30 23 27 22 25 32 28 27 33 34 37 32 34 36 31 34 28 23 14 29 33 28 28 43 44 37 29 40 23 36 37 28 25 33 27 26 30 25 26 19 35 38 31 26 24 35 33 30 30 34 30 33 29 22 30 31 33 37 33 36 33 30 25 22 35 47 24 32 28 38 42 32 23 36 16 24 30
42 26 32 27 18 27 34 48 29 25 34 25 25 25 19 26 28 32 26 29 29 26 23 29 33 29 35 34 31 39 38 23 48 18 25 28 28 38 39 26 36 33 24 31 41 27 26 32 36 30 28 28 20 39 28 29 33 36 20 37 39 29 39 29 25 33 30 34 28 25 36 26 31 26 29 38 25 31 25 29 42 26 28 41 32 38 41 32 37 26 30 33 22 22 29 34 22 26 32 30
26 24 13 31 41 24 21 26 36 38 24 29 31 23 25 30 32 32 24 20 39 32 25 29 36 31 36 34 25 23 39 29 25 31 28 22 34 32 26 24 46 24 32 27 32 26 24 28 24 36 24 27 26 26 30 19 24 28 35 24 31 44 30 33 26 27 26 21 27 35 34 22 21 34 29 26 20 33 26 29 21 57 27 32 39 26 27 20 27 19 29 24 21 28 22 28 35 31 20 19
35 29 37 37 37 34 25 31 28 40 35 25 34 26 29 20 30 31 38 28 34 53 33 24 36 36 26 22 25 28 19 29 29 8 26 24 25 36 22 32 26 29 24 15 19 31 19 16 27 36 41 26 24 28 29 39 32 22 28 25 34 25 31 22 24 35 28 25 34 40 26 28 25 25 39 17 23 36 47 29 29 45 35 20 25 31 30 25 42 17 39 31 35 26 46 27 27 28 34 40
36 34 20 33 35 30 30 16 38 31 29 24 41 38 20 34 42 33 27 39 28 41 38 31 41 34 27 31 29 29 26 29 29 32 27 39 28 29 32 27 36 33 33 40 28 17 29 42 27 35 41 40 34 24 29 35 38 33 33 32 31 29 32 26 35 27 35 20 32 32 27 36 22 27 19 34 44 34 30 31 41 25 42 21 30 28 31 42 36 29 29 30 33 26 35 43 21 35 37 26
30 39 41 14 24 30 29 43 33 26 44 36 29 29 29 35 22 38 37 26 35 46 33 24 28 25 37 29 19 35 28 18 34 29 28 36 25 23 25 33 32 24 25 26 35 27 34 24 32 38 28 22 29 23 34 28 30 33 32 13 47 31 26 27 34 38 26 27 29 23 22 37 35 24 26 26 27 21 34 34 26 46 59 32 43 31 21 22 24 21 30 29 37 32 25 22 26 39 33 29
20 27 31 28 29 26 32 21 39 25 32 26 27 28 37 35 39 36 38 34 33 31 39 37 14 30 32 26 30 27 20 26 21 33 36 22 27 13 19 29 34 37 33 35 18 28 30 29 32 27 39 35 30 32 26 44 21 30 28 24 29 35 31 30 31 32 34 26 34 25 31 42 20 31 32 36 37 26 23 33 32 33 24 27 26 25 25 28 20 24 28 33 30 21 21 45 37 26 33 43
29 27 29 28 43 29 30 38 27 23 34 23 33 11 23 22 11 29 32 29 29 38 24 14 43 35 26 36 22 37 32 31 26 29 18 34 42 33 32 35 32 46 39 34 28 34 25 25 39 25 33 27 27 33 26 35 14 33 26 31 34 32 30 31 30 32 32 28 36 24 33 33 30 28 41 42 29 28 32 29 30 37 20 36 28 24 38 44 20 31 48 39 26 32 29 31 24 34 26 42
31 25 33 22 20 29 43 27 21 34 32 31 29 26 37 29 29 14 36 27 26 22 38 30 33 38 20 34 30 36 28 27 27 21 39 20 32 26 29 30 28 44 24 29 20 40 32 27 48 30 41 38 41 35 32 25 28 38 26 18 36 25 20 31 31 29 34 29 29 29 38 35 29 33 29 32 33 33 20 28 26 38 35 26 30 14 17 30 24 27 30 36 29 31 36 27 31 12 23 20
37 6 28 38 32 21 21 33 29 23 34 49 27 29 47 30 33 25 18 28 29 31 21 25 30 36 32 31 30 24 33 31 45 22 42 30 39 36 21 35 29 27 27 14 31 20 26 28 25 27 32 36 31 28 23 24 27 32 29 34 31 33 30 31 33 35 35 27 32 29 20 38 25 24 28 33 35 23 35 35 27 20 27 27 47 37 30 22 19 42 31 22 34 29 35 31 36 28 44 23
17 12 14 15 20 12 16 26 15 15 13 14 17 13 20 23 14 14 14 13 18 16 19 20 23 15 16 21 14 17 15 9 10 13 13 14 19 12 10 13 14 15 11 15 21 20 18 13 14 30 9 15 9 10 13 7 22 16 16 12 5 20 19 12 15 13 13 24 18 11 12 12 18 9 27 27 14 13 14 11 19 12 13 18 19 10 12 20 11 18 16 15 19 14 26 18 22 14 13 14
20 13 13 19 14 16 18 17 10 21 9 10 24 13 15 12 13 13 9 13 13 20 13 22 12 13 11 18 22 13 14 16 13 10 14 12 19 16 17 17 20 15 39 15 15 11 14 14 13 14 9 18 22 11 28 9 25 22 18 13 20 11 9 38 23 13 14 16 10                               
