0.451612903225806 3946 32 27 22 36 31 29 28 27 28 28 25 25 28 24 32 19 43 25 42 30 29 33 38 30 38 23 36 27 35 43 26 27 29 35 43 28 31 33 29 32 35 24 40 28 33 16 46 35 29 40 39 26 27 28 25 35 31 31 27 26 25 35 26 46 35 25 30 48 39 37 31 28 36 29 36 36 36 25 23 32 23 36 27 29 21 31 34 36 38 18 30 26 33 38 40 36 33 23
27 46 41 22 29 32 26 34 32 39 29 20 30 40 33 26 30 23 22 27 27 35 34 23 33 38 24 38 23 64 32 67 28 24 32 29 41 26 44 29 30 31 25 32 25 42 42 29 18 30 33 36 33 44 31 32 23 31 39 25 51 37 30 27 40 25 42 39 31 32 30 26 44 40 21 42 31 34 36 25 31 30 38 38 35 32 24 28 25 41 32 37 30 25 44 37 42 28 14 31
25 31 37 12 18 41 40 34 31 25 22 27 28 37 39 32 43 42 24 20 34 27 28 30 26 27 27 39 34 27 25 26 27 33 37 34 23 29 31 28 30 28 24 35 42 27 33 34 27 24 24 24 32 30 27 24 41 40 18 29 33 45 20 40 26 46 28 40 26 39 30 30 27 27 25 35 20 26 26 24 29 30 34 28 36 38 29 29 37 37 36 38 30 23 31 33 32 35 32 36
37 28 27 26 31 28 35 32 32 30 30 26 22 31 23 34 25 31 29 39 38 21 37 22 28 40 38 38 27 32 30 30 28 28 36 33 37 32 30 29 33 34 21 39 25 35 32 27 42 26 41 35 33 39 30 34 42 22 24 30 32 37 33 24 32 49 24 31 24 27 31 40 35 30 35 50 35 42 30 37 47 26 48 40 39 20 36 34 43 38 33 32 34 25 26 33 39 29 37 31
26 29 29 36 35 35 35 31 39 40 34 35 35 40 40 34 34 29 22 33 40 34 35 32 37 26 38 32 44 31 30 41 26 31 26 24 22 32 31 29 23 14 40 27 34 23 32 28 31 31 38 35 38 31 23 36 36 44 19 38 36 28 37 36 23 38 30 38 35 30 36 32 25 32 41 25 26 31 26 34 37 25 29 36 20 21 34 25 38 26 12 37 25 24 35 32 26 27 29 22
38 35 32 30 22 17 18 33 34 30 29 22 32 26 31 19 23 26 21 28 27 34 34 46 23 26 24 31 38 46 31 29 23 31 36 24 25 31 34 24 35 34 32 34 33 32 33 46 25 29 26 31 36 29 27 25 26 31 29 35 45 23 24 34 34 26 31 30 31 39 22 19 38 33 30 32 32 30 40 31 29 32 32 34 43 25 23 38 29 26 27 35 26 36 27 46 23 32 38 27
31 35 37 26 29 35 47 29 47 25 40 29 35 28 22 22 34 30 34 31 34 31 22 24 38 46 36 37 34 31 35 42 17 36 38 34 31 27 35 44 24 34 26 32 46 32 49 37 26 29 35 36 39 29 25 22 23 45 38 41 23 24 29 38 39 32 26 30 31 33 39 34 29 37 22 29 22 29 32 19 31 24 22 27 40 26 32 37 38 39 42 27 29 35 28 34 30 24 31 26
33 38 56 22 33 31 47 28 26 35 37 26 40 32 22 22 24 24 31 37 41 31 21 32 27 30 29 27 42 19 36 32 23 29 39 25 28 36 28 29 40 31 33 33 33 37 27 20 26 30 30 27 30 29 34 23 30 42 42 36 25 31 26 38 36 31 32 35 24 23 29 29 37 54 70 27 39 39 33 19 39 30 31 23 31 39 32 45 39 24 37 29 27 22 34 34 39 25 34 39
28 31 22 35 25 31 22 35 34 29 33 32 31 29 30 32 38 41 26 35 34 25 28 26 25 25 34 22 24 42 31 24 37 36 26 53 35 26 35 23 32 30 30 40 38 31 30 32 28 43 26 34 24 35 35 24 28 36 41 34 21 29 22 32 34 31 46 30 34 27 30 31 25 19 32 31 30 31 39 27 25 25 36 36 29 29 28 31 18 31 41 37 32 33 32 34 33 33 28 40
23 31 26 35 28 32 35 22 33 41 22 26 35 41 25 30 10 55 22 88 66 37 33 30 33 28 19 24 25 32 40 27 28 42 17 33 44 33 34 29 35 25 33 37 27 18 40 36 32 26 43 25 45 38 28 34 30 34 27 9 25 43 37 22 26 27 37 27 27 27 31 21 35 39 34 34 34 32 32 26 21 35 23 35 43 31 23 30 25 37 26 28 27 32 27 26 25 35 29 24
34 34 40 33 30 42 20 30 27 29 40 33 39 29 27 27 20 26 28 31 29 23 27 26 25 34 40 37 32 32 39 19 28 18 31 36 22 29 26 30 35 21 33 29 34 27 37 47 32 27 20 16 106 61 110 13 49 71 32 16 26 38 21 24 33 25 31 26 29 32 34 35 21 27 47 24 32 31 33 27 7 27 30 30 34 30 35 32 38 35 31 39 26 40 43 32 24 28 42 30
26 24 33 36 22 33 31 35 30 23 33 30 29 30 25 37 23 33 35 26 22 32 27 32 36 23 28 27 30 37 26 36 33 34 29 35 37 40 37 37 32 41 35 28 28 38 37 30 25 43 38 21 28 31 40 33 27 37 29 32 37 32 37 33 23 34 37 22 29 33 33 28 34 34 41 27 24 34 30 41 33 37 30 29 29 37 25 21 34 27 12 20 45 27 26 25 30 26 27 32
41 38 31 18 32 27 30 28 34 25 34 26 32 31 33 27 35 26 32 36 26 23 18 27 32 30 36 27 34 35 34 37 45 40 40 32 39 31 41 27 37 28 30 39 36 36 27 32 40 20 33 29 29 33 29 45 21 34 28 40 19 32 34 35 24 20 27 21 37 34 29 31 31 37 33 35 31 25 34 35 23 31 33 35 36 27 21 42 34 37 28 31 39 26 21 38 35 16 34 31
29 44 20 32 36 27 27 43 35 33 33 22 38 32 30 33 25 32 34 35 31 30 43 33 32 33 32 28 31 18 39 19 38 32 35 29 35 26 33 27 37 21 36 25 36 30 33 23 36 32 28 36 34 36 44 27 31 30 27 25 28 28 36 26 32 24 33 30 34 21 30 23 34 17 32 30 36 34 42 34 25 29 38 34 28 26 31 17 21 22 37 41 36 31 31 39 25 16 35 23
29 31 31 33 30 34 34 27 40 33 39 25 40 28 25 36 35 29 24 33 25 28 36 38 28 25 32 28 19 34 25 33 38 33 30 38 37 32 32 29 29 39 31 35 26 30 34 32 24 36 28 33 26 23 29 22 30 29 30 32 25 28 30 21 33 43 26 40 38 32 31 32 25 29 27 27 34 29 35 28 29 29 24 25 28 31 25 37 23 30 25 20 29 33 36 31 29 33 29 41
33 37 40 27 32 24 27 32 27 18 35 27 39 34 40 31 32 16 44 29 25 38 38 43 25 20 38 35 34 29 26 25 23 29 24 19 37 29 31 23 12 29 38 34 20 29 32 34 17 27 34 30 24 40 36 28 32 34 28 33 26 23 34 31 34 19 23 30 25 37 35 35 37 21 38 23 32 41 43 40 41 25 23 23 33 42 39 28 38 35 39 36 31 42 32 40 38 29 24 30
33 49 27 31 28 35 31 23 28 19 40 33 29 19 32 36 23 41 34 27 36 25 23 25 30 35 27 33 14 40 23 26 42 33 25 21 47 39 23 40 27 36 23 10 26 35 23 33 19 25 25 29 35 23 11 34 36 40 31 31 24 26 25 31 36 29 23 28 27 30 22 28 35 30 32 26 36 32 34 33 44 24 22 25 28 41 20 23 37 25 22 24 38 33 26 24 39 32 26 28
30 31 17 40 30 32 38 36 28 14 27 23 32 39 37 50 18 36 45 39 35 26 31 23 33 25 23 29 34 26 25 40 36 32 29 32 34 24 29 38 28 35 32 23 33 37 35 30 32 30 37 26 35 37 33 38 28 37 37 33 39 41 31 35 43 31 23 41 46 37 34 33 30 33 32 35 28 25 24 20 39 37 38 24 39 34 38 33 37 33 30 26 36 32 24 30 37 28 35 32
32 15 30 29 37 38 20 37 24 41 37 27 30 34 35 30 30 40 28 33 27 22 32 32 33 34 34 23 33 26 26 25 26 24 24 28 38 38 35 20 28 26 32 32 26 40 29 29 34 36 33 26 32 30 39 25 35 25 18 26 43 31 34 29 31 53 29 26 29 30 43 26 36 39 38 37 31 38 36 37 30 28 33 19 16 28 28 38 30 43 44 34 34 35 27 36 28 38 32 106
108 62 43 32 18 28 28 42 31 34 35 29 22 39 31 28 36 37 27 29 19 26 34 33 32 39 43 22 28 30 23 35 25 21 38 33 33 28 33 32 23 28 36 36 22 26 17 38 34 30 31 30 30 32 28 32 27 32 24 30 33 38 40 25 14 80 27 30 37 33 27 30 32 38 29 36 35 26 24 28 24 35 29 26 40 38 36 32 51 36 24 26 26 51 38 37 33 33 33 31
37 32 27 29 36 18 32 28 34 36 37 30 33 32 35 33 28 37 35 31 24 40 31 29 39 34 35 45 15 24 34 31 29 26 32 31 29 29 28 17 33 33 25 31 37 26 37 26 37 36 11 30 36 30 36 37 27 32 51 25 36 31 23 26 39 34 26 22 29 40 24 21 28 22 41 33 40 35 38 29 25 39 35 29 25 34 28 34 27 30 24 32 43 37 25 32 21 36 34 33
32 28 38 31 30 30 35 20 27 21 23 25 38 33 35 37 32 30 26 27 31 30 35 32 44 34 37 38 23 36 25 36 28 28 27 38 31 31 31 32 32 28 35 34 42 38 30 34 40 36 21 28 31 25 28 41 39 36 27 28 33 29 25 35 27 37 37 37 22 38 32 35 31 36 34 23 23 34 15 30 33 25 32 35 34 30 28 31 35 27 30 21 28 37 33 28 25 29 40 36
38 35 33 30 34 43 27 39 26 33 27 39 22 27 34 36 30 33 21 33 21 31 32 40 23 37 33 28 26 35 19 43 20 29 28 26 33 33 36 34 50 29 34 27 40 42 38 20 33 9 10 31 10 33 8 33 33 38 40 39 35 34 21 38 38 34 30 32 35 31 44 30 30 21 42 41 38 32 27 26 35 33 23 27 42 32 22 37 38 42 23 39 37 37 35 33 44 33 36 38
22 28 41 26 36 31 38 31 32 31 41 30 37 33 46 40 25 35 32 40 33 37 24 42 37 31 31 42 27 31 34 37 22 34 24 31 32 31 36 29 31 34 32 108 40 30 22 39 23 30 39 30 39 27 32 25 27 10 38 34 26 24 23 31 29 26 32 21 41 38 30 31 24 35 40 31 22 27 35 30 39 34 28 26 29 26 26 35 29 39 33 23 40 26 22 33 21 32 27 35
29 33 39 37 31 22 36 36 34 31 36 32 39 34 38 28 34 35 38 34 27 26 27 38 20 28 26 35 29 34 27 36 24 34 39 21 34 36 23 41 34 33 34 25 33 31 27 26 31 31 32 38 25 34 43 41 46 37 30 30 36 44 27 31 32 25 29 35 30 37 34 27 40 34 27 37 44 44 27 35 33 35 31 29 36 41 26 24 29 32 31 25 25 29 20 40 31 40 28 24
54 34 35 29 25 34 31 25 40 28 30 31 30 39 34 23 30 27 34 25 38 31 22 37 27 41 34 31 31 28 24 28 29 26 28 26 35 28 22 24 24 32 35 28 28 34 24 28 26 29 34 32 24 43 45 42 33 36 38 22 27 32 30 34 35 33 25 40 5 28 33 22 21 37 32 32 27 27 21 24 28 33 34 34 24 26 31 34 20 33 37 42 26 27 37 27 34 22 33 28
24 33 28 18 33 37 36 31 43 34 41 23 24 38 30 30 26 21 30 35 41 27 37 32 25 37 30 30 31 33 33 32 26 23 33 31 25 40 29 37 21 42 24 28 37 34 33 35 41 16 32 35 32 30 27 26 41 32 23 28 31 33 26 27 19 33 30 32 33 28 34 38 26 37 40 42 30 41 35 31 30 32 37 32 31 36 32 30 29 36 24 29 31 31 34 41 36 36 29 39
34 29 31 23 36 26 27 34 36 31 27 28 36 37 24 28 33 39 45 30 19 28 18 33 32 34 16 32 30 41 35 43 28 27 32 30 36 29 33 29 39 34 33 36 41 27 35 38 35 28 32 35 27 25 43 42 36 19 32 31 34 32 32 31 33 26 34 15 32 40 32 31 32 24 32 38 32 36 34 47 26 33 28 41 30 33 27 33 33 33 34 32 49 20 25 39 34 24 27 29
29 24 27 27 42 34 21 40 35 26 41 25 25 32 35 30 31 29 34 39 37 20 35 30 30 29 29 32 34 30 28 27 28 34 30 24 31 39 29 37 35 30 32 38 36 19 27 33 27 24 74 50 35 34 35 32 31 32 33 23 27 28 37 33 22 25 25 27 22 32 40 29 32 29 21 36 30 21 88 29 29 24 19 34 31 28 33 16 38 15 40 32 29 33 23 29 43 26 28 28
39 36 33 27 34 21 27 28 38 30 42 36 28 27 38 35 27 33 35 24 38 20 48 40 28 25 40 33 36 33 27 29 31 11 22 39 32 18 24 30 31 38 14 22 27 31 30 41 27 28 28 44 27 38 28 26 30 26 23 34 41 30 28 35 33 31 43 31 39 26 38 27 26 31 24 33 26 32 33 32 28 25 33 27 37 39 35 35 36 16 28 30 34 28 33 34 30 30 28 27
27 34 29 30 34 28 48 24 30 39 26 35 29 29 25 24 31 32 25 34 29 37 37 23 36 27 23 40 26 30 29 34 35 38 40 22 23 21 31 22 25 27 33 33 27 35 35 27 23 42 30 33 28 27 36 33 30 16 25 25 23 19 43 37 36 30 30 31 31 33 34 32 21 22 28 24 34 38 25 28 34 28 32 21 26 21 32 24 35 18 30 33 43 24 37 35 41 39 33 37
28 30 29 33 37 32 35 28 32 26 47 28 42 23 42 37 34 35 39 39 26 36 31 31 29 28 22 38 43 26 30 27 22 39 24 21 32 26 34 26 33 25 23 31 25 27 34 33 33 22 11 28 30 23 24 39 17 32 24 29 31 31 34 31 17 27 35 40 18 28 16 21 33 24 26 25 30 31 21 30 24 25 29 38 40 32 33 26 32 36 22 28 39 27 32 35 40 34 25 26
29 44 22 20 31 36 39 28 34 42 30 36 37 29 30 21 26 33 28 26 24 33 25 29 25 21 27 38 27 36 17 32 29 27 32 32 45 28 36 19 26 35 26 42 34 39 41 21 33 24 24 32 24 26 36 37 26 37 29 21 26 30 35 20 29 33 37 38 48 37 30 29 62 31 26 30 44 35 24 31 8 42 35 21 35 34 29 32 27 39 22 25 27 38 22 28 26 25 44 27
23 30 32 32 32 39 31 32 25 34 26 25 23 17 38 28 32 24 36 37 33 28 33 30 30 36 35 30 37 36 32 35 21 30 32 26 30 32 41 35 34 14 24 33 21 30 37 33 34 26 31 30 35 32 34 30 22 30 33 33 33 22 34 31 19 33 29 13 37 38 23 25 31 32 26 34 25 29 20 32 37 30 18 42 15 32 34 21 33 37 18 39 26 36 32 23 33 32 26 32
28 26 27 22 30 39 32 26 34 22 31 34 31 34 25 27 30 17 37 26 36 34 26 30 29 30 31 30 30 37 35 32 28 33 30 23 33 36 21 31 26 38 28 37 21 39 40 25 28 44 28 21 24 31 38 32 23 30 25 34 23 36 27 31 31 24 20 28 32 35 40 23 25 24 25 35 36 25 19 32 36 35 28 28 38 27 34 33 26 27 26 32 33 32 32 28 30 24 41 28
22 38 40 17 40 32 28 39 37 35 35 29 27 30 28 28 24 35 29 24 29 36 35 25 31 29 38 27 32 34 37 29 32 34 42 35 27 35 26 37 36 39 35 38 36 38 29 37 16 25 30 29 30 39 23 36 35 29 23 34 36 32 26 31 40 37 27 24 27 23 28 37 34 23 26 31 14 29 9 52 35 32 39 26 29 33 43 42 32 23 23 35 32 41 26 25 23 33 43 16
26 26 29 35 39 28 31 32 25 35 20 40 22 38 31 20 28 29 25 40 31 29 29 44 40 41 32 36 45 29 29 33 23 39 26 33 31 36 34 34 29 36 25 29 35 27 24 30 32 38 44 27 40 25 37 31 28 24 16 24 21 30 31 22 25 28 28 53 26 40 42 24 43 28 26 35 26 31 30 33 43 26 35 32 37 38 39 32 32 40 43 26 31 35 28 42 22 30 35 27
33 31 19 38 26 22 33 24 27 44 25 32 22 25 30 28 33 43 33 29 28 37 39 33 16 23 29 25 54 32 38 35 29 27 41 39 35 35 35 28 30 35 30 30 42 22 35 22 26 43 36 31 34 40 40 28 27 25 27 36 35 34 29 21 29 30 37 26 29 19 32 31 28 31 30 33 42 35 36 29 22 22 21 34 24 24 29 37 34 38 29 32 32 39 37 38 32 30 28 34
18 35 28 39 29 36 11 27 35 11 33 43 43 30 32 23 31 22 36 38 23 39 29 27 29 27 25 45 16 29 28 34 26 43 32 31 36 26 32 36 34 26 51 30 35 39 42 31 37 32 33 30 32 40 40 26 28 17 36 39 33 32 34 46 35 36 21 32 32 32 36 27 33 34 32 34 29 35 31 31 34 38 36 33 17 37 30 39 40 33 29 33 32 30 31 33 28 24 31 26
29 29 21 30 31 29 22 36 38 32 27 56 10 20 30 31 22 39 20 25 23 33 31 30 32 30 36 26 31 34 29 31 29 25 35 21 43 29 39 41 37 27 34 24 35 46 38 23                                                    
