0.454545454545455 3174 30 31 33 29 26 32 44 25 36 35 41 35 29 39 31 44 28 46 42 45 26 36 34 33 30 36 33 24 26 31 37 44 43 32 30 38 40 30 43 36 36 38 36 23 43 23 41 26 27 24 32 31 29 30 29 27 31 34 32 35 46 36 25 25 36 35 25 35 29 25 36 22 26 23 24 38 31 26 26 30 39 21 30 34 27 22 23 25 29 43 41 40 36 37 33 36 26 32
24 33 34 24 31 32 33 22 37 37 31 29 33 28 18 32 34 38 30 25 28 21 37 37 37 27 73 35 25 31 34 37 35 22 32 20 33 20 35 28 27 31 26 30 30 24 43 28 28 44 35 31 31 31 32 57 28 43 29 27 31 32 35 30 29 23 31 25 29 26 24 32 16 39 29 39 38 23 21 13 28 24 34 40 40 28 11 44 38 29 31 24 29 25 30 29 23 48 25 29
28 27 31 30 33 25 35 26 30 34 26 35 29 32 34 42 32 27 34 25 18 22 26 42 21 28 30 27 27 37 21 32 25 25 31 34 23 32 37 33 44 30 29 29 37 31 25 26 32 23 38 18 43 22 39 28 30 32 24 36 40 29 39 36 30 23 31 23 31 30 42 42 34 32 36 32 27 25 38 29 27 25 29 27 35 41 35 29 36 26 33 29 36 35 36 23 30 24 28 24
33 31 32 23 24 33 37 29 33 32 27 26 30 25 32 17 22 36 33 33 39 29 28 26 26 25 29 36 27 39 46 35 30 48 34 29 35 25 29 43 26 24 32 30 30 32 31 30 35 26 41 40 30 32 25 26 30 31 28 25 37 39 28 28 22 30 35 35 41 26 28 30 36 26 37 43 26 29 36 29 40 29 34 39 27 32 35 28 31 28 22 31 32 36 43 39 33 38 31 32
28 26 36 26 31 26 24 26 21 29 34 30 33 20 29 30 29 35 26 26 36 26 25 32 33 32 28 29 35 50 33 32 31 36 28 32 29 27 31 36 29 25 29 25 29 58 19 32 30 25 31 24 33 30 26 24 41 26 28 34 20 32 21 34 30 34 18 27 33 26 30 30 43 30 37 26 33 40 38 26 32 30 27 22 22 27 25 24 25 46 18 32 36 13 34 38 28 34 22 33
23 32 29 19 26 41 44 27 39 31 24 35 29 24 26 37 30 30 31 31 44 19 35 23 38 31 38 34 24 30 25 36 29 35 32 40 34 33 29 27 29 86 24 29 45 46 37 35 35 19 23 24 21 29 35 37 36 38 19 32 34 27 35 22 26 33 29 31 34 30 30 26 25 16 26 37 35 34 35 37 32 34 28 25 35 37 30 39 21 27 35 34 37 37 38 30 31 31 28 30
32 36 41 35 39 37 26 35 24 30 36 34 35 28 20 34 31 49 31 41 26 24 36 29 38 32 42 29 42 26 24 40 30 18 42 34 31 28 41 31 36 35 30 22 43 37 32 32 25 29 32 32 32 30 30 30 23 39 34 29 37 34 28 30 35 34 29 34 32 24 23 24 25 33 36 34 28 28 44 27 39 32 40 33 29 27 29 20 16 30 17 16 23 27 24 33 19 26 27 26
36 20 31 39 29 29 33 22 17 24 36 36 30 37 30 38 35 32 26 29 28 18 29 31 27 26 33 28 18 19 29 30 26 20 37 30 26 16 24 33 18 33 28 28 20 26 23 29 45 34 21 28 28 26 42 38 31 29 29 24 33 39 29 38 27 20 35 26 34 40 29 33 30 32 31 33 26 31 26 28 38 32 40 31 16 27 26 34 34 15 25 28 24 27 40 28 37 22 23 35
32 22 29 36 33 27 32 32 18 38 34 16 29 25 36 25 34 37 36 34 38 27 28 38 41 38 34 26 32 39 29 26 37 39 45 26 22 37 27 27 22 16 33 20 29 37 27 33 20 19 20 26 36 25 26 47 37 25 38 24 26 22 32 30 31 28 36 28 49 17 17 93 148 137 62 64 48 31 24 31 30 23 42 25 38 23 39 23 32 28 26 20 31 23 28 27 28 26 31 20
38 40 29 27 36 37 30 32 40 31 46 29 35 32 26 32 43 42 39 39 36 26 31 42 39 29 30 24 36 31 34 29 37 20 47 37 30 28 29 36 19 37 12 29 26 39 42 33 42 28 41 24 42 40 30 28 25 31 26 33 32 34 32 30 26 20 35 19 33 37 26 24 26 27 31 30 36 28 23 28 29 38 41 35 12 11 30 40 28 32 39 42 31 26 25 39 28 37 41 37
41 68 30 16 19 36 30 27 21 31 28 35 29 30 30 35 24 35 28 22 24 34 31 22 33 29 29 27 22 22 30 23 27 32 32 29 34 24 38 29 29 40 33 52 36 29 28 33 30 28 29 27 43 44 38 46 25 20 30 41 26 36 30 44 23 33 29 37 33 38 26 26 32 35 31 40 41 32 25 28 42 29 27 36 29 29 33 35 18 32 29 34 29 38 38 45 36 34 38 29
45 40 31 29 21 43 27 29 44 29 29 36 39 30 33 29 23 75 23 18 29 39 43 38 20 35 25 24 43 28 42 35 41 25 41 38 29 35 30 36 22 23 27 30 26 22 27 33 34 17 24 30 29 33 40 29 34 37 35 25 27 16 29 31 24 31 31 29 36 30 27 27 26 30 31 40 25 33 37 36 32 59 31 25 32 30 32 14 34 29 27 17 24 31 30 30 23 30 42 11
32 37 32 21 19 29 29 35 29 38 26 26 25 35 23 27 27 36 39 48 32 28 42 29 27 32 31 21 29 30 27 24 30 24 26 31 27 32 40 37 29 30 24 45 35 23 41 29 39 30 24 32 31 22 28 25 34 39 30 30 27 36 31 30 32 30 35 25 28 32 29 26 29 38 27 37 25 32 24 25 26 25 20 37 28 39 29 22 24 33 39 20 29 30 41 23 27 34 24 27
30 35 37 28 30 29 24 16 29 30 21 36 32 22 23 28 27 30 28 26 35 28 29 37 41 33 43 25 30 40 34 29 24 26 40 34 39 38 25 34 36 46 31 24 38 35 44 24 21 31 35 27 36 36 29 18 35 42 13 34 12 44 22 27 26 34 28 24 33 30 36 22 31 42 32 26 23 37 36 35 31 26 25 22 29 29 32 29 32 22 29 41 24 32 24 38 32 29 34 20
32 41 29 18 22 32 28 27 22 31 34 36 26 33 28 42 26 34 28 32 33 24 28 35 27 27 34 25 34 40 29 29 27 41 27 36 36 34 35 36 22 35 30 28 21 27 32 30 29 37 24 29 32 35 21 30 36 28 30 35 40 34 27 24 29 35 29 37 27 32 37 38 18 34 27 33 32 28 29 33 23 21 28 30 40 41 33 30 30 36 31 29 31 25 25 36 34 35 26 33
42 33 37 29 30 21 40 26 23 28 29 30 33 29 34 27 24 38 21 33 33 29 33 35 41 35 40 28 33 28 31 38 29 33 22 38 31 29 29 29 29 29 30 37 30 43 34 37 42 34 28 29 28 33 33 30 35 46 35 24 114 53 36 31 31 40 44 31 34 26 30 29 35 36 30 30 30 33 34 22 30 25 39 41 29 32 29 31 29 22 40 38 43 48 30 22 31 38 37 40
40 31 34 25 44 10 28 40 33 23 38 40 36 49 40 29 27 37 37 27 36 28 25 34 32 39 29 31 15 21 28 26 35 37 36 35 35 30 38 29 26 30 35 41 30 33 32 34 17 33 30 29 30 37 33 32 26 29 30 29 30 28 25 18 30 32 31 30 30 25 33 26 32 41 33 32 32 35 31 35 31 27 32 34 21 23 23 24 32 41 33 23 26 27 38 40 21 28 31 40
25 29 37 37 30 34 32 34 27 31 30 35 30 31 40 29 36 25 20 37 31 26 37 34 30 32 23 29 22 36 31 27 35 22 37 32 33 25 22 25 36 31 20 39 39 25 41 29 29 30 33 23 29 38 23 33 38 28 24 26 38 34 28 36 27 35 25 22 34 23 35 36 37 22 22 31 18 45 22 41 29 37 35 19 36 32 32 35 24 29 45 26 28 36 29 26 28 32 20 29
26 35 16 37 29 36 30 48 34 33 26 30 28 29 19 31 30 35 26 39 21 33 35 32 32 28 32 31 31 29 30 32 25 27 27 28 32 33 21 39 35 45 40 32 27 31 20 28 32 42 26 30 41 32 31 28 42 19 30 25 47 36 28 27 26 25 38 31 31 28 36 30 20 32 31 26 25 36 22 26 29 33 28 29 28 32 32 29 26 32 26 31 29 35 29 32 32 24 27 37
27 35 38 25 45 35 27 28 29 32 42 30 31 25 32 27 28 37 31 25 16 35 23 27 38 14 31 38 38 22 28 35 39 32 28 24 32 37 27 22 29 22 31 38 14 36 32 32 22 28 23 29 18 26 22 34 36 33 27 31 33 31 26 30 21 21 34 29 21 35 28 27 28 30 26 33 27 30 36 36 32 44 33 30 28 29 24 25 37 40 34 27 26 26 32 19 32 35 32 30
21 28 26 33 27 26 22 20 33 33 20 39 18 31 29 39 48 34 36 26 32 33 29 24 25 27 24 33 34 39 33 28 27 39 25 36 35 28 36 35 29 27 27 38 29 28 26 31 32 32 45 29 28 30 39 24 40 45 32 32 33 22 40 28 36 25 36 21 34 28 26 19 23 33 30 32 26 26 32 32 27 38 34 23 34 36 22 31 33 28 27 30 36 38 34 40 38 31 28 25
29 27 25 38 41 37 32 26 32 28 27 26 32 28 32 34 34 35 22 15 36 24 36 32 26 41 26 32 34 27 43 35 26 28 33 38 39 43 27 35 20 26 36 30 28 34 29 33 33 25 35 41 32 36 35 41 23 17 24 24 32 16 28 27 39 22 18 37 9 38 27 34 35 38 22 29 32 36 30 30 24 32 25 26 28 26 23 29 33 23 28 43 24 33 43 35 40 29 30 31
28 35 28 27 33 23 26 41 32 39 26 33 21 33 45 24 28 33 40 26 24 30 34 25 33 34 41 26 29 37 33 44 32 34 17 28 38 27 22 29 40 37 23 35 31 32 36 27 41 27 27 26 22 34 21 37 32 44 31 35 38 21 40 21 33 24 35 34 30 25 30 36 38 32 24 25 37 27 30 30 41 26 34 20 33 33 34 29 38 27 41 34 28 36 25 32 31 34 24 34
35 31 27 30 24 32 29 33 27 31 24 26 35 41 24 27 27 42 23 30 36 31 18 22 40 29 20 19 26 32 33 24 34 34 29 29 30 29 30 23 26 23 22 27 34 37 34 26 31 30 27 39 30 26 35 38 31 30 39 39 36 16 35 13 37 24 36 41 30 30 43 34 31 24 37 28 32 34 43 30 30 31 38 33 34 28 33 27 29 20 16 24 28 30 20 27 27 39 29 34
23 41 31 32 30 31 22 23 30 21 21 37 26 17 29 25 25 37 28 40 27 32 25 24 31 30 25 20 37 35 39 15 36 27 42 18 30 32 26 27 32 24 34 38 27 26 27 39 37 34 40 30 35 27 33 41 20 33 31 39 32 35 24 33 26 40 31 39 38 31 24 32 30 41 30 31 32 22 29 15 36 32 24 29 48 26 34 32 27 26 31 13 26 39 32 31 23 34 21 24
35 36 34 30 24 38 27 32 20 40 26 34 34 31 42 33 37 23 39 33 42 27 33 34 37 23 25 33 17 34 34 25 34 27 36 39 33 34 31 35 34 27 40 41 46 36 31 31 35 32 35 35 28 29 29 19 34 35 32 28 26 32 33 23 27 27 34 29 23 34 38 25 23 31 41 34 40 36 32 43 28 24 40 33 25 26 31 42 26 35 28 30 27 22 35 24 33 36 24 32
41 24 27 34 27 30 32 24 34 29 28 30 34 34 42 40 28 67 24 21 23 32 37 34 30 25 26 30 30 26 35 48 28 35 20 32 25 24 27 39 37 38 34 25 26 23 24 32 24 42 32 39 31 29 33 33 43 20 44 34 21 35 27 29 20 31 33 36 38 40 34 28 30 21 25 35 32 36 20 34 18 22 33 31 16 29 30 24 34 34 32 33 43 31 44 28 34 27 27 22
38 30 27 8 29 13 30 24 27 29 12 29 41 22 31 29 29 26 10 36 20 24 28 29 31 17 26 32 35 33 22 27 32 12 33 34 27 33 31 32 33 32 38 30 22 32 29 33 20 29 35 25 25 17 35 30 25 38 22 27 39 25 35 29 27 28 28 27 21 23 32 30 23 34 33 37 46 31 30 29 33 27 32 35 26 34 29 23 29 25 28 30 34 22 27 38 34 39 32 37
19 29 28 30 22 27 34 38 44 37 31 33 29 31 20 27 40 30 25 33 29 24 27 48 29 37 32 29 33 28 32 30 33 22 36 24 26 36 42 34 36 35 29 34 31 45 30 40 34 40 29 33 22 33 32 31 33 32 41 38 31 31 23 34 28 35 44 30 31 35 34 39 42 25 34 27 36 29 23 20 15 29 39 21 43 37 36 23 26 26 32 33 26 25 28 30 32 30 29 31
31 32 35 38 24 33 29 39 24 30 36 25 33 31 26 35 31 36 29 26 28 28 43 21 24 22 32 20 28 34 29 34 32 27 31 36 34 41 30 33 30 26 22 41 27 31 31 26 18 29 30 27 27 30 33 31 29 40 25 31 29 27 33 42 28 32 37 38 30 29 25 37 27 26 37 28 33 27 40 39 35 21 32 37 18 40 22 39 28 26 28 22 27 30 26 27 37 23 23 39
26 27 26 19 28 30 41 23 43 43 32 33 32 24 31 31 26 28 25 29 23 25 26 29 20 32 40 41 32 33 29 37 17 33 39 42 28 24 24 37 24 27 16 23 25 21 16 42 21 21 38 32 16 23 35 31 26 29 25 32 31 37 34 28 25 33 26 42 36 22 23 24 38 19 36 30 46 31 21 29 34 18 18 18 36 38 48 36 27 30 31 45 22 23 24 27 36 33 21 21
40 21 28 19 34 34 18 32 34 31 33 32 23 26 25 27 21 16 35 30 27 39 28 38 31 27 36 37 28 31 36 28 31 34 35 25 30 24 27 24 25 31 28 18 32 24 26 33 32 35 27 30 37 20 39 28 38 22 18 28 32 31 32 27 32 26 32 34 26 28 26 25 26 26 33 43                        
