0.461538461538462 3414 31 26 30 17 40 25 27 29 23 24 27 46 37 26 43 41 43 45 34 21 26 33 23 23 38 43 28 39 38 30 38 37 31 25 36 48 37 36 42 44 28 42 38 37 40 32 34 32 47 25 35 44 27 28 28 27 34 19 35 34 32 38 32 33 29 33 26 35 40 40 31 31 35 26 26 40 35 35 25 41 24 29 30 28 32 28 40 34 31 43 32 35 41 31 33 20 37 25
38 29 37 44 33 34 32 14 23 31 42 35 38 18 26 34 28 40 32 21 25 36 38 26 36 23 27 42 34 17 33 36 36 27 30 47 98 41 26 25 36 22 43 36 36 37 37 31 38 25 35 41 27 32 31 33 32 32 30 31 27 42 31 37 28 23 26 31 30 38 26 25 33 26 16 30 32 28 20 43 33 29 28 28 27 36 31 35 33 29 36 39 38 32 41 35 26 43 24 42
51 33 34 22 43 31 30 31 35 34 37 40 33 28 39 37 34 37 43 46 30 34 33 44 50 43 38 26 20 39 25 28 30 32 24 38 32 32 27 28 17 39 32 38 22 34 35 29 34 23 45 18 36 37 23 35 29 42 32 37 22 31 33 27 34 32 47 38 29 30 29 32 40 37 46 39 35 26 36 28 34 26 31 53 32 27 23 32 36 35 27 31 39 37 36 35 33 36 23 40
39 38 31 28 26 37 36 34 28 34 33 40 23 39 34 25 39 33 24 29 30 38 41 30 36 31 29 23 37 28 31 39 29 38 30 19 30 44 33 34 34 35 29 32 28 34 38 29 34 40 36 29 39 35 32 27 22 19 21 36 34 31 25 29 25 35 29 25 43 26 31 29 28 42 39 35 39 21 30 36 37 31 34 35 34 40 41 31 29 38 39 40 29 51 32 32 40 26 36 37
44 36 35 38 43 45 47 28 35 30 26 37 33 29 33 42 32 32 37 34 35 28 38 41 30 36 31 28 29 32 34 24 37 35 37 39 45 33 29 30 28 22 32 32 30 39 33 31 36 40 36 40 31 34 26 25 30 32 45 32 53 18 47 35 28 20 31 48 43 31 31 27 35 41 33 33 35 24 35 29 33 29 40 28 40 33 38 38 36 30 46 26 36 29 29 24 28 41 31 28
40 42 35 34 47 33 24 33 39 45 27 29 36 31 44 32 34 31 45 33 31 31 38 29 29 36 25 28 44 39 22 39 34 33 38 31 33 52 38 24 17 37 41 27 42 34 25 36 28 21 38 24 45 25 36 24 39 31 28 37 22 28 37 34 30 49 36 46 38 36 42 29 28 40 37 43 33 26 38 40 37 41 40 28 41 36 40 33 35 27 39 30 24 40 36 45 35 33 28 39
41 40 43 36 21 34 33 23 37 51 32 25 29 39 29 40 29 31 38 17 29 39 47 37 37 44 33 22 32 27 28 45 32 24 26 37 38 30 32 25 35 40 33 32 26 30 33 45 38 32 32 37 16 38 34 40 22 29 35 32 35 28 37 28 44 37 28 33 32 41 34 29 36 25 45 20 31 39 27 29 36 37 45 39 23 23 28 23 29 41 36 33 31 31 23 34 30 28 35 36
25 43 36 31 31 32 26 27 21 35 45 27 32 45 38 6 31 24 39 30 32 39 19 42 39 38 34 33 35 27 35 37 36 25 24 29 28 50 26 34 36 39 45 25 41 33 36 33 28 48 26 32 28 29 32 33 23 34 26 36 29 28 24 26 34 26 28 30 30 22 33 35 39 31 44 47 31 40 22 40 45 25 31 39 21 47 31 33 32 24 29 19 41 30 28 36 41 43 37 36
38 33 37 35 42 28 28 35 29 38 25 30 37 31 23 37 17 8 66 42 40 36 28 27 40 23 38 31 37 42 32 29 39 23 25 22 33 38 26 41 42 34 28 40 28 25 32 29 36 20 41 25 41 34 43 31 32 35 35 26 28 43 33 38 40 27 25 40 37 26 30 33 30 52 26 43 40 34 23 31 32 38 46 37 37 33 21 33 31 26 29 30 27 29 43 18 27 29 26 34
28 30 33 33 37 40 32 48 37 28 26 26 44 32 30 30 37 33 38 20 28 38 41 45 43 30 44 39 39 26 12 56 19 38 43 30 40 30 40 39 38 40 31 31 28 37 36 20 34 32 23 32 29 34 38 36 29 28 33 29 25 32 31 34 35 36 32 40 35 41 38 35 34 24 36 39 22 30 41 36 39 37 29 23 36 39 28 22 39 21 39 30 33 36 22 44 30 32 39 34
33 38 49 32 34 42 34 31 36 27 47 28 17 31 29 32 23 24 27 39 26 30 31 27 29 30 38 30 38 39 18 30 30 35 24 34 41 35 40 29 38 52 41 36 33 33 27 16 8 39 29 30 20 38 37 30 33 35 28 21 29 34 21 43 12 23 27 27 45 23 38 34 32 37 37 34 28 20 27 32 32 36 42 40 37 32 41 30 42 32 29 37 41 42 36 32 37 30 30 21
37 29 33 34 44 35 47 18 34 27 26 31 29 43 24 43 38 42 29 36 36 38 35 41 24 27 25 22 38 20 27 31 41 35 29 29 41 36 27 35 31 19 27 46 40 30 32 39 36 42 30 21 33 22 30 26 11 36 47 32 32 34 18 37 27 25 32 37 34 31 25 34 37 31 31 34 23 32 37 46 36 32 22 38 37 29 25 42 39 43 25 24 25 16 25 31 44 38 41 31
26 27 39 22 26 36 39 36 31 33 23 35 28 39 40 49 30 32 42 40 42 40 29 35 36 42 42 48 31 28 42 22 27 41 32 42 39 41 31 37 35 31 28 35 31 40 37 37 37 27 38 36 37 30 29 37 57 29 33 33 24 46 30 35 14 40 38 38 42 26 30 20 38 49 28 24 41 26 45 44 38 30 41 42 47 39 23 42 42 22 39 34 42 31 34 17 16 33 27 37
33 22 34 26 33 46 30 35 25 16 35 29 41 40 35 31 34 33 34 35 32 29 40 31 37 42 31 27 40 26 22 35 35 32 30 32 35 36 26 31 31 34 25 46 39 30 39 42 22 24 40 35 26 35 37 33 31 32 30 27 36 23 26 27 37 22 39 30 42 38 40 28 41 33 36 44 29 34 36 29 28 30 32 39 39 44 39 31 22 42 28 32 50 33 41 38 34 35 27 29
36 32 31 33 34 40 32 36 34 30 24 36 35 44 31 27 36 21 23 35 27 37 25 32 19 41 28 30 31 38 16 75 26 30 47 39 32 41 32 38 34 30 30 33 28 32 30 27 26 33 21 30 23 24 25 18 28 34 28 34 28 33 24 30 17 31 37 36 27 24 19 31 34 47 31 30 30 29 22 28 31 33 34 40 34 30 31 29 28 26 27 40 21 31 31 30 34 9 23 29
28 36 41 25 25 45 28 26 19 49 24 28 29 30 31 33 32 40 38 32 36 34 33 37 42 31 26 39 49 30 28 36 42 31 35 39 39 41 32 40 34 31 22 42 30 35 32 32 46 34 28 34 37 39 38 29 18 36 46 42 33 24 41 33 36 30 36 26 34 38 22 29 37 35 28 25 32 33 27 32 31 44 46 33 35 33 28 26 39 34 43 33 41 40 25 31 27 31 24 37
28 30 33 40 41 36 35 37 29 23 34 19 28 32 28 41 21 34 35 29 31 42 39 32 36 36 36 32 29 36 28 39 42 28 25 33 30 116 64 48 62 47 27 39 30 35 37 36 41 30 34 29 44 34 30 41 31 38 35 37 40 28 48 44 43 33 27 26 32 38 31 32 30 46 39 31 32 34 26 33 38 36 31 30 41 37 16 37 44 50 41 38 31 30 36 18 30 37 44 37
38 37 36 32 46 34 27 46 34 30 27 23 35 46 48 32 21 36 37 31 22 23 27 32 32 42 37 29 23 24 33 37 23 37 34 36 40 30 35 44 41 28 30 36 30 30 33 26 33 48 38 30 21 19 37 18 34 32 33 28 37 41 31 29 38 29 43 31 38 26 47 28 32 37 45 35 41 27 20 35 19 42 21 41 28 33 36 22 37 33 37 35 30 19 26 28 10 48 37 36
25 33 15 33 32 41 34 42 39 29 37 29 32 32 33 32 30 31 20 39 31 32 23 34 30 36 30 22 28 18 36 32 42 26 42 31 54 33 37 29 41 38 35 24 37 37 24 40 46 32 32 37 27 32 32 35 24 37 31 35 30 39 34 37 20 31 30 32 28 25 27 32 34 38 42 33 32 35 25 32 27 36 37 31 28 32 31 27 39 42 39 22 30 23 31 32 31 25 18 30
38 39 32 22 25 37 44 18 34 28 30 25 25 34 28 36 34 31 35 39 33 29 24 38 28 21 28 35 27 27 31 28 34 32 42 36 42 36 43 42 35 37 22 40 34 27 34 30 32 38 16 43 23 32 33 30 42 30 36 39 29 26 33 26 33 50 32 36 33 29 35 32 42 30 32 39 41 43 39 17 39 39 27 37 33 30 39 20 34 43 44 32 28 39 25 38 30 26 37 32
49 31 43 34 32 30 28 36 33 35 41 35 34 23 31 39 32 31 31 30 38 32 36 39 32 36 41 40 15 29 34 42 37 41 30 35 42 23 37 37 30 45 30 36 45 40 39 31 38 34 42 32 32 35 41 31 32 28 34 33 37 30 46 35 34 35 28 34 22 42 25 32 23 31 33 23 29 32 34 27 30 28 35 33 32 26 20 34 29 34 36 37 43 35 34 35 30 43 34 37
28 37 35 49 28 28 50 37 24 36 18 36 33 41 31 35 33 33 13 10 40 35 39 34 23 22 35 24 34 35 29 27 24 25 21 31 31 23 26 26 31 37 31 30 35 34 35 21 39 33 15 35 33 31 29 37 28 38 31 37 46 35 27 33 35 30 29 32 28 28 19 33 32 35 41 25 33 39 34 25 36 24 27 25 27 34 26 27 31 22 36 37 38 29 31 46 35 32 34 36
35 37 30 30 29 31 26 41 41 34 36 36 29 36 32 34 38 36 32 46 31 33 34 34 42 28 32 38 37 35 39 27 27 30 37 43 38 36 30 30 33 33 36 35 40 33 41 21 23 25 40 30 41 31 33 43 41 23 17 35 25 29 34 24 33 33 40 21 27 36 35 31 23 39 35 38 34 24 20 26 45 35 31 30 41 27 24 35 39 33 25 22 36 34 39 31 30 31 29 37
29 23 32 26 35 30 34 38 35 37 37 39 43 39 26 33 31 42 35 28 36 28 40 41 34 26 45 35 45 39 36 38 20 43 20 22 31 35 30 34 32 35 31 36 35 31 32 27 33 40 35 43 33 37 32 30 28 28 29 28 33 36 38 34 26 31 40 38 25 31 30 35 33 37 41 30 32 21 31 38 39 34 32 35 20 29 34 39 33 38 34 33 39 24 40 39 25 48 44 24
22 28 28 42 26 40 31 30 34 44 34 36 41 27 36 28 30 32 26 29 40 37 30 31 26 38 29 33 30 31 26 32 32 28 36 26 48 29 37 48 29 38 28 27 44 32 28 41 40 28 45 37 28 9 38 34 37 31 41 32 30 36 24 29 31 39 23 33 31 32 42 31 27 30 37 43 35 31 38 38 31 30 31 28 35 42 28 39 23 45 26 28 43 53 31 26 29 4 41 31
27 14 41 30 25 29 38 30 34 34 33 10 26 35 41 36 39 31 35 36 26 43 33 21 25 24 30 38 30 39 35 34 25 32 24 26 21 33 35 31 29 29 29 29 30 37 21 36 26 32 39 43 20 40 39 41 33 36 40 48 15 48 26 24 30 30 45 28 26 30 15 31 32 36 25 32 26 32 30 25 29 27 21 39 23 30 35 32 32 43 39 36 28 38 41 36 31 29 27 33
38 36 42 36 31 34 32 29 22 21 30 34 36 48 32 30 38 32 29 34 20 26 48 33 44 19 27 27 25 28 37 31 39 41 34 33 37 27 34 36 31 24 30 24 35 27 41 34 32 33 29 18 29 21 20 23 35 34 31 43 22 34 47 47 33 33 44 44 45 36 41 43 35 31 32 52 26 34 34 44 27 29 46 38 31 42 24 25 27 27 27 35 35 22 41 13 43 23 37 30
25 36 34 47 30 34 36 38 14 34 27 23 30 26 42 43 28 37 40 39 32 39 31 18 35 39 44 29 31 23 41 24 27 28 45 38 31 36 42 25 30 32 46 25 29 40 26 35 22 27 22 51 18 47 40 22 30 33 27 44 49 37 29 34 29 28 40 34 32 35 28 36 34 31 32 36 29 26 35 31 37 32 26 34 35 36 35 30 43 26 33 41 30 30 36 25 25 36 34 31
29 27 22 35 41 28 21 28 29 41 25 34 31 26 35 31 28 35 31 33 40 27 35 27 27 41 38 21 29 29 40 25 36 28 38 32 35 39 25 71 30 28 30 29 44 89 31 32 34 37 25 35 22 27 39 35 39 32 35 34 22 30 28 24 26 34 28 38 38 28 40 33 32 28 46 33 30 22 44 34 35 30 26 22 30 30 31 42 38 34 29 28 28 44 36 29 30 28 36 36
32 31 29 33 27 36 22 27 32 32 30 32 44 31 24 27 31 30 34 39 23 17 29 34 33 23 32 27 32 43 41 28 28 30 22 33 32 31 33 41 33 25 40 30 26 35 21 29 25 31 38 35 36 44 39 48 36 39 37 34 29 31 24 22 41 28 31 36 35 47 36 37 32 42 31 31 40 32 29 33 37 36 34 34 27 26 43 33 27 35 29 33 41 29 28 33 46 35 36 34
45 32 43 33 14 36 35 44 30 36 27 28 36 32 33 48 32 24 22 30 30 30 36 26 38 25 46 41 34 43 32 28 31 30 30 30 25 47 38 27 39 38 37 31 39 30 34 35 30 31 28 27 37 39 38 43 31 29 39 39 36 40 24 35 27 40 37 40 24 34 32 40 41 31 34 18 18 29 32 29 19 39 50 44 28 36 26 36 31 30 26 40 30 28 25 41 38 30 33 33
45 39 30 21 39 36 38 35 31 27 45 44 50 36 20 24 34 47 30 29 32 36 30 35 23 41 32 37 29 32 34 43 31 42 49 29 42 39 31 30 29 26 22 34 38 30 37 26 52 17 21 23 35 31 34 26 40 24 32 37 40 44 37 28 36 27 27 33 27 29 30 26 33 27 34 36 19 21 38 29 21 31 27 23 32 33 32 29 26 39 27 24 36 31 36 32 17 28 35 26
21 25 30 36 34 25 31 30 34 31 27 35 39 26 34 45 45 30 30 36 41 36 33 27 26 33 21 35 33 42 41 34 44 41 37 36 28 31 38 37 33 22 41 38 36 34 35 36 32 32 30 29 29 40 42 47 48 44 33 35 40 36 27 33 20 43 25 30 37 28 14 37 38 31 35 40 21 34 32 44 43 40 43 29 29 28 28 27 27 27 28 29 23 32 32 12 37 35 35 39
36 34 38 30 40 26 32 42 21 34 26 26 40 47 50 35 28 40 31 36 36 28 27 22 33 42 38 33 38 26 36 35 36 40 37 34 43 30 32 35 33 26 16 28 33 29 30 21 37 25 42 31 45 33 30 34 32 29 41 39 34 31 33 34 35 36 28 31 38 41 39 31 47 38 35 31 26 34 33 38 35 34 31 31 35 43 21 34 38 32 22 34 29 33 32 27 21 34 31 27
30 36 29 35 38 34 27 22 34 35 32 40 31 39 38 45                                                                                    
