0.482758620689655 4087 36 39 22 36 40 25 31 22 25 24 31 31 35 43 28 15 29 25 30 22 32 31 24 33 28 25 33 29 30 32 30 28 43 40 44 25 33 39 29 24 34 27 36 27 28 33 30 15 34 33 22 40 34 30 23 25 22 26 21 32 30 23 29 27 23 32 24 27 35 27 21 35 20 30 33 30 31 28 27 36 27 26 20 30 23 22 33 25 28 31 29 40 23 28 21 28 33 29
28 36 29 26 26 23 38 37 33 27 25 22 31 39 28 29 21 32 25 38 36 34 28 41 21 22 35 28 25 71 26 19 36 19 27 33 23 27 25 25 28 29 47 29 20 30 32 42 28 23 30 39 33 23 24 24 28 21 26 37 26 27 30 37 33 30 27 34 36 27 24 22 24 30 22 42 23 30 33 33 24 23 30 19 24 36 30 26 30 29 27 30 20 29 27 52 35 21 20 13
31 29 35 33 26 32 29 24 31 24 25 31 28 21 28 23 24 20 15 30 35 30 27 28 29 35 31 34 22 25 33 25 21 27 26 22 28 26 39 12 28 39 35 34 31 35 30 31 32 20 31 26 24 36 25 23 29 30 17 22 31 35 29 24 32 37 34 21 31 33 21 33 36 25 20 31 21 33 22 26 27 27 32 35 23 28 41 32 27 18 37 28 24 27 28 18 20 30 30 34
53 39 36 38 15 37 11 31 32 35 24 46 23 25 28 21 36 35 24 23 39 28 30 31 29 24 24 28 21 18 25 30 36 26 27 31 25 31 27 27 33 19 31 38 25 26 21 25 29 24 35 33 27 24 36 32 34 28 35 32 44 23 31 34 24 29 43 31 34 26 26 24 38 31 22 25 32 29 25 27 27 25 26 37 28 26 46 36 35 20 39 41 35 28 32 27 24 35 30 38
32 26 20 30 30 27 27 22 33 25 27 23 26 21 36 28 33 40 28 34 34 29 26 32 40 30 33 34 24 24 16 21 38 29 30 27 23 22 21 28 26 35 32 42 24 18 36 23 28 21 19 28 20 30 30 24 31 30 31 31 30 31 28 36 30 29 35 31 35 39 27 39 27 30 37 24 31 26 25 35 32 17 32 34 20 19 23 35 31 29 35 29 48 26 33 29 24 23 19 23
26 33 41 28 27 34 28 31 39 37 22 33 37 19 25 27 35 28 24 31 30 34 27 22 39 26 42 30 16 33 41 27 34 43 32 34 28 27 22 31 35 21 28 26 37 18 40 25 29 28 28 22 25 23 26 21 35 27 23 37 36 33 29 29 26 35 27 31 24 33 13 27 22 28 29 25 28 34 32 24 32 22 30 31 33 22 30 33 27 35 36 20 37 31 17 27 27 22 33 13
29 22 25 27 37 44 35 25 39 38 35 20 41 29 29 28 40 32 28 26 24 21 18 35 28 24 34 31 45 20 25 28 30 35 22 30 29 25 27 29 35 31 39 21 31 29 26 18 30 29 34 40 17 27 21 29 24 36 20 26 35 32 29 21 28 37 23 28 24 31 23 32 36 36 36 29 30 33 28 23 28 37 39 32 37 24 28 28 32 36 35 23 36 41 25 25 25 18 35 25
28 26 20 26 30 38 25 34 28 28 34 31 24 21 34 33 24 27 24 24 24 37 36 30 29 29 29 34 22 27 32 32 28 33 23 29 49 33 31 34 27 25 23 20 39 27 21 43 34 25 17 33 28 23 30 21 26 22 31 37 35 35 41 39 32 20 31 37 32 21 32 20 29 29 24 23 34 32 31 33 36 34 23 38 27 32 30 31 27 32 23 36 24 21 21 22 28 38 34 37
36 24 29 27 27 25 29 24 28 29 31 24 36 20 29 22 31 23 35 24 26 31 37 27 22 28 28 31 30 30 28 21 23 23 30 24 25 30 23 36 14 32 36 19 29 31 21 30 35 35 36 25 33 39 40 27 29 27 35 24 21 27 29 27 27 24 33 35 23 27 34 29 30 25 22 38 28 27 24 44 31 30 24 37 38 35 27 26 30 41 36 27 26 33 59 33 22 31 27 32
32 32 30 41 23 44 20 30 31 29 36 34 33 28 26 23 32 48 28 26 31 32 25 25 32 31 29 32 32 26 42 37 24 31 32 31 31 28 26 25 29 30 32 28 33 31 30 34 38 30 43 23 43 29 34 30 28 33 11 32 33 17 28 18 36 25 28 39 30 34 33 26 33 32 32 26 29 30 41 35 23 35 27 40 36 34 26 25 26 24 25 36 40 22 30 25 25 27 28 28
23 35 27 33 21 23 32 34 40 25 41 38 24 41 25 28 25 33 29 35 39 26 83 30 28 9 91 31 34 22 34 25 26 26 32 27 37 20 37 34 23 26 24 40 26 29 41 31 18 33 27 28 34 29 25 27 38 35 26 31 37 26 33 25 30 30 28 40 33 20 35 29 26 26 31 28 41 27 35 31 18 28 39 27 40 26 26 30 34 30 35 28 29 31 32 30 41 25 24 23
29 30 28 27 29 25 39 48 27 26 25 31 28 21 32 34 24 26 18 26 41 34 24 22 35 28 28 26 26 33 21 21 31 27 36 19 26 34 30 19 35 28 26 38 23 22 30 34 27 23 29 29 23 35 37 35 25 22 31 23 27 37 36 22 24 26 24 43 37 20 30 33 23 28 22 37 58 50 64 35 22 24 26 43 29 28 39 29 27 47 28 21 32 21 24 13 37 24 21 37
30 44 36 35 29 13 24 40 32 31 40 33 26 37 29 25 22 25 28 29 29 17 27 25 23 22 24 25 37 34 24 22 24 32 20 38 24 19 24 34 27 29 29 31 25 22 29 37 30 20 26 34 14 29 38 29 26 21 46 28 30 27 20 20 32 33 33 31 38 27 29 23 13 40 28 41 44 28 25 30 30 40 28 33 28 37 32 33 26 22 31 21 30 39 37 39 31 47 30 23
25 35 28 39 30 36 30 25 30 22 34 29 38 33 38 30 38 29 22 29 26 28 38 38 33 33 24 28 34 39 40 19 34 24 21 25 30 37 34 37 26 25 33 27 31 25 35 33 20 25 31 34 32 29 25 23 16 21 32 20 28 19 35 27 37 15 34 32 22 38 23 17 35 35 40 28 35 21 24 33 26 32 29 34 26 36 29 23 25 30 37 33 26 31 34 33 26 26 17 18
25 21 35 22 32 47 24 33 34 28 19 30 46 27 28 37 39 33 20 24 20 32 26 28 32 31 34 32 31 26 28 31 19 23 22 28 37 32 29 28 32 29 32 20 22 30 36 31 31 28 26 29 22 38 29 36 30 34 38 23 35 23 29 18 29 34 19 23 29 30 22 34 23 30 41 32 33 27 29 35 30 23 27 33 32 27 32 32 25 21 40 28 26 37 39 36 20 36 25 28
37 30 36 27 18 28 27 27 28 22 31 30 27 27 24 40 29 33 33 20 36 39 29 33 28 15 25 24 52 36 20 34 29 37 32 23 26 28 27 30 26 25 30 34 24 32 41 22 25 25 27 32 27 26 30 27 29 25 18 29 29 24 26 23 25 21 21 32 24 20 18 31 40 30 42 41 29 22 28 24 33 28 28 18 27 20 28 22 26 41 23 25 31 27 26 47 48 44 18 27
30 28 27 28 25 38 39 43 30 26 22 36 36 31 33 34 38 21 24 29 19 23 26 24 29 33 33 32 39 37 39 40 22 34 31 28 24 34 22 34 28 29 30 26 30 17 39 36 36 27 25 29 35 38 40 23 31 27 30 34 32 23 29 34 36 22 31 28 33 28 15 24 29 25 26 32 30 34 31 44 22 19 31 27 37 29 27 31 27 25 31 34 26 22 38 32 38 18 24 33
28 31 21 32 33 31 30 30 40 26 40 38 21 34 35 30 42 31 31 36 25 26 23 41 31 23 36 29 25 35 24 32 24 32 31 27 28 26 33 25 28 30 41 31 34 27 36 25 42 18 39 29 30 23 20 24 27 25 26 44 39 39 29 25 42 38 38 22 29 35 31 30 28 22 24 50 32 35 28 22 37 35 29 30 31 25 34 27 30 33 40 36 36 27 28 38 20 36 31 23
27 37 25 27 30 27 26 25 34 27 23 19 34 40 32 22 33 22 24 29 27 29 32 33 30 31 34 31 28 27 33 25 29 22 31 35 22 25 25 33 26 28 30 28 37 27 24 23 29 23 20 30 28 29 37 25 20 33 29 34 30 14 22 30 30 31 19 32 25 28 24 30 24 35 27 31 20 36 36 30 25 26 35 27 22 28 38 29 30 42 42 38 25 33 21 10 36 32 33 20
45 21 31 29 35 27 37 19 40 17 43 33 38 38 43 31 27 36 27 32 29 31 21 30 28 25 20 22 32 27 31 33 11 28 32 40 25 34 35 36 37 34 33 32 44 15 26 24 28 36 21 34 20 26 31 42 28 34 31 23 43 20 45 43 29 29 34 23 37 41 43 20 35 26 33 36 27 18 31 32 28 28 28 20 39 28 22 32 27 26 24 22 21 29 22 34 17 34 24 29
24 38 42 31 33 34 21 33 41 30 27 30 33 32 21 29 11 27 24 33 32 33 30 30 51 20 29 29 34 29 30 29 35 33 34 36 11 24 46 34 23 28 25 31 25 19 26 32 26 26 26 26 27 26 25 34 31 29 30 40 26 28 21 22 27 31 23 33 30 34 23 31 28 22 32 21 27 30 26 16 21 23 36 20 20 36 27 34 38 34 26 22 28 32 35 33 25 24 31 25
18 37 33 27 28 20 36 31 28 37 27 30 31 32 26 37 41 21 28 33 38 27 35 25 29 23 23 30 21 21 17 39 30 24 22 39 28 36 23 26 28 26 33 31 24 21 26 31 20 31 16 33 32 36 25 27 27 15 19 36 25 29 25 29 25 19 26 25 36 34 28 35 40 29 17 29 23 28 37 27 29 33 19 29 31 17 25 37 30 30 34 22 22 24 36 29 17 36 27 25
25 43 32 35 37 28 20 23 33 36 34 25 23 16 22 24 31 21 27 15 32 17 39 30 36 21 34 35 36 22 33 15 30 25 22 40 44 22 20 25 34 21 31 24 32 31 28 18 35 34 32 38 33 23 30 30 35 21 26 22 17 34 32 39 38 32 21 24 25 36 24 17 26 33 25 29 23 30 30 27 28 25 43 28 29 20 26 18 23 29 33 23 20 30 43 34 34 40 19 30
31 27 36 26 31 27 36 21 18 23 33 46 31 21 26 25 29 24 28 29 24 37 28 38 20 37 31 25 27 33 19 23 25 30 27 28 36 36 34 28 41 33 37 29 34 6 31 34 34 43 30 31 19 31 31 20 25 23 32 34 27 26 31 36 25 32 38 34 33 23 33 27 24 26 25 32 20 33 27 22 26 34 32 14 28 25 31 25 39 39 16 43 32 29 29 29 29 31 24 23
34 32 28 25 21 25 41 34 21 27 27 27 30 33 44 27 24 28 41 19 28 26 29 27 46 37 41 19 22 24 29 13 36 21 22 29 25 26 31 45 27 24 20 33 16 18 31 38 24 28 25 21 28 29 31 21 36 25 23 29 30 28 32 22 20 26 37 25 29 25 23 36 33 24 24 32 23 35 24 36 29 35 38 32 23 27 29 31 22 23 29 32 25 32 30 25 26 30 30 32
24 37 27 30 30 26 27 40 27 25 28 23 22 30 25 23 30 27 34 27 24 15 21 30 24 30 20 31 30 30 23 27 18 35 30 21 26 30 29 21 28 29 41 35 22 32 28 22 38 26 37 33 33 28 20 26 28 19 23 26 26 29 21 24 29 29 28 26 24 26 34 27 25 33 28 26 22 21 15 24 29 36 28 34 30 22 19 23 33 29 32 23 27 19 33 31 27 33 27 27
49 31 32 29 24 30 25 40 36 28 33 25 31 20 27 36 32 27 27 28 31 21 26 25 30 27 24 31 32 26 30 30 29 31 24 31 26 29 16 23 39 26 27 36 36 33 41 24 31 29 37 19 22 18 36 23 20 27 36 20 21 22 22 27 23 23 25 18 24 30 27 23 32 25 38 30 23 31 24 27 34 39 20 23 16 29 26 34 30 32 17 33 26 39 28 34 28 17 32 35
25 26 22 23 22 29 28 36 41 23 35 18 32 22 22 31 31 24 21 30 26 25 40 33 30 28 19 36 38 33 28 26 19 21 27 25 31 27 30 19 27 30 28 30 28 21 26 26 36 35 18 27 31 28 28 31 25 26 24 28 24 32 18 31 22 28 27 41 17 29 31 24 39 26 33 18 24 32 27 26 27 14 36 24 22 24 28 28 18 37 30 48 37 29 46 27 34 27 36 27
20 37 24 31 22 29 25 19 41 39 37 20 19 36 28 26 33 28 28 29 30 31 28 24 34 27 29 29 24 31 36 39 26 26 33 18 24 27 27 36 27 17 28 21 21 29 32 22 37 25 19 31 32 22 21 18 26 26 31 21 36 32 33 31 31 22 27 21 24 29 18 32 31 26 35 31 15 23 34 24 27 29 19 31 29 28 32 31 37 25 22 36 35 37 22 28 27 37 23 31
26 22 23 22 35 36 26 26 23 25 24 15 39 25 22 28 25 28 20 27 25 18 18 32 24 14 32 36 26 26 32 27 24 35 29 28 41 17 19 30 20 24 37 33 33 24 30 31 30 23 28 21 18 28 32 31 36 21 18 20 23 32 26 21 36 40 22 21 18 15 22 35 21 25 44 35 28 30 28 25 28 28 24 29 34 22 23 33 23 36 22 37 26 35 24 32 42 25 22 28
23 30 27 36 20 24 36 35 39 33 28 31 29 27 30 40 21 40 34 22 29 21 24 13 28 25 26 27 37 28 28 34 36 29 21 20 35 24 21 30 19 32 25 31 25 26 20 28 33 23 20 26 35 26 31 30 43 32 29 34 27 38 35 33 33 16 26 25 22 14 20 38 30 31 20 29 26 28 28 33 28 25 31 30 27 29 22 16 33 27 41 30 23 27 33 23 25 27 28 13
24 27 23 29 32 39 23 23 28 28 33 24 33 22 33 34 36 23 34 29 31 30 27 41 28 31 32 34 32 30 27 22 32 28 24 26 37 25 33 25 44 28 36 30 26 28 40 22 31 31 16 28 21 28 24 35 26 23 23 38 33 22 29 34 28 23 30 12 20 25 33 38 40 15 29 27 24 32 18 24 26 22 27 34 21 26 27 24 27 29 25 25 42 15 26 29 33 33 33 25
25 29 26 38 32 30 27 25 23 21 20 25 14 42 26 28 25 25 41 33 28 27 21 36 23 23 28 24 18 36 27 25 31 25 28 25 28 27 33 35 27 21 30 23 35 24 24 33 22 32 34 28 23 28 18 31 24 29 22 25 27 29 23 25 31 18 39 20 30 28 28 21 43 28 28 29 29 23 23 33 29 35 29 31 31 32 40 32 34 29 21 17 24 29 26 29 25 28 24 26
31 26 41 27 21 27 24 17 14 28 24 25 28 34 29 24 39 29 35 36 25 34 31 27 29 29 24 30 21 33 28 30 22 40 28 28 22 21 30 35 19 23 20 18 39 29 31 27 27 32 29 31 18 33 35 32 33 28 27 24 32 26 25 37 39 50 20 37 20 17 21 16 30 38 30 26 30 20 34 31 34 24 18 24 24 27 30 28 32 21 32 38 27 25 28 28 29 24 14 24
30 24 34 26 22 24 19 20 20 31 34 30 29 28 27 24 25 26 32 27 31 32 26 20 35 31 25 26 24 32 27 43 26 32 19 29 29 29 28 32 36 23 33 25 33 29 31 28 20 29 24 38 30 30 31 28 33 31 30 25 26 26 27 37 30 26 18 29 35 27 36 27 35 33 30 24 31 16 26 28 25 27 19 28 24 26 30 25 39 35 32 26 24 23 25 22 24 41 23 32
32 35 29 28 23 30 27 36 33 26 33 32 31 36 35 32 32 28 29 30 16 42 24 12 28 32 23 27 26 28 24 28 24 28 25 31 29 21 30 26 33 40 30 26 26 27 36 31 27 20 37 41 18 21 26 29 28 28 27 38 22 28 27 35 26 33 23 24 28 33 32 28 24 29 22 19 28 25 27 28 38 40 20 22 35 26 30 29 26 9 29 22 18 34 27 38 27 26 30 31
29 27 23 40 34 27 34 31 39 27 28 31 16 32 23 26 25 33 26 29 25 27 29 30 28 22 32 36 27 27 22 31 24 40 27 48 34 32 36 28 26 26 24 16 31 31 26 33 28 19 29 32 26 24 25 35 43 36 44 29 35 25 22 32 25 26 37 23 27 22 27 34 43 25 23 31 31 24 20 46 22 19 22 22 25 25 25 28 33 34 40 31 36 32 32 31 30 25 27 17
26 23 32 28 24 21 30 32 25 31 21 16 29 20 35 27 23 38 26 28 37 33 20 41 27 36 22 34 29 31 36 26 31 19 36 25 23 32 37 40 30 25 34 25 28 25 23 27 25 25 28 36 29 33 36 16 38 28 22 27 28 32 27 30 27 33 21 22 43 25 33 31 24 28 23 26 32 34 29 20 34 30 25 24 35 29 27 26 21 32 36 21 34 14 34 30 27 37 18 45
29 31 25 26 28 28 25 18 29 28 33 28 30 26 34 31 28 31 27 10 22 43 22 19 34 32 28 28 22 34 26 37 34 22 29 34 29 22 21 33 30 27 29 32 34 28 27 28 23 16 24 24 24 25 38 32 33 20 33 27 36 29 38 34 38 27 26 21 30 38 23 29 42 26 16 25 26 37 35 34 30 30 38 26 31 24 34 21 28 30 21 12 33 25 19 26 31 33 20 29
29 26 37 22 37 29 33 26 28 24 30 26 33 28 23 30 27 37 36 26 21 39 17 34 25 32 22 36 25 43 19 27 32 31 21 24 30 40 31 31 25 20 27 24 22 32 34 32 27 35 39 32 33 28 23 20 20 11 37 17 21 39 20 29 38 31 22 28 30 29 28 33 24 33 28 30 23 36 23 26 28 30 26 23 22 41 25 22 40 41 25 29 21 26 35 33 33 29 23 41
23 43 34 24 33 37 29 28 32 26 32 37 23 28 23 29 25 22 17 26 30 23 25 32 23 25 29 26 28 29 27 25 33 25 18 33 17 31 35 29 27 23 24 30 24 19 20 23 27 30 28 19 17 30 30 31 32 21 26 32 27 30 21 36 27 32 35 25 29 35 25 27 36 27 30 26 30 28 22 33 29 28 28 28 32 27 30 27 24           
