0.484848484848485 3133 26 28 32 25 32 26 27 37 26 27 34 38 32 25 39 42 31 22 33 26 21 22 19 38 22 38 36 28 32 36 36 42 21 36 27 26 46 38 26 21 24 38 36 26 28 28 27 29 27 41 34 30 22 29 45 32 36 37 28 30 27 26 24 28 32 23 38 32 27 21 30 27 33 30 29 36 26 21 25 22 31 39 31 17 26 24 26 34 23 30 20 35 45 28 34 28 24 23
39 46 20 35 29 25 28 28 25 27 35 31 24 35 42 28 35 29 103 27 98 30 26 27 19 33 26 25 25 31 23 25 31 35 29 28 29 32 25 36 35 29 37 36 37 26 28 30 36 24 34 18 24 23 23 36 20 32 30 20 28 23 31 24 43 27 40 27 30 12 21 30 26 27 38 31 24 27 37 29 37 25 26 33 22 33 27 27 32 37 25 43 39 29 24 28 25 41 30 33
21 21 23 39 26 26 33 26 28 36 23 13 35 36 35 25 44 23 32 24 33 29 35 34 28 35 32 33 29 24 39 41 29 34 20 35 29 39 29 38 26 24 25 22 26 31 32 24 28 25 28 34 38 29 38 8 25 30 24 27 27 33 19 42 26 13 24 34 37 28 23 32 30 42 7 35 28 29 34 34 34 32 31 22 32 42 24 27 50 38 36 34 27 31 28 28 26 18 34 29
34 29 32 21 31 31 24 28 44 34 35 34 19 47 31 22 32 21 33 27 25 31 36 41 27 27 31 22 17 29 30 42 18 29 33 25 33 30 29 33 33 27 31 30 25 28 36 32 26 35 47 30 39 20 33 28 48 35 37 39 31 31 26 28 32 24 29 34 39 30 34 35 28 37 30 31 34 31 34 23 35 29 30 43 31 17 24 30 37 43 26 36 35 37 43 27 33 26 33 20
27 28 18 22 34 25 32 21 32 25 33 26 44 29 29 27 26 26 31 33 28 25 24 32 22 34 40 14 33 27 31 32 30 24 36 27 35 21 25 21 31 35 20 33 41 28 36 25 33 27 31 39 34 39 34 27 36 37 29 29 24 46 25 27 21 29 29 24 29 36 33 37 29 30 34 25 44 31 40 36 31 26 36 29 29 27 36 30 37 41 33 45 40 24 34 19 25 25 36 28
32 34 30 23 14 24 27 32 34 35 27 36 38 81 30 22 19 25 36 32 28 27 27 42 36 43 29 35 32 34 19 36 37 41 24 34 35 27 33 21 29 29 17 29 15 20 30 27 28 25 30 28 34 30 26 32 45 32 30 23 40 32 33 31 32 23 33 18 27 26 32 34 24 32 34 34 32 32 45 24 30 30 29 26 35 24 28 33 27 30 32 20 36 27 39 28 29 17 26 18
39 30 26 27 30 30 33 37 26 30 30 34 18 33 30 27 34 30 27 28 26 34 34 36 28 27 42 32 31 28 34 30 38 25 31 25 35 28 21 25 19 31 16 33 38 30 37 26 39 28 19 32 25 28 35 25 37 30 25 22 29 30 22 32 33 26 26 19 32 27 24 26 27 30 30 40 29 25 22 26 46 38 36 29 31 21 24 23 23 21 27 40 34 37 25 27 34 35 25 14
32 24 30 16 27 38 30 28 13 21 33 36 27 32 32 23 26 37 27 39 40 28 35 37 31 25 27 24 31 31 33 20 18 29 37 31 38 50 28 31 37 25 34 33 24 43 38 28 43 16 26 33 27 27 28 45 46 24 29 26 26 20 26 30 28 30 24 39 24 26 32 34 27 35 28 28 28 47 47 32 34 30 31 30 42 36 29 25 39 28 42 37 32 35 40 31 25 30 21 33
33 32 22 36 34 32 33 32 31 24 19 24 30 36 24 18 36 24 31 27 26 33 22 32 29 37 18 29 23 34 26 35 27 35 30 26 27 31 32 27 20 35 41 37 49 29 23 34 24 35 98 87 11 54 50 26 30 24 33 31 26 31 29 24 36 24 27 42 33 38 33 24 14 36 33 30 23 26 36 27 45 23 14 24 38 32 16 29 38 36 40 34 33 24 25 34 21 47 29 40
32 35 33 42 35 39 37 30 38 25 19 45 32 29 25 32 30 29 23 20 34 27 27 29 19 35 26 25 34 25 26 28 30 32 29 28 35 41 23 35 29 23 42 30 30 34 30 33 24 31 54 34 37 30 26 34 16 24 39 55 31 20 40 38 37 26 28 29 31 31 32 24 30 35 28 27 34 28 31 36 29 38 30 31 33 26 38 31 30 41 29 26 11 27 28 34 38 38 32 35
30 33 34 26 31 18 25 39 33 27 25 22 34 25 37 32 22 25 25 28 38 33 31 28 27 29 29 29 32 29 22 36 34 30 36 31 32 27 26 30 36 23 29 35 40 26 10 31 38 30 29 35 31 35 18 21 25 31 43 28 34 26 42 34 34 39 29 30 29 34 20 28 37 31 32 30 29 30 27 33 38 38 29 30 36 22 11 17 24 34 38 28 28 35 34 21 35 34 25 34
29 30 28 35 34 16 29 33 34 29 21 36 22 21 21 12 28 28 30 30 39 29 31 14 25 21 27 26 34 32 39 49 36 39 27 29 28 23 23 32 27 28 36 25 29 39 29 33 44 29 26 25 25 24 27 36 25 31 38 24 35 19 18 26 20 30 34 19 38 33 34 42 33 28 26 23 19 36 28 32 25 28 34 40 22 24 21 41 38 29 25 38 22 37 37 27 35 46 43 25
24 32 46 23 33 31 31 18 32 31 26 32 32 27 26 39 26 35 31 25 19 32 46 29 36 30 32 33 36 31 28 38 34 36 32 24 42 31 30 29 40 39 25 30 37 16 34 35 21 30 24 37 38 37 23 35 29 30 34 28 28 27 24 26 28 25 21 39 25 24 30 36 30 41 29 35 29 34 25 38 40 31 43 28 27 26 35 28 23 16 36 25 31 33 19 33 30 31 34 29
24 17 32 34 32 21 23 26 21 24 35 23 21 25 29 30 26 45 31 22 36 36 33 18 39 32 34 23 27 28 25 12 25 33 26 54 62 25 29 42 29 39 35 23 19 24 21 27 38 28 18 28 27 25 40 27 31 31 18 32 27 16 30 27 37 24 32 23 19 24 36 21 30 33 22 23 32 36 30 24 28 16 23 30 30 26 35 18 37 43 31 17 23 29 32 33 36 20 29 41
35 29 33 26 38 30 32 20 34 33 34 35 34 31 28 30 39 19 30 37 37 28 34 35 43 49 22 27 24 31 29 26 37 36 30 16 24 36 31 35 35 25 32 35 22 37 18 27 29 23 19 34 32 28 38 35 32 31 27 32 32 24 32 27 26 36 21 27 21 39 38 23 35 43 33 40 32 36 41 43 26 28 34 33 29 22 27 29 28 34 34 33 39 36 32 30 32 27 41 34
20 24 17 28 27 24 31 44 57 56 70 18 34 28 17 41 30 33 34 39 25 22 24 37 41 28 29 41 32 28 29 20 27 30 25 7 41 34 38 34 38 24 40 22 30 26 42 29 31 31 35 33 33 54 34 38 29 31 47 24 27 29 29 31 33 27 30 30 21 19 35 19 38 20 30 30 22 29 32 24 34 29 36 35 39 32 10 25 23 29 38 26 43 35 34 27 22 35 32 28
28 29 26 30 27 31 30 18 22 32 39 32 33 28 28 30 26 37 25 28 20 29 36 33 28 17 40 25 27 35 20 25 28 28 30 32 20 28 38 24 29 17 31 28 35 38 31 35 30 35 32 26 40 36 26 15 37 29 37 34 41 29 32 30 29 37 35 20 31 41 27 30 25 31 24 35 33 28 33 25 23 26 29 34 31 36 29 31 31 25 30 38 29 37 33 28 38 33 26 32
34 43 33 37 21 31 25 37 29 26 26 32 28 35 20 34 42 33 30 29 30 29 27 27 27 33 26 27 33 28 36 22 16 33 27 20 23 34 40 36 25 29 29 41 32 32 29 36 33 35 34 25 22 29 17 42 37 26 32 31 17 24 30 25 41 34 23 19 31 29 28 29 33 51 30 28 36 25 28 23 26 32 31 28 32 31 35 32 33 27 23 32 32 25 29 35 43 30 30 31
29 26 40 37 26 36 30 32 43 23 34 27 28 20 25 24 37 29 30 33 38 26 33 25 36 26 33 22 29 27 30 30 30 47 26 23 30 23 30 28 36 35 30 30 43 29 23 32 21 34 33 23 26 27 40 19 35 25 22 31 33 34 35 39 31 31 28 32 34 23 30 36 23 22 29 29 26 14 40 20 40 31 32 31 28 31 23 23 41 29 26 26 27 39 37 21 19 33 32 33
38 22 40 32 26 24 35 29 39 21 28 26 25 28 39 29 40 32 26 23 36 21 30 30 32 24 31 31 30 26 32 25 32 38 32 24 20 32 48 31 30 18 31 24 29 30 26 32 38 23 21 29 20 20 40 28 30 31 34 32 34 32 34 25 32 28 26 26 25 30 30 29 33 23 38 42 27 33 24 25 9 34 26 38 27 36 29 25 7 33 24 13 35 41 28 39 29 14 32 31
38 33 36 37 26 21 45 31 34 15 21 35 35 37 30 34 26 27 29 29 32 22 43 33 43 33 29 24 15 20 24 27 30 35 25 38 26 31 24 36 19 30 40 34 26 30 30 31 23 29 35 34 24 36 27 27 24 35 28 23 34 31 21 27 34 24 31 35 30 30 33 31 33 35 22 32 35 28 30 26 32 37 37 26 25 31 32 34 38 29 21 32 24 23 26 33 26 25 36 21
21 36 20 28 38 21 27 38 31 28 39 41 33 22 20 33 27 42 21 29 37 27 31 29 35 39 24 36 32 34 40 41 29 15 29 32 29 36 33 21 18 24 27 36 18 38 28 33 25 26 23 21 22 38 24 24 22 28 28 37 35 34 32 39 40 32 27 30 29 28 29 27 30 25 31 20 40 21 38 25 12 24 26 31 23 33 27 28 22 19 27 25 22 26 31 34 31 34 27 37
30 37 20 25 32 34 37 26 37 24 29 27 34 27 28 30 30 33 41 23 31 33 19 28 20 38 30 34 40 19 29 32 27 25 27 33 29 21 25 22 25 20 25 33 37 31 25 28 25 29 32 35 36 34 28 25 32 32 36 28 30 12 28 34 33 34 35 30 24 33 29 29 32 34 32 34 25 37 23 33 33 39 26 20 22 22 26 28 30 34 33 21 35 31 21 41 22 20 38 33
31 37 23 20 30 39 22 37 30 26 30 36 39 29 22 37 32 23 20 17 30 27 28 22 30 32 32 27 34 35 24 35 39 35 31 29 23 34 34 20 28 31 28 26 35 37 30 18 25 34 34 19 31 42 35 27 23 29 21 25 29 30 27 25 22 22 31 32 26 29 16 27 25 41 14 34 26 28 25 37 28 28 31 29 19 35 38 25 26 32 23 26 29 38 26 31 27 19 35 25
24 28 26 29 29 37 34 36 26 38 36 42 21 29 28 28 33 40 32 29 38 42 42 36 38 32 34 38 31 35 46 34 43 25 25 35 31 31 24 31 31 29 34 25 34 34 38 34 27 31 25 29 25 25 26 24 34 23 26 33 29 24 28 26 25 27 34 34 28 38 23 27 24 23 33 23 40 30 34 17 20 32 31 27 34 34 39 28 32 27 27 30 25 24 25 23 28 31 23 31
12 29 35 9 23 30 32 34 37 17 33 19 35 24 28 29 27 31 28 17 33 26 32 35 26 45 28 27 24 30 30 23 30 27 21 29 19 33 29 20 26 25 26 36 37 40 33 30 31 30 38 31 28 33 33 32 34 37 25 30 34 28 36 20 33 33 34 37 28 26 33 33 38 31 35 30 35 32 29 31 37 30 36 35 37 24 22 23 33 33 32 29 26 31 33 25 29 28 20 29
33 39 34 30 32 37 31 23 30 43 25 19 22 25 63 18 24 17 13 29 27 26 33 32 26 26 12 18 25 30 38 30 18 28 39 18 25 35 41 43 30 32 14 29 34 25 37 32 37 32 19 28 30 28 26 26 32 25 33 30 36 39 23 35 32 26 30 27 36 34 20 32 36 39 25 38 30 33 27 33 29 36 29 26 33 24 38 33 35 26 26 29 29 28 29 36 20 26 40 31
33 35 27 23 27 38 37 24 28 20 29 26 33 25 20 33 26 33 17 31 27 25 31 32 27 23 28 22 22 34 24 32 34 21 37 31 27 35 21 34 28 29 35 42 37 29 39 27 25 26 34 25 27 30 31 39 43 31 36 21 23 24 32 33 31 35 27 31 30 22 22 41 31 39 20 26 28 30 35 36 25 39 26 26 26 21 18 38 31 39 36 32 23 43 22 30 41 27 30 25
23 31 30 26 30 31 28 31 33 20 25 34 32 31 25 26 22 31 29 34 27 27 25 43 24 18 26 24 26 22 36 32 28 31 8 38 28 41 33 23 22 32 26 27 36 24 35 23 26 29 29 33 20 31 34 31 30 20 28 27 25 35 29 44 37 21 29 28 26 23 29 39 32 30 37 30 30 26 28 28 24 36 33 29 29 21 30 39 25 30 25 26 35 28 35 26 29 29 37 34
35 19 29 27 23 21 30 29 29 38 24 24 30 22 27 29 20 19 34 23 30 29 37 32 33 33 30 26 32 31 27 32 22 27 34 30 28 33 22 23 34 39 44 38 37 36 27 20 22 35 39 27 17 31 21 27 21 26 27 35 35 22 34 30 24 25 21 50 45 34 29 30 36 20 30 17 26 27 32 38 30 31 24 38 32 21 27 25 30 19 33 34 38 23 33 36 34 44 18 30
37 28 25 27 30 22 30 28 27 20 32 28 21 42 38 26 19 19 37 33 38 27 31 27 30 26 21 23 28 9 27 28 22 34 42 31 35 28 36 36 19 24 35 46 29 21 29 23 26 29 40 34 42 22 29 23 28 21 26 14 32 32 39 37 33 24 33 30 31 33 21 35 21 29 36 30 44 37 34 23 29 29 20 47 34 27 32 39 39 21 35 32 28 26 26 12 29 32 30 27
14 26 32 29 33 29 25 26 39 21 25 28 28 20 31 26 33 38 27 33 21 31 23 21 23 24 32 26 30 27 30 35 38 25 30                                                                 
