0.375 3578 31 34 32 27 29 37 42 38 29 20 20 23 41 31 27 35 29 35 29 30 27 43 29 35 14 25 38 28 32 26 34 37 40 31 23 34 30 46 25 29 30 31 40 29 24 35 23 40 43 28 31 39 35 35 33 28 35 47 32 29 36 34 25 32 29 38 42 25 30 31 36 47 32 18 27 37 33 32 28 32 34 36 34 43 34 36 22 29 49 32 34 39 26 35 25 41 39 42
52 26 30 39 31 51 24 36 30 28 30 34 35 37 34 36 34 44 28 29 41 24 29 26 22 34 41 36 24 35 28 24 41 39 26 32 29 59 67 33 59 26 32 32 41 30 33 36 23 42 26 38 37 38 39 27 32 34 43 33 22 31 32 35 40 24 28 39 27 27 36 28 35 17 28 25 24 36 31 32 27 26 35 31 32 32 43 26 35 42 63 41 28 29 42 24 49 32 25 25
33 41 24 43 27 40 27 44 33 30 30 30 36 30 31 32 33 30 28 38 40 48 32 34 25 33 24 25 37 26 44 32 34 37 34 30 43 34 29 29 51 35 34 21 38 49 31 33 23 31 38 34 16 25 29 40 34 24 37 30 23 21 33 33 27 34 27 37 28 35 31 41 36 33 35 32 48 39 38 32 36 42 28 33 39 21 37 41 44 35 36 44 44 22 39 27 36 27 32 52
29 19 42 44 44 32 25 32 35 48 29 26 34 31 39 31 24 25 36 38 33 21 39 43 33 24 28 36 35 31 36 49 46 34 33 30 38 33 32 40 31 36 30 26 38 37 28 35 35 31 44 38 34 32 39 47 34 44 33 35 40 44 38 27 30 34 39 35 37 34 32 26 27 32 35 40 34 31 38 40 32 40 26 34 39 27 28 35 37 31 47 33 22 22 40 26 33 41 33 31
33 34 20 44 23 26 41 41 44 19 22 31 33 11 36 29 30 43 25 32 34 35 30 35 31 31 35 30 20 31 41 32 29 28 35 12 39 43 37 37 28 22 36 32 36 43 29 34 36 32 37 51 53 23 37 25 36 34 32 29 27 32 51 42 28 37 30 29 30 31 29 40 32 48 28 29 31 44 27 37 22 35 34 23 32 29 35 32 43 38 37 36 40 30 35 29 36 40 48 45
41 32 28 33 31 33 30 40 31 33 31 24 27 10 31 36 43 33 39 31 38 37 38 36 32 40 51 39 32 37 52 29 27 28 36 26 20 33 49 45 38 47 33 31 29 21 40 35 28 35 36 35 31 23 32 25 26 24 37 40 57 39 31 40 37 10 34 27 41 14 38 30 25 33 27 34 40 40 33 37 33 27 30 33 32 29 36 27 36 26 44 30 45 39 29 39 30 37 31 25
32 31 35 33 41 37 29 32 31 18 24 34 23 21 25 20 41 34 38 42 31 35 32 32 28 40 34 25 35 25 32 46 38 26 32 22 32 41 27 36 30 34 34 31 29 29 35 26 31 26 28 35 36 29 22 27 34 35 28 40 31 52 20 36 31 31 32 35 44 17 24 28 47 46 39 29 39 32 29 42 37 36 25 27 47 30 38 31 28 39 30 31 32 26 31 28 41 31 21 29
46 37 34 33 25 38 31 21 37 39 29 39 30 23 36 27 31 33 37 42 29 34 22 36 27 32 26 27 47 34 32 31 25 37 32 37 32 33 47 33 33 42 41 36 34 37 34 35 34 39 33 39 24 20 33 34 34 32 24 36 45 30 42 43 25 16 33 42 41 43 40 28 46 34 30 30 25 40 36 34 32 32 30 35 32 29 42 31 36 37 32 40 23 29 34 27 28 29 28 38
38 27 26 15 33 33 47 37 37 28 42 30 32 31 34 35 37 33 25 36 51 32 22 32 26 37 32 35 24 40 26 35 44 31 44 23 35 27 36 29 30 22 26 26 35 35 29 44 39 29 29 23 40 34 36 24 33 34 42 40 34 34 33 28 24 40 36 31 38 83 73 56 45 23 39 28 43 28 34 38 34 34 31 31 21 22 36 33 38 30 34 34 40 37 38 36 37 31 40 38
38 44 33 39 39 48 35 31 32 29 26 27 28 36 41 38 31 35 36 39 26 29 35 45 45 47 35 38 33 42 32 47 36 26 30 56 30 38 38 49 37 34 32 42 43 38 44 33 31 37 36 34 33 36 30 33 39 40 36 42 32 38 35 25 36 34 22 26 32 36 27 7 29 98 113 131 44 27 31 34 36 34 41 38 34 24 41 22 31 40 39 29 34 34 30 41 33 28 28 29
40 35 27 32 33 26 27 54 28 34 28 30 49 18 33 27 36 27 33 28 28 29 24 34 27 38 51 44 36 31 34 24 28 33 36 37 32 33 33 33 29 28 29 42 33 42 38 46 50 28 27 29 25 39 30 20 46 33 21 25 31 31 30 27 31 29 39 28 33 25 20 30 23 36 29 30 25 30 25 31 33 36 34 36 27 38 24 35 26 38 27 34 46 29 26 25 23 31 15 32
37 25 30 32 30 27 41 26 18 38 32 47 30 45 42 37 42 43 36 37 37 37 32 47 25 33 36 39 32 35 34 40 28 24 29 42 42 36 38 36 28 36 39 33 26 29 37 40 34 30 34 32 36 27 28 39 29 33 37 34 34 34 32 31 33 25 40 30 27 31 43 22 32 28 30 29 41 45 33 28 35 35 30 45 31 31 32 26 25 30 29 27 35 28 49 35 29 23 35 38
30 35 127 35 21 28 38 29 80 33 36 30 30 29 42 39 28 48 34 35 35 35 40 42 48 21 26 38 28 37 39 44 37 25 33 46 47 39 30 33 35 37 36 41 24 31 26 30 30 43 39 44 27 28 35 47 26 37 27 39 26 37 29 31 30 33 25 27 30 40 35 42 42 29 42 27 46 29 29 41 44 30 31 28 24 29 48 37 34 32 34 39 40 32 33 33 24 37 38 42
31 38 35 26 30 29 41 43 31 31 42 30 32 22 49 30 35 30 44 37 36 33 37 30 38 37 34 36 31 33 30 30 41 33 30 41 41 39 23 27 45 45 31 29 31 44 26 26 28 40 21 22 33 23 33 45 33 38 30 41 40 41 37 32 27 29 53 35 38 41 36 25 34 36 38 27 33 30 26 34 39 43 34 32 36 31 35 46 22 26 44 41 37 27 32 29 37 31 37 29
17 34 33 42 44 38 42 32 47 28 41 26 39 25 45 39 42 43 42 30 30 35 42 26 33 26 30 41 26 28 33 34 26 26 32 25 25 34 31 40 30 45 36 45 36 24 32 39 25 30 27 31 28 28 31 52 28 32 32 46 26 21 40 18 34 27 30 43 37 41 31 40 33 31 42 32 31 26 30 22 46 23 40 29 31 31 40 32 26 24 35 31 32 37 28 32 34 34 32 38
35 29 37 29 34 34 34 26 30 34 26 23 25 17 29 45 34 44 39 32 23 30 32 29 29 38 27 42 38 32 30 30 35 39 44 35 31 41 31 29 35 36 37 29 36 43 36 41 40 28 18 43 43 37 40 36 44 45 36 34 49 30 32 25 38 34 32 25 27 40 38 39 29 30 27 41 39 32 33 35 27 38 42 32 39 35 34 27 36 29 31 41 34 28 24 37 39 30 25 31
27 31 47 40 38 25 34 28 29 31 24 38 33 40 30 32 29 18 36 14 36 31 46 24 31 22 34 40 43 26 22 26 39 42 32 41 31 25 34 28 31 34 37 23 34 24 34 43 46 41 31 29 42 30 38 35 42 35 35 35 38 25 36 29 44 43 38 30 30 32 31 41 27 36 36 25 40 46 38 48 31 26 28 29 33 36 26 32 30 26 30 37 43 28 34 31 39 35 35 41
28 16 36 34 38 35 32 25 36 37 45 28 29 41 30 37 18 40 22 33 29 33 35 23 35 40 33 33 34 43 32 33 27 39 35 39 30 34 32 27 30 39 36 28 32 31 46 47 37 31 38 42 40 24 37 35 27 36 34 31 39 37 41 70 56 58 57 66 60 28 30 16 34 33 29 23 40 35 28 36 43 26 36 39 31 39 47 44 25 35 41 26 30 42 35 43 32 28 34 31
26 37 36 32 34 39 33 31 35 30 33 34 33 30 27 38 22 30 31 26 27 35 39 33 48 37 32 38 33 30 30 39 44 46 30 38 29 37 39 38 37 25 24 43 42 31 28 26 30 29 37 26 31 51 33 25 25 38 44 26 32 27 22 33 38 32 34 21 30 47 35 19 40 35 30 29 38 33 27 30 20 25 29 47 34 32 27 41 37 36 29 38 43 28 36 27 26 23 36 42
43 35 21 34 36 20 38 31 35 32 15 26 37 38 35 26 39 34 34 21 29 23 27 29 42 42 38 38 20 42 40 31 33 33 30 36 29 32 27 41 27 32 26 25 25 41 32 30 36 38 22 32 27 36 34 33 24 25 39 35 35 19 36 30 38 32 37 33 45 34 28 40 25 25 33 32 24 32 27 37 42 48 36 38 38 27 35 29 26 26 31 30 33 31 33 22 28 34 34 35
35 26 24 39 27 33 37 39 54 35 22 36 37 27 30 33 19 42 39 37 41 33 31 45 37 44 32 34 29 30 28 33 32 29 35 38 33 25 38 37 38 31 36 33 33 25 23 44 36 38 23 31 25 26 24 21 29 33 29 34 34 29 20 37 34 34 33 23 27 25 21 35 42 29 40 29 32 7 30 34 29 37 30 28 32 32 35 31 35 32 36 30 39 29 37 47 31 40 34 35
35 43 28 34 34 34 32 40 27 31 32 36 30 31 24 39 28 21 40 36 39 22 34 45 21 30 43 35 38 39 31 32 43 28 41 35 35 29 40 31 44 30 45 37 52 38 28 24 28 22 40 28 41 31 35 32 31 32 39 42 11 38 32 35 30 43 32 45 36 36 23 34 26 38 28 30 39 31 32 34 29 44 37 32 37 26 30 31 31 32 30 42 32 37 39 31 41 35 29 37
38 48 29 31 48 35 43 28 30 39 41 28 44 6 26 31 27 34 37 24 32 39 27 28 21 37 51 35 24 29 26 34 30 35 35 35 38 38 26 34 39 42 35 30 35 36 27 35 31 31 35 29 30 27 24 47 25 45 41 33 38 41 34 38 32 36 38 33 31 36 33 28 35 34 32 28 29 31 48 35 30 39 27 39 35 27 27 32 34 30 40 30 43 27 37 36 39 35 32 39
31 41 35 23 31 40 39 44 34 47 43 21 38 29 34 44 33 23 38 35 26 34 41 46 29 50 34 27 38 31 29 27 21 40 45 33 35 26 33 32 27 27 24 19 23 22 37 33 29 29 34 32 26 35 37 34 36 39 40 33 37 36 37 32 25 30 40 37 39 44 37 28 35 33 33 19 43 41 35 38 31 32 38 23 43 31 40 39 28 34 36 25 31 18 40 30 42 30 27 37
41 47 34 41 42 29 35 26 26 33 36 37 31 31 22 33 25 34 34 31 42 43 32 22 25 27 29 31 40 36 33 40 33 43 30 36 35 42 39 30 35 32 51 33 34 26 39 34 39 38 21 30 36 37 36 33 31 39 28 25 25 31 25 30 34 26 29 34 33 33 29 36 29 30 36 38 30 34 39 38 38 33 40 32 22 36 27 35 31 40 30 34 35 41 33 33 36 33 35 35
36 35 22 23 27 47 35 34 33 38 30 38 36 41 35 24 25 37 32 30 40 35 29 32 27 40 26 29 26 33 27 27 37 32 21 39 32 30 29 38 29 23 24 21 30 35 20 43 34 34 27 47 37 32 32 30 30 28 33 36 36 29 25 28 36 50 37 28 40 32 33 34 34 36 36 32 32 38 23 39 27 28 35 35 40 24 27 38 36 15 37 31 47 43 35 35 49 27 32 34
39 37 29 31 32 41 30 26 25 19 35 28 44 32 35 35 35 33 29 33 33 23 50 27 37 33 28 42 27 42 42 37 40 31 39 37 46 34 32 29 44 28 47 28 38 36 32 32 33 43 34 39 33 34 28 31 24 24 31 31 44 28 40 28 24 31 33 31 27 33 41 37 38 28 35 35 26 38 37 31 29 35 31 35 19 37 32 33 29 38 30 35 42 35 21 24 26 24 28 37
31 36 30 22 28 11 33 33 36 36 39 21 40 41 33 30 25 34 38 50 33 25 33 33 35 26 35 42 29 34 31 40 31 33 26 33 38 24 31 31 33 24 32 23 39 29 22 19 17 40 38 42 31 29 37 28 27 41 39 42 28 23 39 30 33 27 46 30 32 34 31 35 31 28 45 23 39 29 30 32 32 39 37 39 31 34 33 37 31 32 33 43 39 27 25 29 44 28 31 35
31 37 26 32 43 22 26 24 39 30 37 36 23 32 30 31 28 35 32 32 23 46 39 35 36 42 43 34 36 30 48 39 28 31 42 43 42 36 29 30 41 39 36 36 40 35 27 28 32 22 34 35 28 30 40 35 41 38 30 26 32 29 29 35 40 37 33 39 38 21 32 37 29 32 33 27 32 32 24 34 29 67 30 22 39 28 56 29 27 25 36 30 37 41 39 30 33 39 31 27
45 38 30 41 29 34 29 41 30 33 36 30 47 26 27 28 35 28 50 40 30 31 34 43 35 39 40 42 35 39 43 33 34 47 30 29 30 33 35 31 28 33 40 31 33 27 34 35 27 35 38 35 25 34 39 33 38 29 20 45 39 36 37 38 35 40 22 31 39 37 25 32 32 33 41 30 29 23 35 32 25 41 31 32 25 35 45 35 22 29 40 36 44 38 49 39 30 24 32 28
35 39 27 45 32 39 18 35 36 31 33 31 31 34 40 81 34 26 33 27 26 27 30 22 32 25 27 28 33 35 28 28 41 34 37 33 34 46 37 44 28 32 23 38 34 36 25 28 39 33 38 45 31 28 35 31 37 33 37 34 24 29 28 39 33 34 28 36 40 35 30 30 34 27 39 31 31 36 34 30 37 26 35 46 37 31 37 17 32 32 29 27 31 27 41 38 39 42 41 36
45 27 35 39 32 28 30 33 32 35 30 33 35 35 31 36 42 25 34 37 27 35 30 29 34 32 39 27 30 33 49 29 40 27 46 19 38 38 22 38 38 42 27 37 30 27 33 28 35 34 24 35 38 36 33 37 40 42 41 28 37 35 23 34 31 35 29 30 27 28 34 30 23 23 36 27 28 27 34 34 29 34 32 35 30 32 33 27 17 42 32 29 24 38 30 30 32 30 24 35
26 34 46 39 35 26 35 31 33 28 26 25 41 20 30 29 51 35 41 23 40 42 37 28 29 23 33 38 29 33 32 28 39 42 38 34 34 26 34 30 33 30 32 32 26 28 32 41 37 42 30 28 36 25 36 33 41 40 31 24 34 30 45 34 33 35 28 29 27 34 25 28 36 32 33 36 29 29 39 43 36 12 27 26 39 43 42 28 32 37 25 39 29 28 38 27 37 25 36 37
38 38 35 29 29 39 27 32 32 40 34 28 29 38 42 25 22 21 31 32 35 44 30 18 32 52 31 42 29 37 33 45 37 21 32 29 28 31 32 34 24 46 27 34 27 32 30 34 34 36 27 25 31 44 40 37 43 33 44 30 47 44 40 27 32 26 32 29 37 37 34 35 33 35 36 35 41 37 35 35 34 31 44 34 35 33 30 41 31 23 47 36 39 35 19 28 27 27 15 27
36 38 35 33 40 48 35 35 35 39 35 31 24 28 46 27 47 33 41 44 34 38 34 27 26 40 33 31 42 46 38 29 24 25 32 39 27 34 29 45 35 34 40 36 32 36 33 43 41 31 35 38 35 42 30 36 35 43 30 21 21 54 34 26 43 35 33 38 42 41 23 36 49 34 27 38 34 31 26 30 39 36 38 34 34 39 47 30 34 34 29 27 33 28 32 15 29 29 28 36
24 29 31 51 32 37 39 34 47 42 24 13 29 45 31 31 29 32 32 30 36 37 34 42 31 28 33 33 36 28 32 36 34 34 39 31 36 30 31 34 43 40 28 39 38 37 32 36 27 30 38 37 35 29 38 27 45 48 31 19 20 34 34 32 40 30 41 41 10 34 30 31 26 30 40 43 35 30 28 134                    
