0.258064516129032 4954 43 28 41 30 21 30 23 16 25 25 22 33 21 29 25 25 18 37 26 21 14 13 31 18 25 54 26 20 29 29 28 25 29 21 22 32 23 28 24 32 40 22 29 31 24 29 42 28 32 24 18 28 29 24 39 25 28 25 24 25 27 27 28 33 26 18 28 31 25 28 24 30 23 19 29 40 32 39 21 25 22 28 36 26 28 32 31 27 26 24 28 33 21 29 25 28 22 41
21 24 31 23 29 32 31 28 30 19 29 18 28 28 37 41 29 22 36 28 32 26 28 28 36 31 31 29 20 29 22 23 28 34 35 29 32 29 32 32 27 29 38 37 30 34 34 36 31 38 33 39 31 35 29 31 25 30 22 35 24 22 18 29 19 23 27 33 32 23 33 22 30 30 26 27 98 27 25 36 42 32 26 36 35 27 27 23 23 16 30 27 20 25 22 26 29 24 31 32
22 25 48 29 33 36 23 26 27 34 31 23 39 31 32 29 23 12 40 35 28 36 37 30 30 30 29 21 27 35 22 35 28 26 27 40 28 28 39 33 28 28 26 31 31 26 26 26 43 32 29 26 34 28 28 24 34 24 29 18 46 29 22 35 38 22 21 23 33 31 29 28 31 27 29 26 30 21 26 32 49 33 38 23 29 26 28 29 21 29 34 29 27 33 31 24 20 27 28 21
20 21 38 31 34 26 28 26 35 23 24 24 25 32 26 26 24 22 29 37 22 32 32 8 30 24 34 23 14 24 25 33 30 23 27 27 30 14 32 32 27 34 35 33 45 28 21 38 34 28 31 26 36 37 42 29 27 36 24 38 29 30 35 29 28 32 30 15 32 32 17 27 31 28 22 35 31 34 30 25 33 29 25 28 28 29 25 30 21 28 25 30 33 28 19 28 32 27 24 22
30 22 28 27 19 27 29 37 36 21 27 27 40 24 33 46 30 33 38 28 22 21 28 34 25 24 34 29 23 29 35 42 21 41 30 31 27 28 35 28 20 35 27 22 23 29 30 31 29 31 26 28 24 32 28 23 36 33 26 47 23 36 23 23 34 30 30 21 37 23 36 35 33 27 23 26 30 30 37 28 16 36 21 23 37 36 38 25 29 33 26 40 25 33 39 35 31 27 24 29
40 29 19 26 29 27 30 27 37 33 26 26 21 33 37 34 33 28 24 32 23 31 33 20 23 29 28 27 29 21 30 31 22 29 23 33 28 25 41 24 25 27 31 26 24 34 34 39 38 44 27 35 22 25 18 20 23 33 37 27 26 34 20 35 30 29 41 27 34 34 21 43 39 40 29 28 35 40 33 39 26 23 26 33 27 27 24 34 30 26 36 25 30 35 25 30 34 25 29 23
18 26 22 28 33 40 27 37 39 30 25 34 28 36 40 41 36 31 27 30 31 27 31 25 36 27 35 28 22 35 27 37 27 35 31 41 34 39 22 34 29 31 25 32 21 25 33 30 34 30 32 32 32 34 35 24 28 24 32 33 29 30 29 28 30 26 33 24 22 33 42 29 27 31 29 26 32 28 26 37 30 37 44 34 39 31 36 30 26 27 24 38 37 40 28 35 29 27 32 28
28 32 37 29 30 18 30 26 34 31 38 36 30 35 24 26 25 26 35 22 35 24 18 38 29 31 30 37 30 39 26 38 26 27 27 37 19 26 29 27 23 29 25 34 36 39 28 19 21 32 34 22 28 28 31 32 36 27 32 22 29 30 38 26 29 24 27 30 36 23 31 40 31 36 37 25 37 27 29 37 29 32 40 27 24 32 23 26 30 31 32 37 29 28 35 40 31 25 33 35
39 38 25 30 25 28 39 36 28 23 33 31 32 40 29 24 32 28 29 25 33 24 35 36 33 30 24 31 17 24 35 31 25 26 31 27 29 37 36 28 31 29 26 34 36 27 33 26 30 25 23 31 30 35 28 21 25 29 49 37 27 27 20 34 32 42 23 29 31 31 19 27 43 31 29 27 45 26 30 29 37 38 34 29 31 29 46 27 29 24 31 20 28 25 27 14 29 41 27 33
24 27 33 26 32 26 37 26 24 31 28 45 31 37 22 20 27 25 22 34 28 31 43 34 38 38 30 28 30 28 31 26 26 33 29 33 29 25 37 25 30 24 33 33 27 38 30 30 26 28 28 31 30 27 30 31 22 29 28 26 42 36 31 29 29 33 24 34 37 27 26 25 36 20 33 27 34 35 35 35 35 41 30 31 31 24 31 35 27 35 19 32 32 35 30 33 20 25 34 20
23 25 26 31 29 28 35 31 34 18 29 30 39 32 32 29 32 31 30 28 33 34 25 30 34 27 34 30 31 28 24 28 24 30 27 25 22 29 26 39 33 24 21 30 30 36 22 29 33 25 27 39 33 34 22 27 19 29 27 25 27 29 43 36 39 25 26 26 30 35 32 31 18 29 18 30 19 29 25 35 37 23 30 35 32 22 28 28 25 39 25 28 31 32 15 28 29 20 25 28
23 34 19 23 19 22 35 30 26 25 42 31 31 27 28 34 33 34 30 20 23 36 26 23 33 28 26 29 39 30 26 23 30 23 29 19 26 38 27 28 22 31 30 29 36 17 21 27 31 23 33 34 38 27 20 29 23 32 27 27 16 32 39 32 29 35 31 32 40 26 26 28 27 28 29 23 22 29 33 30 6 47 56 60 69 52 40 23 30 25 27 26 32 31 23 26 34 37 29 26
37 38 32 29 29 29 40 25 19 33 28 31 30 27 30 26 37 27 30 27 29 27 39 22 34 30 23 27 35 36 31 33 23 41 21 23 20 24 39 28 35 32 24 32 37 29 26 31 40 28 31 41 21 35 24 30 27 35 24 36 20 27 36 37 26 28 28 43 25 28 29 25 29 25 25 44 26 27 31 21 21 30 19 26 26 31 28 27 21 27 22 27 30 25 28 23 28 38 39 46
31 42 27 21 39 28 30 29 22 31 34 21 19 28 39 33 31 32 21 23 29 33 25 35 36 24 30 25 29 26 26 27 27 24 24 32 21 27 21 24 35 37 15 60 68 73 62 25 28 33 32 26 26 37 16 28 23 36 36 30 22 38 26 23 21 51 43 22 23 30 26 33 20 32 27 24 35 27 36 35 22 35 33 31 30 30 18 35 21 38 34 25 25 26 31 25 35 34 28 38
30 38 28 34 31 40 30 34 24 29 22 21 34 37 18 27 32 29 26 23 25 28 25 26 26 25 21 47 27 38 17 28 29 23 16 29 35 32 31 36 28 29 22 24 44 31 24 26 27 36 39 35 38 24 31 29 29 27 31 20 23 17 29 29 31 35 27 31 30 34 29 39 28 27 28 29 35 35 23 21 27 35 30 26 32 33 30 18 18 27 31 28 36 20 38 33 29 28 25 26
24 26 20 30 32 35 32 21 23 32 25 28 21 32 24 33 42 28 27 23 24 28 32 30 28 52 35 39 23 36 30 26 29 34 27 24 24 26 32 35 20 32 24 35 22 41 27 30 28 25 26 30 27 24 20 29 36 33 26 31 30 31 23 25 25 25 27 30 29 25 23 22 27 24 33 42 47 28 29 29 21 21 30 27 25 33 23 17 32 33 19 31 27 29 37 25 25 26 31 13
29 17 23 30 24 31 20 19 38 31 21 26 24 32 33 29 27 31 32 25 38 29 34 18 30 22 26 32 31 29 27 18 23 30 25 30 31 22 32 39 32 28 29 25 24 24 28 34 31 30 34 35 31 28 33 20 32 24 19 29 24 24 26 28 28 47 22 30 30 25 25 27 36 35 20 30 36 30 36 32 36 30 41 33 27 37 29 24 34 37 26 27 18 30 32 31 29 30 22 15
21 27 32 21 32 22 32 23 29 20 28 44 44 36 32 33 35 27 26 29 20 30 23 31 30 29 27 23 24 22 29 30 24 29 30 32 20 35 28 25 37 24 28 36 29 39 30 32 22 30 30 32 27 32 29 30 30 20 33 36 23 38 27 31 36 24 35 30 21 19 34 19 27 42 45 29 22 29 33 31 28 37 26 31 31 39 31 33 42 29 22 25 20 20 28 29 34 35 37 19
29 22 27 29 26 23 42 28 44 29 26 22 45 31 33 19 33 36 30 24 23 28 28 24 39 24 35 36 27 33 29 30 29 41 28 21 25 29 32 31 16 24 24 35 24 27 41 38 27 32 23 21 35 16 20 19 26 21 28 26 30 35 27 23 27 21 38 25 21 27 29 24 27 22 35 25 38 31 31 28 22 23 35 27 31 30 25 35 34 32 30 29 28 23 31 34 30 33 28 27
30 20 32 27 37 27 20 33 19 33 23 21 23 32 27 27 42 26 26 24 22 19 26 26 29 36 35 34 27 26 29 22 24 29 28 35 26 37 31 37 27 27 34 39 29 25 34 29 31 29 33 23 29 24 31 25 23 20 26 25 35 26 41 28 37 29 36 30 24 35 25 25 24 25 20 41 30 23 19 22 37 25 29 21 34 27 22 32 34 33 39 42 31 32 34 35 36 32 29 22
27 25 21 31 19 42 25 24 34 38 26 27 17 27 20 29 26 19 33 21 28 28 29 31 29 22 23 27 22 30 31 25 26 26 15 39 30 32 24 39 29 31 37 28 22 30 24 28 24 29 32 24 30 25 36 26 27 36 34 30 30 24 31 32 33 29 21 23 34 20 28 27 28 33 24 31 25 23 21 26 19 24 17 22 24 47 33 45 27 26 41 32 36 31 24 24 29 26 29 28
31 30 25 24 30 41 22 33 30 27 30 36 32 24 24 24 38 31 25 31 31 25 26 33 31 29 25 26 19 28 30 27 33 28 32 30 21 26 26 19 23 33 22 31 19 28 33 28 33 42 26 33 24 25 17 32 29 21 31 30 25 43 33 39 21 29 22 31 23 27 34 29 27 36 28 26 37 22 24 21 36 45 35 36 22 29 30 19 29 26 19 33 32 30 35 33 19 37 27 26
31 28 33 28 21 42 20 24 22 32 32 42 36 24 19 32 17 32 20 30 34 28 29 29 32 24 27 30 31 24 37 25 22 40 26 34 18 29 21 23 30 35 24 32 28 26 21 32 31 27 28 27 24 24 35 30 37 26 27 28 28 27 32 22 41 28 33 27 32 27 32 23 19 28 24 26 27 34 29 27 17 26 18 23 34 39 33 20 26 24 32 33 22 22 24 32 27 43 30 24
24 25 42 23 25 39 29 33 25 26 23 24 30 29 23 30 34 24 26 32 26 29 29 31 18 24 23 37 21 27 23 25 25 36 23 28 32 26 30 29 28 40 29 27 21 32 34 23 29 20 32 39 15 34 33 29 25 42 35 33 28 31 41 22 38 20 24 24 30 25 34 40 27 38 31 28 33 38 31 26 33 23 26 27 38 29 28 26 37 23 25 42 36 38 26 26 30 24 28 24
35 31 25 31 26 39 25 32 25 29 46 30 29 31 31 26 25 22 33 41 29 28 31 29 25 19 33 33 29 21 23 27 25 25 22 14 25 28 18 25 44 18 29 18 20 19 27 16 99 31 35 28 20 25 41 39 34 33 29 40 37 37 35 22 30 33 30 26 26 28 28 35 31 34 23 27 33 37 30 26 31 26 25 25 31 28 26 29 27 24 32 28 27 27 19 36 34 41 21 32
26 28 35 32 28 30 36 38 31 34 15 22 26 28 26 28 31 20 33 27 27 35 33 29 32 24 23 27 19 26 21 29 20 28 34 30 36 25 15 30 25 33 23 23 32 37 27 26 29 22 27 26 31 17 24 21 19 28 27 26 23 30 23 23 25 26 30 20 22 26 29 25 36 42 34 34 26 20 39 29 27 41 27 34 25 28 31 23 38 24 32 26 31 25 18 22 27 25 21 34
34 27 24 30 42 23 22 32 18 28 30 31 25 25 30 22 30 25 36 28 26 25 33 31 31 31 25 27 18 35 26 27 27 31 17 25 37 22 31 23 26 27 25 45 18 35 24 28 29 30 32 29 42 35 39 25 22 23 19 32 26 30 39 27 33 26 21 33 24 32 37 18 14 28 27 44 28 35 26 34 31 29 33 25 30 36 35 24 37 28 29 30 31 33 23 37 27 30 29 38
25 31 29 38 38 37 37 26 31 31 20 33 25 31 36 29 36 35 37 30 39 30 33 23 31 27 23 31 29 34 39 32 25 23 25 25 32 32 27 21 28 26 31 37 31 32 30 27 36 37 44 32 25 25 38 27 40 30 42 22 16 30 30 40 25 30 23 20 23 38 31 33 30 21 35 38 40 27 25 22 27 36 17 25 26 30 30 31 36 26 34 35 28 26 35 24 29 20 28 29
39 33 31 22 23 27 27 18 27 33 28 31 23 31 31 26 39 29 13 30 29 32 26 23 26 26 29 27 24 27 22 25 37 24 31 42 36 21 34 29 35 35 33 24 40 29 31 32 31 21 28 25 38 24 26 34 28 31 33 19 25 29 33 23 31 23 31 28 33 29 24 43 40 27 29 37 34 26 29 26 19 19 23 29 26 29 20 34 35 32 37 31 34 37 22 20 42 40 21 33
30 24 30 32 38 36 19 26 30 30 26 23 38 17 38 29 27 36 24 25 37 22 34 27 32 31 31 23 25 27 27 29 29 28 26 30 23 30 21 22 29 26 25 29 25 41 34 31 25 21 23 33 27 30 24 28 31 37 26 33 34 34 25 17 26 29 22 36 25 32 27 17 32 21 39 44 22 37 44 27 30 35 29 33 35 23 29 25 42 26 34 34 33 26 13 32 18 27 22 34
34 32 28 27 38 35 27 46 28 35 32 22 27 25 28 32 26 20 26 32 37 30 23 26 29 26 27 21 31 22 25 25 26 38 36 26 35 29 30 25 31 36 26 32 35 19 26 26 30 27 28 22 26 29 23 24 30 22 28 32 35 33 28 37 27 29 25 40 31 16 26 32 22 34 31 32 29 29 29 22 21 17 29 26 29 25 23 28 26 29 25 35 46 35 18 20 21 39 22 26
23 26 24 33 62 30 26 24 38 36 37 28 35 31 26 33 28 20 19 27 34 25 40 30 38 25 29 41 26 28 35 28 26 40 37 41 45 25 27 32 33 26 27 25 26 28 24 18 38 20 32 26 31 30 32 30 30 21 35 29 27 19 31 27 35 27 24 21 25 30 22 28 23 27 30 27 42 28 23 19 27 33 29 31 28 28 35 30 21 28 13 32 30 28 28 28 17 28 24 22
27 27 22 34 25 27 19 39 34 31 34 32 31 24 28 29 24 22 29 26 26 34 25 36 26 38 36 18 19 31 36 26 31 26 36 26 25 26 30 23 26 31 29 23 31 23 34 26 15 26 30 35 33 29 31 37 31 29 31 29 26 28 29 30 28 31 20 28 23 31 22 34 29 32 25 31 37 35 36 29 24 28 31 38 28 23 48 28 30 26 42 31 23 21 25 36 30 24 26 32
39 27 34 30 30 25 27 28 25 33 37 42 30 41 27 35 29 35 32 39 35 30 29 40 38 33 33 30 19 38 11 34 31 25 30 30 26 29 23 25 39 44 40 27 39 35 18 36 32 26 27 26 36 19 30 20 18 39 31 37 28 41 34 28 30 40 38 31 33 23 39 25 26 28 35 35 34 37 24 33 30 27 31 24 28 27 36 43 25 26 24 31 26 31 31 23 33 34 27 34
28 27 28 28 32 36 31 24 36 23 33 19 31 37 33 31 32 34 25 31 25 22 40 35 36 35 29 33 31 32 27 36 36 25 32 24 32 29 46 23 35 43 38 31 15 30 28 41 34 23 31 33 25 29 29 26 31 30 26 33 27 28 34 25 35 24 36 40 25 25 33 23 35 30 30 33 32 26 34 39 33 27 45 26 26 28 40 25 37 22 30 27 36 37 36 21 33 33 35 34
30 31 36 32 31 33 31 31 33 37 35 34 27 33 27 43 36 33 37 31 27 32 31 33 26 33 35 25 40 29 22 32 29 32 28 26 38 26 29 22 35 35 31 36 36 25 36 37 26 33 32 31 40 31 42 32 34 39 27 33 27 37 19 29 25 32 28 40 28 27 30 25 30 32 32 36 24 36 32 37 25 30 38 27 36 32 38 14 34 31 19 25 33 31 37 27 36 30 26 31
23 34 26 29 34 30 31 22 36 24 24 31 31 33 32 30 24 24 30 36 21 38 32 30 30 33 37 27 20 30 30 33 30 31 29 33 24 33 26 21 25 20 34 33 32 22 24 32 17 31 26 29 27 31 33 28 33 31 33 33 37 32 30 31 26 29 12 34 25 31 20 36 26 25 35 43 35 39 21 32 19 31 30 29 35 17 27 33 29 36 38 41 31 27 31 34 29 32 32 30
20 25 24 24 34 40 19 26 24 38 22 22 24 25 25 20 11 42 25 32 27 27 23 36 23 29 34 16 27 34 21 25 34 29 28 25 24 28 30 23 28 37 21 30 30 28 27 30 23 23 27 26 28 24 24 32 32 42 27 30 29 27 39 25 27 33 33 22 26 42 25 23 29 36 20 26 27 39 24 20 38 35 23 26 29 30 32 23 35 43 31 35 34 18 23 26 29 29 35 27
30 31 32 33 36 32 31 29 27 32 32 27 29 28 27 32 27 24 22 36 33 51 25 26 29 25 29 31 29 32 31 17 27 28 24 25 27 24 26 30 27 48 39 22 39 28 29 37 33 33 25 17 31 27 27 28 27 34 37 29 31 25 37 37 33 24 23 24 30 29 30 36 52 34 21 29 25 26 37 27 37 35 32 31 31 28 32 30 36 25 26 38 26 40 30 43 28 31 35 34
24 29 26 25 34 31 30 28 36 30 35 35 42 31 19 25 31 36 31 24 31 26 22 24 22 31 41 23 25 25 24 24 27 30 26 36 21 24 19 40 20 27 30 34 28 19 36 25 30 37 15 33 27 28 26 24 32 47 27 31 29 26 30 23 31 24 36 25 27 32 28 24 24 31 33 35 33 40 32 38 31 26 29 33 27 28 28 21 28 41 33 42 32 32 31 29 22 32 15 35
33 28 20 41 28 27 20 33 30 27 37 32 18 38 23 27 27 31 39 39 29 34 35 35 23 24 27 24 19 32 26 38 34 35 22 34 49 39 23 33 14 32 31 32 29 36 30 24 31 35 33 33 24 24 33 12 35 32 31 20 29 41 36 35 29 29 25 26 37 29 38 26 32 24 27 40 22 35 32 34 44 24 26 42 22 15 26 28 31 25 24 34 19 37 25 33 30 28 28 29
25 28 26 29 31 37 31 36 32 25 23 31 29 28 35 32 26 33 27 23 24 34 30 26 41 31 26 30 35 29 30 21 19 37 22 33 29 31 22 31 32 17 34 27 26 32 29 26 40 41 33 29 31 19 28 33 28 26 38 26 37 24 28 29 29 34 30 35 19 22 29 27 35 36 26 30 33 34 33 24 40 31 31 32 29 23 29 21 35 18 26 31 22 30 26 36 33 23 33 31
30 23 29 25 31 33 31 21 30 31 38 22 33 32 49 23 31 25 37 32 26 34 27 30 31 39 36 33 35 17 25 27 28 32 34 26 34 16 48 19 63 40 34 25 23 36 21 38 32 19 26 26 26 32 27 24 29 20 31 32 33 28 34 37 34 41 25 37 22 34 35 38 20 28 33 43 28 30 36 30 34 29 34 20 31 24 33 29 21 34 31 31 35 29 29 30 34 34 31 30
35 21 32 39 29 20 26 40 21 23 37 26 33 20 31 29 30 28 28 26 35 33 28 40 24 26 31 26 12 30 26 25 30 22 23 27 37 29 24 42 25 34 19 32 29 26 33 24 36 25 27 34 27 21 26 29 30 22 29 32 25 26 29 18 32 39 27 27 42 29 30 29 27 30 33 29 17 27 24 34 38 26 33 33 31 19 25 19 31 34 29 36 27 30 28 29 38 28 31 31
26 32 28 31 27 33 34 30 26 31 24 31 28 38 27 35 36 36 27 35 30 31 31 24 38 29 26 31 26 35 34 30 27 28 27 22 34 25 28 27 31 40 25 30 35 36 22 31 28 34 22 20 32 37 30 23 31 23 23 25 44 21 27 28 27 20 27 29 28 33 37 25 34 36 30 28 26 33 34 26 25 31 26 29 26 27 27 29 28 25 32 22 26 25 35 31 36 21 30 34
43 31 33 30 37 20 35 22 37 27 35 25 39 39 23 28 15 26 36 25 45 32 42 32 28 25 24 39 36 34 22 31 23 29 30 29 41 31 27 25 26 28 31 33 35 20 30 25 23 24 35 34 29 31 29 31 34 25 33 30 28 31 38 20 20 29 32 26 22 23 25 28 22 31 26 32 39 26 23 34 28 26 26 25 36 39 34 30 29 23 30 37 30 28 28 19 32 39 22 34
32 36 29 37 33 39 27 27 31 27 26 38 23 31 34 25 23 34 27 33 35 29 36 20 29 38 32 38 19 10 39 31 28 34 32 33 29 29 33 25 28 31 24 29 20 32 21 32 29 24 26 28 36 22 29 40 40 32 28 25 22 23 31 34 32 19 26 22 27 38 18 31 35 30 26 40 27 29 33 42 25 29 33 31 27 27 26 21 27 40 27 33 24 42 35 21 31 26 30 34
33 42 24 28 25 38 21 29 31 36 38 26 19 24 27 29 24 24 34 14 10 12 20 12 10 17 18 28 15 18 15 12 18 17 17 12 13 12 14 17 18 20 27 15 14 21 14 22 21 19 12 20 18 14 19 23 14 17 8 19 25 16 22 16 9 17 20 18 11 15 16 10 13 11 12 13 9 20 12 25 16 20 15 15 19 12 14 12 18 26 19 15 20 18 16 23 17 20 16 20
12 10 8 15 14 9 12 18 11 12 11 18 18 21 15 14 16 15 18 12 14 14 18 20 15 19 16 12 13 20 15 16 10 14 14 7 25 18 10 13 15 13 13 9 10 17 25 11 18 10 20 12 17 22 21 19 19 20 12 13 15 14 10 17 10 11 13 17 14 22 15 19 11 16 14 16 16 17 15 14 12 13 22 12 13 14 21 18 15 21 23 21 15 10 19 14 22 10 18 28
20 12 19 18 24 13 17 17 16 10 17 13 17 14 18 11 9 10 19 11 15 14 19 20 17 21 11 15 16 16 14 25 11 15 16 13 16 12 16 13 8 16 18 23 9 25 17 19 17 20 11 13 12 20 17 16                                            
