0.483870967741935 3802 27 33 26 26 23 43 25 24 28 34 22 31 31 25 26 20 15 28 22 34 34 37 34 28 29 29 21 28 36 31 34 33 27 30 24 32 25 31 22 29 35 34 31 24 33 32 33 25 40 28 25 21 24 17 39 43 26 31 44 37 31 38 30 22 33 39 30 34 34 32 30 45 32 38 30 18 41 18 36 23 30 30 28 43 31 29 31 28 27 29 28 37 41 32 36 31 15 32
35 30 30 34 39 27 37 29 29 26 22 22 26 31 24 26 17 28 20 31 32 30 33 33 32 24 25 30 26 30 25 27 31 25 32 31 24 34 37 28 25 41 37 32 35 39 34 43 27 25 25 28 18 41 28 29 33 28 28 25 26 28 29 29 36 31 37 23 29 37 17 32 23 28 39 39 25 32 19 31 21 28 43 33 27 42 30 37 30 25 27 17 32 32 36 32 24 21 20 20
32 28 34 36 28 29 36 30 24 20 29 14 18 44 37 17 21 37 39 26 28 39 38 38 32 30 33 35 28 37 25 25 21 30 30 29 34 29 26 25 26 25 29 34 21 29 41 39 24 45 27 33 28 34 28 25 44 23 29 32 23 34 39 35 45 25 25 32 27 27 21 36 27 36 27 27 21 46 32 43 28 25 34 50 31 39 39 22 19 32 21 42 29 32 28 32 33 21 32 27
36 47 21 20 47 35 37 31 33 27 27 27 36 38 27 20 31 27 32 38 27 29 33 29 25 27 29 44 25 30 45 33 39 34 25 29 28 48 26 31 32 26 27 29 20 31 33 38 29 33 14 37 34 31 36 18 29 27 31 31 41 26 33 27 38 34 25 36 34 45 39 22 30 27 30 26 30 36 29 39 16 25 46 27 35 37 35 41 42 27 31 50 26 32 37 26 35 30 31 29
39 31 31 21 30 31 22 31 30 24 37 32 43 25 35 36 47 29 36 17 30 41 40 26 22 37 33 22 25 32 32 34 32 26 26 33 25 23 24 14 39 18 32 27 24 24 33 45 40 45 33 37 36 32 24 29 35 19 28 38 27 37 34 33 34 27 43 29 35 33 20 50 40 32 38 34 29 25 34 25 38 33 25 32 37 31 31 32 30 30 34 28 33 31 38 26 28 33 37 41
19 31 24 20 46 36 44 45 26 31 33 23 19 26 44 23 37 20 24 30 28 28 27 27 33 22 18 34 30 19 35 31 27 31 27 33 29 39 38 38 38 43 28 32 38 28 27 26 35 30 30 31 36 34 36 20 35 32 30 33 23 29 34 29 25 35 32 34 28 24 39 37 26 28 23 36 28 37 42 19 29 18 40 24 24 43 30 21 34 28 38 22 33 40 37 29 40 42 31 23
36 27 29 26 26 20 30 26 32 34 18 22 32 24 20 27 28 43 46 37 50 33 23 41 36 31 24 37 42 27 45 40 34 22 35 33 40 30 43 27 38 39 44 26 40 34 41 41 26 27 32 29 30 24 21 23 23 32 42 35 36 28 24 34 32 30 43 32 32 27 38 31 27 35 33 27 37 31 35 32 22 32 22 41 22 31 24 41 39 40 38 36 28 51 33 35 25 40 34 28
38 35 30 42 26 26 40 48 40 38 35 30 19 12 36 32 38 39 37 36 41 38 34 30 35 27 26 37 28 29 33 34 44 28 37 39 27 28 35 29 20 32 22 19 27 34 48 25 29 36 26 24 35 29 18 24 28 32 37 30 28 23 20 45 30 14 24 28 38 41 36 31 28 21 26 30 32 28 36 22 28 41 35 24 32 38 41 30 33 30 33 25 45 33 36 28 32 37 30 37
40 20 39 21 24 27 37 42 28 8 31 28 27 23 32 29 34 21 29 34 32 41 32 47 28 28 43 32 38 27 26 42 34 49 26 27 33 23 46 50 33 32 34 48 32 34 32 29 45 32 35 39 35 32 21 21 45 20 46 29 21 33 33 23 23 37 36 46 34 30 43 27 25 33 28 32 34 29 25 35 31 21 30 34 23 17 31 25 37 28 24 27 26 32 32 40 44 35 29 36
35 30 30 24 34 30 28 31 41 35 45 37 26 30 30 36 33 33 33 21 34 44 42 20 48 37 28 24 39 24 28 37 17 34 33 38 39 35 32 34 15 31 30 33 27 29 18 55 31 65 64 40 32 39 22 25 27 30 35 20 31 52 43 26 30 20 32 33 37 32 36 26 27 33 25 37 27 35 39 31 47 35 33 27 33 21 28 24 20 27 22 31 31 28 25 35 20 35 34 29
35 25 24 41 31 24 30 43 25 25 35 25 33 26 34 35 25 36 31 33 30 40 38 35 42 31 20 38 29 26 34 37 31 36 36 32 42 36 31 33 28 25 39 37 36 34 42 27 34 27 39 38 33 22 27 22 29 40 36 35 26 21 26 39 26 30 32 29 35 30 40 25 27 33 30 42 35 139 22 75 78 64 50 32 24 23 9 35 31 24 29 26 25 31 30 34 27 30 25 29
42 33 26 28 32 30 37 33 38 31 22 23 33 19 37 26 25 21 25 25 29 23 34 26 30 26 29 29 29 23 28 25 24 32 25 42 32 25 28 32 27 39 33 19 30 45 26 28 28 35 33 36 37 33 30 31 28 19 37 23 29 24 39 26 38 27 35 29 39 31 41 36 35 32 31 45 30 41 29 29 14 31 40 25 43 28 25 34 36 26 38 22 37 36 36 33 24 13 43 35
27 30 50 62 40 20 30 27 32 32 30 43 44 44 27 35 20 36 27 40 47 23 55 44 29 30 27 39 34 35 22 29 40 28 30 46 33 32 27 16 26 30 18 33 36 46 33 37 29 35 24 33 23 32 29 34 35 51 33 26 34 43 28 34 19 26 25 28 30 29 39 30 35 23 24 35 40 38 19 21 27 40 22 21 31 38 17 31 34 29 24 30 34 33 41 18 24 28 22 30
19 27 23 28 25 35 19 37 40 19 27 19 39 39 20 19 27 27 24 40 36 34 32 22 26 36 27 28 36 34 26 39 34 30 27 38 30 33 35 37 31 30 30 30 24 39 26 24 34 48 33 35 16 27 23 21 35 36 26 26 30 34 44 33 29 32 39 31 35 30 31 32 29 24 22 34 39 29 33 35 25 47 35 26 26 25 34 31 32 32 20 23 41 22 33 33 32 25 19 48
24 48 21 33 27 35 37 41 26 40 34 27 41 35 41 27 34 53 21 30 24 28 30 45 31 28 39 22 23 40 35 31 35 33 27 44 33 29 33 40 33 28 36 31 30 17 30 33 29 35 30 32 24 28 39 31 22 32 38 34 37 28 44 36 36 28 30 36 28 32 33 40 33 21 26 34 31 28 20 37 34 36 24 23 43 36 20 42 25 34 32 25 23 31 30 16 30 31 24 30
35 25 26 37 27 33 28 36 29 28 37 40 30 26 41 20 35 27 34 22 28 36 35 38 22 23 33 31 29 42 23 21 29 33 28 25 32 40 24 24 22 29 23 29 35 30 25 22 30 34 32 26 27 37 30 31 26 24 31 38 17 29 29 30 34 24 23 29 31 19 25 33 35 33 38 26 33 28 29 36 32 33 22 40 32 24 35 39 41 36 29 27 26 34 36 28 24 38 32 42
39 41 29 35 34 42 33 28 30 26 40 19 20 18 28 26 32 30 35 29 31 37 35 28 33 23 34 29 24 35 30 42 26 25 25 32 38 34 39 34 31 43 31 28 29 30 35 42 24 25 36 23 31 29 43 23 20 29 22 27 10 37 43 33 28 33 26 26 27 30 23 27 31 29 27 34 24 35 25 39 25 26 30 31 29 26 37 33 39 26 28 26 29 26 33 28 22 33 33 30
32 29 23 31 29 35 20 16 32 35 32 31 24 31 27 25 33 20 21 32 21 46 30 23 21 22 33 33 31 30 25 29 40 28 32 29 31 28 32 36 31 16 26 35 17 23 33 35 32 30 25 28 27 29 31 29 41 31 33 19 31 32 24 25 34 30 37 35 28 33 31 35 26 33 21 34 34 28 25 23 42 38 24 26 38 33 28 26 26 30 31 25 38 25 25 30 41 28 32 34
24 32 31 29 44 23 34 22 35 34 29 27 29 35 25 20 42 30 22 19 35 31 35 32 36 30 20 29 32 31 29 19 22 28 40 25 32 24 26 37 33 23 27 22 26 23 26 30 19 33 43 39 31 29 29 36 37 37 31 29 37 38 32 29 27 30 32 20 35 32 27 27 31 35 42 41 34 32 30 42 26 23 29 26 31 31 25 25 34 27 40 37 18 25 32 29 20 29 34 24
40 24 26 37 24 29 37 21 36 32 30 40 33 40 29 35 30 34 24 25 27 29 72 89 80 82 62 9 29 35 28 41 28 33 28 24 15 24 31 35 26 20 27 26 20 20 40 34 28 37 29 27 40 29 37 33 34 23 40 22 27 25 32 36 34 25 29 26 39 23 27 29 29 24 26 33 27 39 29 37 22 26 40 35 25 43 28 32 32 28 41 29 30 34 26 36 21 35 34 35
31 32 31 28 42 30 34 24 38 23 23 24 32 33 19 77 37 30 31 37 30 39 31 27 27 32 45 27 41 28 24 32 34 39 37 26 37 31 33 29 41 32 30 36 33 39 35 27 28 27 25 36 28 34 34 34 31 22 27 34 37 47 17 24 28 38 36 37 19 38 27 18 39 32 15 26 37 32 25 31 30 35 22 19 28 22 30 34 42 40 34 24 29 35 44 28 27 27 32 37
30 37 23 44 30 26 33 26 35 33 27 21 31 33 44 37 29 37 29 23 36 30 27 25 31 18 35 23 32 20 29 25 36 29 45 39 29 35 39 25 42 32 28 27 49 24 37 37 24 43 24 26 34 38 29 18 37 28 28 32 29 25 44 25 29 25 49 37 36 25 32 37 36 31 35 27 16 17 25 41 26 26 27 33 25 28 29 15 32 32 32 40 36 30 26 33 29 38 36 36
26 33 17 31 28 22 35 34 38 33 38 33 21 36 40 42 26 42 31 31 26 27 38 17 30 28 21 35 23 28 41 22 16 37 30 31 40 22 31 29 35 29 29 27 24 39 26 28 33 35 36 30 35 33 31 28 33 19 43 34 19 27 35 27 53 37 34 32 32 26 42 27 18 37 25 28 36 33 27 39 34 23 35 29 41 29 23 22 27 34 20 45 17 38 36 32 35 27 35 28
33 32 37 28 44 27 23 36 31 38 30 21 37 35 29 27 29 20 31 29 25 28 30 25 24 46 31 34 38 24 35 35 22 28 24 30 38 41 32 32 30 39 28 26 30 30 29 30 29 25 28 30 34 40 34 37 24 25 27 42 19 39 42 41 23 43 40 35 31 28 47 42 36 52 24 34 32 33 29 29 18 29 31 37 32 34 46 25 36 25 34 25 34 27 28 30 52 26 35 30
26 33 33 35 24 20 31 25 25 20 34 44 32 35 36 32 30 32 30 28 22 31 26 23 33 27 40 39 30 37 27 28 28 29 23 26 26 31 29 34 28 30 29 26 30 38 43 33 23 42 26 17 28 24 26 32 37 28 31 37 35 36 32 28 43 33 36 42 39 32 36 38 33 35 9 35 28 35 25 26 27 24 29 27 27 24 35 35 36 32 23 35 39 22 32 22 15 14 19 41
37 28 23 25 39 25 22 35 20 38 32 33 30 34 37 20 24 32 28 26 44 36 25 32 30 35 34 28 26 27 37 19 37 32 26 38 33 18 33 21 39 38 22 47 31 29 23 28 43 23 35 24 34 42 33 27 25 33 24 33 28 28 33 40 28 44 32 31 31 25 27 27 14 31 34 27 31 30 36 37 30 35 13 27 32 34 26 35 33 35 31 20 29 29 31 31 21 22 33 24
26 32 42 28 37 32 29 36 32 42 30 38 30 35 32 28 35 29 27 30 31 28 39 30 30 30 31 38 27 15 24 31 36 34 35 25 26 28 40 37 37 37 34 32 35 23 21 28 36 22 27 27 23 23 30 32 28 41 28 31 35 34 43 25 36 34 25 31 32 25 41 36 31 41 38 26 26 47 41 27 29 29 22 27 35 33 19 7 36 34 29 40 35 28 34 34 29 44 35 28
39 30 29 28 35 25 33 38 31 31 28 54 40 37 28 21 32 32 30 28 44 36 17 32 23 30 37 38 43 38 38 23 42 28 32 33 15 29 28 46 36 34 29 31 31 37 31 23 32 21 39 27 25 34 30 46 38 31 26 41 27 32 32 24 31 26 31 32 26 35 41 26 18 34 30 33 18 37 38 25 31 25 34 26 27 37 27 22 32 41 24 30 41 18 23 10 26 45 34 25
20 41 22 26 32 20 28 22 31 36 30 35 22 34 37 33 23 26 19 23 31 29 32 26 32 32 33 27 31 32 30 29 17 38 33 30 35 16 35 27 31 39 25 25 31 37 27 30 30 42 35 32 36 36 32 28 26 26 23 29 32 33 28 34 31 27 35 44 30 38 37 35 27 31 35 26 35 30 29 36 28 26 26 38 21 36 33 32 32 25 29 28 38 27 40 32 37 26 26 32
28 32 24 28 25 24 36 17 25 35 39 31 23 30 32 36 29 38 23 36 28 20 30 36 37 40 29 28 29 31 45 24 38 37 33 36 19 26 30 27 37 22 36 29 25 39 38 43 34 31 36 36 32 36 44 28 30 33 20 19 27 24 21 27 35 22 20 26 21 28 37 17 35 31 34 35 23 26 38 38 25 29 35 24 36 30 38 46 22 30 47 32 33 25 33 31 43 29 34 41
38 30 28 24 24 21 33 26 28 24 28 27 34 29 33 34 22 20 26 24 24 30 26 30 26 22 33 22 28 30 13 26 29 30 29 31 28 30 30 39 43 30 35 31 28 23 31 24 29 32 25 40 31 29 24 28 26 28 33 26 30 30 31 40 38 24 24 25 36 36 32 28 44 10 31 31 37 26 25 21 26 40 22 28 30 29 30 31 27 24 32 33 33 22 32 28 32 27 29 37
27 21 29 28 18 30 38 33 30 33 29 26 18 30 32 24 36 20 36 33 31 30 33 35 34 40 38 35 32 27 36 36 37 42 39 32 29 35 24 34 46 36 30 36 32 37 33 29 25 47 28 24 24 29 23 40 32 21 21 42 36 29 32 33 24 24 33 19 37 25 36 39 31 29 25 34 30 34 36 37 26 26 39 27 33 29 23 37 23 21 42 22 34 24 30 45 34 28 30 26
30 21 26 25 32 27 32 25 29 28 42 24 35 29 26 23 41 26 41 36 30 24 25 26 21 21 23 28 30 35 41 32 33 22 33 32 31 25 25 35 31 26 19 20 36 36 65 66 31 38 27 34 36 35 30 33 33 28 27 24 25 30 44 14 35 29 35 37 23 39 20 34 27 20 28 25 28 35 32 22 36 24 33 29 44 37 33 33 42 34 38 30 38 23 20 32 22 18 27 30
27 35 18 28 42 31 35 25 30 31 30 28 16 28 22 28 22 30 38 34 37 32 30 35 34 27 43 26 30 32 28 24 33 22 18 28 36 30 31 42 30 38 43 45 29 29 29 27 26 17 39 32 41 23 23 21 30 18 30 34 24 35 21 25 28 34 34 37 42 30 28 42 32 33 30 31 28 39 26 28 25 22 36 23 13 36 30 21 28 48 31 34 37 41 26 46 41 24 29 22
27 20 41 37 24 34 30 31 26 37 29 35 24 36 34 33 46 43 25 27 30 28 42 38 33 31 35 18 32 38 28 28 27 32 26 36 19 24 31 33 25 24 27 43 35 33 31 40 31 33 42 36 25 29 37 39 32 30 35 34 26 24 27 30 26 28 38 44 26 18 25 31 36 33 33 28 27 32 28 29 30 35 34 21 25 28 39 26 25 33 38 25 24 21 25 32 22 28 36 35
20 21 22 38 26 25 27 30 28 35 25 37 25 37 43 23 32 43 30 27 43 33 32 26 17 23 21 38 25 19 31 30 28 28 43 30 52 30 27 30 21 36 28 21 26 19 37 32 26 18 26 26 71 28 40 35 36 26 31 20 26 37 31 47 29 22 44 33 25 30 35 35 39 40 45 16 36 29 40 29 30 35 32 29 36 24 28 28 30 30 29 36 26 34 27 30 24 34 24 47
38 23 23 26 16 31 31 34 28 27 41 30 31 34 40 25 30 37 28 48 44 21 27 40 27 20 23 38 26 23 26 28 37 29 34 20 39 34 18 16 14 18 16 15 23 17 15 9 21 23 8 22 17 8 18 24 15 17 8 19 14 14 18 13 17 13 4 13 13 15 14 19 19 14 16 17 15 13 16 16 21 22 15 20 14 24 10 18 24 16 14 21 15 13 14 12 15 13 20 17
14 19 18 16 17 13 17 10 16 11 20 11 13 7 18 14 12 19 7 25 19 19 9 14 13 16 21 8 15 21 14 16 10 22 19 17 12 15 13 12 11 13 18 15 12 17 11 15 12 17 19 15 15 18 22 17 10 19 9 24 15 9 16 14 19 12 20 12 23 15 16 12 16 20 14 15 17 18 6 31 29 14 21 16 7 15 11 17 9 7 22 16 12 10 17 13 19 20 24 11
9 10 19 18                                                                                                
