0.371428571428571 4278 26 30 24 36 29 48 33 40 46 21 31 30 28 34 27 32 19 36 26 29 35 28 28 30 36 34 24 41 31 36 31 34 24 32 36 22 25 39 35 37 35 28 27 35 39 32 41 26 40 40 28 36 36 34 26 38 16 30 30 36 24 43 28 27 36 37 38 40 39 31 33 33 29 30 17 27 42 44 26 42 47 27 33 24 44 46 37 24 29 37 34 25 25 37 42 37 29 29
20 44 41 29 32 38 39 27 37 32 32 34 31 42 44 42 28 32 42 31 41 32 32 34 30 27 25 41 34 34 47 43 39 10 30 37 43 34 18 41 22 31 24 41 38 43 30 43 32 25 22 27 30 32 26 36 41 40 37 27 26 24 24 31 25 27 30 32 52 37 32 47 33 24 31 28 34 37 40 34 36 34 35 28 27 33 32 31 33 25 52 31 34 33 19 27 37 32 24 27
28 44 31 21 35 27 45 38 30 29 39 29 38 30 27 31 35 26 37 43 36 48 42 37 32 42 34 21 35 37 34 30 27 20 27 29 35 32 23 34 32 32 26 33 36 25 27 28 28 28 25 40 29 34 26 27 26 39 40 29 35 47 20 19 23 30 38 27 29 23 38 35 43 32 39 28 36 37 23 16 28 36 42 26 29 21 32 23 33 25 41 38 34 43 38 35 29 40 22 33
48 28 20 39 28 25 24 39 33 36 31 31 33 29 34 29 41 30 36 27 21 42 20 33 37 26 31 42 37 38 34 37 43 34 32 13 29 33 33 41 43 25 19 27 35 39 35 25 31 38 35 40 40 27 40 39 33 43 27 31 35 28 35 32 35 36 34 38 41 31 41 31 42 36 34 37 34 25 36 23 29 30 37 29 34 29 35 38 30 36 36 32 36 21 29 30 45 38 40 34
30 39 18 45 46 44 28 35 29 24 33 17 30 18 32 32 28 37 31 34 30 38 39 33 38 37 34 44 24 37 28 29 40 38 50 28 31 35 26 39 33 38 47 29 28 28 50 40 37 31 48 32 36 25 32 27 32 29 24 24 35 42 32 35 45 32 28 29 25 30 25 39 24 42 18 41 33 34 33 44 33 32 35 24 34 29 34 30 47 41 32 39 33 29 30 39 39 32 43 40
37 39 39 34 50 37 38 32 40 34 33 33 31 24 24 36 27 40 35 26 30 20 33 42 30 40 41 42 30 37 46 38 29 34 36 38 31 44 46 26 34 36 38 36 42 38 39 37 38 49 30 35 36 26 30 37 35 27 19 18 20 33 32 33 27 40 37 37 24 25 28 29 36 36 45 27 26 27 24 36 35 48 33 28 31 31 34 28 31 35 33 32 33 36 30 34 27 42 34 40
22 27 25 37 30 40 29 30 23 25 41 24 22 39 34 43 31 40 34 40 24 30 35 36 25 37 40 43 27 29 25 47 44 35 48 39 27 32 29 39 34 33 39 32 31 28 33 27 38 33 44 24 34 32 32 33 30 30 29 38 33 49 29 18 27 29 28 20 26 43 23 39 26 34 34 30 32 27 14 26 40 20 25 32 28 35 22 33 34 31 30 39 18 35 39 30 29 28 39 38
30 45 39 39 34 35 25 35 27 47 34 24 34 29 35 30 40 28 22 32 22 34 29 24 43 49 32 47 23 21 33 35 36 41 44 34 31 30 34 29 25 31 33 40 33 34 27 38 23 27 39 37 17 41 37 35 29 32 25 30 21 32 36 29 29 31 32 37 40 20 36 23 28 24 34 39 34 31 30 33 33 28 30 28 31 27 35 52 32 38 32 32 38 24 56 27 32 37 33 39
39 40 34 13 48 49 32 26 26 33 30 37 30 29 25 35 35 30 26 33 33 45 31 35 31 48 34 34 31 35 39 24 31 33 28 26 28 29 36 31 32 30 27 38 40 24 34 24 37 32 34 28 24 28 46 30 34 35 33 23 35 31 33 41 41 21 37 32 28 27 30 32 44 30 34 41 37 27 29 33 31 33 28 30 32 32 24 28 25 37 22 33 33 24 43 31 42 39 38 23
35 37 32 28 29 27 31 37 31 33 33 35 31 24 28 32 32 26 35 39 38 41 30 37 28 36 31 29 35 33 24 39 35 30 32 33 30 36 28 37 38 33 22 44 27 34 34 29 27 36 32 44 23 29 45 34 32 26 36 39 37 43 22 36 35 32 31 43 29 40 32 43 37 35 45 29 48 37 29 25 34 39 26 28 30 35 33 31 28 35 40 25 31 30 47 32 35 35 23 34
29 23 29 41 29 34 26 35 35 25 31 24 34 34 31 43 35 35 38 29 27 24 35 36 28 27 40 35 33 37 44 28 35 29 34 70 15 35 20 35 36 19 37 28 43 39 30 24 35 38 50 26 45 42 24 36 32 31 22 30 32 32 44 35 36 24 38 26 48 15 46 34 42 29 15 32 24 33 38 32 39 30 32 29 30 39 44 32 31 25 23 22 29 33 30 22 28 28 14 40
29 35 35 42 26 37 32 32 25 36 28 28 31 39 35 37 34 29 32 37 30 37 35 33 31 31 27 31 31 29 27 36 32 31 24 27 29 28 33 37 26 35 31 32 23 33 32 25 34 31 28 33 26 21 29 33 31 31 34 30 30 41 44 95 127 96 25 62 59 78 72 81 40 38 19 33 46 27 41 45 38 27 25 36 30 29 32 30 22 38 38 50 25 24 32 43 29 38 23 39
27 34 34 33 26 36 33 43 22 23 29 41 26 24 21 35 41 32 24 28 34 36 40 38 30 40 30 22 37 29 35 36 43 30 33 34 36 35 24 38 30 55 43 29 31 53 21 35 38 40 44 30 26 44 37 29 34 37 38 34 37 33 23 35 33 42 24 37 34 36 45 30 31 38 20 21 29 31 30 28 33 23 29 37 30 34 17 35 36 34 32 33 34 45 40 37 38 33 32 31
45 23 29 28 28 32 29 22 30 36 45 33 39 62 83 39 53 41 38 44 28 41 41 24 17 30 34 35 25 29 32 48 45 29 39 36 39 31 36 32 26 23 42 22 32 32 27 31 33 34 29 20 21 33 37 37 25 28 26 40 25 35 37 33 33 36 36 36 28 20 35 16 25 25 36 39 39 34 32 35 37 26 27 47 49 39 40 40 30 30 41 33 43 31 39 35 35 48 38 43
26 32 32 40 36 34 34 30 30 34 32 43 35 32 33 39 32 31 27 26 54 36 25 26 25 37 28 34 24 29 24 44 24 36 28 35 43 29 50 9 40 37 37 37 44 37 37 27 32 39 33 29 37 38 33 30 38 36 27 32 33 26 40 39 33 38 32 35 29 25 30 33 28 33 35 35 40 33 36 36 39 35 48 23 32 38 26 24 35 30 35 32 31 26 42 29 30 33 22 39
30 46 27 32 34 39 34 43 36 30 30 36 23 37 27 34 40 46 35 49 29 30 38 27 37 25 32 27 35 35 33 23 31 31 26 27 35 33 30 38 51 36 20 42 29 32 28 30 30 42 34 29 36 33 36 35 38 32 25 24 28 38 46 24 35 37 40 31 48 40 28 35 32 37 27 32 18 41 45 29 32 28 37 38 19 32 32 33 35 36 38 26 29 25 34 31 22 23 31 33
32 31 26 18 29 25 25 34 28 29 26 40 32 10 26 25 27 22 30 33 44 28 33 45 28 21 46 28 38 43 35 33 33 21 31 27 24 43 34 33 27 31 28 44 45 47 38 27 30 32 26 35 26 30 23 34 38 26 28 41 33 35 43 51 39 31 42 31 31 21 24 36 21 34 32 44 33 25 23 33 23 26 42 39 31 47 26 36 41 32 43 36 36 33 38 32 42 45 34 38
35 41 34 30 29 28 34 29 27 37 29 22 42 42 28 33 42 32 40 30 32 38 36 28 34 31 31 46 43 30 31 33 45 38 35 34 42 25 31 22 33 29 32 28 25 35 36 39 32 41 32 39 41 36 24 34 37 34 38 16 36 29 18 39 28 41 42 36 30 39 23 24 34 42 36 26 34 36 40 37 34 32 40 26 23 34 43 29 30 35 39 27 25 30 29 26 23 26 27 37
33 36 33 27 33 28 34 28 34 35 22 29 32 26 35 28 30 32 37 36 31 22 42 40 34 26 35 26 36 30 26 34 25 28 17 21 33 35 33 28 40 31 39 45 28 25 42 33 25 31 40 36 40 33 38 27 34 28 36 45 38 33 42 25 46 32 33 22 36 30 41 32 31 38 42 34 45 29 30 34 42 39 38 32 35 37 31 44 32 28 28 35 31 26 28 49 24 45 42 41
30 41 38 33 36 47 23 31 38 33 26 28 32 27 36 48 27 21 38 30 27 29 39 39 22 23 36 33 30 45 40 43 27 38 25 30 30 32 32 36 32 42 31 31 38 27 39 33 37 35 28 25 42 30 41 35 21 40 23 25 27 30 46 39 29 35 23 30 33 26 24 34 40 37 31 31 34 29 37 25 28 36 29 29 33 21 30 37 22 42 35 41 37 35 37 40 32 28 28 42
32 39 31 30 41 29 25 31 38 31 46 28 32 29 33 40 31 36 32 31 30 25 21 41 26 28 40 21 39 31 48 38 27 37 40 32 32 15 17 30 32 38 31 39 29 48 26 25 47 65 21 51 38 23 31 39 27 30 19 13 35 28 22 31 34 36 37 29 36 44 27 28 21 26 38 34 28 39 29 35 23 39 39 39 35 25 45 40 31 34 29 44 40 45 49 31 19 51 38 32
39 33 38 44 30 26 32 34 31 37 28 23 35 38 35 19 32 34 26 38 35 31 35 31 21 39 35 28 30 39 35 28 41 30 45 31 34 41 31 22 41 34 34 34 30 31 31 30 19 25 39 27 31 44 39 20 35 33 29 35 35 32 26 39 27 39 18 35 41 27 30 42 27 35 38 31 37 40 38 32 26 17 31 31 29 24 31 24 33 29 38 31 22 36 28 31 34 38 14 29
33 36 36 30 32 35 23 27 38 30 28 27 28 31 42 28 27 13 24 40 31 30 36 27 31 32 38 36 35 29 31 43 33 35 33 41 37 36 34 26 38 31 40 25 38 31 34 44 35 39 22 41 38 25 29 33 35 29 30 31 32 32 22 37 26 38 44 30 31 37 33 38 29 31 28 24 41 30 38 41 31 41 30 46 35 29 27 45 32 43 30 43 42 33 23 35 37 35 35 31
34 31 28 30 32 23 40 32 34 35 36 21 37 27 28 32 46 31 27 40 33 32 36 31 40 35 34 28 32 33 42 31 29 36 42 44 42 29 32 30 42 29 38 32 42 37 44 27 32 29 30 37 25 39 40 33 35 32 30 34 36 33 36 28 35 28 37 35 24 37 35 41 41 24 41 24 43 30 27 35 52 45 26 41 28 49 19 35 45 36 25 31 29 34 34 42 44 21 35 24
38 33 37 27 33 49 34 37 45 41 42 49 25 41 27 37 38 41 43 34 33 44 25 41 40 37 46 26 32 24 36 39 31 32 36 28 30 41 24 34 25 36 39 30 46 37 38 33 34 24 25 29 34 34 34 30 34 40 32 27 34 36 29 24 23 37 37 28 32 35 37 42 26 32 37 32 40 37 40 26 18 30 33 37 16 38 37 39 35 42 28 34 24 33 40 39 25 30 41 30
25 36 30 29 33 33 25 40 38 31 27 33 39 34 35 35 26 27 33 21 41 39 31 36 36 28 47 30 30 34 33 29 27 44 31 33 22 47 36 38 36 26 39 37 36 29 32 32 32 27 35 43 26 38 38 23 23 34 39 45 33 26 30 39 23 38 33 38 29 28 39 26 38 40 33 34 39 38 28 28 26 26 38 35 30 33 36 42 24 38 30 32 38 35 37 38 44 45 24 26
29 32 48 46 31 38 27 34 33 27 34 33 28 35 45 39 40 41 34 29 33 37 38 40 30 34 36 40 28 38 24 18 38 35 29 28 35 43 40 37 34 34 38 42 35 28 31 40 36 23 47 26 50 36 31 32 27 39 24 22 38 31 30 38 31 34 36 23 31 23 41 44 29 26 35 27 35 41 33 47 30 29 31 21 31 28 40 38 35 30 33 46 33 35 24 24 33 38 37 33
36 38 39 31 32 42 50 32 22 29 27 36 37 33 48 32 40 31 28 45 33 36 33 30 25 42 35 30 37 22 30 29 24 32 29 40 38 37 31 45 36 20 25 34 31 16 35 31 26 33 28 24 34 29 23 38 35 38 22 28 28 23 46 36 30 34 23 33 27 33 28 14 36 33 40 39 28 38 32 30 31 32 30 31 35 30 31 28 28 30 26 27 33 34 19 28 18 27 30 27
29 32 24 34 27 28 33 27 21 35 33 39 29 25 36 30 40 34 40 45 38 26 31 39 38 29 33 31 34 42 30 33 28 38 31 26 38 34 31 33 18 21 15 39 31 29 32 24 30 38 33 29 44 35 36 26 28 29 43 30 32 28 35 53 39 30 36 37 31 29 35 21 37 29 30 28 38 35 35 30 29 34 34 21 33 35 33 35 33 41 36 29 27 26 38 23 25 27 29 34
44 27 24 25 23 37 33 40 22 48 24 29 28 23 26 32 35 26 37 47 24 42 24 30 27 36 33 26 27 44 27 37 38 40 41 33 34 33 32 35 34 50 37 36 35 30 26 33 30 39 40 43 36 30 26 30 33 28 35 34 26 42 34 35 37 29 27 54 29 27 32 34 35 27 33 26 36 29 25 35 24 29 31 27 27 28 41 35 31 38 24 29 31 22 21 28 43 27 25 17
25 47 28 33 41 31 38 23 27 32 29 28 32 30 33 29 32 35 40 33 38 31 31 35 34 38 31 30 27 33 24 34 30 37 26 36 36 34 36 46 24 50 27 29 18 34 33 37 30 34 34 23 42 35 37 31 37 30 34 32 25 30 31 31 40 35 30 27 29 33 37 39 34 30 35 36 34 21 33 24 38 47 27 34 30 23 29 31 30 19 26 26 33 31 23 29 40 31 28 39
29 32 30 37 45 34 23 27 32 28 31 34 14 33 43 29 22 33 26 31 37 28 35 30 28 28 31 30 38 32 25 30 35 35 44 38 22 24 32 31 38 37 34 29 47 37 42 36 31 39 26 50 29 38 38 34 29 34 33 36 33 34 35 28 40 40 34 24 25 26 30 40 34 20 23 22 29 28 48 21 40 40 41 35 30 34 27 49 44 36 33 33 30 30 35 40 37 24 34 31
29 33 30 29 39 33 32 27 24 20 35 31 41 23 9 34 27 29 36 31 43 35 33 24 26 54 30 33 34 30 38 36 34 26 29 34 28 31 26 29 56 41 28 45 28 27 24 33 36 36 32 38 24 22 44 43 33 17 27 26 25 24 24 31 37 29 26 36 29 33 44 28 36 26 42 38 17 39 33 23 26 27 32 30 46 35 22 30 34 31 29 29 28 38 41 32 36 26 39 30
32 28 40 36 36 23 29 35 30 37 48 42 23 31 42 41 34 26 33 24 40 32 37 32 50 31 43 21 28 23 33 37 36 30 24 22 55 36 42 41 36 24 28 31 20 34 36 39 23 41 41 32 28 28 27 36 20 37 32 34 19 28 25 36 36 37 25 22 35 26 25 24 40 33 36 29 38 49 33 18 33 41 38 33 25 34 31 30 32 40 27 36 23 40 34 35 31 35 45 33
43 35 39 28 25 33 37 32 29 18 24 34 26 30 32 24 57 35 30 29 36 32 40 28 33 36 31 32 15 27 30 31 34 29 22 33 28 34 24 20 34 39 32 40 30 29 30 24 29 26 36 33 38 42 22 37 29 39 43 34 33 30 36 38 24 31 26 40 41 37 37 15 37 24 30 34 42 32 39 30 24 30 32 32 42 34 26 39 40 28 30 46 37 31 32 35 35 31 35 33
41 36 28 35 43 33 34 28 25 29 35 25 32 32 31 33 33 36 27 24 23 25 42 40 30 27 34 37 28 33 38 32 41 31 32 40 39 47 34 42 33 35 41 39 40 34 27 33 25 39 46 29 33 29 17 31 26 20 40 39 21 40 28 13 40 36 33 34 22 34 25 26 19 33 34 41 32 35 18 47 31 49 28 24 36 22 22 30 41 42 30 37 44 32 33 35 31 25 43 42
40 28 35 30 17 31 33 39 40 31 25 33 31 26 28 28 37 24 35 30 31 34 43 26 34 32 35 30 37 39 48 38 28 29 34 34 35 37 27 38 27 32 35 28 27 44 38 36 29 38 33 30 31 40 37 28 35 37 26 27 38 24 30 27 38 29 32 42 45 36 30 30 45 28 29 45 30 30 20 33 27 31 41 35 28 22 33 36 33 32 32 34 43 26 40 42 30 37 40 31
35 46 34 25 26 35 31 45 39 28 34 27 22 26 25 34 27 32 30 28 25 33 34 24 23 27 34 19 42 33 32 35 24 24 55 33 42 34 25 32 31 35 27 38 34 29 42 25 30 40 38 37 29 26 37 54 37 29 20 29 20 21 31 41 31 20 36 34 32 36 37 33 33 28 31 24 38 31 27 26 36 33 37 39 42 32 26 22 28 31 31 33 31 36 31 27 29 29 32 40
35 32 22 27 31 28 29 33 39 33 34 31 32 28 45 35 33 29 36 35 38 38 26 30 48 42 34 21 22 42 34 36 33 32 32 30 27 37 28 31 32 35 46 38 26 29 29 32 17 25 33 34 23 40 33 31 37 25 27 36 25 18 32 41 32 44 38 34 38 24 35 29 27 39 36 39 29 14 27 26 28 38 35 31 23 34 25 28 33 36 27 30 33 41 34 29 39 36 29 30
41 39 25 36 29 30 37 34 13 36 28 37 34 26 39 33 33 28 27 36 41 41 39 54 28 38 32 37 31 39 33 37 24 31 35 18 39 31 28 36 39 46 49 43 40 30 32 38 24 29 32 27 27 36 24 34 37 31 27 38 23 37 33 38 29 43 26 43 24 38 35 39 42 34 35 26 27 37 32 29 29 36 34 34 20 46 29 27 37 34 29 33 19 34 30 31 45 31 26 27
38 24 39 30 35 38 53 34 26 33 38 41 46 37 32 25 29 41 31 41 34 36 31 35 38 30 30 34 30 35 27 20 33 22 34 48 13 48 26 34 31 18 29 36 38 28 35 25 34 39 20 30 31 43 37 30 27 36 44 19 37 22 20 38 31 33 32 33 28 35 35 27 31 28 41 39 36 31 38 30 44 27 34 28 29 34 30 34 27 30 16 28 27 32 35 37 33 31 33 30
37 36 45 34 29 31 38 23 42 23 24 44 31 18 32 35 35 27 33 38 34 41 36 29 22 28 20 36 27 34 35 35 28 32 40 9 35 28 30 42 45 39 44 29 34 48 37 34 34 23 37 37 45 25 32 40 38 15 32 33 36 26 34 41 39 30 35 22 25 26 36 26 33 25 27 29 33 38 31 33 28 29 36 35 30 26 38 34 29 37 30 40 31 28 42 29 22 28 29 42
38 31 30 35 40 30 26 26 29 36 21 37 50 36 36 29 29 38 33 27 36 28 43 43 41 32 29 32 35 38 34 17 29 24 23 35 24 33 28 19 26 36 39 31 24 42 28 35 24 32 17 22 35 38 30 22 31 27 21 33 28 12 40 35 36 34 22 22 31 33 19 31 33 29 34 38 38 43 29 22                    
