0.454545454545455 3246 30 34 37 33 28 37 29 38 35 24 56 32 37 33 23 37 32 30 33 23 30 29 32 44 29 33 27 26 27 28 25 30 33 40 22 31 23 27 33 29 45 35 35 33 25 33 31 39 26 29 45 31 37 29 33 33 39 28 27 25 34 22 60 31 31 18 32 23 34 22 33 42 30 33 33 31 28 31 35 31 42 26 16 24 34 35 24 29 29 31 37 24 41 35 29 29 30 32
30 5 32 28 35 30 38 102 20 14 33 30 40 31 34 27 32 32 34 33 29 43 29 29 48 31 42 27 25 41 47 36 31 40 36 21 36 16 25 35 28 25 35 36 25 33 42 43 31 31 33 40 23 40 34 39 33 40 24 41 37 32 27 35 29 26 38 35 32 36 21 31 30 28 31 35 40 50 32 41 26 29 16 26 27 25 45 31 38 34 33 24 21 30 34 33 28 33 33 32
38 27 33 35 30 32 36 37 39 39 30 28 40 28 34 28 27 28 34 40 39 30 35 36 36 41 35 33 38 29 42 31 23 34 40 29 33 35 35 25 24 34 29 14 30 39 34 29 38 30 26 44 30 31 42 33 29 33 29 24 24 29 34 27 25 33 34 37 37 38 39 27 29 39 33 36 35 31 39 35 29 26 28 30 14 26 32 33 26 35 55 29 15 32 32 28 35 22 27 39
36 39 36 46 39 33 37 29 53 28 43 31 37 33 22 33 39 25 35 32 26 41 42 33 32 24 30 40 42 38 30 43 36 31 32 27 31 42 29 32 22 27 38 37 33 34 41 37 35 35 38 34 29 27 27 29 38 38 36 25 27 44 27 39 28 36 35 37 31 32 38 27 40 31 43 29 26 37 32 32 34 34 30 34 36 32 35 38 39 27 30 26 37 25 27 30 36 35 34 36
28 41 43 25 37 32 34 27 31 31 35 26 39 35 44 30 34 34 39 28 21 40 29 27 24 27 45 43 33 40 26 52 35 29 24 34 24 22 32 16 42 41 29 33 35 28 37 40 36 30 29 29 38 28 35 48 37 28 39 25 28 33 31 35 37 42 34 29 24 35 44 24 30 35 33 13 25 34 39 40 16 42 35 36 23 45 36 24 27 30 34 36 37 32 30 41 28 23 30 32
49 22 33 24 48 47 23 32 31 22 30 23 30 22 27 37 20 25 27 40 23 39 39 34 37 26 44 32 24 41 34 41 45 27 26 33 37 31 32 27 29 18 31 29 27 31 31 19 34 32 26 48 24 35 41 29 36 38 29 38 25 40 26 32 34 25 23 18 14 27 33 36 41 18 37 29 46 43 32 42 32 37 34 29 19 36 38 33 23 31 32 25 26 24 31 31 33 24 25 30
28 36 40 25 36 18 37 26 52 32 37 33 33 35 38 29 23 29 36 36 29 29 33 21 36 34 36 21 31 36 20 32 28 24 32 29 43 36 34 32 43 39 24 31 34 34 26 29 24 40 33 32 23 25 36 37 28 30 40 37 32 36 34 32 27 33 42 26 38 31 30 28 29 34 24 26 27 23 37 29 32 24 25 31 32 34 30 42 31 34 44 36 33 32 26 37 23 27 37 22
43 16 46 30 31 25 28 33 42 28 26 28 31 32 37 31 32 38 39 25 27 26 33 32 31 34 39 42 29 26 43 28 23 29 36 31 25 35 17 30 20 33 44 15 20 33 40 43 36 33 61 33 45 31 23 32 35 28 42 15 25 35 33 32 22 23 24 22 35 48 38 28 32 35 27 24 38 36 24 37 36 26 34 39 33 26 35 33 32 29 36 29 32 32 32 27 34 26 40 34
40 31 42 36 35 30 25 33 30 27 36 23 37 29 28 32 31 33 43 25 33 37 34 20 40 19 18 27 47 44 28 32 21 30 36 22 38 36 34 31 24 35 46 30 34 44 23 26 36 38 38 29 38 71 26 13 167 154 28 145 73 77 32 32 24 29 29 25 28 29 25 44 40 10 21 26 27 30 30 36 32 31 39 29 34 32 34 32 38 29 51 23 37 32 58 37 29 34 35 37
32 32 31 40 46 32 32 32 21 34 35 38 33 49 36 20 31 39 29 28 29 33 24 33 29 23 30 24 46 28 31 28 33 30 31 25 31 35 46 29 20 28 32 40 24 26 46 44 24 39 38 29 32 17 32 37 42 32 37 38 26 34 18 41 37 35 32 35 30 29 27 37 34 31 30 34 30 65 35 26 32 25 24 29 32 29 46 42 39 29 32 35 27 44 39 30 33 34 32 28
32 36 28 28 23 30 22 30 29 33 30 28 34 35 35 30 31 23 38 31 33 37 25 29 27 28 30 27 23 28 39 38 39 39 33 43 33 37 27 28 34 42 29 25 31 35 33 41 43 46 23 29 40 39 41 31 25 32 38 31 39 32 38 27 33 40 36 39 35 42 17 29 31 29 31 24 16 29 35 31 35 27 35 40 23 31 44 33 32 32 38 32 29 47 38 36 33 30 33 41
39 35 22 42 31 49 41 41 36 35 31 25 30 29 28 35 40 29 28 27 36 45 17 19 25 38 43 35 34 40 38 33 32 37 38 39 29 31 21 29 20 29 38 29 30 38 33 28 29 33 37 36 33 21 41 27 38 39 26 32 35 42 32 39 41 19 37 30 34 39 38 21 36 28 35 42 29 36 41 37 22 38 33 36 35 31 32 34 23 31 30 26 29 14 19 33 29 34 31 42
24 30 23 31 24 33 34 29 31 27 34 29 38 35 42 30 34 31 27 33 39 31 26 32 36 34 31 39 50 30 19 40 36 22 37 43 64 30 36 34 39 28 38 31 29 42 34 42 30 28 29 28 37 28 28 27 42 38 25 21 31 48 15 35 30 30 33 20 26 31 26 37 26 27 34 29 21 31 23 28 36 28 26 34 23 38 33 26 37 42 31 29 39 42 32 30 33 33 27 39
38 40 36 29 31 31 32 32 27 39 42 43 40 33 37 33 43 33 30 36 36 32 25 30 31 32 28 32 20 39 23 18 29 30 31 37 30 48 28 32 22 29 21 35 30 30 37 30 32 15 29 24 22 40 36 37 28 30 45 37 33 34 26 40 26 30 30 36 26 40 30 36 29 26 30 37 29 33 53 28 31 23 22 36 26 42 22 28 25 18 31 30 30 29 32 21 32 24 22 37
19 33 38 29 23 33 31 36 36 35 36 26 33 32 30 36 31 27 23 34 28 22 28 35 31 33 25 27 38 22 34 37 29 35 37 35 26 25 29 39 32 37 22 29 37 39 22 36 23 34 30 26 32 27 20 42 37 37 28 44 40 25 29 31 25 36 25 29 30 22 23 33 31 28 40 32 29 31 23 33 36 37 31 31 30 36 37 39 23 29 30 38 30 35 35 30 33 37 30 27
39 33 33 32 32 31 30 39 21 37 34 38 21 35 30 34 25 30 26 34 38 32 21 35 29 37 22 36 24 35 44 34 46 40 39 36 38 34 26 11 45 32 41 40 44 31 30 36 15 36 33 29 35 33 33 35 31 46 100 78 31 27 27 27 30 30 40 30 29 30 26 32 26 34 36 34 34 33 38 28 34 30 42 27 25 23 25 36 21 25 24 37 37 28 25 25 31 31 30 38
32 40 24 44 31 38 34 35 29 27 37 43 37 46 27 7 37 39 33 27 34 47 38 43 39 32 34 28 36 25 39 31 37 27 22 33 22 35 26 32 38 38 31 42 36 39 34 36 27 26 24 28 37 37 32 27 25 25 26 33 18 28 25 42 42 29 36 31 33 34 38 35 40 24 25 43 35 31 37 34 39 34 33 31 21 26 41 31 28 36 38 23 36 28 29 38 42 26 34 34
25 27 31 32 31 33 24 29 38 19 36 28 26 29 37 38 35 26 43 26 26 27 32 26 37 29 25 31 38 30 35 23 35 26 25 36 38 27 31 28 26 24 31 18 44 23 27 34 30 36 30 32 23 33 39 25 25 44 26 33 30 27 17 33 31 40 26 32 44 31 28 41 33 38 14 30 38 41 23 35 30 34 35 32 32 26 24 26 35 28 21 37 31 25 25 25 36 33 29 25
29 32 39 30 24 40 36 16 30 26 32 36 33 22 43 47 30 29 44 32 34 37 36 34 39 34 38 37 35 40 25 25 24 25 32 47 61 28 28 22 26 40 31 32 38 36 37 28 36 34 32 36 36 27 46 34 25 32 28 34 34 41 36 16 29 38 45 22 27 27 35 29 29 28 38 29 30 51 28 33 23 29 24 35 30 28 26 36 26 35 27 28 29 23 40 31 34 26 34 24
32 33 28 29 31 29 37 31 27 45 25 37 29 30 41 40 47 45 41 34 38 32 36 22 30 45 27 20 32 26 24 27 38 27 28 28 23 39 43 37 30 24 40 28 30 27 31 33 20 37 40 38 41 40 28 28 42 35 33 23 34 27 42 30 14 27 30 26 35 45 34 34 37 42 27 35 34 31 32 37 49 38 40 37 43 33 39 38 33 28 30 41 30 23 35 31 32 19 24 16
41 33 43 39 27 29 28 40 32 39 21 29 33 26 33 28 27 36 27 32 25 26 35 27 39 36 30 26 40 24 31 39 37 38 38 45 20 37 23 42 19 36 27 52 51 33 33 31 29 25 36 29 26 32 24 29 31 35 25 23 37 33 35 31 29 31 26 25 33 21 36 32 36 26 32 26 47 25 25 33 33 25 31 31 38 39 25 23 22 30 26 32 33 31 22 40 28 27 30 35
22 39 34 34 35 29 29 44 27 25 30 29 36 37 21 40 31 34 36 40 26 54 34 30 22 34 26 29 23 27 38 37 28 30 33 40 39 31 25 27 32 16 27 30 28 33 33 31 28 30 34 31 27 26 48 28 26 42 24 27 31 40 22 27 27 30 46 44 33 35 26 34 25 30 35 27 46 28 54 25 40 21 32 35 33 21 45 42 35 36 44 26 34 10 34 39 39 31 21 25
36 33 33 44 31 23 31 35 34 24 30 48 38 30 25 40 27 31 35 40 32 28 26 28 33 30 37 32 25 33 37 34 28 33 34 29 37 35 39 26 34 19 32 29 28 26 27 23 31 20 36 34 33 29 32 27 33 36 41 27 29 24 26 27 36 28 36 32 33 45 30 38 35 20 40 24 38 28 40 28 37 27 38 43 26 37 34 30 28 33 39 33 24 30 24 29 35 34 25 29
22 35 39 20 37 37 31 23 21 21 35 22 31 28 39 29 24 39 29 35 36 27 43 28 32 34 20 29 37 24 37 28 42 30 50 38 23 31 32 35 29 31 27 37 38 38 37 25 29 41 32 29 28 39 34 36 36 34 34 27 27 34 37 24 27 28 38 28 35 32 32 30 17 35 29 28 31 36 39 31 31 25 30 28 33 25 26 14 27 30 32 28 30 27 38 32 44 28 26 31
38 37 39 36 35 28 33 40 39 30 36 36 26 21 27 32 22 21 37 23 27 33 29 27 38 35 33 30 35 39 35 19 29 15 36 34 28 40 39 21 31 35 36 27 27 28 27 27 30 34 25 24 24 29 35 31 23 40 25 48 39 43 32 32 40 39 41 36 33 44 31 30 26 44 40 33 36 22 48 41 40 30 28 20 29 31 37 31 32 23 37 31 38 37 35 34 32 25 22 24
23 37 37 28 30 30 38 38 39 43 34 27 33 24 30 31 22 38 32 28 30 29 32 29 38 41 34 29 45 30 40 37 32 33 39 42 25 35 29 30 30 36 30 30 28 25 34 47 24 32 34 21 26 42 30 33 27 30 42 35 38 37 31 33 28 34 41 27 38 28 34 35 27 26 29 41 34 51 38 25 28 20 28 30 48 30 34 27 34 40 22 36 39 30 39 24 37 34 29 31
24 13 24 19 33 35 37 26 31 36 35 25 31 47 30 35 22 36 24 27 27 32 36 31 33 32 37 31 33 28 33 29 35 39 31 30 32 38 32 22 21 28 37 40 36 37 32 33 44 24 41 36 29 28 33 43 38 21 35 39 24 38 22 27 33 29 30 30 21 26 24 39 24 48 32 27 39 33 20 22 35 34 25 26 38 33 33 32 45 27 26 45 31 29 35 46 36 38 34 22
33 34 32 27 50 38 43 39 41 35 31 22 36 28 34 45 36 17 36 41 35 29 50 34 26 23 38 29 36 33 28 35 46 24 27 27 40 35 21 31 42 44 31 37 39 31 27 39 24 32 29 38 27 25 39 28 37 29 36 49 41 31 25 30 49 38 38 28 31 30 39 38 29 27 24 37 29 44 33 32 35 28 33 33 39 38 28 29 33 35 32 24 35 32 31 19 31 35 36 39
27 35 27 24 34 30 34 34 24 42 29 37 22 39 38 41 48 40 49 31 29 29 30 35 43 29 33 27 36 34 39 35 31 28 35 31 35 16 23 33 25 32 34 27 33 40 38 39 38 36 24 33 27 41 22 29 33 29 34 18 32 31 43 36 35 16 34 25 29 23 37 29 34 41 30 29 34 25 40 22 42 33 25 33 35 30 38 31 36 33 44 30 29 26 29 32 30 23 27 31
30 30 30 38 27 27 39 30 32 27 29 39 33 8 25 38 28 27 43 34 32 44 25 31 19 26 44 32 23 29 21 25 39 24 33 33 33 25 29 31 38 27 31 36 36 35 21 17 25 31 44 45 29 37 34 25 32 29 24 44 34 26 33 28 22 36 34 36 32 29 45 30 27 26 25 29 31 37 29 28 31 20 23 32 35 34 40 35 32 34 35 29 23 37 29 42 42 29 6 44
31 28 33 33 28 36 22 34 33 35 35 35 36 34 21 40 43 29 34 27 38 39 32 31 42 31 23 33 30 29 46 23 37 39 34 33 41 34 31 38 34 40 29 44 24 29 24 32 27 41 49 38 28 23 23 36 36 27 31 33 35 40 37 44 45 24 35 26 22 24 35 40 40 43 29 42 35 33 44 24 33 33 31 42 49 17 19 26 31 40 34 33 41 29 33 36 35 33 33 26
42 26 22 33 27 31 30 31 29 23 29 31 33 33 26 29 31 29 35 28 42 29 34 38 40 23 23 30 39 32 15 21 33 30 11 14 40 22 19 44 30 37 27 16 14 20 9 20 23 28 32 35 30 23 32 27 30 35 21 30 28 29 33 37 25 31 37 28 28 32 34 36 43 32 31 29 31 29 32 29 31 27 45 30 27 36 40 35 37 43 38 31 39 32 42 23 47 35 25 28
39 30 41 33 33 13 33 30 37 33 29 36 40 42 26 37 35 33 35 34 36 22 43 19 32 26 36 43 39 31 41 29 41 36 32 23 38 29 41 32 34 38 43 27 21 13 28 25                                                    
