0.416666666666667 3259 30 23 38 32 42 27 36 38 28 30 105 25 24 41 33 18 30 32 41 32 28 35 25 26 29 48 27 32 42 26 27 36 35 33 35 37 35 38 30 31 29 34 51 31 32 34 23 28 45 28 33 23 41 27 37 29 33 47 28 27 37 31 36 27 25 34 30 25 22 28 33 33 28 24 36 30 31 27 19 28 30 36 42 19 24 24 29 38 37 30 28 29 29 38 36 18 30 35
36 40 29 25 38 33 36 34 27 37 31 27 33 33 28 40 29 31 32 36 23 27 39 34 17 35 30 23 32 29 39 38 39 33 43 30 38 74 55 31 27 49 35 32 30 32 33 30 34 29 31 32 34 31 27 36 33 41 31 22 22 44 38 35 28 22 35 28 36 46 27 29 39 27 34 17 28 27 45 22 31 27 35 23 25 35 33 29 22 39 24 37 27 35 28 38 51 28 20 27
23 26 33 33 29 25 25 26 34 33 28 36 24 34 42 29 36 37 44 36 33 30 39 25 31 31 33 35 30 30 28 28 26 32 45 32 21 28 26 39 44 34 39 33 25 35 29 37 23 30 27 28 37 23 30 21 29 36 37 38 31 29 29 33 27 37 43 36 35 30 28 40 21 35 31 35 33 31 28 24 23 34 21 24 35 26 35 24 39 21 21 28 41 26 29 23 34 38 36 31
26 28 32 30 37 28 23 28 33 25 36 31 25 29 13 28 33 35 23 39 30 19 40 39 22 34 26 25 14 19 32 29 35 38 32 29 25 37 24 38 34 40 35 23 38 29 32 40 29 38 31 32 41 35 28 26 33 28 13 37 30 36 40 37 31 23 28 28 39 35 38 32 30 31 35 29 37 26 22 46 44 31 31 22 24 27 21 21 38 36 33 38 42 41 37 29 21 24 28 34
33 37 27 31 20 27 28 29 30 32 29 26 34 23 32 27 36 24 28 32 42 37 48 31 40 25 24 26 41 26 25 37 25 31 33 25 53 32 27 38 20 27 27 25 20 27 31 38 35 45 29 33 26 33 30 33 35 30 30 25 24 22 23 20 34 36 34 21 35 23 28 46 26 26 31 22 29 31 29 40 32 20 46 31 34 25 38 30 35 34 21 24 40 43 41 36 22 33 37 27
37 35 40 26 28 37 26 32 37 39 41 34 27 38 32 29 24 28 44 31 23 40 28 33 31 28 32 39 30 28 32 40 27 35 43 25 34 27 33 22 29 21 34 25 27 17 28 28 20 34 20 26 37 42 32 44 44 30 41 40 37 34 23 34 23 43 37 36 37 38 32 33 34 49 35 41 29 36 23 23 37 32 17 32 33 33 31 33 24 30 22 32 38 29 29 35 28 23 27 30
28 32 21 30 27 35 19 23 36 31 25 35 33 30 34 40 29 39 40 35 39 17 19 41 33 33 36 41 36 30 27 37 29 22 38 38 27 27 24 37 37 23 34 31 34 32 24 32 28 25 29 27 34 26 16 25 29 35 33 29 30 20 30 16 28 22 29 25 33 28 29 27 27 35 33 47 36 23 23 30 35 36 21 38 31 32 26 15 34 44 34 32 24 22 40 38 26 22 32 41
22 32 31 24 29 34 30 26 38 34 29 20 29 26 19 20 38 39 29 30 28 26 29 40 18 25 43 24 35 32 33 32 27 22 23 27 29 24 43 21 24 25 31 31 27 29 29 39 29 29 28 26 33 23 38 38 39 24 23 27 29 25 30 24 25 42 30 32 30 34 28 30 33 25 38 28 34 32 29 25 35 30 39 36 21 23 29 33 27 27 29 24 27 34 32 33 34 32 27 27
39 27 29 32 35 31 25 36 20 24 40 45 35 26 33 37 28 26 30 37 34 37 31 27 31 36 26 33 20 24 33 33 37 22 30 35 36 28 33 34 31 33 34 33 28 38 32 23 21 23 28 34 40 35 16 30 32 42 33 17 27 38 35 17 34 41 23 34 30 37 30 33 26 37 30 40 45 30 37 33 30 26 33 36 27 32 21 21 35 27 38 30 34 29 23 31 33 30 33 29
28 39 25 29 33 24 22 34 41 27 36 22 25 33 29 38 23 34 34 28 32 49 21 11 18 29 12 80 26 61 54 55 81 37 30 31 28 35 35 40 32 32 15 25 48 25 29 29 26 27 43 33 36 34 21 27 33 25 29 24 35 26 41 43 33 37 24 36 24 22 35 27 26 28 39 40 42 36 38 31 31 27 29 40 38 44 31 28 40 38 28 43 29 35 17 38 40 33 24 24
33 44 32 34 40 41 35 39 45 29 34 40 24 41 32 36 29 28 19 36 31 34 30 37 30 31 36 29 31 22 32 27 16 35 41 38 29 21 27 43 28 21 24 52 76 36 40 29 27 33 28 34 24 45 44 34 30 33 35 33 42 34 29 29 23 26 38 34 32 34 39 41 25 42 12 28 27 30 34 27 25 35 33 29 31 35 40 25 53 35 36 32 38 30 29 51 45 43 28 24
38 31 43 27 32 45 48 30 35 63 39 33 34 31 34 34 38 35 31 34 25 112 31 44 21 24 42 27 37 27 27 26 29 33 33 35 28 36 36 29 28 28 23 43 41 45 46 33 34 33 33 33 44 40 34 32 33 44 31 39 35 26 31 38 27 29 30 33 29 39 28 26 34 34 29 25 21 34 41 35 27 31 21 43 27 24 30 37 31 28 32 32 32 35 29 24 33 28 27 40
30 30 28 32 30 37 27 24 28 27 34 25 34 29 33 36 28 27 33 40 23 35 30 38 20 24 37 17 41 34 30 24 31 39 42 36 28 23 26 34 40 33 29 25 26 19 29 29 30 22 25 20 26 31 31 22 29 34 19 30 26 29 32 27 25 36 28 42 24 34 28 28 30 23 22 24 38 43 46 27 36 35 48 34 33 43 28 27 31 31 30 34 32 27 35 27 37 23 22 34
49 27 25 21 33 42 24 32 32 34 26 40 23 36 30 32 26 23 26 29 35 35 34 29 34 25 31 30 38 46 31 29 34 32 38 38 34 33 23 35 35 35 28 38 26 29 37 30 27 22 33 36 37 35 25 28 25 40 32 21 20 40 20 32 46 31 31 29 24 33 26 32 42 36 32 36 54 32 36 24 32 25 25 36 30 33 28 27 27 45 29 31 28 28 40 25 33 28 13 35
25 28 23 37 33 33 30 33 45 30 35 34 23 28 22 37 30 24 18 29 27 32 36 29 32 31 27 24 18 25 22 35 22 31 29 23 19 35 24 35 28 27 35 53 30 48 32 32 33 39 25 37 32 31 28 28 29 32 28 31 32 27 33 38 26 28 32 36 32 21 37 37 40 35 42 29 32 20 29 26 25 33 25 41 32 29 26 29 31 28 25 18 30 27 32 37 31 41 19 30
31 29 27 27 31 27 29 36 28 35 32 28 23 19 19 37 29 28 21 38 25 34 21 27 42 26 31 30 36 27 30 27 27 28 28 36 25 28 41 35 27 30 29 16 30 24 26 31 31 36 33 28 28 38 33 42 31 35 31 34 36 37 24 37 35 37 32 24 38 30 19 22 37 28 25 34 23 27 35 35 23 32 32 31 26 24 38 24 32 34 31 34 33 48 21 28 33 32 22 38
39 31 28 41 35 39 48 38 37 42 31 35 36 43 37 38 32 47 48 44 40 33 43 29 36 31 40 33 46 37 28 22 35 33 30 33 29 47 33 28 35 16 29 29 37 36 41 33 21 9 72 95 76 41 16 36 30 21 37 38 33 26 24 37 28 41 41 27 34 24 27 31 19 38 36 25 48 23 38 30 39 28 32 32 36 36 36 29 40 30 41 37 19 38 37 37 25 41 31 24
32 33 23 30 28 46 25 40 38 34 21 36 26 38 30 30 23 30 27 34 33 34 33 36 33 18 34 27 20 33 27 37 36 39 32 31 31 31 37 26 42 26 30 24 38 28 36 34 24 26 33 31 26 29 31 37 30 35 24 34 27 29 39 26 30 31 19 37 38 40 30 31 39 20 27 33 25 39 38 32 29 46 27 27 30 23 37 36 40 35 34 33 35 42 41 37 22 26 32 13
28 26 32 35 32 27 26 28 27 21 32 29 31 23 37 23 24 40 24 33 33 38 24 16 30 35 24 33 42 30 29 32 34 29 30 21 34 31 24 26 24 28 35 25 31 28 26 39 32 27 20 17 24 37 26 29 28 29 40 30 32 28 31 28 34 35 25 37 22 27 34 38 31 32 30 26 28 25 25 24 26 42 18 41 25 25 33 36 24 29 30 35 29 30 27 26 38 22 33 31
30 26 28 28 27 29 21 32 27 26 24 44 34 20 30 29 22 27 26 31 29 31 32 31 22 30 19 28 36 33 30 37 32 32 34 25 33 30 27 27 20 31 22 30 20 26 23 30 30 24 39 33 29 39 38 30 33 35 24 34 44 26 26 40 36 32 40 25 24 39 27 38 37 35 36 29 25 28 34 33 33 30 26 26 30 30 34 40 21 39 35 33 33 45 38 27 36 27 38 28
26 26 27 31 31 28 36 32 26 30 23 30 24 39 23 37 41 31 37 32 34 31 34 37 35 12 23 34 23 28 25 33 36 28 21 26 31 27 41 27 36 35 33 37 24 47 46 41 37 35 40 29 27 31 32 37 34 28 32 26 26 33 45 29 37 44 35 32 25 38 25 30 34 29 34 32 23 25 30 33 36 38 23 25 34 45 32 22 41 34 26 34 30 20 34 36 24 35 27 28
31 35 32 30 36 28 30 36 26 36 28 41 24 12 27 32 36 26 36 31 31 36 30 27 30 31 34 23 29 33 28 45 31 29 30 31 22 22 40 40 30 23 24 27 37 30 26 28 35 32 29 29 27 33 31 34 31 33 37 21 34 34 32 36 34 31 27 46 31 33 27 35 20 25 31 23 32 27 26 42 20 41 31 22 23 35 34 25 43 23 30 31 26 29 29 30 35 33 29 35
35 42 36 38 34 38 31 33 39 26 31 21 42 20 31 26 27 18 30 32 29 28 30 38 19 33 28 22 35 22 30 29 22 25 21 25 30 21 25 29 23 27 26 38 41 28 28 23 35 35 27 22 34 32 47 29 36 27 27 24 31 35 31 29 29 31 25 28 38 52 35 19 37 37 26 31 47 43 27 28 26 41 46 26 27 29 40 26 28 27 23 30 34 28 28 25 35 28 42 27
32 22 28 28 31 21 30 28 24 29 22 30 24 28 25 29 24 29 21 29 30 29 28 39 26 33 25 40 25 36 33 27 39 30 30 28 29 41 30 42 35 33 26 30 21 31 34 27 30 22 31 29 23 37 24 33 30 36 27 29 34 29 25 26 36 37 26 25 23 26 37 16 25 19 29 25 23 26 30 21 37 26 47 20 38 21 30 32 37 28 43 39 41 35 28 22 22 34 23 25
32 28 38 37 26 30 27 32 35 28 33 27 31 27 31 29 40 34 28 39 39 33 22 32 35 32 25 24 34 38 34 28 24 35 26 28 34 26 29 39 46 42 39 30 37 32 20 25 29 37 36 35 19 27 29 32 31 32 33 17 35 31 30 28 32 45 41 36 25 23 34 37 24 25 28 28 26 47 29 28 34 40 31 33 29 31 36 35 28 26 27 29 23 34 30 33 39 28 32 22
18 33 28 23 32 23 20 23 39 20 20 28 27 33 32 39 24 41 35 27 23 24 31 33 33 28 37 23 33 29 25 29 27 33 38 25 15 23 43 32 36 32 40 26 30 26 36 28 23 25 26 24 26 21 23 34 23 26 33 24 26 38 20 37 28 30 30 31 35 27 30 21 25 25 11 29 25 35 33 28 38 31 42 40 32 33 36 31 24 33 24 20 24 30 46 32 40 37 42 26
36 28 20 28 24 40 16 29 22 34 24 38 33 39 42 23 33 36 25 27 30 17 27 30 27 37 26 31 32 24 34 30 40 32 34 31 31 36 32 25 32 35 46 27 29 22 27 28 39 33 31 24 23 29 33 33 26 26 27 22 33 43 19 44 20 28 39 26 44 38 31 30 35 36 31 31 27 32 40 31 36 32 43 30 26 32 34 32 38 25 30 27 33 31 30 29 25 31 21 24
34 41 28 25 33 26 29 35 31 27 33 36 29 45 28 28 37 32 25 33 35 35 26 24 31 29 33 34 42 24 21 26 30 31 29 28 32 27 22 27 43 26 41 30 35 38 35 22 38 29 26 33 24 20 33 24 33 31 23 22 32 35 25 31 36 21 30 30 20 30 29 31 17 29 25 41 36 38 36 11 28 29 46 36 40 21 24 27 37 27 22 27 33 39 25 11 30 42 30 30
30 23 33 22 26 32 34 33 30 40 18 28 22 36 26 32 31 34 29 34 35 25 30 29 22 29 26 40 35 29 26 44 30 36 26 39 33 27 36 27 37 35 29 41 31 30 32 37 33 29 28 31 27 30 53 27 35 37 32 23 27 28 32 23 21 35 26 33 29 26 35 36 33 33 40 33 33 23 23 37 26 27 42 27 37 28 34 37 28 26 25 28 34 45 27 28 26 41 51 23
27 29 26 30 32 39 34 39 29 37 31 37 32 29 31 27 28 30 53 39 28 35 31 35 20 25 30 30 38 24 30 24 29 24 33 23 27 20 28 39 29 27 22 39 28 35 26 39 29 23 25 34 29 33 17 23 25 42 39 33 30 26 45 32 36 23 28 24 10 34 38 27 32 22 24 30 26 28 29 35 35 32 19 32 27 32 43 26 29 38 41 20 28 31 29 26 32 40 34 44
26 36 30 25 30 18 36 35 40 31 38 23 34 31 23 40 38 31 30 21 30 23 51 32 25 31 34 35 32 31 27 26 42 22 24 31 39 25 33 34 36 30 33 33 26 37 29 32 47 31 33 27 25 28 21 36 36 33 40 32 34 29 29 28 17 44 45 18 33 21 38 39 32 28 41 24 26 26 34 26 44 24 27 31 30 11 29 43 23 30 36 33 30 32 26 28 31 32 24 36
33 29 21 26 36 33 30 28 34 30 30 26 33 45 31 24 19 36 22 30 26 25 29 36 15 14 27 26 9 35 40 23 30 19 31 20 32 37 26 22 22 24 35 26 29 27 31 26 30 25 35 29 45 32 26 28 28 35 28 41 28 34 26 28 33 28 33 38 44 30 20 34 26 34 25 32 10 25 24 31 28 32 35 27 43 19 25 28 5 28 27 30 27 28 39 27 24 33 40 24
20 34 26 27 25 26 31 31 37 33 27 28 21 51 26 23 35 36 28 26 21 30 21 37 23 34 32 29 27 39 19 24 24 20 32 55 32 30 32 32 16 28 22 30 41 27 32 29 30 27 31 29 28 40 31 27 30 32 30 26 24                                       
