0.392857142857143 4388 29 27 26 32 29 21 33 18 32 26 24 17 24 25 23 23 27 23 24 27 34 30 42 29 30 27 16 28 38 35 28 30 25 33 39 31 23 35 31 25 33 20 34 27 24 23 26 23 33 31 34 21 24 34 31 28 29 30 22 26 31 28 31 34 35 23 29 20 29 37 29 28 30 32 28 30 30 33 24 31 36 27 25 34 27 22 26 33 31 27 26 25 25 27 45 41 30 29
24 33 31 30 26 35 30 30 35 33 33 17 41 25 33 27 30 33 34 31 31 30 31 26 27 27 32 31 29 32 27 33 32 30 26 33 25 22 33 24 33 26 24 22 29 27 24 30 33 29 28 22 22 34 29 32 28 21 36 25 16 31 26 29 28 30 25 38 45 63 59 19 22 36 27 19 23 21 38 43 23 29 22 27 27 32 32 29 26 29 31 36 33 39 31 38 36 29 31 34
18 35 26 28 24 23 15 27 24 29 32 30 26 28 25 23 31 23 28 32 27 21 29 9 30 37 24 19 28 31 30 22 27 33 23 30 27 26 22 28 28 22 35 26 24 28 31 36 26 26 21 29 33 30 18 32 22 25 27 33 28 34 24 29 39 21 24 17 34 30 27 24 20 25 21 25 26 18 38 28 31 22 35 29 40 20 30 37 29 32 26 22 29 27 23 29 40 34 22 38
33 18 36 40 23 26 38 37 37 25 24 43 22 30 37 24 30 27 34 37 35 33 22 25 40 36 23 36 37 43 30 32 32 19 32 26 19 23 40 25 34 24 42 24 36 43 31 30 32 34 25 36 23 29 35 34 32 27 25 30 32 22 27 29 33 28 25 32 29 33 19 30 25 28 24 30 21 25 28 31 33 30 18 33 18 39 35 22 22 25 21 22 34 38 41 34 32 29 43 23
21 31 31 35 27 29 29 32 19 26 37 27 34 39 23 42 30 36 35 30 24 32 25 27 23 24 22 34 23 35 26 32 24 45 28 25 27 31 32 39 30 30 44 26 27 23 29 36 26 32 25 25 34 40 32 20 28 32 40 27 29 30 31 25 27 22 38 24 31 33 29 31 29 24 22 29 22 21 16 23 22 26 30 26 34 12 24 31 31 25 28 25 24 34 24 19 27 29 37 32
26 24 28 27 28 21 22 29 37 38 15 35 37 24 32 20 45 25 32 30 26 33 24 27 18 29 34 31 35 27 25 30 27 17 26 19 44 31 37 28 32 22 34 30 27 22 31 18 40 22 25 28 29 28 22 22 30 27 21 36 26 23 27 21 19 33 31 36 25 31 19 33 41 26 37 26 21 33 30 34 33 35 27 23 28 26 16 20 32 25 27 22 26 40 26 31 26 31 31 27
42 28 28 22 21 44 19 27 36 30 28 14 33 24 23 31 31 27 39 14 30 26 27 24 27 25 29 36 28 38 24 32 28 36 33 33 38 26 32 26 39 26 18 29 22 28 26 29 30 10 36 19 21 26 26 30 31 24 33 34 25 25 27 37 28 33 34 36 37 25 28 37 15 35 25 35 36 20 18 21 22 27 38 22 24 26 20 35 32 35 19 24 27 37 24 27 24 29 34 20
26 29 28 34 23 32 31 40 35 28 24 37 26 22 35 35 30 22 23 25 31 23 17 24 26 41 36 25 33 27 26 35 27 24 28 35 28 26 25 31 28 40 35 26 25 33 20 31 19 32 26 24 16 26 41 37 24 16 22 32 27 26 39 17 28 27 29 27 22 26 23 25 30 28 28 28 27 30 29 39 46 25 25 23 32 35 23 29 38 27 45 27 25 49 17 30 39 17 37 40
31 30 27 30 29 28 24 26 30 25 37 30 36 31 39 29 30 29 34 27 33 48 29 30 29 29 35 31 25 24 33 30 21 31 18 37 21 32 24 28 36 34 27 37 44 26 30 24 19 29 36 27 33 22 33 34 24 29 33 28 36 29 35 28 31 21 22 30 32 33 12 30 31 33 20 45 32 26 33 32 30 27 34 34 24 32 33 24 31 18 29 35 20 34 40 30 23 23 29 30
28 29 27 27 28 30 24 30 20 19 26 31 28 30 25 40 30 33 29 25 20 35 31 40 34 30 23 25 22 29 24 23 30 32 26 35 33 22 31 41 21 22 36 29 21 34 17 21 31 33 24 22 25 19 33 29 27 37 33 27 19 28 33 25 25 31 33 21 35 36 18 32 18 27 33 23 30 30 29 23 35 23 15 22 36 26 24 16 38 27 37 28 26 29 41 32 29 28 22 30
26 42 22 19 32 33 34 16 17 39 34 25 45 24 26 30 33 19 21 28 33 32 25 28 28 35 30 31 22 18 33 36 38 21 26 23 30 24 35 30 35 32 62 7 10 60 33 37 24 23 33 16 29 32 31 41 32 39 45 26 29 24 31 42 34 21 24 33 31 15 26 45 23 35 29 21 29 25 39 25 23 36 22 39 30 22 37 30 28 27 33 30 19 17 40 33 31 20 24 26
24 35 41 26 37 33 32 26 24 36 27 36 21 32 31 24 25 25 27 19 33 39 28 27 25 25 31 26 27 33 26 26 23 17 33 19 32 27 31 26 27 35 29 32 34 33 20 31 20 31 39 25 40 32 24 25 33 23 23 27 32 28 29 16 22 22 27 22 18 27 19 31 45 21 32 37 18 41 23 29 21 33 35 24 33 20 29 32 27 79 94 48 16 65 74 26 36 35 30 36
26 23 25 41 29 26 33 38 31 27 34 25 25 39 34 23 31 46 25 30 34 31 26 29 30 23 29 27 35 38 24 20 17 29 15 19 10 28 37 30 34 23 33 27 27 24 20 38 17 27 32 35 24 36 28 24 25 34 21 33 29 30 29 15 29 29 32 22 28 45 31 25 27 31 34 22 36 13 31 31 35 33 21 22 35 42 36 37 26 24 28 31 25 33 29 36 29 26 25 36
40 31 41 28 22 23 33 33 24 30 41 28 30 43 37 27 30 26 25 24 28 31 24 41 27 31 25 25 32 35 24 21 27 36 20 36 44 55 27 32 26 27 40 25 26 35 31 27 40 29 35 38 27 22 39 33 36 39 28 26 34 37 29 21 35 32 31 37 28 28 44 28 36 29 29 24 22 19 39 42 28 33 27 29 31 28 24 29 31 39 28 32 19 33 25 36 36 19 50 39
29 24 27 16 37 34 29 37 32 19 32 31 37 36 41 25 26 30 28 35 33 25 34 35 22 32 35 27 31 32 42 23 34 19 28 31 25 21 24 43 20 23 32 33 33 24 37 25 28 24 31 33 34 33 72 26 28 29 23 26 29 27 31 33 26 36 33 17 29 37 14 39 33 32 22 26 32 34 25 28 52 39 27 23 32 19 18 33 27 26 12 21 33 21 21 24 22 37 33 23
17 26 25 28 22 27 31 27 36 29 42 45 27 28 25 31 30 30 27 37 28 36 22 17 37 29 27 37 29 26 34 16 25 19 22 22 32 33 23 24 23 30 37 25 34 37 21 38 31 27 27 29 27 26 30 19 25 32 31 30 24 34 28 29 26 25 25 21 38 23 21 27 30 32 28 27 24 30 32 39 26 27 33 37 32 27 29 29 23 29 28 33 25 27 31 20 34 21 31 29
33 21 30 25 35 27 32 24 30 29 23 25 16 26 34 33 33 30 34 30 20 32 26 34 54 28 33 41 47 35 29 28 33 35 27 29 23 32 28 32 30 34 34 28 17 34 26 15 31 32 26 24 23 32 28 37 29 29 27 31 16 25 33 30 21 34 28 28 35 27 23 19 31 27 28 25 31 25 22 28 26 33 39 30 30 21 25 23 33 21 39 27 32 24 19 29 27 25 34 24
34 28 22 20 25 27 34 22 20 30 28 26 29 39 19 25 32 32 37 31 32 41 40 41 35 36 27 25 24 38 34 23 27 43 27 25 17 19 16 19 30 19 23 20 38 30 23 27 28 32 30 24 37 30 23 37 44 26 25 26 31 38 37 32 26 33 26 28 14 28 36 24 34 41 42 21 23 29 32 30 21 30 18 36 29 30 29 33 19 10 7 16 43 25 26 38 29 31 28 25
30 30 35 34 34 20 29 32 31 35 28 31 29 23 34 29 24 17 42 35 23 26 29 33 35 26 33 24 33 26 37 26 20 21 29 32 20 29 26 43 29 38 33 24 43 39 7 26 28 22 30 22 30 29 20 23 30 38 39 23 22 36 30 21 33 34 29 18 23 22 38 28 23 24 45 25 29 31 21 22 22 15 36 34 33 33 39 27 27 18 21 23 33 24 27 43 26 31 16 25
32 31 29 37 37 31 45 33 35 23 22 30 31 23 31 23 31 26 27 19 26 25 34 21 30 21 31 23 24 31 33 32 27 30 39 22 38 35 31 24 28 25 28 35 36 25 28 27 19 28 22 18 37 28 21 34 30 22 24 17 27 16 21 25 29 32 28 37 24 42 29 20 23 26 35 37 22 31 30 22 30 17 31 40 31 26 24 25 38 43 25 36 32 21 22 35 31 27 28 19
32 47 29 27 28 30 23 30 21 26 26 39 34 26 32 34 30 36 26 32 29 21 25 32 31 35 23 30 36 32 30 20 32 25 31 25 36 19 21 23 30 22 26 33 34 35 34 27 21 30 29 34 19 27 33 23 19 25 27 28 26 26 23 20 13 34 23 28 33 32 27 35 39 27 27 39 39 35 31 28 24 29 27 28 31 27 22 37 39 21 40 34 36 28 40 31 30 34 22 6
16 34 95 80 67 33 30 33 21 29 34 21 24 32 31 33 26 35 26 29 34 20 36 24 27 38 25 31 34 29 35 23 33 26 28 26 33 29 22 33 30 35 32 22 29 27 31 33 24 41 32 27 42 32 27 34 41 23 29 24 29 26 32 31 27 34 17 33 33 32 31 27 39 26 37 25 22 29 38 28 27 30 43 40 44 28 25 28 37 31 28 32 23 28 28 31 30 47 27 26
27 36 36 43 27 29 21 26 38 27 23 19 24 35 30 23 31 25 20 23 21 28 37 24 28 26 33 21 29 38 39 26 27 22 22 32 27 37 35 29 41 20 39 19 27 24 34 34 28 29 24 36 30 32 24 36 33 34 28 25 32 14 23 24 40 30 21 24 31 24 31 36 27 28 26 46 28 43 28 30 31 32 30 22 32 27 24 21 36 31 34 27 26 25 36 23 44 29 41 35
37 34 31 27 28 24 33 29 28 42 28 30 33 19 42 32 29 37 28 20 29 29 28 29 25 32 32 28 9 29 25 23 27 35 27 32 30 35 28 42 31 20 23 34 32 41 32 31 19 34 28 30 31 22 25 33 29 34 27 25 37 26 26 27 32 30 31 27 29 27 35 25 22 24 29 29 30 21 25 26 43 24 23 22 30 12 31 36 25 41 23 26 35 36 22 36 31 28 28 27
32 37 28 35 38 25 19 26 28 28 37 27 30 26 25 22 30 28 33 24 26 35 27 26 27 30 19 22 33 24 30 26 29 22 31 32 29 21 35 38 26 28 18 29 30 40 20 31 38 18 43 27 25 22 22 19 31 30 31 24 34 23 31 22 34 29 24 26 30 38 31 34 31 28 31 20 30 25 24 37 29 24 26 22 29 32 39 26 19 21 27 34 35 18 34 32 27 22 25 22
23 28 19 32 31 29 35 23 34 26 43 32 23 26 22 29 29 27 32 29 26 36 29 23 37 27 38 31 22 24 27 24 31 26 24 29 29 33 31 23 28 33 26 37 34 24 28 30 19 38 31 33 26 35 22 25 31 24 38 19 28 29 25 26 27 31 31 27 28 30 34 25 19 42 35 19 26 29 41 28 37 28 28 30 24 26 37 29 34 21 26 35 32 33 30 35 28 35 16 26
29 28 24 36 41 30 32 26 23 21 29 30 36 27 25 21 33 24 23 27 28 34 31 26 26 25 29 35 40 24 27 25 33 18 26 44 22 31 30 22 26 23 26 25 21 42 37 31 26 36 29 29 31 31 32 42 31 21 30 33 28 34 16 34 34 25 19 22 26 31 23 21 36 29 41 27 31 30 27 22 21 26 33 25 31 33 30 37 22 33 22 32 28 35 27 33 27 30 29 27
32 25 20 44 46 31 27 19 24 35 23 31 29 37 35 19 38 29 32 26 28 40 26 32 22 36 16 35 23 17 37 31 31 29 20 16 24 29 23 45 25 25 30 34 23 29 27 29 34 34 25 28 34 34 30 37 26 36 37 18 36 33 43 34 39 22 23 37 35 30 23 35 23 32 24 30 26 35 32 21 30 37 34 24 24 27 37 29 32 26 24 28 21 31 40 38 22 22 24 33
29 28 26 19 17 27 33 24 56 29 31 42 30 37 37 26 28 28 35 25 26 23 28 28 34 20 20 36 33 32 35 29 32 36 24 23 36 30 32 25 32 17 29 28 28 32 34 25 22 33 24 26 33 23 27 25 22 25 28 29 33 23 41 30 28 29 25 24 25 26 22 30 27 31 16 26 27 32 26 26 35 27 28 31 31 33 27 27 17 28 31 39 26 26 28 28 25 28 27 21
22 28 25 28 36 27 33 21 21 21 20 40 30 21 38 24 21 30 27 32 52 22 28 29 24 24 25 17 24 25 16 42 27 22 35 21 27 32 33 25 25 38 27 30 25 18 37 21 23 32 35 26 32 33 29 22 36 30 30 37 30 35 20 40 15 27 29 20 24 32 19 43 27 31 30 31 22 33 42 33 29 31 28 31 21 13 32 26 27 39 35 39 23 30 39 23 22 39 26 28
32 24 32 34 25 15 44 17 24 27 28 36 35 28 25 26 27 22 32 34 32 24 29 27 33 37 30 33 28 43 32 26 27 20 38 20 20 19 21 36 28 35 30 34 31 36 31 25 26 25 21 35 32 9 25 30 32 33 16 29 28 23 38 23 36 27 36 33 27 23 29 22 19 32 27 33 29 33 25 34 30 23 28 35 32 36 37 40 31 23 37 26 31 24 26 19 32 25 33 28
25 33 28 19 24 26 29 29 18 33 14 27 27 32 36 27 30 32 29 29 29 27 31 28 44 38 36 33 28 29 17 21 21 27 29 34 31 22 25 37 17 21 26 29 13 27 37 19 30 31 21 26 31 21 25 20 24 27 27 24 25 29 22 36 23 30 27 33 25 30 22 34 24 27 20 23 30 25 23 29 20 26 27 25 27 22 30 31 32 29 23 29 28 34 32 29 32 21 31 26
23 23 35 26 33 9 24 30 36 29 37 28 27 36 23 37 34 21 36 25 28 38 32 32 25 32 17 22 30 30 30 42 30 25 30 34 23 41 33 36 20 29 27 23 24 29 24 32 22 29 26 37 25 30 37 30 37 24 29 28 26 42 39 39 27 30 36 30 39 35 30 28 32 27 33 26 22 25 28 31 23 29 25 25 17 31 28 31 25 31 25 30 40 29 27 25 30 22 33 26
18 22 32 31 25 31 30 26 32 26 36 30 29 20 31 22 34 33 29 18 25 35 30 36 29 35 45 44 27 18 25 35 24 38 39 26 27 28 26 28 33 27 35 30 18 28 29 33 28 29 32 30 43 24 19 22 30 28 14 28 31 28 14 29 23 30 29 33 25 34 30 24 32 39 30 42 33 24 21 29 32 17 34 35 21 30 31 30 37 32 23 24 25 32 32 23 29 31 27 28
28 30 27 29 30 30 22 25 24 25 32 31 26 30 31 24 21 23 19 26 24 39 37 32 25 34 28 29 27 22 22 16 25 35 42 20 24 33 19 17 24 30 28 25 33 28 30 38 30 28 26 45 33 30 25 29 18 26 27 35 28 35 33 33 40 38 25 30 17 26 23 21 11 33 46 22 29 43 20 38 28 31 32 24 24 22 23 26 28 28 28 25 25 24 29 32 34 34 36 33
24 33 28 27 24 27 29 19 31 31 29 27 22 34 27 36 30 29 37 26 29 23 28 39 30 16 39 32 29 30 38 28 29 29 23 31 28 34 34 27 24 27 31 23 34 34 24 46 29 33 28 29 22 16 30 32 28 28 24 28 31 32 27 21 23 38 38 29 33 37 38 25 32 31 28 24 28 26 39 37 44 24 31 29 25 20 32 32 37 38 22 32 34 31 26 22 31 35 27 37
20 29 25 23 27 18 23 32 26 28 28 30 32 24 24 34 27 21 34 30 30 28 27 24 39 23 33 34 32 26 29 29 32 30 21 30 28 25 34 24 33 26 23 31 39 34 23 21 29 28 34 30 25 24 25 33 16 23 34 24 29 34 25 19 30 33 20 26 35 40 13 27 24 33 36 16 34 20 26 28 29 29 31 36 38 30 26 25 27 27 23 12 21 26 20 18 20 36 30 29
33 27 31 21 30 22 36 17 34 28 30 25 30 27 32 32 21 25 28 22 23 24 32 23 17 26 22 28 27 27 33 22 26 31 26 22 31 29 20 23 24 19 25 27 27 19 34 33 26 30 26 30 24 33 26 23 34 27 26 32 26 32 36 35 23 32 23 29 43 23 22 31 34 30 23 30 30 38 33 27 29 34 31 26 24 29 25 55 19 27 22 26 22 24 27 22 33 33 35 14
29 28 28 37 31 36 29 31 32 34 34 33 29 31 39 32 32 36 20 30 23 50 18 24 24 25 24 40 30 31 32 24 30 24 21 31 26 24 16 31 12 24 20 35 23 21 40 29 27 36 28 23 29 35 16 28 27 38 17 29 40 29 30 28 35 31 30 31 29 26 30 23 23 38 21 33 24 23 25 13 32 29 23 25 30 31 37 48 20 43 26 16 31 23 27 27 27 34 32 24
30 29 20 35 29 35 33 38 23 20 41 28 34 33 32 26 26 38 28 22 29 15 34 23 26 23 22 22 29 31 25 35 17 30 27 33 21 26 33 30 23 28 40 30 30 33 25 29 35 31 32 30 24 27 26 36 23 28 20 26 33 23 36 33 29 34 15 19 29 32 23 23 25 26 28 33 35 32 27 19 28 33 24 21 28 31 29 27 33 28 26 24 25 30 27 24 30 22 40 38
32 28 33 24 26 26 23 28 27 26 31 23 33 23 38 24 24 19 24 24 32 30 28 31 20 30 30 28 23 30 27 31 33 44 22 21 26 28 13 27 25 25 38 24 31 20 30 33 25 29 28 34 28 40 42 45 20 35 35 38 34 20 21 28 47 27 26 25 33 41 29 33 27 30 35 28 25 24 32 28 27 34 26 23 25 23 31 31 23 29 22 23 16 38 17 30 28 23 19 32
36 19 47 26 35 21 34 29 13 31 16 27 33 25 23 21 31 20 23 20 21 27 31 33 22 22 20 33 34 20 32 10 7 22 24 21 31 7 36 27 31 14 36 29 34 38 27 21 22 29 41 32 36 26 32 34 31 33 33 20 41 24 42 29 30 24 27 28 39 25 24 29 27 26 36 37 30 27 26 35 32 20 30 39 22 26 27 28 35 32 30 39 23 37 25 31 22 20 41 30
31 36 27 27 36 23 35 21 30 35 25 20 32 27 32 23 30 24 30 17 27 31 22 11 13 14 23 17 7 16 13 19 9 17 9 21 13 11 18 21 19 22 19 19 8 14 14 20 14 15 17 17 8 14 20 18 18 16 15 21 9 25 17 13 13 19 13 18 16 12 10 12 16 10 10 11 16 17 12 13 9 20 16 15 11 18 11 20 15 7 18 15 13 18 10 21 7 11 12 10
11 20 16 13 17 17 16 19 13 16 12 14 21 19 18 16 13 18 7 20 15 15 20 14 6 24 11 15 17 11 9 14 25 15 12 8 14 8 13 14 16 15 13 16 10 10 14 13 19 19 21 19 12 15 22 17 13 15 9 17 13 16 9 16 13 16 15 21 14 20 7 17 20 8 11 15 12 23 18 16 20 9 8 13 43 11 11 10 16 15          
