0.457142857142857 3590 27 37 35 31 36 35 42 30 31 37 29 33 44 28 29 33 22 33 31 46 35 41 25 31 36 40 37 26 35 29 33 35 44 27 21 32 43 27 35 25 24 31 39 33 29 25 27 27 33 43 37 26 19 27 32 45 25 26 41 31 21 30 42 26 32 7 32 36 31 31 37 35 44 33 31 26 23 31 47 17 29 27 22 24 38 20 29 42 22 26 28 34 39 35 33 34 44 33
27 32 78 76 38 27 38 33 28 42 25 37 33 27 24 43 32 42 48 42 42 44 36 27 34 31 34 33 32 33 33 33 34 46 18 28 44 43 30 26 32 33 29 40 39 36 21 27 28 34 21 44 26 24 25 20 33 30 41 38 33 33 28 29 31 56 39 30 36 32 31 37 14 11 36 21 35 31 48 41 25 29 35 46 38 29 31 33 39 32 39 33 7 35 24 35 35 39 30 35
31 39 29 29 29 29 29 31 20 27 35 32 36 27 39 20 37 33 33 38 50 37 37 29 18 33 11 23 44 44 38 46 18 31 22 22 36 30 38 51 38 27 31 24 33 28 27 28 22 37 37 27 26 30 24 37 35 39 29 30 38 29 33 27 37 21 34 24 31 37 19 37 21 36 35 28 30 30 35 27 36 33 31 27 39 28 34 29 39 36 36 39 32 27 24 39 22 21 39 21
37 29 32 32 25 23 36 34 44 30 25 34 39 38 25 29 20 33 24 32 19 32 40 29 26 37 33 34 26 32 31 27 29 27 33 30 37 27 27 39 35 40 32 36 30 46 41 42 30 36 26 29 37 44 34 38 28 38 32 26 36 27 24 26 26 39 31 30 30 35 28 33 42 45 34 28 37 39 38 31 34 26 38 40 41 33 41 35 32 33 26 33 30 33 35 24 20 31 35 26
35 30 37 29 35 28 42 47 27 28 26 34 35 29 26 32 37 23 32 34 35 35 30 26 33 35 28 37 36 34 28 34 30 36 37 34 38 33 25 23 33 25 30 30 29 42 36 45 36 41 39 45 35 35 37 34 45 27 46 25 23 48 29 12 43 30 31 20 32 37 23 36 34 24 23 28 31 31 22 43 30 37 43 32 36 37 31 29 28 38 32 36 24 28 33 19 31 33 34 23
31 38 31 34 34 47 39 19 31 37 35 22 30 34 44 34 33 41 34 32 39 27 26 31 33 24 32 37 32 23 40 38 30 25 25 30 33 41 28 27 41 40 26 38 24 36 28 34 33 33 18 31 33 40 28 34 40 41 43 33 38 35 25 23 38 40 22 26 17 36 23 47 28 27 32 31 35 20 20 33 33 45 34 41 32 34 32 35 35 22 32 36 23 30 30 32 27 30 33 27
27 27 39 33 22 37 43 26 44 29 29 34 43 52 20 32 31 40 33 28 37 28 32 27 33 47 35 28 27 35 40 24 32 29 34 32 28 35 26 26 32 23 24 27 30 42 35 33 32 44 21 35 28 34 35 24 34 38 26 26 42 31 31 33 32 33 25 35 26 28 35 27 26 32 25 27 28 30 44 37 24 28 30 37 35 32 45 43 29 26 34 39 18 38 26 29 37 39 31 20
25 36 38 31 33 25 36 36 27 32 29 22 28 32 25 36 35 38 35 32 35 34 40 41 33 45 31 26 24 36 34 34 34 31 25 30 31 27 44 27 36 38 27 41 38 27 35 31 27 28 36 33 41 24 28 37 36 31 22 25 39 34 40 31 31 39 31 33 29 45 37 25 31 38 50 19 39 27 32 29 37 45 35 32 27 40 31 34 42 45 13 31 31 41 46 41 37 34 34 19
27 41 30 31 39 31 34 42 31 38 84 55 76 95 85 36 38 54 37 35 38 36 32 31 26 36 34 29 42 34 29 27 23 35 27 38 48 43 38 26 34 32 37 26 28 33 33 44 31 25 34 31 37 21 34 33 34 26 41 29 36 28 25 39 30 40 35 32 35 37 32 38 25 24 23 28 38 44 34 29 26 29 43 31 38 26 33 28 31 36 33 30 31 29 33 31 26 37 26 32
31 40 26 22 48 36 39 35 40 36 30 25 35 27 38 31 39 24 23 50 8 77 34 33 31 30 22 32 32 33 27 29 22 28 43 31 38 34 45 39 32 30 31 37 36 38 40 27 33 39 39 30 36 14 23 34 25 26 29 29 45 27 21 27 21 33 32 30 26 33 34 35 32 34 35 32 32 36 36 35 20 33 41 31 31 42 24 18 32 31 32 44 34 19 37 39 25 35 33 39
33 36 29 31 31 30 31 25 33 40 38 41 31 29 43 33 31 27 39 35 49 29 18 28 41 34 53 44 28 36 24 27 30 29 15 30 28 50 31 28 28 30 38 30 32 28 42 27 37 44 24 27 32 39 28 36 28 27 34 34 35 38 41 39 32 34 30 30 24 40 38 35 29 43 46 32 42 34 39 40 29 33 31 26 27 34 38 37 33 34 29 29 37 27 35 27 28 38 38 33
34 39 38 32 32 29 35 30 39 35 36 27 25 12 26 38 31 40 29 30 38 30 35 29 32 46 31 27 27 42 37 29 38 34 32 27 38 37 28 24 33 39 33 31 29 27 30 34 41 33 27 35 29 25 31 29 33 38 30 40 29 49 30 32 35 43 26 27 28 46 32 28 38 29 28 29 24 34 38 30 36 39 28 31 29 33 43 35 42 38 40 37 19 35 33 30 37 34 38 27
36 36 32 30 17 46 34 35 31 32 26 36 23 23 20 33 30 29 43 30 34 25 40 29 29 23 49 35 26 43 32 44 21 33 27 36 35 29 35 37 27 25 25 28 34 25 28 21 36 35 33 38 35 33 17 37 32 31 24 37 32 29 51 32 22 23 33 31 23 27 24 32 30 39 38 28 28 30 30 33 41 39 30 34 29 37 39 23 28 33 15 29 42 23 28 25 28 39 29 24
26 26 26 33 32 22 31 29 35 22 37 40 25 44 28 14 44 41 43 26 36 35 47 28 35 31 29 42 31 39 40 28 31 34 33 36 41 29 29 35 29 29 23 30 24 28 45 38 22 29 36 27 30 22 39 27 26 29 37 46 27 25 27 40 42 24 30 31 36 31 21 26 34 34 29 29 28 33 33 32 29 41 27 40 31 34 32 37 33 36 26 25 30 29 33 27 26 22 32 31
44 42 31 40 30 40 24 36 21 29 31 39 20 31 39 18 32 34 38 27 31 27 33 27 32 36 37 24 37 33 31 40 28 42 41 33 34 35 27 42 34 38 33 35 21 36 35 27 42 31 31 41 32 30 35 33 32 40 27 31 38 30 36 40 33 33 37 32 32 26 34 31 31 27 36 20 39 34 24 33 28 30 47 37 13 24 30 36 37 28 31 26 27 33 31 37 37 31 39 21
38 38 32 33 29 32 40 38 36 33 41 31 30 38 30 35 23 19 36 34 30 44 19 32 31 35 32 34 29 22 35 41 44 33 39 39 35 23 33 38 32 32 36 27 40 30 30 37 37 30 36 30 28 37 34 30 33 37 21 27 28 38 33 25 26 37 34 41 35 31 35 41 35 28 42 35 24 29 32 37 49 15 28 31 40 38 35 35 45 43 37 34 32 35 35 25 64 36 33 26
35 35 29 35 30 33 37 40 34 37 34 41 33 28 35 32 31 19 42 34 30 34 22 29 34 35 31 38 33 31 32 29 27 21 35 29 31 36 36 43 34 38 31 44 35 32 22 31 35 28 45 42 40 27 26 23 48 25 24 35 27 31 34 28 24 33 40 31 30 36 24 22 41 30 32 31 27 39 23 25 27 41 33 46 22 29 27 45 40 32 37 29 22 44 27 31 34 37 28 35
32 32 36 31 25 40 25 26 30 31 38 40 23 37 41 31 30 23 46 29 34 38 39 29 36 31 35 33 30 22 35 30 78 67 37 28 35 25 22 35 29 37 29 27 48 34 22 31 34 26 32 20 30 34 46 30 45 31 36 32 43 29 41 42 45 37 31 29 25 31 26 39 37 23 33 31 25 31 29 40 32 22 24 38 35 35 37 39 33 43 40 41 30 30 47 49 39 37 44 36
35 42 29 32 39 38 15 38 36 32 22 34 42 27 33 29 36 44 24 24 22 37 55 34 32 44 28 31 28 27 40 23 36 25 31 32 55 40 30 39 35 44 42 51 46 33 44 40 24 34 31 40 36 30 31 45 28 29 32 25 22 36 35 50 51 36 35 29 30 38 36 25 32 21 32 29 38 31 20 29 26 25 34 27 33 31 27 42 42 28 34 31 27 34 27 35 33 41 31 36
25 29 41 24 25 29 46 30 22 27 29 42 27 20 29 38 35 28 31 35 29 34 35 29 36 36 36 41 37 32 37 37 42 16 39 31 33 40 28 29 37 38 23 42 33 29 31 34 22 30 26 31 30 30 26 38 33 22 36 28 36 32 31 14 40 29 29 33 31 5 32 37 30 46 31 26 38 32 30 36 48 27 45 50 48 31 27 34 27 39 38 35 24 29 34 63 33 53 41 43
21 36 36 32 35 29 46 29 20 40 28 40 37 27 27 30 34 38 30 33 41 48 32 39 38 25 31 26 41 34 26 37 35 35 51 41 35 45 25 34 28 54 30 39 31 32 27 39 38 32 37 34 30 40 30 23 38 36 37 25 41 32 30 25 33 24 31 40 31 31 32 31 28 33 34 31 32 25 30 36 31 29 23 23 28 22 33 39 31 28 34 23 26 33 29 28 25 31 28 22
36 32 36 41 25 34 39 29 32 25 26 37 28 39 22 17 31 27 32 28 38 38 29 18 35 33 24 31 31 38 34 34 33 51 37 41 27 34 33 23 27 43 36 40 43 30 34 31 42 37 43 39 31 38 27 40 32 39 31 35 35 13 30 34 29 19 31 38 27 34 26 33 42 26 21 25 29 31 24 21 26 29 26 31 37 29 35 37 41 25 22 29 44 36 33 33 43 36 34 33
44 35 29 32 28 35 38 36 19 37 31 14 24 34 34 30 37 27 35 33 29 36 42 17 31 28 22 35 39 34 36 39 34 39 32 34 40 38 34 31 36 24 44 41 29 34 24 41 38 33 46 33 32 46 30 31 36 32 26 29 33 40 40 21 41 26 32 28 27 32 38 15 29 25 42 38 24 37 34 50 18 37 39 27 31 32 35 30 38 25 32 34 20 25 26 27 33 35 44 37
28 39 21 37 34 26 29 28 35 44 22 40 25 29 34 32 36 42 24 29 22 33 20 34 17 38 29 32 38 45 48 39 35 30 33 21 40 22 33 38 33 48 29 32 34 25 38 22 26 35 27 28 26 30 45 34 32 36 29 47 39 34 34 40 30 39 25 35 14 36 40 23 31 31 35 24 32 31 35 20 40 19 36 27 41 29 33 42 30 29 25 32 32 31 20 47 36 20 44 27
41 27 46 32 38 34 37 34 37 37 5 32 31 37 9 23 47 32 28 38 27 26 33 33 32 29 37 30 32 31 29 39 31 39 44 31 38 43 40 31 33 31 22 34 34 48 32 27 29 40 41 23 34 29 46 40 24 27 28 30 30 40 32 29 34 24 40 35 41 32 22 29 39 22 42 31 40 35 30 37 23 24 32 26 35 37 35 38 34 27 42 30 30 36 26 37 30 25 35 36
31 34 20 38 43 32 47 27 32 36 41 31 36 40 32 37 30 35 28 36 42 41 27 31 36 45 34 24 34 37 30 35 36 33 43 20 23 39 30 27 32 30 31 35 25 34 23 45 29 36 30 39 39 35 39 29 29 29 27 39 36 35 41 34 37 19 25 28 25 40 27 33 34 34 38 37 38 33 23 38 22 25 33 24 42 27 28 36 44 26 26 25 37 40 22 34 38 33 46 22
34 36 31 30 29 33 13 29 34 35 31 34 34 30 34 26 37 33 31 16 44 25 25 44 35 26 37 27 36 31 32 29 19 25 29 32 31 28 29 36 41 39 40 19 37 38 36 32 35 31 43 38 41 37 36 31 35 34 28 30 40 27 27 30 32 35 23 34 39 25 34 21 23 36 39 30 24 42 32 37 18 26 44 27 29 37 31 31 29 37 37 37 37 40 29 40 40 36 19 37
34 37 35 33 32 25 38 29 30 28 55 34 37 32 39 29 50 31 29 44 34 25 31 24 19 24 33 41 31 37 23 46 29 33 32 34 42 30 19 38 24 35 20 19 24 36 29 26 26 27 35 33 39 33 26 34 37 35 28 33 40 37 46 42 24 28 36 39 39 32 26 39 27 41 43 40 37 30 35 43 28 28 32 29 39 25 35 38 34 20 33 35 26 34 32 47 24 32 32 32
37 23 39 40 32 31 36 34 42 38 44 35 44 34 40 28 36 43 31 35 27 20 38 31 23 38 27 37 28 26 27 30 28 38 38 24 24 28 26 26 48 32 36 31 10 39 36 40 46 32 29 35 25 33 24 50 42 42 40 33 38 25 40 46 39 47 22 20 46 24 33 31 37 27 26 44 33 39 33 38 43 37 33 28 26 48 32 17 43 40 35 36 24 33 29 34 29 46 23 28
34 45 27 37 21 40 30 22 27 25 27 34 34 32 24 36 38 17 22 32 37 48 31 45 25 31 37 39 34 42 39 29 42 31 32 36 33 30 33 31 19 42 28 32 35 22 29 39 39 31 32 15 37 39 34 41 42 39 28 24 33 29 6 13 44 35 35 33 41 40 30 26 25 36 29 28 31 18 28 50 39 41 31 26 28 39 32 35 27 27 31 38 39 38 26 44 43 33 33 33
39 32 36 24 24 37 34 41 33 34 29 35 37 41 31 30 23 26 39 22 36 35 34 34 32 21 25 33 26 25 25 32 28 33 27 35 33 30 41 40 32 42 21 25 26 33 34 19 37 6 34 17 37 33 32 33 25 29 44 30 24 34 54 27 42 42 29 41 31 32 29 31 47 31 28 40 36 35 36 36 39 26 34 36 27 30 30 35 49 29 34 29 34 33 29 38 32 34 28 43
45 45 35 24 30 38 36 32 22 41 32 45 27 28 32 29 37 19 33 27 29 35 33 34 35 42 27 33 25 32 35 30 43 37 27 40 27 41 33 26 34 35 39 34 31 34 37 29 36 34 37 28 34 31 33 43 24 34 24 36 34 30 27 35 43 22 26 41 25 24 35 34 30 31 23 24 32 27 36 28 38 54 50 29 37 34 31 28 28 25 34 36 25 37 27 40 42 27 34 41
38 33 27 26 41 37 33 35 31 32 30 29 47 44 30 30 26 33 35 27 30 34 36 41 28 26 33 31 37 31 30 37 35 28 29 36 37 41 32 11 21 27 26 24 20 32 42 19 30 30 35 28 43 24 27 35 36 26 45 35 45 32 30 40 23 39 32 27 32 39 31 29 34 27 25 22 26 35 34 28 35 33 34 30 29 33 31 31 28 42 31 43 35 42 31 30 23 30 40 35
39 35 34 24 34 27 27 38 26 28 28 29 33 36 29 30 37 32 31 33 31 30 42 30 28 25 40 31 44 38 27 28 32 38 37 31 30 27 26 38 30 36 41 35 41 48 24 34 36 38 23 35 27 28 24 29 32 28 32 32 38 34 35 22 36 30 33 26 26 42 22 32 27 25 25 32 28 21 33 26 28 37 40 27 23 27 38 27 39 37 27 42 26 29 31 34 37 42 35 36
34 30 33 35 39 38 33 31 25 25 31 41 24 34 29 35 34 23 34 33 42 34 43 26 30 33 21 28 28 38 36 33 27 30 31 39 26 42 49 44 40 33 29 53 35 32 29 37 37 28 36 18 13 35 15 38 31 39 26 46 13 33 27 32 28 31 39 30 27 29 31 38 38 33 30 24 29 32 32 31 22 38 37 26 36 44 32 36 29 32 28 36 25 30 31 30 36 41 39 24
42 40 38 34 52 35 23 35 44 36 31 32 32 39 29 34 30 35 29 39 33 27 24 32 32 27 29 25 32 20 33 25 40 24 25 36 23 29 38 33 43 49 33 39 38 26 28 33 29 42 28 28 27 34 37 34 42 28 44 26 29 27 36 24 34 37 47 28 24 31 30 28 28 29 34 24 25 37 14 30 21 32 28 28 33 25 25 30 49 35 34 24        
