0.463414634146341 3636 23 22 35 28 35 36 33 40 34 21 20 27 30 36 34 27 35 26 22 39 37 13 32 40 38 29 31 26 30 29 36 34 36 37 29 29 38 27 26 36 32 25 32 38 37 26 28 33 25 24 29 31 32 36 31 25 26 30 28 44 25 35 26 36 25 41 39 29 37 21 35 37 41 27 29 23 49 39 44 26 38 29 33 30 35 36 31 40 21 27 25 33 25 29 17 29 27 28
40 46 30 41 28 32 31 29 31 33 23 32 28 34 23 29 41 41 26 27 27 25 33 96 34 39 26 34 40 46 30 30 25 21 30 37 29 39 27 29 38 13 33 19 27 40 32 27 30 36 33 23 28 25 42 37 20 27 40 33 30 17 43 30 31 31 33 37 30 43 32 21 26 23 34 26 30 24 26 25 37 30 17 32 32 24 31 27 35 22 40 30 22 31 21 29 38 35 45 28
37 31 27 39 30 37 38 32 51 27 38 13 32 43 28 31 34 33 30 33 31 29 28 22 39 35 36 23 14 33 22 23 26 32 20 37 31 31 32 33 30 32 43 32 28 32 38 40 36 33 21 24 32 28 43 31 24 26 28 39 28 21 24 31 37 32 33 38 44 30 29 26 26 26 32 42 37 42 34 33 30 37 33 45 17 30 32 28 30 32 18 28 28 33 32 31 42 30 33 22
40 47 38 27 39 39 29 31 28 40 33 27 28 26 33 25 26 37 34 42 37 31 26 33 22 32 40 31 25 32 34 30 45 49 34 33 28 34 38 23 34 28 31 37 37 27 33 15 30 28 26 24 47 30 34 27 37 38 39 40 21 26 39 28 18 32 29 40 32 37 22 36 41 33 43 34 42 32 36 38 30 41 38 39 31 39 31 34 29 27 29 33 31 39 30 31 31 24 33 47
30 38 22 23 28 32 34 37 28 39 31 14 30 30 30 37 33 19 35 44 27 26 44 41 33 41 32 34 48 30 36 30 30 42 32 32 32 42 33 27 40 34 28 36 28 41 33 24 41 25 26 26 33 29 34 32 26 32 24 41 31 36 27 40 29 29 29 45 29 34 44 36 34 37 37 27 33 41 20 29 26 27 30 18 22 32 26 43 24 38 18 30 33 29 36 29 34 42 32 36
33 33 17 24 34 42 22 38 28 39 29 32 32 37 34 36 36 32 32 27 18 35 36 24 28 35 37 34 41 30 29 41 28 33 29 20 26 36 29 37 35 30 37 38 40 42 33 37 31 32 41 17 27 36 25 33 38 35 32 22 36 42 34 36 44 33 31 19 34 31 39 37 36 28 35 22 27 36 23 24 37 36 30 40 33 38 41 34 24 37 23 26 39 35 37 26 23 40 32 32
30 40 42 31 34 36 37 41 30 24 41 49 40 33 30 28 27 25 35 23 32 30 22 34 39 32 23 26 41 40 22 34 30 43 29 38 26 25 37 30 36 28 44 30 38 26 33 43 46 25 21 31 16 46 28 36 29 34 40 29 40 19 33 38 31 32 29 28 42 35 32 37 38 33 19 26 45 26 32 33 43 35 27 50 31 45 37 37 29 31 44 34 26 29 32 34 38 28 28 30
31 36 24 38 22 32 41 40 25 36 41 26 32 29 33 21 37 19 32 30 49 38 27 27 37 24 48 41 38 25 32 21 24 23 31 16 31 38 32 36 40 27 35 45 31 38 53 17 29 41 22 25 36 40 25 32 41 24 36 33 33 43 29 38 29 33 38 43 31 24 36 26 25 27 44 40 40 29 31 25 36 36 14 28 35 27 27 23 38 27 31 43 27 26 30 34 34 25 24 26
28 29 34 31 39 30 38 34 30 30 28 30 38 35 36 36 29 28 42 30 27 40 40 30 30 20 27 34 22 29 25 32 40 33 26 29 39 33 27 27 26 32 39 37 35 37 30 46 24 17 27 38 39 34 40 26 40 40 26 25 33 16 26 41 39 30 40 46 56 85 38 38 30 29 43 34 41 35 32 28 33 31 23 35 25 35 33 34 22 36 35 39 41 27 27 16 21 32 21 41
23 35 30 42 36 34 36 47 27 38 24 27 31 19 39 28 26 31 26 30 33 31 24 25 50 44 34 44 36 31 25 34 38 36 32 31 37 23 31 42 22 29 38 29 22 37 47 24 27 35 26 33 41 32 29 41 23 26 41 26 41 24 37 34 30 38 29 30 38 41 38 34 26 33 29 33 28 23 35 25 32 37 30 24 28 23 22 34 32 34 34 117 102 118 34 64 72 48 38 34
30 24 25 27 29 30 29 35 29 14 34 32 35 35 42 34 38 36 23 35 39 38 35 34 32 39 39 35 31 33 23 27 29 31 24 25 39 37 32 30 27 26 37 29 41 33 26 27 28 37 28 34 31 29 40 38 19 40 41 23 49 29 39 45 31 28 31 35 24 37 29 15 28 43 33 45 30 22 21 34 38 43 33 27 28 26 33 40 28 31 24 33 37 31 36 25 17 35 34 32
28 23 35 16 18 32 29 37 35 24 41 30 39 27 24 37 26 26 30 13 27 14 16 27 45 54 17 32 32 33 24 37 24 30 31 33 43 35 39 26 44 25 27 44 33 30 30 30 30 29 31 16 30 30 34 36 40 47 28 38 33 37 35 26 25 33 41 27 37 30 42 33 20 26 35 55 40 30 27 25 31 38 39 39 38 40 29 30 27 35 27 37 23 30 32 29 26 27 26 22
34 37 19 27 23 29 23 31 19 31 32 31 41 29 23 38 31 29 35 33 31 30 32 21 28 30 8 28 22 32 38 33 23 33 25 22 30 28 43 30 37 33 33 33 38 18 40 30 35 33 34 19 42 37 26 28 34 36 19 27 25 29 11 37 30 42 24 47 38 26 20 34 26 41 40 32 38 26 18 32 33 27 37 29 33 24 32 30 30 30 23 29 25 36 43 34 28 31 43 34
34 37 29 30 35 37 33 37 38 39 23 46 30 26 27 25 31 39 29 37 26 39 23 33 38 21 30 19 27 29 47 48 29 26 34 31 42 21 24 26 28 33 36 30 35 23 28 28 30 39 37 27 21 26 32 20 27 27 31 39 35 35 23 26 24 38 33 33 27 29 20 36 25 25 35 32 32 32 33 31 29 32 40 42 34 32 36 19 33 28 31 35 38 36 36 25 27 19 28 32
39 40 35 25 28 28 33 46 30 28 16 19 33 29 32 23 38 41 19 36 30 21 29 29 26 31 39 25 32 28 23 29 33 25 30 27 25 30 18 46 27 36 18 32 38 37 25 38 27 17 31 30 27 31 38 30 26 30 31 52 21 40 24 41 34 31 29 31 23 44 20 33 48 39 27 26 43 27 41 28 28 38 31 42 30 27 33 24 37 37 35 26 24 26 28 31 27 38 28 26
18 22 21 31 34 25 37 20 45 29 17 37 34 31 40 29 34 31 11 35 27 25 27 36 30 37 38 32 29 30 30 35 24 40 31 36 43 20 42 37 38 19 31 29 29 25 40 27 31 26 30 24 36 30 28 30 22 25 29 38 26 26 24 24 32 23 48 30 33 33 28 32 34 22 39 29 33 38 29 39 43 33 35 35 34 43 25 30 26 40 34 42 37 28 32 36 31 23 35 31
26 30 37 33 28 31 31 31 28 31 18 32 30 34 25 36 30 38 30 24 30 34 37 33 28 35 29 37 43 27 23 35 38 24 33 25 31 36 31 30 33 26 29 31 32 26 39 40 34 30 34 28 26 33 39 26 29 19 19 27 24 32 14 29 35 36 39 22 26 27 22 24 25 24 42 34 31 35 24 15 38 59 24 37 24 29 32 44 40 31 30 32 34 34 28 26 33 40 43 36
23 35 36 37 25 24 27 29 27 22 27 29 36 30 31 27 32 25 31 40 41 33 36 41 26 31 41 35 42 33 36 37 36 36 12 23 17 25 30 30 33 41 29 26 22 33 33 32 20 30 38 35 28 33 25 32 37 40 23 29 29 30 25 37 29 26 26 24 20 29 91 52 55 42 50 75 72 86 35 27 27 34 16 36 13 46 37 25 33 29 25 30 23 24 29 36 28 29 32 28
27 34 39 31 32 32 48 32 26 23 35 40 28 33 38 23 35 35 43 26 34 33 35 31 27 24 36 40 11 35 35 32 30 35 33 34 30 28 40 17 28 24 31 33 29 20 35 23 34 32 33 30 30 34 40 26 23 22 31 36 45 44 31 36 38 36 19 23 40 28 26 35 30 26 32 30 33 30 25 27 32 36 32 34 42 33 30 32 42 37 32 32 31 35 23 28 35 32 15 34
31 39 27 31 29 22 27 44 41 26 35 32 19 33 47 19 24 14 24 22 26 26 43 33 32 32 33 30 39 26 34 45 26 36 26 33 27 28 31 38 20 24 30 27 33 33 30 32 28 27 34 40 19 31 25 29 35 25 28 34 26 31 39 20 33 32 30 38 29 24 15 32 30 36 42 35 41 27 30 29 36 32 26 42 38 18 46 44 27 21 36 35 29 32 38 14 23 45 29 32
37 32 38 11 30 36 38 31 31 39 30 39 31 40 31 30 23 28 34 35 27 38 23 31 28 41 34 41 29 31 27 27 17 42 29 37 21 26 29 29 34 30 24 32 34 38 32 28 29 19 33 21 31 28 32 27 32 26 26 31 32 29 32 27 23 25 32 27 29 29 29 36 28 30 25 28 24 34 29 20 33 38 25 30 40 31 46 39 29 20 17 30 29 35 31 30 39 25 32 24
29 31 33 29 22 41 27 39 28 28 33 38 32 31 38 19 25 27 51 31 25 35 34 35 31 22 25 25 25 25 27 29 27 38 31 37 28 42 38 39 33 30 25 33 40 26 22 33 25 47 22 37 29 33 25 28 37 28 34 31 38 28 27 23 36 41 34 32 38 33 29 36 26 29 36 65 29 36 38 31 38 16 30 32 34 32 29 25 25 26 34 37 31 33 22 36 36 35 37 39
23 25 23 28 33 26 38 23 47 30 28 34 25 41 23 37 32 35 31 31 30 28 36 39 34 37 26 37 36 31 31 24 32 34 25 28 42 35 31 29 34 29 29 25 42 36 38 34 39 15 38 21 31 29 23 35 23 36 21 28 44 36 28 31 24 38 23 26 30 29 29 40 25 38 24 21 33 39 21 27 39 22 35 23 27 39 31 35 22 34 26 41 40 28 37 20 24 24 32 20
34 29 34 34 36 30 33 19 37 29 43 36 37 24 32 32 13 26 30 34 26 29 32 43 25 43 31 27 37 36 24 33 29 24 22 30 32 37 38 33 28 40 35 33 26 47 33 31 32 24 34 31 23 33 26 33 34 31 26 32 30 23 40 27 33 36 28 38 25 20 33 29 29 26 20 24 29 28 28 28 43 24 28 37 31 31 28 42 19 33 25 21 28 29 30 26 35 25 34 31
26 37 20 36 26 26 13 35 39 30 24 43 19 27 39 22 31 24 37 36 37 16 28 31 34 27 42 29 39 32 33 23 30 35 25 13 40 18 34 33 30 28 42 28 31 22 39 32 29 34 35 35 22 31 24 38 41 25 34 27 32 19 36 17 35 39 39 24 33 32 32 34 30 29 28 36 27 24 24 31 23 25 25 31 29 34 34 24 44 41 27 32 33 32 33 23 42 37 36 18
31 36 24 24 34 30 34 26 26 27 17 36 28 31 23 35 33 37 28 30 33 21 23 29 29 28 33 34 26 28 33 30 34 41 34 25 25 30 25 23 29 40 34 35 27 53 29 33 33 36 30 29 27 26 38 32 38 25 38 37 45 35 37 24 24 21 30 31 29 13 31 33 32 33 37 40 39 27 32 22 36 26 33 29 43 32 33 30 40 43 28 40 30 32 42 30 26 38 29 35
26 32 31 38 28 31 30 25 35 33 31 20 22 33 41 34 39 25 30 32 40 28 33 37 9 17 48 32 21 33 30 25 25 29 37 29 35 22 34 24 23 30 23 29 30 38 43 35 31 38 33 28 33 31 33 16 23 24 27 29 26 27 29 26 35 27 31 33 30 17 29 26 37 34 21 33 38 35 31 37 36 23 29 45 24 34 37 31 45 45 25 35 30 30 38 31 33 30 40 27
27 38 36 34 25 21 24 26 31 29 26 21 34 36 34 33 30 37 30 23 29 31 40 27 37 27 43 36 43 20 32 24 41 23 38 42 34 29 25 37 29 36 25 31 32 35 30 24 34 33 24 24 31 24 32 31 30 29 39 34 28 38 29 32 34 31 30 29 29 40 49 22 40 26 39 35 24 25 35 34 33 35 33 37 20 33 29 32 21 48 36 32 43 46 18 38 39 29 35 28
37 28 42 20 47 28 34 44 49 29 27 25 30 33 30 30 37 37 23 31 29 22 22 42 23 29 35 34 35 33 22 32 48 25 27 24 29 39 41 30 31 25 26 28 40 36 32 32 34 37 27 22 25 37 24 29 27 35 30 30 9 26 33 29 41 35 27 27 24 50 25 40 29 32 30 31 32 35 33 45 19 35 24 40 31 33 36 30 30 34 44 26 36 27 27 41 33 41 26 28
35 38 28 37 41 22 26 22 31 21 25 27 28 38 37 38 33 34 28 31 8 29 31 46 15 28 25 32 33 33 22 28 25 43 33 32 22 27 33 34 40 37 47 33 33 36 28 27 25 24 33 27 35 36 33 23 32 30 25 30 35 41 25 31 29 32 31 35 28 42 31 22 33 29 30 24 27 32 43 39 36 41 29 32 30 16 27 41 29 30 34 36 25 33 18 27 21 31 32 37
23 24 34 33 31 32 22 19 26 25 24 43 33 23 27 23 24 33 35 40 30 30 30 33 23 27 34 82 68 32 40 27 36 29 39 30 27 26 32 24 28 18 44 31 34 33 41 37 31 27 28 22 21 30 34 22 39 24 28 20 40 26 36 44 41 32 35 24 22 30 22 32 25 32 23 22 39 34 30 38 30 34 33 35 30 36 28 40 24 21 33 30 38 30 25 25 39 28 35 31
45 39 23 33 28 28 41 21 22 33 35 26 37 38 27 30 23 33 31 35 24 36 27 31 29 40 31 38 40 46 19 26 35 42 45 20 30 30 34 26 35 38 36 27 32 25 32 29 40 28 41 41 21 32 40 32 27 27 23 36 31 25 27 32 28 29 40 30 39 37 32 25 23 25 37 49 28 38 37 25 30 25 29 30 26 31 29 26 27 39 37 23 31 29 22 26 28 35 30 41
28 36 21 25 45 27 31 40 37 33 17 36 34 24 25 34 17 31 31 34 26 31 27 34 40 26 32 52 27 37 31 26 28 33 31 28 36 25 38 28 36 30 44 39 22 32 25 30 42 30 27 45 47 32 28 25 23 34 31 43 26 26 34 43 34 32 26 31 37 46 34 30 35 28 26 28 39 33 32 30 43 32 31 34 35 18 39 32 32 40 30 33 39 26 31 34 33 6 11 28
22 29 25 32 37 39 30 33 29 43 25 36 45 25 26 24 22 26 34 24 30 33 29 27 27 35 39 31 29 25 25 33 26 35 40 31 29 20 30 33 26 35 36 40 40 32 36 43 37 35 37 31 29 21 35 38 35 40 26 27 25 23 24 44 39 38 34 31 33 30 35 37 30 35 41 38 29 29 33 29 30 50 27 32 26 24 38 24 31 35 28 34 37 38 18 40 25 26 32 37
44 23 43 23 30 37 39 35 25 50 23 19 43 30 26 25 25 30 30 42 25 27 27 28 35 36 36 28 37 50 33 23 25 26 34 32 33 35 26 53 36 36 21 28 39 30 30 34 28 30 28 27 29 29 32 34 39 36 37 26 28 41 25 37 35 32 25 33 31 31 46 35 26 32 33 27 36 39 25 31 35 33 27 27 35 29 24 31 30 36 45 32 28 30 37 25 37 31 31 27
33 25 49 26 21 14 46 37 32 22 29 30 26 29 31 33 36 26 35 24 30 25 36 33 24 32 29 35 35 43 33 24 24 31 27 38 30 35 18 29 30 36 46 37 36 30 42 37 35 22 46 24 28 33 42 25 40 31 39 32 29 25 43 26 27 39 34 32 32 31 31 30 30 43 36 26 33 41 23 64 28 24 31 31 34 27 25 38 34 28 28 49 38 22 30 28 27 27 43 30
22 27 42 28 35 44 30 34 33 29 33 34 42 25 25 25 31 27 32 39 31 33 14 23 27 22 41 31 19 39 33 34 30 28 29 25 41 35                                                              
