0.204081632653061 4590 53 44 58 48 27 39 38 46 36 42 43 43 49 52 37 58 55 41 55 40 51 37 44 57 44 26 46 55 60 49 52 40 40 57 37 53 41 38 47 51 56 45 49 58 34 45 41 44 50 45 31 49 51 60 44 36 49 49 42 58 51 48 46 53 44 39 47 45 28 48 39 43 50 46 54 50 38 36 43 63 29 41 43 47 48 51 54 51 42 51 47 54 52 47 42 34 55 52
41 36 47 45 44 62 58 54 44 66 42 39 50 43 49 30 46 51 43 39 55 38 43 45 39 45 49 48 51 49 53 66 46 49 50 39 42 39 33 37 39 45 44 47 50 49 30 53 44 38 55 44 46 45 39 29 29 50 49 47 56 35 40 54 13 34 49 48 42 51 55 54 49 37 41 43 44 38 31 50 55 55 49 52 34 65 34 49 41 42 45 52 45 44 44 46 39 50 58 47
51 46 38 43 38 37 48 41 32 52 33 41 27 40 34 25 62 51 32 62 40 44 43 48 49 54 49 43 42 43 35 55 40 44 50 38 40 48 57 37 46 48 43 51 35 47 50 37 48 48 47 51 46 34 47 43 52 55 42 44 49 50 56 36 50 38 50 44 46 52 67 51 49 58 35 44 52 43 43 46 50 53 46 61 37 39 50 34 48 37 41 51 42 42 50 48 49 55 50 47
39 36 51 50 45 44 48 43 42 50 30 50 45 42 43 47 42 44 34 42 51 44 48 36 77 53 34 46 48 55 46 45 50 30 40 47 50 48 53 41 50 53 40 54 53 50 58 51 50 39 60 40 52 35 48 36 44 44 42 38 47 45 44 39 52 49 58 22 66 40 47 32 46 66 56 50 61 31 30 43 41 41 56 43 40 26 44 49 33 33 62 46 44 51 54 44 48 47 38 44
53 48 46 39 47 50 54 47 40 35 50 52 36 48 58 52 39 52 58 49 51 46 53 48 61 38 47 41 42 40 49 47 55 61 46 45 43 45 51 51 48 39 36 37 52 36 49 42 33 53 52 47 60 37 54 51 41 36 29 31 51 36 48 53 42 44 58 55 34 40 44 33 42 52 54 44 54 40 55 45 58 58 60 48 52 46 40 41 51 47 55 38 48 59 50 55 43 39 36 57
56 43 42 46 61 43 45 22 56 57 47 48 56 36 49 63 50 29 51 47 41 34 32 33 56 31 36 39 52 43 48 56 60 54 48 64 55 67 48 66 48 55 36 50 32 44 36 24 56 33 33 46 43 40 49 65 48 33 47 38 54 49 52 40 42 47 44 49 41 57 45 41 47 48 39 65 54 64 52 31 53 50 58 43 38 49 46 46 36 48 51 47 35 41 43 49 47 51 63 56
62 38 44 53 60 48 47 53 46 39 47 61 45 52 44 43 57 57 43 41 54 40 47 41 51 38 52 52 47 47 20 43 59 49 44 50 42 41 45 41 43 41 49 47 43 48 36 47 47 37 53 54 37 39 57 45 41 47 45 43 46 45 43 50 66 47 35 41 42 56 53 36 42 34 54 53 51 45 56 47 44 42 52 42 45 52 48 39 49 50 38 54 51 53 42 46 40 33 47 54
47 43 33 57 42 61 63 54 45 49 41 58 40 46 47 48 48 53 45 39 45 44 50 53 50 37 58 24 49 55 47 58 51 39 50 41 56 38 43 41 50 45 37 47 57 41 42 48 45 34 29 36 43 50 48 46 48 53 48 46 47 51 53 52 55 45 54 42 44 45 40 48 67 42 50 58 42 52 45 63 54 49 40 46 42 45 50 47 56 41 55 44 40 37 55 45 37 52 55 40
52 43 55 54 38 27 37 51 40 40 50 51 54 52 24 28 43 55 51 46 51 46 36 32 46 49 37 48 54 50 42 36 45 63 45 46 49 48 18 38 51 48 57 38 53 41 50 53 29 35 44 60 41 39 44 72 48 40 42 53 50 68 33 26 43 39 33 40 47 41 44 48 56 49 41 41 41 44 50 40 56 54 49 54 48 48 58 40 41 43 38 49 43 48 55 46 41 74 39 43
23 42 49 50 50 47 46 60 44 49 47 46 51 50 66 18 50 33 42 55 53 46 43 45 46 54 48 60 46 41 51 46 59 49 53 41 51 42 49 40 56 55 43 51 44 44 52 34 45 41 46 36 48 58 53 50 59 40 47 45 42 49 49 37 49 49 46 43 47 48 44 50 48 63 27 54 52 49 58 54 46 39 40 40 63 46 37 48 47 56 40 44 59 45 49 57 48 27 69 42
51 34 32 46 43 58 44 50 38 39 50 36 40 46 54 46 51 45 47 48 43 41 32 49 36 54 57 55 56 28 42 48 35 49 49 55 58 40 54 54 54 48 29 45 34 39 53 43 49 34 42 37 46 57 43 56 54 56 37 39 48 40 43 41 39 42 52 43 49 51 43 41 43 49 21 41 36 49 54 54 46 51 60 45 58 39 49 51 50 53 58 40 56 56 41 59 48 49 46 49
47 48 39 48 45 42 40 59 56 40 43 61 40 46 46 47 60 41 43 62 49 54 36 46 46 46 35 33 30 48 44 42 44 43 54 44 53 47 40 41 46 48 65 55 45 42 60 60 56 55 43 51 19 55 56 41 54 62 45 50 45 45 53 35 30 58 52 48 28 43 41 45 62 52 52 36 36 44 44 47 53 35 51 45 50 43 53 38 47 48 50 49 36 51 56 57 35 42 48 35
52 112 89 97 37 44 49 39 42 18 44 43 33 55 55 43 53 45 46 44 49 39 27 53 55 38 44 45 57 42 58 51 16 67 45 44 45 50 51 44 56 46 53 45 44 46 41 42 29 33 40 38 49 41 50 52 43 41 48 44 47 54 49 55 42 58 49 48 41 44 39 55 57 41 55 49 39 49 53 47 40 48 56 44 47 46 34 51 46 41 43 50 51 50 61 42 54 54 51 32
48 56 52 59 40 56 51 63 57 43 49 57 40 52 39 55 44 46 52 41 53 29 34 25 44 45 45 47 49 53 51 53 41 52 60 47 47 28 41 53 42 45 45 41 36 54 55 54 36 50 48 46 50 54 34 56 37 39 43 49 57 34 41 38 36 52 52 51 48 56 96 45 55 42 46 50 49 52 41 49 48 56 33 68 52 31 35 51 54 43 43 50 56 48 41 57 32 41 40 44
53 54 50 41 54 60 54 49 31 30 49 44 63 58 45 57 37 43 54 55 55 49 59 48 45 37 41 52 60 41 51 30 36 69 41 37 53 49 65 48 57 48 36 55 42 47 43 63 46 52 53 52 57 25 48 41 39 43 52 39 41 51 37 53 43 33 41 41 39 32 37 50 43 40 45 59 48 46 59 51 51 44 50 33 31 56 43 37 39 41 35 47 39 25 32 56 43 42 51 45
56 57 21 43 39 51 55 36 37 44 53 46 32 56 31 61 40 43 48 48 42 56 38 38 52 38 46 44 64 42 53 42 38 52 42 36 35 53 47 44 53 50 44 49 46 39 43 43 45 61 44 51 52 56 52 42 50 38 45 54 51 34 45 32 46 39 51 56 56 47 43 28 48 42 54 43 46 46 40 48 39 44 38 44 48 52 49 56 18 65 56 43 44 54 52 50 60 43 48 39
53 25 47 49 38 44 32 50 32 60 53 32 42 56 33 53 56 47 53 53 49 37 62 55 37 57 40 48 42 48 52 64 52 30 37 48 49 45 52 41 52 53 44 55 57 55 48 24 44 56 43 57 52 51 54 55 39 35 40 54 50 35 51 43 36 44 51 37 58 39 62 49 62 47 41 57 55 54 39 39 32 45 47 69 44 51 48 41 51 57 58 58 50 57 55 58 44 44 43 29
37 63 49 49 54 56 73 47 53 46 37 39 39 52 46 60 50 43 42 49 47 57 37 46 55 64 30 43 46 45 50 38 65 42 51 47 68 48 34 38 40 43 51 52 51 27 53 69 49 44 42 44 56 44 54 55 39 56 54 47 64 45 30 49 52 43 38 55 44 44 50 47 52 50 53 44 50 48 37 51 43 49 68 50 48 44 44 48 37 40 33 40 56 58 42 41 50 49 30 43
45 56 48 42 51 58 55 41 51 54 46 48 52 50 72 41 43 49 47 39 51 39 52 50 50 36 46 57 56 46 43 43 40 48 54 43 53 54 52 51 55 31 40 34 47 51 43 36 32 44 62 45 40 40 37 47 48 60 48 42 57 42 38 58 62 48 24 47 40 41 46 32 48 54 45 36 49 45 60 40 32 47 38 49 48 46 40 38 34 46 49 43 55 38 40 47 41 49 39 50
49 39 38 49 42 54 43 55 58 46 36 39 46 40 44 56 47 44 50 51 39 41 49 48 53 56 51 32 52 41 40 43 52 51 53 50 46 42 53 43 65 57 52 33 39 54 61 63 58 40 49 39 43 43 47 52 44 38 54 44 45 51 62 52 46 46 36 42 37 58 39 44 46 46 39 47 47 23 32 37 41 41 48 47 52 57 31 51 37 43 42 35 52 67 48 32 48 50 37 55
51 47 37 31 52 43 58 54 35 71 61 47 33 42 34 42 33 34 45 51 45 54 54 43 30 40 56 51 41 46 39 46 55 46 56 17 39 59 55 62 48 52 58 48 31 47 36 55 32 33 41 41 35 50 52 50 49 34 52 49 43 35 50 52 44 52 63 45 47 57 62 58 37 40 42 66 46 57 57 27 46 36 46 48 43 37 51 49 61 51 44 40 36 55 47 46 44 43 46 46
50 44 57 37 47 64 53 46 53 51 51 49 41 38 47 45 43 46 39 46 52 44 51 43 44 30 43 40 32 59 42 46 44 40 46 48 49 38 53 48 43 63 38 45 54 53 30 43 52 52 40 45 54 36 45 40 38 27 39 45 43 46 46 42 52 48 60 51 43 47 43 74 47 45 41 52 44 49 44 65 48 55 38 52 57 50 42 33 52 44 54 36 62 31 50 39 51 70 48 40
34 49 53 39 45 52 44 51 31 43 41 42 34 47 39 42 41 64 48 35 54 25 47 54 53 44 61 38 46 45 50 44 65 44 50 52 37 51 44 48 45 45 63 54 58 41 46 36 43 46 49 45 60 64 44 42 47 59 39 46 67 53 47 63 39 44 38 40 45 59 50 51 37 62 45 39 35 56 41 57 39 59 64 66 47 52 47 54 54 44 39 32 41 60 58 35 54 48 52 36
50 38 54 42 38 49 45 34 41 50 43 55 30 47 48 37 54 51 64 56 40 26 38 48 53 55 43 54 42 50 53 46 52 30 51 45 27 42 49 49 47 45 54 41 43 54 43 52 67 52 46 52 44 58 44 46 59 55 37 39 61 52 54 51 40 44 36 52 52 52 41 42 55 50 33 50 48 54 48 50 54 43 63 55 49 54 64 57 40 45 42 42 51 50 60 50 40 46 61 51
50 38 50 44 31 44 41 53 40 51 52 41 42 53 30 36 55 44 21 28 44 38 40 45 42 55 38 42 42 40 40 43 59 44 61 56 52 55 32 50 47 44 36 39 39 50 49 46 55 52 49 44 51 45 50 40 52 50 48 59 56 57 66 34 51 46 48 61 44 38 57 43 48 43 41 44 39 44 44 52 54 45 39 42 56 38 51 36 35 45 47 45 43 47 37 43 34 39 42 52
46 44 38 67 35 60 52 44 48 45 39 45 51 56 47 46 43 53 46 48 44 49 36 46 49 54 45 35 36 28 61 49 54 44 55 47 57 29 48 39 40 45 41 41 41 51 38 46 52 48 40 32 43 33 42 39 46 36 39 31 49 47 19 44 44 47 47 52 53 52 26 32 35 54 37 55 42 55 59 46 34 48 50 36 45 49 59 53 52 45 41 37 50 31 45 41 45 64 40 60
49 51 56 58 45 38 28 54 47 40 43 58 50 42 44 45 39 45 35 38 54 53 35 34 53 42 50 40 50 61 48 47 51 39 47 57 42 41 47 41 58 40 34 39 50 53 66 49 37 47 34 45 55 43 45 46 46 48 40 51 47 32 54 47 46 40 35 45 44 50 48 53 51 55 39 52 38 32 30 35 60 56 51 53 43 47 39 49 48 40 51 45 31 56 46 56 37 45 51 45
40 54 41 39 48 11 42 46 52 39 49 40 39 54 45 48 53 58 52 45 35 42 43 53 41 41 45 64 49 64 46 27 48 52 54 45 64 32 35 27 31 45 54 53 44 36 49 49 45 55 46 43 46 38 38 43 51 43 50 37 41 45 41 54 44 45 44 56 54 55 53 50 48 39 44 51 37 61 49 43 65 46 42 51 41 50 43 46 58 39 53 41 64 49 31 55 49 57 46 46
37 58 40 46 58 46 47 37 61 43 63 44 49 42 45 35 66 62 57 47 55 34 51 45 45 48 41 48 43 35 51 46 35 44 50 42 40 42 48 54 37 22 46 42 56 39 57 37 61 66 40 39 39 54 43 48 54 50 50 40 54 29 52 61 50 55 49 52 47 51 72 45 53 58 44 43 45 38 56 49 52 51 54 53 38 46 44 51 63 46 51 51 53 52 44 44 45 41 37 62
45 46 41 44 51 37 43 63 57 57 51 34 41 37 43 45 72 35 38 51 66 56 56 74 56 50 39 62 49 41 60 57 56 26 39 45 45 39 45 48 40 35 42 39 40 38 57 45 45 49 51 50 43 44 41 47 43 49 34 51 39 52 44 56 44 39 56 48 50 53 48 47 41 45 53 69 37 44 45 54 38 27 38 41 56 42 49 51 54 50 34 39 60 48 38 45 45 39 42 45
47 62 41 43 46 64 23 35 46 46 42 48 60 57 45 37 34 41 36 43 47 47 69 54 40 45 47 49 33 39 43 45 45 45 63 17 61 37 67 42 44 43 52 47 35 47 54 51 44 59 51 55 49 30 38 50 62 50 40 43 45 51 40 49 65 52 57 44 40 46 45 38 26 54 61 58 35 51 50 47 60 34 52 42 48 45 39 44 54 40 51 44 49 45 51 56 42 38 60 42
49 56 53 43 56 51 43 33 56 50 47 48 41 52 46 59 49 23 44 52 44 43 31 41 46 55 37 60 40 51 52 47 44 46 31 40 51 54 33 35 57 39 40 43 61 41 60 43 45 43 56 49 52 52 35 39 47 46 47 57 54 40 52 48 57 65 48 41 54 63 48 51 48 48 73 40 43 41 47 38 45 48 40 47 51 55 46 55 57 60 20 43 37 49 52 61 58 47 36 48
43 44 34 52 46 44 38 46 34 43 39 48 54 33 40 58 37 53 41 45 46 36 50 33 57 51 62 51 39 41 54 47 43 45 47 53 33 40 42 46 46 50 43 52 53 38 44 35 50 36 38 53 47 61 41 56 43 34 51 42 47 51 18 63 52 47 46 38 47 43 35 40 52 50 41 51 57 57 44 55 63 40 47 48 40 52 51 55 32 52 48 52 45 41 41 49 54 45 35 45
47 41 52 42 36 39 49 37 44 45 43 50 45 50 40 38 50 41 61 37 49 49 56 52 25 50 54 47 46 60 47 44 50 51 45 41 47 47 48 51 41 51 51 58 60 39 55 56 59 56 41 42 49 32 47 52 55 35 40 56 32 47 47 45 45 41 44 53 42 51 61 40 46 41 59 46 48 52 44 41 52 42 45 31 49 54 41 53 45 42 55 53 43 63 41 44 57 34 52 53
40 46 52 38 39 50 50 46 44 45 55 44 46 36 49 40 46 34 57 44 45 43 50 47 51 42 59 40 46 60 51 33 44 49 44 48 40 34 43 52 53 41 47 42 46 47 47 47 46 49 44 45 59 47 54 50 53 40 46 50 63 52 50 45 41 55 55 57 41 53 46 59 51 44 51 49 58 48 49 50 49 42 38 42 44 50 49 44 44 54 53 51 48 44 59 44 53 49 57 42
40 52 59 43 58 35 53 51 38 61 60 35 43 46 46 46 47 56 66 42 44 45 45 47 49 34 47 44 50 50 51 39 56 50 58 56 44 26 46 50 54 48 50 59 37 48 61 44 45 54 37 36 51 42 42 49 47 32 52 47 49 44 56 54 56 39 45 55 43 45 39 64 66 48 30 46 51 48 58 41 55 45 40 50 53 51 47 39 35 42 42 26 53 51 39 44 49 50 43 18
53 38 53 64 44 47 32 57 60 51 60 54 45 47 46 39 36 46 50 38 45 57 45 49 53 36 45 49 45 53 48 47 38 54 52 70 44 63 36 51 41 51 65 38 53 42 47 47 62 41 46 45 52 50 49 47 52 47 51 60 38 43 55 52 62 39 50 44 47 51 45 43 47 45 50 36 63 56 51 47 44 40 45 41 37 42 42 53 37 36 52 30 48 44 55 40 48 53 47 47
43 55 38 38 36 40 43 35 49 43 47 53 49 48 48 51 45 51 39 48 43 51 35 49 42 51 33 43 39 53 31 51 56 41 39 41 57 54 44 57 49 34 42 49 34 63 50 45 29 43 41 42 48 54 57 45 49 44 41 46 43 66 50 50 40 40 49 44 54 49 61 50 54 60 52 38 42 50 46 45 37 47 48 43 44 27 64 52 45 35 51 53 57 48 38 39 51 45 41 46
42 52 47 41 39 31 49 15 47 42 42 58 60 44 35 49 39 49 52 44 53 42 41 50 34 47 45 53 56 37 55 53 46 40 52 40 51 41 43 53 43 50 41 52 42 37 42 32 49 61 39 48 50 46 40 51 58 59 47 56 48 56 50 37 51 36 45 54 24 47 55 38 41 43 60 56 59 53 45 42 46 39 18 39 51 56 43 40 50 47 50 44 54 49 56 35 44 42 46 50
49 42 52 37 44 46 37 55 39 53 51 59 53 50 33 58 66 60 40 63 48 51 42 54 46 42 47 46 39 60 55 43 71 49 53 53 47 44 43 52 41 42 53 44 39 40 34 41 53 44 42 47 41 64 44 39 55 44 61 48 49 35 37 48 26 46 47 40 47 46 38 46 55 48 38 47 41 44 30 40 41 51 47 44 35 49 46 49 53 43 37 51 49 52 51 40 43 52 62 44
53 49 49 41 42 41 46 37 37 39 49 44 49 48 52 46 45 68 48 49 43 47 40 50 49 62 44 46 61 40 51 52 36 48 39 40 48 40 60 45 46 51 33 48 42 38 31 51 40 43 47 53 49 50 59 41 48 42 46 47 45 51 52 35 49 48 42 45 35 54 54 43 53 52 42 48 43 52 46 60 51 45 50 56 48 41 47 41 56 45 54 36 42 47 42 43 39 48 43 45
52 53 40 59 47 43 45 29 33 49 54 56 39 53 49 51 32 54 40 53 40 49 24 52 34 32 46 53 47 54 57 40 38 38 51 47 46 38 53 47 52 43 45 55 47 44 47 46 50 65 34 45 36 42 55 49 47 58 38 55 48 48 47 35 54 37 64 54 39 51 48 54 54 58 40 47 52 37 44 56 37 35 46 41 53 42 45 38 46 43 61 55 43 41 53 45 50 56 53 51
44 44 43 40 50 45 42 49 53 49 55 53 50 40 55 45 46 40 65 41 33 46 38 36 46 53 56 49 44 50 50 46 44 45 58 49 61 44 47 48 47 45 53 42 47 47 38 62 29 63 59 44 43 52 42 54 59 37 40 55 38 21 41 20 33 53 37 19 63 35 27 37 41 29 55 69 36 45 47 40 54 58 45 46 49 48 43 43 45 42 48 42 44 50 39 46 44 32 55 39
45 37 59 54 42 36 27 39 44 46 50 65 56 49 51 44 49 47 56 49 38 63 48 42 46 39 43 11 41 49 57 47 46 43 40 49 37 53 44 53 62 45 53 46 33 37 44 43 42 50 49 47 46 50 56 52 50 43 50 69 46 46 52 23 43 47 63 48 40 48 50 44 41 52 36 64 41 47 38 43 42 41 32 32 31 22 25 18 19 27 21 29 22 23 19 23 16 18 24 23
16 13 24 31 20 31 23 33 13 19 37 21 29 21 15 32 30 11 46 23 17 22 23 28 23 22 21 27 30 37 27 26 17 26 31 30 17 22 29 24 26 30 27 36 18 18 23 24 16 21 22 25 27 17 15 23 17 22 25 25 26 22 25 23 16 20 22 25 20 26 31 22 26 19 28 27 23 24 25 23 16 24 28 16 17 31 24 27 20 20 29 28 33 28 31 25 24 24 29 25
21 16 15 35 20 27 16 19 18 26 29 28 24 23 30 28 23 24 36 20 24 38 18 27 27 25 29 27 26 27 22 21 14 24 23 31 27 19 28 20 28 22 27 19 27 23 20 25 29 19 27 17 21 12 22 20 33 24 21 25 16 28 19 28 30 27 18 13 14 16 18 14 37 16 25 21 18 24 23 19 17 29 24 20 22 36 16 20 23 18 22 16        
