0.466666666666667 3930 9 16 11 22 28 18 29 25 26 15 31 19 20 14 22 15 20 25 30 18 25 19 17 18 25 23 25 22 34 24 18 23 27 27 26 28 19 23 19 9 24 29 28 17 14 20 24 22 24 18 34 24 19 19 27 24 26 22 20 26 19 22 24 20 26 29 39 21 13 37 17 17 18 19 17 22 20 34 39 25 24 26 20 18 40 23 28 19 33 17 24 29 30 33 26 22 23 17
23 28 20 20 36 20 22 26 26 21 16 22 16 21 21 13 26 22 17 21 25 28 23 29 28 20 25 25 22 26 20 43 57 16 20 35 28 25 25 24 17 20 13 15 29 29 23 29 22 18 20 23 23 18 32 19 23 28 15 19 25 27 19 32 33 17 18 26 20 25 22 27 23 27 23 25 18 25 23 25 37 24 27 26 28 32 26 22 27 14 29 26 26 21 21 18 24 19 23 22
25 29 17 19 24 19 26 20 24 25 21 33 26 16 25 20 17 32 25 28 27 17 21 20 19 25 31 22 28 22 26 34 22 26 30 22 17 17 16 24 20 21 26 18 24 13 24 22 16 19 17 8 26 27 16 33 25 24 22 20 25 22 18 21 20 24 30 21 23 21 20 24 29 18 30 27 23 17 26 22 21 14 25 15 29 19 19 18 20 21 32 23 21 22 20 26 21 26 15 24
42 23 25 21 13 31 19 28 15 23 27 28 21 27 21 27 23 27 14 23 19 22 26 20 34 30 20 14 25 31 22 18 20 18 23 19 22 25 22 21 12 27 27 31 31 18 26 21 25 20 20 28 24 28 19 23 30 25 16 28 17 23 33 20 28 34 20 28 22 12 24 15 26 25 21 21 19 22 25 25 17 20 22 18 24 30 26 31 23 27 14 27 24 25 32 36 33 22 22 23
27 21 30 22 26 31 28 17 27 27 24 31 28 31 23 24 20 15 22 17 27 18 13 21 23 26 20 24 25 14 26 20 19 12 21 24 23 22 23 30 16 19 27 24 24 26 28 33 23 16 19 22 23 22 20 27 22 20 23 28 15 18 23 26 25 20 31 23 24 18 16 17 27 20 14 27 21 22 26 20 28 26 26 25 23 18 34 27 19 41 25 19 32 21 13 25 22 22 25 28
25 24 26 23 22 21 27 26 29 21 31 21 17 18 20 20 18 15 21 19 24 15 25 18 22 23 22 25 21 29 23 25 13 22 32 25 23 26 25 20 17 23 24 27 25 38 25 29 26 24 21 25 29 31 28 27 24 22 20 22 28 24 17 26 31 30 27 18 20 34 17 29 26 31 36 30 24 23 23 27 22 22 25 20 27 21 27 27 16 17 18 25 21 19 17 27 17 20 19 18
26 20 18 17 21 24 27 19 20 23 26 16 19 23 18 13 17 23 22 23 21 15 22 21 21 31 25 22 16 15 18 19 17 29 26 21 24 24 25 26 21 26 30 13 27 29 26 27 23 18 28 18 24 27 19 27 22 20 20 20 27 20 20 20 29 23 25 19 23 21 17 33 19 24 26 15 22 28 33 20 31 17 28 26 22 27 22 27 26 28 22 20 20 26 33 26 23 35 22 22
8 35 21 28 26 21 16 22 20 26 21 27 19 22 28 20 17 22 21 13 25 26 27 19 21 14 22 21 22 24 28 26 22 29 30 26 22 19 29 28 21 19 26 22 25 25 20 21 27 28 20 17 22 19 18 28 27 23 23 26 28 21 20 23 22 21 25 16 21 28 23 22 14 25 28 20 25 22 27 20 23 22 26 27 28 30 31 32 28 18 26 32 31 25 29 21 28 43 33 17
16 29 16 26 24 20 18 24 30 25 23 13 29 26 22 25 22 23 24 18 27 19 27 29 26 21 21 19 30 20 29 31 23 20 28 14 23 28 23 21 32 24 20 18 24 23 33 20 35 30 26 20 21 14 32 23 24 20 32 24 24 22 26 27 20 27 16 28 24 26 24 18 29 13 27 31 25 29 26 24 14 16 35 31 28 24 27 21 24 35 15 21 19 28 27 21 33 26 24 26
32 25 21 40 28 32 23 25 28 29 27 24 21 21 26 25 15 23 24 23 25 29 33 31 19 19 22 22 25 25 14 27 25 20 16 20 25 20 26 17 27 20 18 30 22 22 29 22 21 27 21 24 25 30 39 31 22 23 38 33 30 20 29 23 21 36 32 32 30 16 23 18 16 25 29 20 27 25 23 29 23 24 30 23 15 21 30 26 28 18 23 19 30 29 23 32 29 22 24 22
28 18 23 21 14 22 27 28 33 18 28 24 18 26 22 26 19 27 28 24 19 24 20 32 22 24 31 17 22 18 24 32 24 32 19 33 26 27 23 30 20 26 27 28 22 25 26 22 20 26 26 18 18 19 26 31 20 30 26 29 30 19 23 26 24 25 28 28 21 27 19 24 25 24 20 28 64 118 100 68 61 57 59 39 19 33 32 20 23 20 30 26 23 31 21 21 25 18 22 20
37 21 18 14 16 18 23 28 26 23 19 16 22 22 25 28 28 25 17 24 22 29 30 28 22 16 10 22 18 29 20 22 23 36 11 16 25 15 14 22 26 27 27 13 24 25 21 20 29 30 27 33 24 15 17 23 25 18 23 28 23 19 20 14 24 24 27 29 24 26 28 23 25 24 32 26 28 18 30 18 19 27 28 17 15 22 25 12 25 25 18 14 24 29 23 32 22 15 29 22
7 21 43 34 26 41 12 32 28 26 20 28 17 19 26 27 14 24 28 22 17 10 24 32 20 17 22 16 24 24 36 36 20 30 30 12 21 23 24 26 23 35 22 24 23 18 13 22 20 25 24 23 28 30 19 23 18 31 23 18 17 12 22 21 22 15 19 23 28 24 21 28 34 31 22 17 28 16 18 37 27 27 25 23 19 21 22 25 26 24 20 28 16 18 30 28 25 28 21 23
18 30 12 8 26 31 33 21 16 34 24 16 26 21 29 22 36 30 30 24 24 20 26 24 21 36 18 34 43 29 23 29 22 25 21 23 22 30 10 25 29 18 25 18 28 20 20 25 18 21 25 33 17 32 32 21 21 24 30 17 22 27 32 21 22 36 28 20 19 16 14 26 26 22 30 21 23 34 31 18 29 18 17 26 14 25 24 23 33 26 26 23 22 16 16 18 28 27 24 28
25 28 21 24 23 16 26 36 24 22 27 29 33 27 29 24 23 17 29 23 22 30 18 23 24 20 21 31 30 21 14 23 25 24 16 19 23 20 18 20 16 29 18 28 33 16 21 17 34 26 21 26 25 27 25 23 22 29 20 23 19 32 18 34 14 16 16 27 14 20 25 22 27 21 27 17 16 19 23 25 23 30 24 13 27 25 25 27 19 21 20 22 18 22 20 21 21 25 29 15
23 23 26 17 21 17 13 27 13 33 31 22 27 30 20 18 21 25 18 20 18 30 15 18 32 13 26 21 33 25 23 22 23 24 20 29 21 14 19 26 20 28 22 21 18 28 21 11 22 21 27 22 24 20 21 21 23 28 25 21 24 32 26 24 14 39 21 20 29 17 20 19 23 25 34 32 22 27 17 29 26 30 24 21 22 17 18 25 19 18 12 30 13 23 29 13 22 21 22 34
29 31 28 24 20 18 18 27 15 25 21 25 28 22 22 21 25 24 25 24 16 24 12 23 30 21 26 20 22 26 33 20 27 38 25 24 25 26 30 26 14 36 31 34 21 25 24 21 18 27 32 34 20 20 17 24 27 24 22 26 26 25 20 21 33 26 20 21 22 27 25 21 25 34 33 31 18 21 31 22 20 14 20 16 26 28 19 35 18 25 25 26 19 22 16 19 26 20 21 26
27 23 28 29 20 33 40 27 30 27 25 28 27 25 17 23 19 21 23 26 20 23 32 14 18 29 27 26 20 32 38 27 20 22 22 18 27 31 26 31 23 24 24 32 22 23 25 23 22 21 18 32 28 39 12 41 21 34 31 27 19 25 24 23 20 19 25 32 19 21 28 22 16 17 15 28 14 33 26 19 23 22 22 26 8 30 30 25 26 24 37 31 36 37 25 24 20 17 29 23
21 19 33 25 28 35 21 18 21 29 26 29 17 20 17 23 19 29 26 20 29 20 22 33 25 39 25 28 33 26 20 27 29 30 32 27 17 22 17 21 33 21 27 17 19 22 23 19 23 23 35 15 23 31 31 27 23 24 21 24 25 23 29 31 16 12 19 27 18 19 29 20 30 15 20 27 19 24 29 28 20 26 29 13 22 19 22 21 22 24 14 22 39 33 11 33 34 34 20 31
34 27 23 23 19 21 21 34 29 23 17 30 21 24 22 21 25 25 32 27 27 33 34 27 25 32 24 21 21 20 21 13 23 21 21 22 25 18 21 21 18 16 19 17 27 20 24 19 27 23 21 26 30 21 22 32 18 27 36 22 17 25 20 22 26 27 32 31 22 23 19 65 17 25 27 32 27 18 24 31 20 24 26 28 25 19 20 22 18 31 16 23 25 21 21 19 25 21 30 27
23 20 23 24 26 30 22 32 27 23 20 21 27 26 22 20 25 13 19 25 20 75 9 9 27 23 22 20 32 23 15 20 27 18 18 16 16 15 19 24 43 24 34 20 27 21 13 25 19 14 23 28 28 31 21 29 34 33 22 23 23 25 16 28 23 19 19 31 22 29 23 21 27 20 26 25 27 18 21 15 13 31 27 21 11 15 18 19 20 15 30 11 14 24 26 33 21 19 27 13
24 33 14 24 34 23 21 24 22 20 21 20 22 22 22 25 25 26 26 24 18 30 19 15 21 16 18 19 36 33 27 23 24 26 18 22 18 25 21 14 11 17 26 18 17 21 18 24 22 19 25 25 19 21 25 24 15 32 24 31 27 9 19 25 17 21 23 26 25 9 22 26 28 20 25 26 19 21 15 22 18 17 24 20 12 30 13 18 17 21 16 19 29 18 21 25 13 20 32 22
26 17 27 19 26 18 28 25 24 17 27 20 14 23 31 28 23 20 33 31 23 13 17 33 27 15 16 28 27 23 27 30 15 22 23 16 23 19 29 28 22 28 18 17 25 18 21 21 31 24 26 22 23 10 18 29 17 23 16 18 28 21 27 26 19 23 23 15 21 19 15 28 13 25 13 26 7 33 16 16 33 18 23 25 23 19 21 22 14 21 25 16 17 22 17 26 18 18 23 29
22 21 24 20 20 22 22 29 22 23 25 24 25 18 20 22 24 19 24 24 19 17 17 16 25 21 19 21 21 20 28 17 21 18 25 26 28 35 29 19 19 31 23 31 25 31 30 15 20 25 23 25 24 19 26 26 16 36 24 27 20 23 23 21 16 33 23 38 23 22 28 29 21 29 21 27 30 26 24 22 18 30 22 24 19 14 21 19 29 26 23 15 21 20 27 31 22 30 28 25
24 29 20 22 34 31 22 31 21 27 25 24 23 20 29 31 26 28 23 32 20 24 15 33 25 24 24 22 24 30 34 29 19 28 17 18 29 26 31 32 24 30 39 26 30 28 27 21 24 34 37 13 29 30 22 29 21 15 24 15 33 27 25 32 31 25 23 27 37 18 24 30 26 24 28 13 27 33 22 17 28 25 15 25 19 25 22 20 32 20 33 24 30 28 23 27 33 32 26 30
27 38 18 19 30 24 30 22 25 23 24 33 20 28 26 25 34 23 30 19 24 34 19 18 11 27 22 23 24 19 27 25 31 18 22 19 30 30 27 26 29 30 28 23 35 15 18 29 24 31 34 18 33 21 23 20 32 12 24 23 23 25 32 24 24 25 28 20 30 20 20 27 11 17 16 15 31 28 23 19 26 23 23 30 25 24 22 19 18 26 20 26 20 23 15 27 16 21 31 23
20 23 41 26 16 25 24 18 22 22 23 17 34 27 24 29 22 18 21 19 27 16 23 23 19 29 28 24 14 18 30 30 22 28 20 24 19 20 23 26 25 19 24 20 27 21 20 24 32 22 20 21 34 29 22 30 18 29 26 22 31 23 23 20 28 30 25 23 21 25 24 35 17 15 16 21 19 32 25 31 27 23 16 21 25 30 22 23 19 17 12 20 16 21 27 24 24 25 19 26
19 20 23 23 23 19 36 27 32 27 24 29 27 12 24 23 19 24 23 23 29 29 24 22 23 25 21 21 30 25 26 26 22 30 25 19 21 26 27 23 27 28 19 27 26 26 19 24 27 33 29 22 32 27 30 23 24 25 27 28 25 24 25 27 28 18 24 25 27 24 31 25 26 20 20 31 22 17 15 19 24 22 10 33 32 23 19 22 21 21 23 21 24 17 19 15 20 17 18 25
21 24 26 31 27 25 19 22 24 20 20 22 21 22 22 26 22 21 27 25 21 21 29 28 24 23 26 25 26 29 31 20 25 24 31 17 19 14 18 20 24 22 15 16 29 27 32 20 26 25 25 26 27 18 18 16 26 15 13 37 20 29 21 17 29 26 21 15 20 23 33 20 32 24 24 22 14 22 17 27 24 20 18 25 27 18 28 27 24 21 33 16 28 17 18 30 16 23 22 23
24 24 22 18 24 23 25 26 29 23 21 19 21 19 24 12 15 29 27 22 26 21 29 18 14 20 20 27 26 24 31 21 22 18 15 22 34 17 27 37 32 22 32 22 27 18 20 33 21 16 23 28 22 18 19 17 16 26 17 21 25 19 26 20 29 18 22 28 20 20 18 33 24 15 27 25 17 28 16 27 24 26 26 28 24 30 31 35 26 24 17 22 21 32 25 24 28 49 22 21
24 15 23 35 22 32 21 33 24 25 17 20 21 18 25 21 21 26 20 22 33 26 26 23 23 32 27 23 22 26 23 24 24 24 26 30 23 24 19 29 20 29 21 19 21 22 20 22 22 26 33 13 24 29 28 19 26 26 21 25 23 21 33 24 22 26 25 16 13 20 35 11 25 21 23 23 27 22 24 18 15 16 23 27 24 30 22 31 30 15 14 22 18 23 25 26 21 25 26 20
24 24 19 21 27 22 35 31 23 35 33 25 19 30 17 18 15 23 17 14 13 20 19 26 37 20 15 21 28 23 24 30 18 23 20 22 29 21 22 29 15 13 22 21 28 23 26 31 22 22 15 25 32 15 15 21 19 21 25 22 23 30 28 23 23 28 16 33 31 19 17 24 22 23 23 23 19 23 21 18 18 17 20 20 22 27 25 29 27 28 25 23 17 23 18 16 28 19 25 28
25 24 12 23 24 20 26 18 29 15 22 20 23 21 28 25 28 29 18 25 35 26 28 17 19 21 33 23 26 25 24 23 23 34 21 24 20 20 31 31 30 24 21 37 19 26 21 22 21 20 15 19 21 20 15 35 27 23 23 18 13 24 23 25 18 32 20 27 23 16 19 26 29 22 20 25 23 17 25 21 21 28 20 16 27 32 21 19 26 24 21 21 34 26 16 24 21 30 25 22
15 20 18 24 28 32 24 24 28 25 28 29 17 19 22 18 29 37 22 25 27 22 25 30 17 23 26 29 13 14 20 19 14 29 23 34 25 28 18 26 21 34 18 27 28 25 21 22 19 21 15 15 30 21 25 21 32 30 28 28 17 31 22 13 25 20 30 26 28 24 20 19 29 15 15 15 20 22 25 23 21 33 16 18 17 20 29 20 19 29 23 25 20 25 20 17 58 25 21 22
22 14 17 17 22 20 20 26 30 17 34 26 13 17 30 17 22 25 23 26 35 24 12 30 16 25 28 29 33 30 17 30 24 12 28 31 23 23 20 25 21 39 11 24 21 27 31 28 25 15 24 25 21 20 17 22 27 26 18 15 22 27 20 13 22 14 25 23 26 22 17 22 22 14 27 22 30 22 19 20 16 20 23 27 27 20 18 16 19 22 25 17 22 31 20 30 25 24 25 24
27 26 10 28 21 21 23 32 22 26 30 17 19 26 23 37 25 25 22 20 22 21 21 23 12 27 16 31 23 26 22 25 31 26 15 29 22 23 30 24 20 36 23 24 28 14 21 24 29 19 27 19 23 22 20 29 27 17 19 23 22 26 25 20 28 26 21 15 26 20 11 19 27 14 25 23 25 24 26 26 15 13 21 16 29 20 22 18 14 26 24 18 21 27 17 25 20 25 16 25
17 25 22 22 19 23 14 25 21 27 23 26 27 15 26 26 15 29 26 29 34 32 10 23 17 16 29 19 26 19 38 20 24 25 25 19 18 15 29 19 17 25 16 22 22 29 23 17 24 19 26 14 26 25 35 31 23 18 17 25 19 24 23 18 20 30 31 21 21 21 17 16 30 19 25 32 24 20 20 25 15 20 23 22 20 23 24 33 26 30 23 22 20 34 21 27 25 17 21 13
19 48 17 22 16 19 22 22 21 6 14 21 23 14 16 17 32 20 31 25 25 20 16 21 16 17 18 24 26 23 30 22 25 23 10 24 22 26 33 25 22 18 25 26 19 18 24 21 32 15 16 24 23 20 26 20 27 12 31 25 21 29 27 34 28 21 36 22 13 29 14 25 13 27 22 23 27 26 37 16 26 8 15 10 10 6 11 6 18 11 14 10 15 16 8 11 9 11 12 9
8 14 12 8 8 12 8 6 12 9 10 11 12 9 13 8 15 11 6 16 13 7 13 5 13 10 17 16 15 13 14 17 9 11 15 16 15 9 16 12 10 9 17 10 19 21 12 22 12 11 11 10 9 13 16 9 16 8 7 14 13 11 15 11 12 10 14 13 16 10 17 14 10 12 13 16 11 11 11 8 10 5 9 10 7 12 13 14 15 17 5 9 8 18 12 12 10 16 6 10
16 19 14 10 8 14 12 11 10 14 9 8 7 8 10 10 12 11 22 13 15 11 11 13 21 15 6 12 11 14 8 10                                                                    
