0.44 3877 19 27 27 27 25 28 42 35 22 31 22 32 36 24 29 34 32 27 21 37 38 14 26 23 39 23 31 28 22 34 18 26 31 29 33 27 36 23 25 42 32 28 26 27 26 25 37 25 48 20 31 19 26 26 32 35 23 17 35 20 36 23 18 25 26 18 26 37 26 29 31 29 33 22 21 21 35 32 31 31 29 25 21 28 33 29 32 31 35 21 28 26 32 31 22 24 20 33
24 38 27 28 23 28 28 29 13 19 22 33 25 40 29 37 23 24 20 28 26 23 19 17 39 23 11 37 23 19 24 30 24 27 39 28 34 28 29 34 27 26 36 21 37 24 37 28 86 144 32 22 32 34 38 33 24 23 30 23 28 27 26 19 37 32 22 30 33 27 31 35 30 32 29 29 22 25 26 27 30 21 31 22 30 28 37 30 19 29 22 23 23 35 32 29 25 34 33 22
31 31 25 28 31 32 40 34 30 21 33 23 23 12 27 36 50 23 40 18 25 33 27 38 29 24 27 28 23 28 34 33 29 32 34 20 28 41 34 28 28 34 28 28 20 27 31 37 34 21 27 26 29 19 26 21 39 25 29 25 29 32 23 12 26 25 29 34 30 31 26 24 27 43 32 25 36 27 33 22 20 30 31 33 32 30 31 28 26 18 43 14 23 29 39 37 30 26 28 17
44 35 37 25 19 37 26 27 27 15 23 37 25 25 36 39 34 30 31 29 31 29 34 29 34 31 31 27 39 32 26 26 26 26 28 30 41 24 24 23 25 36 22 24 31 29 25 35 36 25 23 27 29 29 27 33 31 33 29 36 25 33 44 40 31 37 23 34 23 29 21 23 27 16 32 26 30 37 21 33 22 22 39 31 37 29 33 32 23 25 22 16 24 30 30 42 23 31 28 27
19 19 28 24 20 26 19 30 25 34 29 33 40 36 33 29 27 32 31 30 27 20 29 27 26 27 24 34 18 34 29 28 24 30 27 33 26 33 27 19 37 25 22 32 18 30 30 37 18 28 25 30 30 21 21 16 20 26 21 33 24 33 29 30 29 30 22 24 28 20 21 26 23 33 28 30 20 30 36 24 26 31 30 25 28 25 34 35 30 32 30 15 38 21 36 37 29 30 28 27
29 35 27 35 25 29 28 26 42 31 28 30 32 23 28 29 26 32 41 33 26 29 34 26 24 20 27 29 35 29 18 30 28 40 20 17 28 33 27 21 29 26 37 24 23 40 35 16 25 32 28 29 21 34 33 25 31 26 32 21 31 23 33 27 31 23 30 37 32 25 30 22 35 14 27 37 35 18 26 34 30 21 21 40 37 19 27 29 30 27 34 32 37 31 29 27 24 22 37 26
37 35 26 25 30 22 25 28 24 27 24 22 25 34 23 32 24 29 28 30 26 21 34 36 24 40 42 30 22 34 29 49 25 35 22 35 30 39 28 32 32 32 36 46 40 38 18 26 28 28 36 29 38 35 37 32 17 44 43 40 18 38 37 25 46 10 30 27 31 26 25 30 34 35 24 37 28 23 26 25 25 31 39 37 13 21 32 22 26 26 22 34 36 26 42 25 22 32 22 28
31 34 34 31 21 29 25 29 36 35 33 26 26 37 33 36 22 27 41 29 29 31 17 32 34 24 23 32 37 21 29 35 55 34 33 33 29 30 33 32 23 28 33 28 29 32 37 21 26 34 27 40 31 26 27 28 31 37 28 34 25 39 28 33 37 28 35 23 28 27 35 33 26 34 29 31 13 27 31 22 28 26 28 31 31 32 37 33 43 27 30 30 36 36 36 22 25 33 27 28
32 22 31 22 14 29 30 35 31 11 32 25 38 31 28 31 33 24 41 31 29 40 27 32 34 22 29 38 34 22 27 28 29 31 36 29 27 24 33 24 26 22 41 30 24 31 19 27 37 33 30 33 28 22 34 33 24 27 33 23 24 43 28 27 24 32 31 19 32 27 23 33 33 31 27 33 29 27 26 27 32 31 23 34 24 28 43 36 30 24 28 27 23 39 18 20 31 24 41 30
28 23 37 27 24 30 26 24 23 31 38 26 31 33 26 26 26 16 43 35 31 29 32 27 28 25 29 32 25 56 18 58 38 65 23 34 32 37 34 26 24 30 28 36 34 32 37 22 22 37 33 25 34 48 31 17 26 32 37 30 24 25 34 41 38 22 34 28 38 33 31 35 27 28 28 21 33 26 30 29 39 28 27 24 30 24 36 19 26 39 32 40 30 31 29 42 37 25 35 30
20 27 42 35 28 31 28 33 19 40 30 32 35 44 30 36 30 27 31 32 14 29 28 29 31 33 23 36 24 28 32 33 18 32 20 18 23 35 41 38 30 25 36 34 36 27 35 33 22 30 34 26 31 32 26 27 25 25 35 26 30 35 28 34 32 29 32 27 25 37 29 24 32 32 24 88 143 41 80 90 126 86 72 74 43 30 30 36 29 37 32 37 23 24 31 31 24 37 26 33
32 35 23 40 30 27 26 31 37 33 31 33 24 35 25 24 25 19 25 23 28 39 34 35 32 37 27 31 32 33 28 25 29 29 26 28 26 31 26 50 26 29 28 37 36 28 15 32 23 29 35 24 23 27 24 37 26 21 39 27 43 38 26 26 41 24 23 25 26 33 31 27 19 28 30 33 29 29 29 31 31 28 28 20 30 35 35 20 39 69 34 28 16 19 20 30 35 31 25 19
27 21 15 28 11 41 43 46 28 33 21 30 30 41 29 36 32 22 33 34 25 25 41 28 26 34 32 29 36 25 26 35 36 28 27 38 19 30 33 39 25 24 24 24 29 33 19 32 34 40 37 19 20 35 33 25 25 25 30 33 27 31 27 26 28 33 25 27 18 34 27 25 33 26 28 26 28 38 32 34 20 20 33 30 25 26 40 30 25 27 40 30 38 31 8 12 28 28 31 29
24 22 40 12 37 26 31 40 30 24 35 31 31 18 22 21 30 80 32 37 28 22 44 26 39 33 37 11 30 31 27 35 44 36 43 24 32 28 32 22 30 24 27 34 38 30 27 36 24 31 36 27 29 35 31 28 28 9 34 32 21 45 39 18 15 27 33 34 32 27 39 29 38 17 19 29 24 22 24 37 26 22 18 28 31 28 33 23 25 27 37 15 28 32 28 27 26 29 22 28
30 29 23 35 29 33 33 29 25 27 32 19 28 38 31 27 40 33 42 23 28 18 28 36 30 22 25 29 31 34 20 33 43 39 24 30 33 22 25 29 23 38 27 36 35 26 27 22 34 25 38 29 36 18 22 30 21 31 43 33 35 23 32 21 24 38 23 27 26 30 25 30 23 34 31 38 28 30 33 23 31 29 33 32 25 35 16 25 26 18 23 21 29 25 29 28 41 24 25 26
22 29 10 26 31 33 22 19 34 25 28 33 26 25 23 30 32 13 21 24 28 27 36 27 29 24 24 21 33 29 26 26 28 23 26 32 25 27 35 31 38 27 27 15 34 33 31 26 34 20 32 30 29 29 30 24 19 32 34 26 25 20 34 24 15 29 34 23 31 26 37 28 26 25 22 27 26 17 36 35 29 32 26 28 35 29 31 28 26 32 24 24 15 25 21 33 29 34 16 22
35 26 30 24 27 28 18 30 36 20 38 31 21 21 24 33 36 26 30 30 20 34 31 28 36 21 24 22 29 23 28 12 30 31 29 21 26 17 29 28 33 29 26 30 36 32 23 32 23 25 27 14 57 22 21 28 30 24 27 31 38 27 23 26 38 20 41 26 24 24 27 21 27 33 23 35 29 39 22 27 17 25 34 40 28 24 25 37 18 25 33 27 27 21 27 21 22 43 33 26
25 26 23 35 28 27 28 17 20 22 31 30 25 20 23 40 43 32 24 21 27 20 45 33 45 36 28 31 35 28 26 31 31 24 33 28 26 31 37 33 26 32 33 31 22 27 30 33 30 27 28 31 24 29 27 36 32 29 41 31 29 26 29 25 28 20 36 25 24 32 34 25 29 27 29 27 23 26 31 28 31 29 31 22 28 27 24 22 29 29 26 31 25 26 38 25 33 26 17 39
32 30 23 27 31 37 23 25 16 36 30 22 19 39 28 31 36 42 21 15 34 27 35 35 19 23 35 39 30 32 41 39 35 30 28 27 28 25 34 28 23 20 26 34 31 27 31 20 23 27 22 29 28 30 32 23 36 36 28 26 26 22 34 23 25 22 29 24 35 33 32 38 30 36 24 19 23 30 22 26 33 23 38 31 52 25 33 31 27 37 27 34 37 16 32 32 30 36 16 35
27 34 28 30 5 34 37 18 30 20 16 24 33 25 28 27 19 21 21 82 91 98 87 82 60 24 29 28 32 30 40 32 31 28 32 22 36 26 29 32 31 31 36 25 33 30 32 36 17 47 29 28 39 22 27 23 34 26 28 31 27 36 32 24 29 21 19 33 32 26 32 25 26 31 24 33 27 31 23 26 36 37 23 27 35 40 34 30 36 30 27 39 31 41 44 36 34 28 32 32
29 14 28 45 29 38 33 30 25 24 24 31 32 31 27 16 42 30 45 26 29 36 28 29 34 15 31 25 35 33 29 31 31 20 39 26 26 31 21 40 39 33 30 28 19 37 31 27 27 23 25 26 39 33 29 26 25 44 35 32 31 24 36 14 30 39 18 34 33 30 30 30 36 20 33 20 18 27 31 32 33 17 37 24 39 22 19 35 24 33 42 24 37 26 34 24 28 30 31 27
28 29 33 25 34 23 27 27 24 27 23 29 30 33 29 31 35 30 28 34 33 36 35 22 31 28 36 28 36 40 37 33 36 36 39 36 23 26 35 23 25 37 24 40 29 38 24 26 26 32 31 36 29 28 24 31 25 30 32 24 36 29 37 29 24 26 17 35 29 48 18 26 36 26 28 28 28 31 36 19 32 26 35 28 26 25 27 22 26 31 31 14 28 35 25 34 34 27 32 24
28 30 31 36 24 33 17 34 27 33 26 22 32 28 28 34 28 23 22 26 25 36 24 19 31 43 26 22 36 36 36 41 41 23 34 32 33 28 27 30 25 17 28 25 35 29 22 33 19 32 28 32 30 28 29 31 30 30 33 19 18 28 19 26 28 32 30 27 32 29 27 24 29 29 29 41 27 27 32 32 31 22 35 29 33 23 25 25 25 29 29 23 38 32 30 24 24 28 27 37
27 17 35 33 43 34 23 35 34 19 19 28 25 20 21 25 35 22 25 29 10 10 26 26 18 31 31 26 28 36 24 27 22 27 28 30 26 25 23 33 29 28 26 20 24 28 21 30 28 32 24 29 27 22 27 35 33 27 40 30 27 27 22 34 20 28 33 28 30 22 27 31 25 23 28 31 32 19 33 30 36 31 37 47 34 21 25 24 31 44 25 29 36 38 26 31 30 34 24 26
17 31 29 32 26 27 28 31 24 19 30 17 44 20 21 26 39 25 31 30 26 36 27 27 26 20 28 29 19 47 26 23 32 30 33 32 23 34 24 21 34 28 21 25 21 33 25 28 30 23 29 29 19 28 33 33 41 24 32 28 30 28 35 28 35 29 36 21 37 38 30 24 30 37 22 29 25 19 33 27 31 23 29 32 23 24 33 39 46 29 36 37 39 19 23 23 31 34 35 37
35 23 34 50 29 13 22 29 26 28 24 42 29 29 35 24 34 22 34 31 28 40 26 39 31 30 38 27 26 31 28 20 32 28 33 30 35 24 28 26 23 32 29 22 39 29 34 20 29 24 19 24 36 16 33 25 35 30 37 33 28 23 22 28 34 19 29 32 20 31 41 15 38 39 20 25 37 44 30 27 35 21 27 32 31 19 35 18 34 32 44 27 19 28 28 28 26 29 33 26
31 39 22 21 22 28 32 33 34 28 34 26 24 21 20 40 35 39 30 33 20 22 33 33 33 36 47 28 36 21 28 30 17 21 35 29 28 20 31 31 25 23 25 24 28 19 34 27 22 25 26 29 23 34 26 27 35 28 39 25 34 36 29 32 26 21 22 27 40 26 30 32 29 38 27 15 31 33 33 18 34 28 36 27 33 23 32 32 27 45 35 21 32 27 30 28 29 29 26 38
19 25 24 24 30 24 25 31 30 27 40 30 23 22 32 36 18 33 28 39 30 27 20 34 30 22 33 37 29 32 32 36 37 34 29 38 32 32 32 26 43 37 22 28 32 29 37 28 32 22 37 25 30 26 30 38 41 29 25 21 21 28 26 36 31 27 22 33 29 17 43 32 23 28 23 35 26 42 29 31 32 17 26 32 33 10 34 34 31 28 31 26 18 27 21 25 25 29 24 36
34 17 22 41 21 28 26 32 23 43 36 29 22 36 36 30 28 32 43 24 39 25 26 33 37 23 20 27 34 44 25 36 31 36 41 20 27 29 21 31 36 28 32 23 34 19 33 37 28 20 20 36 30 22 36 28 38 23 21 29 35 23 21 22 26 29 28 31 37 29 29 31 28 37 29 24 31 32 34 22 41 41 34 38 38 15 34 30 21 25 21 32 41 34 23 28 25 31 37 15
29 31 26 33 21 39 28 29 33 48 27 34 22 22 22 37 21 29 29 27 19 27 39 29 29 38 35 28 36 34 27 25 25 35 32 31 27 30 31 24 26 28 28 24 29 31 28 21 29 25 23 31 35 28 29 28 35 35 30 27 21 30 30 21 29 26 21 42 30 31 24 31 27 26 24 35 33 32 36 29 34 38 28 24 26 29 30 30 24 24 32 29 26 12 36 25 39 32 38 42
31 27 22 30 36 16 34 19 24 35 31 22 29 24 16 30 26 40 33 23 29 33 36 26 30 35 34 35 27 30 30 31 34 27 23 37 24 23 21 31 24 21 18 28 29 30 24 18 33 30 31 26 30 33 15 29 24 30 35 35 26 30 29 19 36 28 27 24 20 28 28 27 42 16 25 30 19 23 25 32 20 22 26 29 24 32 38 38 16 19 26 32 32 32 30 25 26 38 23 28
26 24 27 24 25 33 31 28 23 33 37 32 27 24 33 24 21 29 21 29 31 27 32 27 33 23 22 40 30 26 30 21 28 9 41 27 17 22 27 29 28 28 32 21 25 30 32 20 34 30 35 28 23 23 39 24 31 30 27 29 21 27 21 27 37 25 31 32 24 37 41 19 21 13 36 30 25 26 31 26 29 16 27 18 25 30 17 27 36 24 30 15 25 28 25 24 25 30 26 24
31 36 30 27 32 36 35 36 27 21 24 32 33 34 54 21 23 22 24 32 31 31 30 30 30 40 27 22 21 29 28 26 33 28 10 39 22 32 16 24 26 23 36 23 15 25 32 33 40 25 19 24 35 26 34 30 32 17 25 27 26 26 39 34 28 30 35 26 34 29 31 38 25 27 35 29 26 17 22 23 22 27 29 26 24 19 29 32 36 24 31 23 25 35 35 40 27 29 20 21
28 31 34 34 36 24 36 36 34 30 33 28 28 33 24 32 26 21 25 29 31 35 27 34 21 33 27 24 22 36 26 34 28 28 23 27 25 23 27 32 22 25 38 24 33 27 22 25 38 28 31 25 34 25 37 30 33 34 23 20 28 21 33 42 33 21 35 27 27 28 15 36 30 27 34 23 30 30 27 34 31 24 22 25 37 32 24 25 51 24 28 25 20 31 16 43 33 44 34 26
36 20 12 20 21 36 22 24 22 26 31 36 18 19 32 32 29 27 25 32 24 17 30 20 37 24 34 32 23 29 26 38 32 29 26 25 30 28 24 33 26 24 30 39 36 32 25 29 32 29 30 27 23 30 25 24 38 24 25 29 29 34 29 42 22 28 23 39 28 33 32 37 23 28 30 28 24 32 34 39 35 29 28 33 28 25 19 34 14 31 35 41 30 33 36 33 18 28 30 35
24 25 31 34 32 26 28 49 24 33 16 33 28 30 24 23 35 28 32 41 31 32 32 28 28 24 24 29 32 25 22 43 28 24 26 26 31 32 16 36 24 29 29 33 24 37 28 26 25 29 37 13 38 22 31 28 30 33 28 31 28 34 25 31 36 28 34 39 31 35 34 38 34 40 40 27 45 20 35 25 23 42 30 28 34 31 36 34 36 27 16 21 32 37 35 25 22 34 34 37
28 35 40 28 45 32 26 27 38 34 24 25 29 25 35 22 32 35 28 35 26 22 39 31 31 31 46 27 8 35 27 19 94 25 36 49 9 31 23 34 49 28 22 29 28 24 37 23 31 26 23 40 27 21 30 31 29 25 38 31 15 26 26 23 32 23 37 34 24 30 34 37 33 27 44 29 28 46 25 36 35 38 23 37 18 26 18 39 26 41 28 35 16 29 31 26 41 26 26 30
23 46 33 28 33 31 31 26 29 25 20 34 32 56 29 35 22 34 20 30 20 14 14 14 15 19 14 15 21 17 13 14 14 15 13 18 26 10 6 16 12 17 16 20 16 11 19 15 10 17 16 10 16 13 10 19 20 21 14 10 9 11 21 17 18 11 13 12 9 17 19 17 13 15 17 18 14 15 18 9 17 9 15 16 17 15 7 8 13 10 14 13 14 12 14 18 13 8 10 16
7 16 16 14 16 13 18 15 12 11 15 10 10 12 16 7 11 13 11 19 14 8 9 7 11 16 14 14 7 8 9 16 14 15 18 12 15 23 21 12 18 20 11 15 16 17 15 11 9 14 15 21 8 10 12 12 19 12 18 20 15 20 23 11 14 5 16 21 11 13 10 20 11 15 13 41 18 18 10                     
