0.483870967741935 2637 28 27 32 32 33 38 36 31 38 23 37 15 20 24 37 21 21 34 29 30 31 25 41 23 31 26 27 23 30 27 26 20 22 26 26 46 14 30 39 18 16 20 29 22 19 19 17 25 22 31 27 21 21 16 27 31 31 21 32 25 31 38 28 21 23 23 18 34 32 21 29 27 31 22 14 25 25 24 23 18 24 18 20 14 31 35 30 40 22 30 29 82 21 14 19 22 18 28
22 30 32 18 31 20 32 30 27 18 39 31 27 22 36 18 28 24 23 20 29 19 25 15 15 22 21 20 39 24 28 11 29 25 29 27 28 22 36 28 19 25 27 32 34 26 33 25 30 29 28 22 26 27 26 29 27 25 21 22 32 19 38 30 37 22 20 26 31 28 34 29 34 37 35 25 25 25 33 27 20 29 17 34 32 31 32 12 34 44 31 25 32 27 30 26 26 22 31 36
25 34 25 16 18 36 25 33 26 33 24 38 16 43 35 32 25 24 34 36 31 34 23 17 18 29 23 31 28 30 29 27 25 26 32 32 29 28 19 23 21 16 20 24 32 29 33 31 36 36 40 28 29 25 32 24 32 28 31 27 27 18 21 22 26 32 31 36 26 23 30 26 31 23 25 23 37 38 35 35 31 22 33 33 18 21 36 30 31 25 24 26 27 30 27 24 20 32 37 35
25 31 33 18 23 23 23 20 32 25 33 24 28 28 25 19 25 19 27 31 27 27 36 36 33 24 30 33 21 26 31 27 21 35 27 25 20 23 19 23 36 18 25 27 20 28 35 24 20 30 22 27 23 29 22 31 25 31 35 29 30 20 30 37 25 31 38 28 31 29 28 32 29 38 34 23 28 31 30 22 35 20 28 32 24 20 36 26 32 15 34 26 27 23 23 31 24 34 27 35
19 31 23 34 42 22 27 29 22 33 30 34 24 25 23 21 29 25 13 24 29 26 21 30 33 32 19 26 32 11 36 33 24 25 22 24 27 25 30 27 31 24 20 26 31 28 21 33 29 19 22 21 26 31 27 24 39 41 32 33 29 18 39 27 24 23 18 26 32 30 42 17 33 42 34 39 26 26 37 28 19 29 36 24 31 32 25 24 29 47 16 24 19 20 26 29 31 32 31 27
24 25 24 29 14 24 32 30 21 34 23 35 30 30 33 28 24 27 30 24 20 23 27 30 26 17 21 26 12 18 24 24 29 18 27 22 26 34 36 25 26 26 21 10 19 23 23 23 14 23 21 31 15 26 27 25 23 17 28 24 25 22 22 27 23 22 14 27 19 27 22 13 24 26 23 16 23 29 19 18 24 24 18 26 17 32 17 20 35 18 20 23 33 24 19 29 14 33 26 27
23 73 67 12 28 34 41 33 24 21 28 34 27 28 23 26 34 30 28 26 36 24 31 37 16 27 28 24 29 25 45 28 30 22 31 26 15 11 26 17 24 22 27 25 26 24 22 33 25 31 30 32 36 35 23 30 38 31 20 34 34 25 29 39 35 30 30 36 30 34 32 29 25 27 33 22 17 30 34 23 30 26 20 22 19 29 21 21 32 26 33 30 30 26 21 29 41 41 35 34
28 27 37 33 37 31 64 47 47 32 22 22 26 28 31 31 27 25 24 23 31 12 25 23 31 25 28 32 34 22 31 26 24 36 28 25 21 35 28 29 29 32 26 30 31 31 25 30 31 32 39 33 25 33 30 28 33 44 5 48 24 30 26 18 32 32 18 36 24 37 34 29 29 37 25 33 24 31 25 26 21 24 20 27 17 10 27 25 25 27 31 30 24 28 25 33 29 23 28 35
25 24 45 36 39 30 28 31 30 25 21 35 30 29 45 37 48 18 22 18 34 31 28 30 25 26 32 30 25 24 25 32 28 29 21 34 32 29 10 22 20 24 31 24 23 29 19 18 22 40 26 26 25 28 23 28 29 36 23 27 33 19 38 31 26 33 41 37 27 34 21 28 30 23 23 14 32 35 30 24 28 33 27 22 25 20 23 25 39 35 25 31 33 41 42 43 32 24 34 31
25 29 24 31 28 28 29 37 36 31 24 18 28 21 37 33 26 17 26 25 34 22 32 53 23 28 26 30 33 27 29 35 33 42 28 24 31 36 35 27 26 26 20 36 28 38 36 24 24 24 25 36 31 24 25 23 28 37 31 32 25 37 34 30 29 27 31 25 24 20 28 27 31 24 28 27 19 25 25 25 28 32 17 31 19 28 25 27 24 22 19 19 23 42 27 28 17 18 18 28
25 30 18 40 33 24 39 29 32 29 36 34 38 34 28 25 43 29 26 37 33 25 25 37 24 30 28 29 36 29 28 27 23 23 23 39 25 23 32 34 25 27 38 27 35 21 38 26 43 33 27 37 25 21 30 30 24 35 26 27 28 22 22 23 25 38 25 31 20 32 38 33 26 28 24 30 30 33 33 23 26 15 28 31 28 22 38 30 20 25 35 15 15 22 23 28 27 36 14 25
33 26 22 28 42 34 26 22 21 21 24 28 42 30 26 58 30 23 30 28 28 25 24 20 26 30 22 26 36 18 30 30 24 21 30 22 28 25 32 29 35 28 28 34 26 40 29 15 22 28 25 22 19 28 23 17 21 36 22 20 26 17 18 29 20 26 20 25 24 38 8 26 19 36 24 25 28 30 27 34 33 35 41 42 34 24 28 28 23 18 27 28 24 29 19 18 27 21 25 24
24 27 35 28 38 33 28 24 33 35 31 26 21 27 32 28 28 34 31 31 31 36 22 28 26 31 28 37 30 34 43 35 20 30 21 29 19 30 27 29 33 35 29 27 32 28 19 23 30 34 27 37 39 32 25 35 28 21 29 39 34 30 33 33 29 32 28 31 35 40 28 28 33 32 25 71 59 42 53 36 26 34 30 35 27 21 40 28 39 29 39 28 27 27 23 33 32 16 33 25
38 35 32 30 41 32 38 46 24 36 31 29 26 38 35 39 34 32 25 37 29 20 40 29 33 29 30 45 33 45 30 28 28 31 38 34 26 21 40 32 28 37 26 19 21 25 19 20 17 30 32 25 28 21 32 26 20 24 35 24 29 19 26 26 27 22 18 19 16 26 25 27 38 26 26 20 33 29 17 34 27 28 27 35 25 23 15 25 23 28 25 20 13 24 19 28 14 23 19 27
22 24 20 22 19 33 24 25 15 13 23 25 25 22 24 29 15 20 28 25 34 34 23 22 26 27 31 24 23 23 24 24 26 28 25 33 20 19 29 21 35 34 26 31 40 30 23 21 27 28 37 29 27 18 23 21 24 23 28 24 15 29 30 24 22 25 20 32 17 26 32 27 12 29 29 26 23 31 25 39 27 30 38 17 25 21 18 26 20 26 16 11 30 34 25 31 35 29 29 21
23 22 16 20 26 18 32 28 34 32 18 32 24 20 22 19 21 37 32 29 25 14 37 19 32 21 35 31 20 23 26 26 20 24 20 15 32 26 22 27 23 25 27 20 19 22 28 33 28 32 25 30 20 17 21 17 25 20 23 20 29 21 24 22 28 31 28 24 24 29 24 34 19 24 20 25 23 27 34 28 20 23 25 23 20 21 30 26 25 41 44 16 29 35 26 25 22 28 24 21
26 28 34 24 29 23 23 21 16 28 23 30 22 22 36 29 33 27 29 24 25 25 22 29 25 28 30 24 19 19 25 33 26 22 33 24 22 34 17 29 23 32 23 30 27 26 31 20 17 32 25 21 28 31 23 28 24 30 22 25 26 26 12 27 25 28 17 31 29 23 22 22 21 28 33 23 31 34 23 35 28 32 25 40 38 26 17 18 25 19 17 19 27 20 19 27 17 25 19 26
22 27 24 25 18 34 25 31 32 19 29 19 23 23 33 19 34 25 23 31 24 27 34 26 29 33 36 19 29 24 26 32 27 24 23 19 22 16 19 25 22 26 17 36 34 31 24 20 21 33 24 23 25 21 16 32 24 27 21 20 22 26 28 25 27 14 27 25 23 33 31 39 28 27 26 34 22 33 28 27 34 28 31 26 31 25 29 33 30 28 24 21 36 30 27 25 37 37 25 29
30 20 20 22 27 20 21 26 27 26 31 24 25 21 30 24 24 23 17 19 27 31 20 16 19 24 16 28 22 26 30 25 31 9 27 37 41 28 24 30 26 33 16 30 34 26 33 25 22 32 24 20 16 30 20 30 20 29 19 35 30 34 21 20 19 29 21 26 18 29 34 35 25 36 28 30 27 23 23 32 36 27 26 16 40 22 26 21 18 28 27 21 31 25 30 21 32 29 20 26
18 29 25 20 32 23 24 29 40 31 20 32 22 31 30 35 29 26 40 23 25 20 31 34 23 26 25 40 36 28 28 31 24 22 30 25 32 22 30 22 15 36 37 41 30 29 22 33 34 18 24 34 28 25 27 22 34 23 21 29 21 29 21 27 28 25 23 28 22 19 28 30 33 25 27 26 24 29 24 21 21 15 25 22 26 30 30 30 19 22 25 25 30 23 25 34 29 17 21 42
26 23 19 30 37 29 30 31 34 25 35 26 41 24 28 32 28 19 30 35 30 21 44 28 24 24 24 28 25 22 20 20 25 28 29 28 27 26 22 30 27 34 22 30 30 20 34 29 40 32 26 32 19 20 20 29 25 26 23 13 22 26 34 22 32 35 29 30 23 34 24 35 24 23 19 26 26 28 25 27 22 23 14 33 26 22 19 29 35 28 16 22 31 32 31 28 26 24 25 22
32 28 21 26 20 22 28 26 27 34 29 26 22 20 37 25 21 27 29 27 31 25 32 19 25 25 30 26 34 35 32 33 34 22 28 35 38 22 32 24 17 21 15 18 23 26 23 29 30 29 34 22 18 21 30 28 22 30 28 15 26 28 26 8 27 18 27 17 35 29 75 21 16 22 26 21 28 30 30 28 23 33 34 27 31 25 37 20 25 24 25 25 26 22 22 19 23 25 18 25
38 32 24 22 27 33 27 23 33 31 23 30 35 23 23 26 35 31 28 34 31 29 35 27 21 31 26 25 26 27 21 19 17 29 21 21 32 25 23 26 19 39 29 33 25 28 25 26 23 35 21 25 21 23 27 12 24 23 16 23 32 24 31 20 26 34 37 28 15 28 25 24 27 18 26 21 20 30 23 24 30 26 25 27 23 19 15 24 22 23 17 28 25 27 29 23 28 29 19 22
32 31 24 24 27 30 30 31 21 20 29 35 23 29 23 28 20 11 19 18 13 27 21 16 27 21 20 31 20 29 18 26 35 17 30 23 23 26 21 18 16 23 21 18 34 33 24 16 38 24 23 17 11 13 31 31 22 26 28 24 35 35 16 24 23 23 34 33 29 21 34 23 17 31 22 25 20 18 43 27 34 34 32 26 27 30 24 30 28 29 28 29 18 22 21 27 30 18 24 26
26 18 24 31 37 23 27 18 23 29 44 34 30 23 42 24 33 41 31 29 21 38 25 23 28 25 45 18 25 7 33 29 26 20 30 17 32 38 25 26 32 24 21 27 28 23 30 31 31 29 23 31 27 34 25 33 29 30 28 14 26 26 30 27 31 19 48 21 26 30 27 23 24 38 37 24 27 36 28 32 30 30 25 23 26 24 40 26 20 19 24 32 29 28 47 39 20 32 19 35
25 22 16 28 26 21 12 17 34 34 23 18 25 17 24 24 29 21 28 18 23 24 29 25 26 35 27 19 28 25 21 35 22 24 26 28 27 23 27 29 24 27 26 17 31 29 28 26 25 37 17 29 13 14 23 30 29 24 28 16 17 31 20 36 33 38 21 25 25 27 22 26 21 22 34 25 26 36 29 25 19 18 22 29 27 19 37 32 27 21 26 21 22 28 23 29 26 21 32 16
11 25 35 19 35 31 30 32 20 28 21 32 20 23 27 31 18 16 26 29 25 31 16 27 32 16 24 16 24 25 21 29 38 26 30 26 19 23 28                                                             
