0.407407407407407 2455 28 32 21 31 28 31 20 21 27 34 34 29 31 31 21 30 81 30 30 22 28 35 27 35 23 31 29 35 34 40 28 38 37 23 44 30 24 29 36 35 36 25 30 29 34 31 33 18 22 21 28 27 24 21 28 20 23 32 25 28 17 22 30 29 27 33 29 30 27 19 25 33 27 19 30 35 38 27 14 37 28 25 34 28 18 25 32 23 28 18 28 19 37 33 28 72 21 17
33 36 30 18 24 31 30 26 24 15 27 27 32 29 27 30 31 37 27 25 30 13 25 30 21 27 23 20 20 28 19 13 31 20 21 24 25 27 34 23 19 27 35 36 32 25 31 24 31 24 23 34 35 27 34 31 25 32 30 26 21 20 31 23 29 27 29 29 21 26 32 24 23 30 18 23 20 25 29 31 27 28 27 26 24 25 33 33 34 42 18 18 23 32 42 30 29 23 33 25
28 23 31 22 19 32 22 22 21 17 18 24 23 28 38 37 28 37 21 21 27 32 29 21 32 32 20 27 29 23 30 33 23 24 24 19 32 21 23 20 29 24 29 24 27 28 39 30 32 26 18 31 27 27 22 27 22 34 35 28 25 25 25 36 20 30 29 19 19 27 20 33 18 28 18 17 21 14 27 19 31 26 34 25 30 32 21 23 23 27 29 30 26 34 27 27 18 25 24 20
27 24 20 15 23 24 30 23 27 18 27 27 34 30 23 17 23 28 32 27 23 23 26 31 18 23 26 27 14 26 23 23 18 24 32 30 28 39 29 33 36 22 23 27 27 25 30 15 22 24 25 17 28 29 19 34 24 26 24 30 24 20 20 28 30 28 29 29 28 21 11 22 25 36 23 20 23 27 22 24 34 36 32 24 23 23 32 26 35 22 29 29 29 31 28 31 26 22 21 26
25 36 19 30 40 27 30 22 20 25 28 18 31 22 28 18 26 23 41 34 25 33 22 26 23 21 24 16 32 23 32 31 30 22 30 25 24 22 36 23 33 26 30 32 30 23 18 37 22 25 21 26 32 26 21 30 26 30 29 21 28 31 27 21 25 19 34 36 25 24 33 33 22 36 32 18 19 24 33 34 21 27 30 24 18 29 29 30 28 23 22 35 28 39 19 20 29 23 35 27
32 25 33 29 17 26 22 23 29 21 31 38 35 17 26 21 23 30 23 32 27 21 32 20 32 23 26 28 20 23 23 24 36 29 27 31 25 25 22 28 20 37 30 26 38 22 16 42 26 26 28 34 27 22 32 32 23 30 30 26 29 25 21 31 27 25 24 22 31 22 27 23 31 33 27 24 29 28 26 29 38 23 34 29 31 17 24 28 31 23 28 22 26 36 29 31 20 37 18 31
22 25 36 26 23 47 29 27 28 27 25 28 20 22 28 19 71 27 34 28 23 31 28 23 23 17 20 23 25 38 18 20 26 31 40 24 11 30 27 24 23 23 22 24 19 26 20 31 21 34 35 31 26 33 23 23 37 32 29 30 33 39 30 32 32 31 22 24 19 35 27 22 25 35 30 27 15 28 18 23 31 25 46 31 42 32 28 30 27 27 25 29 19 27 22 34 35 28 29 19
24 19 29 32 30 36 21 27 25 21 24 30 20 25 19 28 34 36 36 30 25 32 24 38 29 24 38 27 22 26 22 36 26 32 27 28 23 20 27 34 32 25 36 35 28 25 33 30 30 42 54 34 45 23 31 24 18 40 26 24 29 27 29 38 26 26 25 26 31 27 27 39 29 31 23 28 42 26 24 32 30 15 23 29 30 32 19 37 26 30 38 29 26 23 27 38 27 39 21 33
25 25 33 24 24 26 31 26 29 25 33 31 33 22 34 41 22 29 33 23 27 29 27 24 41 36 27 19 91 23 39 29 39 35 31 25 29 31 24 29 24 29 35 24 22 30 26 25 36 29 28 19 22 29 24 34 42 26 28 25 28 27 27 31 31 30 26 32 33 28 29 32 25 23 29 25 24 34 39 34 24 28 32 23 30 23 38 21 25 32 24 31 27 33 26 23 32 18 20 19
29 31 29 24 36 41 29 39 26 26 31 26 17 27 27 27 23 20 29 34 20 30 33 22 28 33 25 57 17 30 19 46 30 24 26 31 22 25 27 25 20 27 27 34 24 31 31 29 24 25 21 27 27 29 36 30 31 41 31 32 32 24 26 35 37 19 33 29 26 30 25 24 38 24 33 19 29 23 39 25 31 20 27 36 28 28 27 23 38 34 27 24 24 23 40 27 25 23 21 33
29 30 41 23 20 23 29 28 36 28 38 16 35 24 27 28 18 32 36 29 23 26 15 27 19 36 27 27 37 27 24 33 26 29 25 21 36 21 29 30 28 30 29 25 21 30 24 22 28 27 28 22 25 20 30 25 24 13 29 28 29 31 33 59 15 24 22 24 19 33 22 27 29 18 29 18 24 31 28 31 27 17 17 18 21 26 31 28 27 24 19 32 24 24 32 24 28 31 30 24
35 37 30 30 25 24 26 23 30 29 17 27 22 37 23 26 26 36 26 34 28 21 29 29 27 29 25 31 18 27 27 38 34 23 34 30 32 34 27 26 20 25 17 26 28 31 26 33 35 16 32 19 31 36 18 35 33 21 32 16 25 33 15 31 29 36 37 25 37 23 22 28 25 28 37 31 22 23 39 35 32 41 38 22 37 30 35 40 23 35 25 35 32 35 32 26 21 32 25 43
20 28 31 25 18 14 33 25 16 78 25 34 30 27 25 33 35 25 31 29 29 17 19 18 19 34 25 29 34 30 19 17 24 30 28 28 30 24 33 28 19 30 36 31 25 31 16 27 31 46 44 31 37 41 20 36 29 26 27 32 38 38 30 33 18 25 36 32 27 35 40 33 26 29 31 15 32 28 27 27 23 21 21 28 22 20 31 27 33 26 29 29 28 34 29 36 30 32 34 40
29 35 21 28 29 27 24 19 26 29 34 20 10 22 24 28 18 27 18 24 25 22 31 19 18 27 25 28 14 20 26 24 17 21 28 25 26 26 34 29 34 25 21 33 34 31 23 30 22 21 19 25 29 27 35 27 16 28 27 34 29 22 29 30 26 21 32 29 27 31 19 32 30 27 20 37 31 29 14 24 33 23 27 23 27 27 24 33 31 22 45 29 29 29 28 24 26 34 27 30
32 25 24 35 30 28 33 26 19 23 36 28 29 27 24 29 22 35 30 24 24 31 24 24 29 26 26 23 24 25 37 23 21 35 27 18 27 34 25 18 30 15 19 30 32 34 30 24 31 21 23 24 21 17 21 30 33 36 32 28 26 28 32 20 21 33 35 26 23 29 34 40 29 25 26 26 21 18 20 26 17 22 23 24 26 25 34 21 29 23 22 25 27 30 24 25 18 31 41 28
28 22 27 23 33 23 33 39 21 32 29 22 27 21 22 29 28 22 24 29 27 21 18 37 20 24 11 29 17 28 26 22 34 20 23 23 26 21 21 26 28 26 13 22 35 19 22 33 27 35 30 31 39 19 30 29 21 27 32 30 32 21 31 25 29 12 28 12 23 30 24 27 30 30 25 26 25 25 23 37 15 27 20 20 27 30 22 23 27 30 26 35 26 22 30 36 19 21 32 23
23 35 24 30 24 25 30 33 24 23 23 27 13 29 35 29 28 20 23 21 38 31 30 29 28 33 21 25 24 31 29 27 16 29 25 23 24 37 29 29 39 19 22 33 23 17 27 26 26 20 29 24 33 29 20 18 24 16 22 21 23 19 26 28 21 9 19 26 31 25 29 38 22 23 28 37 24 20 21 29 32 24 21 34 25 29 27 24 34 26 23 30 22 30 25 29 19 31 25 28
18 15 29 24 23 37 18 18 21 22 26 25 27 31 23 29 24 33 26 27 29 18 17 42 21 19 33 23 22 19 25 26 22 29 38 31 28 30 21 37 36 27 24 33 19 26 35 30 25 30 28 27 24 27 33 24 22 29 22 26 22 28 20 23 27 27 28 23 19 25 26 35 24 29 28 31 32 27 21 25 33 22 27 26 24 29 31 44 35 28 32 27 27 28 23 23 27 23 21 28
31 19 32 25 27 31 36 21 18 24 19 34 31 32 28 25 31 26 16 25 25 13 23 13 22 24 30 30 25 30 27 19 25 28 29 23 30 24 15 25 18 35 17 31 19 25 26 24 32 23 29 22 10 24 28 26 20 25 30 19 24 20 19 31 24 16 26 28 28 29 24 26 32 18 26 25 35 26 27 32 19 24 22 32 32 24 30 21 27 30 20 23 30 36 36 30 34 23 16 34
25 24 27 31 37 31 25 33 19 25 28 24 30 23 18 21 30 38 24 28 27 18 31 27 35 19 25 32 28 28 24 29 12 21 42 23 28 26 26 40 27 26 34 28 15 32 18 27 27 22 33 21 24 25 16 20 20 33 18 26 22 31 31 22 24 26 24 22 25 31 17 19 51 30 29 24 26 21 33 27 23 29 28 24 24 24 26 25 21 29 26 23 43 27 27 26 27 25 25 23
26 34 22 28 34 30 24 24 24 26 34 31 21 25 24 24 27 15 24 17 25 21 33 27 31 27 24 23 21 24 29 28 24 27 27 30 21 20 28 29 16 28 27 28 25 29 27 23 22 23 31 32 16 24 23 25 27 23 20 28 29 30 29 28 19 32 27 23 34 25 23 19 37 16 25 30 22 28 27 22 30 17 27 21 45 22 31 29 32 30 28 13 14 32 31 32 24 29 27 28
27 28 40 29 14 23 33 29 36 30 27 19 27 38 30 22 22 44 29 26 19 28 28 31 20 22 33 18 33 19 23 21 19 32 25 20 30 9 24 17 28 22 29 21 36 25 20 31 22 29 20 25 17 33 45 43 27 27 37 23 30 26 21 28 27 12 33 19 24 24 22 21 19 31 35 36 29 28 25 35 34 24 28 34 24 22 34 23 29 28 30 29 35 17 23 22 29 29 23 26
18 20 45 29 33 27 26 25 20 15 21 21 25 27 25 25 37 24 24 33 23 36 34 26 27 43 28 28 28 23 31 30 32 22 16 33 51 16 21 20 20 19 19 20 25 30 24 31 43 40 30 28 23 25 31 30 34 26 29 22 39 32 18 35 12 24 28 33 29 26 35 15 30 27 22 29 29 35 16 31 35 34 32 11 40 27 23 46 38 25 36 22 24 28 24 29 41 35 31 19
22 30 32 33 34 25 32 16 9 14 14 13 13 14 17 18 9 11 22 19 13 13 15 15 9 18 18 16 14 12 19 12 16 11 25 13 20 14 25 16 13 17 22 11 27 20 13 7 13 22 15 11 22 19 19 17 11 19 15 12 11 12 22 10 16 15 13 13 14 13 15 20 14 5 19 15 12 15 16 15 12 9 11 15 15 19 7 14 4 14 22 22 9 7 14 10 18 9 8 12
26 14 14 18 16 20 18 19 17 29 15 17 13 18 18 11 7 11 18 14 14 15 13 16 9 24 21 18 20 12 16 13 13 13 11 25 12 14 13 16 17 16 21 19 15 7 16 12 13 17 23 18 14 25 32 10 21                                           
