0.435897435897436 2826 30 35 22 27 45 32 25 30 25 26 22 20 27 22 24 32 16 29 18 31 18 23 28 31 17 29 25 25 32 27 26 24 25 17 19 17 28 28 30 27 21 28 22 28 19 27 30 26 44 19 26 28 27 22 26 32 34 34 28 29 36 29 21 27 39 28 34 46 26 31 38 26 38 30 31 32 36 33 26 36 30 35 26 25 35 25 37 31 35 35 29 45 26 18 29 30 26 34
30 27 23 23 46 21 33 26 51 84 31 29 26 19 21 33 22 21 24 26 36 33 33 22 33 27 27 28 25 12 24 28 29 42 28 28 27 39 37 27 24 36 35 29 20 36 22 22 26 28 22 28 13 25 34 31 27 33 17 28 30 22 30 22 22 25 35 31 26 33 22 37 21 28 22 31 28 24 27 35 31 23 31 22 26 28 23 23 43 25 43 30 32 32 30 26 26 27 28 25
33 21 22 30 25 31 27 24 34 25 25 27 32 27 26 32 23 33 26 37 30 25 31 22 19 32 28 17 24 35 30 33 33 27 32 17 21 32 26 22 29 35 31 36 24 34 36 29 27 35 30 35 34 18 38 30 27 26 22 34 38 35 26 35 24 26 30 27 28 34 38 33 44 18 27 45 26 21 23 25 33 24 25 28 23 34 31 30 26 28 37 30 18 38 33 39 36 18 17 28
25 32 30 28 27 36 21 31 35 23 28 27 37 28 31 28 31 27 34 34 25 25 39 20 32 38 28 27 30 32 25 26 20 30 26 30 24 26 31 19 24 27 20 20 23 26 33 32 39 25 27 22 27 24 27 32 28 36 18 30 21 38 20 20 34 28 26 33 33 45 27 30 31 17 23 27 10 21 26 28 45 36 35 34 26 19 31 32 26 20 22 20 26 42 20 31 32 33 23 35
41 29 34 30 23 22 19 31 26 27 30 26 37 29 25 28 33 25 32 38 36 20 24 23 24 27 33 35 33 27 31 26 33 24 32 32 25 29 34 22 24 37 22 30 13 35 25 30 30 22 25 33 30 33 26 23 33 29 25 32 30 27 23 29 27 35 37 22 22 27 29 33 32 26 23 18 27 40 23 34 18 26 31 28 31 28 25 25 22 25 30 25 29 33 40 20 30 34 24 31
31 36 33 27 30 32 30 31 19 29 22 30 35 26 32 29 30 29 17 35 30 15 40 33 34 39 31 32 33 25 28 28 19 22 23 37 21 18 23 25 24 21 44 31 29 31 39 26 17 14 17 17 20 37 13 33 28 22 35 37 21 27 25 30 33 24 17 29 27 23 28 25 19 21 30 26 32 38 24 31 30 43 36 33 26 32 36 31 36 33 33 30 18 22 33 31 30 30 30 27
42 38 30 31 29 26 22 25 22 30 25 34 26 43 29 27 26 29 16 26 34 34 22 23 24 22 41 22 35 33 35 24 28 42 15 23 24 23 29 22 28 34 35 26 35 25 43 29 29 34 24 27 31 27 17 24 26 30 28 22 20 38 21 25 32 29 30 26 23 25 19 29 28 26 29 25 22 22 38 36 34 36 32 28 24 23 34 19 23 42 24 31 27 36 34 39 21 20 29 36
26 29 20 24 27 21 48 39 24 30 37 36 27 30 28 33 30 34 26 15 31 32 27 21 38 24 26 27 36 20 26 22 31 29 35 25 32 31 31 12 23 24 32 28 24 36 24 44 28 27 36 30 34 34 16 31 28 40 31 29 24 31 24 26 24 24 34 20 24 25 30 34 19 25 21 26 19 31 30 35 31 34 46 49 28 25 28 23 27 27 35 35 27 26 29 31 33 27 26 29
26 38 25 23 32 26 28 28 29 27 31 25 28 28 24 33 32 14 32 19 38 15 20 25 26 35 27 30 29 30 34 29 21 26 20 24 36 28 28 24 26 30 38 27 22 32 30 29 25 27 29 39 28 28 29 37 33 33 31 30 30 26 24 29 30 26 23 20 26 27 32 34 26 32 18 31 27 20 23 26 26 22 27 24 35 33 39 38 16 15 27 27 36 35 32 28 36 30 34 28
35 29 27 23 31 24 25 26 18 35 19 28 25 36 23 24 16 29 37 34 29 21 29 27 23 21 26 29 30 38 26 32 25 28 32 34 26 36 38 17 40 24 22 29 26 25 40 31 27 28 21 36 27 23 31 32 35 41 27 33 22 30 23 20 24 22 21 28 22 23 35 31 26 25 19 28 28 33 18 33 31 38 28 37 21 25 34 30 24 26 20 24 29 29 25 33 18 27 27 18
26 31 43 34 20 31 28 30 23 24 21 20 23 23 23 24 37 23 25 24 34 23 34 28 33 33 27 36 36 29 26 26 14 13 29 26 28 21 29 24 32 30 24 29 36 30 29 28 28 25 28 26 28 29 31 33 20 31 25 33 25 23 32 33 26 27 23 35 25 42 31 40 24 35 25 29 21 32 40 39 36 38 24 24 32 25 19 37 23 20 30 26 32 21 28 30 37 44 27 27
30 26 29 20 20 33 33 36 32 29 42 28 30 35 35 26 34 29 21 29 20 31 17 22 30 18 29 27 36 20 34 29 21 26 34 24 19 24 25 26 31 25 25 25 31 38 43 32 27 21 48 40 25 27 25 22 22 29 30 27 30 22 23 30 33 30 27 24 25 36 43 30 20 35 28 23 25 32 21 31 30 31 26 26 38 34 18 24 26 26 27 29 31 27 46 20 31 19 28 29
20 27 35 41 31 28 31 27 21 28 26 19 28 19 21 27 26 25 27 25 42 24 27 32 33 24 27 23 26 31 27 22 32 33 18 40 42 26 40 18 10 28 28 25 63 35 30 27 24 25 27 32 25 41 27 25 27 31 28 34 33 20 23 25 22 34 25 30 23 32 31 27 40 25 35 32 24 24 21 29 36 33 33 42 26 33 42 32 23 27 20 26 24 23 38 27 24 32 27 28
32 29 24 35 31 26 36 21 13 43 27 29 35 24 25 23 29 22 19 37 21 34 34 30 18 35 34 31 36 24 26 34 18 17 19 26 33 35 46 26 20 34 37 29 30 31 27 30 19 26 28 26 26 27 25 26 20 27 29 14 37 33 17 26 32 33 26 14 25 30 32 41 25 31 25 37 21 25 34 24 28 37 29 36 31 26 31 40 30 23 39 33 28 36 31 34 24 31 20 28
26 14 33 24 30 35 20 15 34 26 31 22 16 27 25 22 34 31 24 19 38 83 105 38 35 23 28 21 23 32 27 22 24 25 40 31 31 36 35 23 31 31 30 29 31 29 29 24 37 42 28 24 40 19 40 30 25 36 28 25 33 29 18 26 22 30 20 22 36 26 26 28 32 34 24 27 20 27 33 36 35 24 40 28 32 20 24 37 25 34 31 32 18 25 23 25 29 28 28 32
32 48 18 33 33 26 27 27 30 35 23 28 22 28 29 34 38 17 26 31 21 38 25 20 31 23 20 24 31 33 25 40 35 30 33 33 32 33 28 33 31 19 29 29 38 27 30 27 34 25 37 40 29 31 21 28 28 32 40 31 25 24 35 31 29 35 26 31 30 29 24 23 23 28 21 28 23 38 17 29 21 16 35 29 38 24 21 28 32 23 23 31 28 37 23 29 46 26 22 35
32 17 23 21 35 20 20 22 23 30 34 29 40 31 30 22 15 26 32 31 30 25 29 24 30 34 36 36 32 13 33 25 32 30 20 23 22 24 35 25 28 24 23 24 21 28 22 36 29 38 19 35 30 29 29 28 27 19 26 30 28 39 28 32 30 26 18 26 25 33 24 32 31 24 28 17 18 23 34 27 16 22 22 19 28 17 34 24 27 21 20 36 35 34 38 25 40 32 36 28
25 24 26 26 30 32 27 27 27 22 14 32 23 30 21 29 28 27 27 30 41 36 33 26 25 41 35 29 28 34 26 35 23 30 28 25 40 32 25 40 30 30 31 35 19 23 27 31 32 22 25 24 24 33 29 22 32 29 31 20 30 30 25 11 18 28 32 27 28 12 25 29 31 30 26 20 40 32 31 31 24 30 31 28 25 19 35 29 32 32 25 23 24 25 34 30 31 33 27 21
32 34 29 32 36 22 27 32 18 13 30 38 18 10 29 27 17 24 22 27 38 37 23 35 17 25 22 21 17 37 28 33 32 27 32 23 31 26 29 27 38 25 23 33 25 27 30 23 34 22 21 32 22 31 25 22 21 27 20 35 27 28 23 29 24 29 28 33 24 24 20 32 24 23 33 33 38 33 31 26 30 34 30 26 21 30 33 17 21 29 30 32 26 28 27 29 20 37 28 35
26 31 34 23 29 30 28 27 32 31 22 33 33 22 23 26 30 31 21 35 25 26 31 32 27 29 37 38 24 35 40 23 29 42 42 25 21 28 25 33 31 35 32 19 25 35 39 28 32 30 24 27 24 18 25 21 27 28 24 38 19 32 32 24 34 36 28 33 19 27 29 23 22 28 26 26 35 24 26 26 32 25 39 26 21 25 20 30 20 33 31 21 37 26 31 27 35 23 22 27
28 27 38 21 28 32 37 21 28 27 29 36 24 23 24 28 37 34 29 30 29 25 35 29 28 24 23 39 39 33 25 21 37 34 25 25 39 32 27 34 37 31 26 30 38 29 24 25 43 30 25 28 26 30 36 17 29 23 28 34 20 35 35 27 39 24 27 19 31 32 36 20 26 33 28 27 26 30 19 33 29 31 35 28 26 29 26 34 25 21 39 19 32 15 21 25 36 25 38 31
34 28 74 22 23 21 24 27 38 32 26 29 28 7 37 33 29 32 29 20 29 28 25 25 17 29 33 24 26 33 15 24 28 28 32 22 29 26 26 28 37 29 28 22 25 25 34 29 41 27 31 24 18 33 27 22 34 30 36 31 29 21 22 26 28 35 26 22 26 33 33 28 39 34 34 35 21 32 23 38 25 26 25 25 26 29 36 34 32 33 29 38 26 21 23 39 25 34 25 37
22 28 36 34 28 26 33 24 35 37 32 26 33 19 26 20 26 31 27 33 32 34 45 29 26 29 32 33 33 28 24 39 34 26 27 33 29 39 28 29 30 32 28 39 23 29 26 31 23 30 32 24 25 33 32 27 26 28 18 31 18 23 35 32 29 31 34 26 21 25 28 40 30 20 31 27 27 26 23 31 30 21 33 26 35 20 31 34 25 33 25 25 25 21 14 34 18 28 33 33
35 31 15 30 23 30 27 30 16 33 35 19 21 21 34 16 24 29 28 23 26 21 24 26 25 28 38 22 23 26 28 34 20 25 35 32 26 22 37 30 27 28 34 17 29 29 26 22 31 23 19 34 21 26 30 26 22 19 29 27 37 25 27 23 30 35 25 27 25 39 24 22 31 23 23 21 22 29 43 38 31 25 28 23 24 36 22 34 28 23 27 19 25 33 30 27 27 26 25 29
31 28 28 19 35 23 27 25 34 37 24 24 18 23 33 28 40 38 24 26 32 35 35 34 30 33 31 30 23 32 33 33 31 23 29 31 30 34 25 40 33 27 44 30 29 26 33 39 26 27 33 28 36 29 42 29 25 21 25 37 20 31 23 30 27 36 31 31 34 23 27 33 20 36 29 28 21 31 22 26 25 25 40 39 24 29 36 25 29 29 30 27 26 31 30 25 28 24 24 31
34 36 26 26 27 28 30 28 31 36 26 26 29 23 31 28 23 32 30 22 27 24 28 32 17 21 45 34 33 36 30 22 20 23 39 21 31 36 31 26 33 21 30 27 28 21 24 38 29 28 22 28 30 28 28 26 34 32 17 23 25 34 32 26 24 23 26 25 32 22 29 32 18 23 28 31 30 28 35 21 27 33 38 38 31 45 25 33 27 30 33 41 30 27 30 23 19 24 29 26
28 30 41 24 39 25 28 23 11 42 28 32 24 37 28 32 36 24 33 27 37 21 20 26 19 16 15 38 28 35 21 23 37 21 27 28 30 26 16 17 25 48 33 24 30 29 21 34 33 17 46 29 35 26 27 27 21 38 34 31 26 32 22 24 34 21 30 32 25 21 37 30 17 32 30 33 23 28 22 16 31 32 26 31 29 22 29 36 24 28 34 18 31 41 28 31 28 21 25 17
20 30 26 34 28 21 11 15 15 15 14 20 18 19 11 18 25 15 13 12 15 13 9 18 19 9 11 20 15 13 18 13 21 12 13 23 4 13 22 16 9 14 20 16 14 17 11 8 20 19 10 23 14 8 12 24 21 14 14 15 10 9 14 14 17 15 19 18 8 11 14 14 9 10 21 16 15 13 10 11 13 14 21 22 16 11 20 20 14 12 26 16 12 11 17 18 11 12 12 11
16 15 13 23 10 18 19 18 13 16 16 19 10 15 14 11 17 16 21 19 20 8 13 10 12 12 12 28                                                                        
