0.481481481481481 2388 19 21 14 26 25 25 23 18 15 25 22 21 20 25 28 24 26 20 22 14 22 27 27 11 16 21 23 18 11 14 19 26 26 16 21 18 18 22 14 21 15 26 16 14 14 19 19 19 15 25 18 21 30 26 23 18 22 11 11 21 23 14 21 19 19 25 23 15 12 22 23 14 29 30 18 23 19 21 20 30 22 16 17 19 31 22 9 22 16 16 19 18 16 14 10 20 21 20
17 18 10 16 19 20 23 13 27 16 23 19 15 21 22 34 18 19 23 30 17 12 15 23 22 14 32 17 10 19 22 23 14 17 20 16 18 22 25 19 28 23 20 20 26 20 24 18 20 22 23 18 17 15 22 26 24 22 26 29 30 28 26 20 18 17 19 20 24 21 19 23 34 29 20 26 25 21 15 23 18 18 19 25 18 21 19 17 22 25 25 23 20 29 24 20 22 27 18 17
23 14 16 21 14 15 22 33 32 26 23 36 22 24 11 20 20 27 17 21 16 30 16 18 11 15 14 18 18 25 23 19 26 24 22 17 17 25 16 14 17 14 15 21 27 20 21 27 24 19 27 12 29 26 22 25 22 27 26 30 20 23 28 28 28 26 19 21 26 31 14 20 12 17 15 17 18 28 26 22 33 27 15 18 22 18 21 15 15 22 29 19 22 21 22 20 17 22 12 20
17 20 22 26 22 22 27 25 24 16 26 21 20 28 17 18 29 20 23 27 15 28 33 22 21 14 18 21 24 26 25 18 15 22 20 19 14 19 14 18 32 25 25 18 21 22 14 14 22 20 27 21 24 20 22 14 26 26 21 24 23 17 17 18 30 25 20 23 29 21 15 19 21 20 20 19 21 19 24 27 17 16 19 20 15 16 19 19 22 19 26 16 32 20 13 19 23 27 28 18
12 24 14 24 14 20 19 22 20 20 27 20 23 16 18 19 14 13 18 15 19 15 18 16 25 16 13 24 23 13 18 14 17 25 34 21 17 17 18 18 16 28 24 21 25 38 26 22 21 19 20 20 17 19 11 17 23 21 15 20 26 26 23 17 24 17 24 33 16 20 20 29 15 27 28 23 26 22 17 19 13 17 13 14 20 17 15 20 20 16 13 15 25 24 24 12 21 16 20 19
17 8 19 15 23 17 19 19 17 18 27 18 22 21 23 22 26 13 19 17 25 18 22 23 14 22 21 19 14 24 23 22 12 13 17 15 10 18 17 18 18 22 17 18 29 21 24 23 22 27 30 21 16 22 14 16 14 22 22 24 18 22 12 26 62 23 15 17 15 19 21 19 19 19 24 18 22 24 23 23 17 19 13 28 25 15 19 16 27 21 21 22 18 26 27 13 36 21 25 16
31 21 27 29 19 18 16 20 21 25 20 24 22 21 16 20 31 20 14 17 25 23 23 16 28 32 24 11 17 22 20 21 20 29 13 25 24 16 22 23 17 16 27 30 23 24 20 38 28 18 26 22 17 20 22 22 20 35 30 28 17 37 23 30 16 22 22 22 18 18 15 18 25 18 15 26 20 22 22 12 23 24 25 17 18 16 21 11 23 21 19 21 31 24 24 15 23 17 27 21
30 15 10 19 19 25 22 16 18 20 20 13 15 17 19 28 14 21 23 24 19 23 19 18 30 29 26 26 24 26 23 15 23 18 29 19 25 26 16 27 27 16 31 26 23 26 46 24 42 42 27 31 28 22 19 22 29 25 20 20 27 19 22 27 31 22 26 30 22 29 24 28 20 27 32 26 28 15 27 24 18 20 23 19 22 26 24 20 19 34 37 22 26 21 19 22 22 27 25 15
15 20 25 24 23 29 24 24 27 28 31 17 20 33 26 28 20 22 30 27 21 27 25 15 23 22 22 27 22 21 20 22 18 18 13 16 34 21 29 21 23 21 19 15 16 25 23 23 12 30 23 18 19 28 17 11 27 22 21 13 21 21 19 18 22 21 20 19 16 17 31 27 15 20 20 17 22 23 25 13 19 18 19 20 15 33 21 18 21 24 17 21 23 23 23 14 27 16 22 23
26 16 22 21 25 29 23 17 25 21 21 19 30 29 23 25 16 19 27 18 23 27 20 16 22 32 24 19 19 19 17 20 26 16 34 25 24 23 16 22 27 27 16 20 21 26 16 18 22 29 23 16 36 24 19 18 21 31 25 12 30 21 20 31 29 16 26 11 22 25 20 11 20 17 21 16 24 14 31 15 17 33 17 13 21 17 15 21 23 26 25 13 16 13 18 20 24 15 9 24
18 13 18 29 15 23 16 25 20 27 20 22 22 11 25 20 22 21 16 24 15 24 19 16 13 25 28 22 15 23 20 20 14 19 28 17 22 25 16 17 14 19 17 23 22 23 12 22 19 12 22 20 19 18 16 19 19 13 21 13 18 22 24 18 23 15 18 25 21 25 27 15 21 17 19 21 19 30 17 15 26 25 21 21 24 27 23 22 17 20 26 18 24 19 27 27 27 21 21 17
28 18 22 34 16 12 11 22 26 23 24 37 19 15 25 12 14 20 19 22 19 22 27 33 19 19 21 15 26 30 17 15 19 19 17 19 22 22 21 14 20 25 19 25 23 20 20 11 21 21 26 30 21 20 14 16 21 13 19 24 25 16 25 24 25 23 30 14 24 18 20 30 24 36 18 19 22 17 27 18 22 20 21 25 22 21 22 20 18 18 23 20 22 26 71 40 57 25 24 25
25 9 28 25 25 21 14 21 14 17 26 20 32 19 17 19 30 20 17 12 22 16 20 20 30 15 33 20 26 25 20 35 23 28 19 29 19 21 35 26 25 22 22 28 27 24 33 12 26 16 22 21 20 29 29 22 19 25 31 16 24 23 20 25 22 16 20 29 18 19 21 23 26 22 32 22 26 23 25 17 26 23 27 24 21 19 22 21 20 22 27 17 20 24 19 20 22 21 22 14
14 24 17 15 14 14 20 27 17 20 17 15 14 19 34 20 17 28 16 17 19 14 26 20 12 19 22 19 19 17 18 13 24 18 20 22 26 24 17 24 20 29 25 25 26 27 20 21 31 25 20 18 17 29 23 27 27 24 21 23 20 19 16 13 16 16 18 19 14 23 21 12 18 30 15 19 20 28 30 21 19 23 28 20 22 20 22 25 28 28 19 25 23 19 25 8 19 19 17 19
17 21 28 15 20 18 25 22 22 22 14 19 24 18 29 17 16 31 24 23 19 22 13 25 15 33 22 13 20 15 26 24 16 16 13 16 16 21 19 12 20 26 17 20 17 25 21 16 15 14 23 12 19 23 19 17 23 24 18 15 24 18 19 13 22 24 14 22 20 22 22 17 22 13 25 19 19 18 25 25 16 22 27 19 24 14 25 17 20 12 25 22 21 16 15 17 25 16 15 18
18 25 13 17 23 24 14 21 22 13 21 19 26 25 19 12 25 27 26 13 17 22 30 26 18 20 31 22 15 21 21 18 19 22 18 20 20 12 25 25 12 27 24 15 22 24 26 19 15 20 22 20 15 31 22 27 10 31 17 17 12 18 25 23 23 20 13 15 25 36 24 26 27 18 26 22 22 11 22 15 24 12 20 29 23 15 19 21 29 22 16 21 24 19 22 23 18 25 24 10
27 28 26 17 9 16 18 15 17 18 18 18 24 18 12 16 26 19 16 29 34 21 15 20 19 21 27 17 15 20 19 18 21 19 15 10 17 20 28 16 25 19 16 16 13 24 23 22 26 24 21 18 19 21 20 20 14 15 25 23 16 19 16 15 23 22 15 15 21 22 26 17 14 14 14 18 18 23 17 18 21 21 19 20 18 23 17 15 20 20 16 31 15 26 9 19 19 15 12 16
14 19 18 22 20 27 30 32 24 25 21 27 15 24 19 17 15 32 18 25 18 28 24 16 18 20 20 22 24 22 24 20 27 26 26 28 17 21 12 24 18 26 16 20 21 13 25 17 15 18 21 18 22 23 23 14 18 20 15 21 23 18 21 16 20 16 21 25 15 34 25 16 26 24 17 21 15 21 22 24 23 24 21 28 18 22 31 26 22 33 27 20 19 28 29 17 21 23 20 17
19 11 30 30 26 16 21 16 19 24 26 14 15 20 20 24 21 29 17 18 18 20 22 22 29 26 28 28 19 23 29 17 29 25 20 17 25 18 22 24 19 19 26 28 24 30 19 20 32 22 29 15 26 23 15 24 20 18 20 28 15 27 24 27 21 28 27 34 20 26 24 20 14 31 22 24 26 25 25 16 19 16 18 22 23 21 15 18 20 25 24 16 14 25 27 28 27 23 19 25
23 14 18 7 26 25 30 20 26 17 29 21 20 18 26 22 20 21 24 26 31 21 22 26 22 22 19 19 24 24 26 17 18 20 25 22 26 15 21 15 22 22 23 22 15 18 24 26 22 23 23 20 16 22 23 21 27 21 16 18 18 21 17 31 20 20 28 19 32 19 24 31 16 29 31 24 23 20 20 39 19 12 22 17 16 17 17 20 25 31 15 20 21 19 17 15 27 19 22 28
24 15 24 14 31 25 25 26 33 21 27 22 15 21 24 31 33 16 32 13 21 18 19 18 26 24 27 21 20 33 16 17 18 23 21 26 23 23 16 10 20 16 26 29 17 22 22 17 16 19 23 25 14 20 23 32 17 17 17 20 13 15 18 19 28 18 20 20 20 20 20 15 17 28 18 18 18 15 15 28 13 23 22 25 16 22 29 12 22 18 18 21 18 22 19 25 19 17 14 19
30 22 20 27 22 24 17 27 28 23 13 30 17 25 14 23 14 17 24 31 14 22 27 18 19 19 16 17 22 18 15 20 15 19 18 17 24 23 27 23 22 27 14 21 28 17 6 33 28 22 27 20 19 20 21 35 20 28 24 26 29 23 14 22 22 17 17 25 22 24 24 20 19 23 15 18 23 26 24 13 20 15 47 21 10 30 14 25 26 25 28 31 19 23 16 17 27 26 19 20
17 27 25 27 11 22 17 19 27 22 22 28 32 15 14 12 21 21 21 14 34 18 35 15 35 24 26 19 18 27 18 20 18 21 21 17 24 19 14 15 23 21 32 27 20 25 24 17 25 25 24 26 22 26 20 22 26 17 20 8 25 15 30 14 21 19 25 16 17 25 22 20 15 19 22 14 14 24 25 28 19 25 23 17 16 16 17 14 17 26 22 20 19 19 23 20 17 22 19 18
19 35 20 10 14 23 22 25 20 24 17 24 19 21 15 14 20 12 22 19 25 23 18 18 26 19 15 13 18 18 26 27 16 26 21 28 20 27 23 23 16 22 23 25 16 22 20 21 24 21 14 28 22 18 20 19 25 27 20 13 10 22 22 22 22 21 20 20 14 21 22 22 18 22 22 23 22 21 19 19 16 22 20 22 25 16 18 28 12 10          
