0.447368421052632 2420 28 43 44 38 37 33 33 33 37 33 54 48 37 44 42 49 15 34 36 42 30 45 36 47 36 32 32 42 27 38 32 30 37 32 33 30 38 30 37 30 32 36 34 42 41 39 41 33 37 39 51 29 26 32 39 33 34 37 18 42 45 30 30 26 34 37 37 38 39 37 32 42 31 35 29 33 53 28 37 39 40 49 41 65 32 36 30 76 45 28 37 32 39 49 40 30 31 30
38 44 25 43 42 41 36 43 34 35 46 36 28 40 33 36 23 26 25 21 27 28 26 28 59 43 37 46 54 48 34 33 40 35 24 30 43 26 34 34 29 31 30 20 30 25 34 40 41 40 37 33 21 35 44 41 34 33 43 36 25 23 36 41 41 38 24 37 70 35 36 46 32 39 40 38 45 29 43 39 33 46 44 41 37 31 34 24 39 45 43 30 39 44 52 41 35 30 30 32
35 32 27 24 40 26 37 37 46 43 23 45 50 45 29 36 39 47 47 50 33 36 30 44 35 45 34 40 49 33 25 37 36 33 52 36 42 45 40 34 43 33 22 40 29 46 37 37 35 32 31 51 32 37 39 56 35 41 37 38 29 23 33 35 44 51 48 43 48 40 44 51 46 36 36 31 38 38 32 33 39 29 37 44 29 28 37 22 39 44 33 45 49 50 42 44 36 39 35 35
36 31 46 23 33 40 35 43 43 28 31 36 36 25 45 33 42 38 37 29 37 37 38 33 34 32 39 37 45 32 40 28 34 37 48 49 46 33 48 29 38 37 34 33 22 40 39 32 36 54 50 23 36 20 29 30 36 46 32 31 42 33 35 46 27 33 35 33 51 37 45 20 43 38 30 15 36 40 34 33 43 30 45 27 39 27 40 39 36 44 42 45 30 38 30 41 41 43 27 45
43 33 39 36 32 42 44 42 44 38 41 31 29 37 30 34 45 35 37 33 33 43 43 36 21 37 34 33 38 45 25 42 37 42 32 39 40 41 48 41 36 35 46 32 34 17 42 21 41 37 41 43 26 30 26 41 23 39 35 36 39 42 42 31 36 42 35 33 45 30 42 43 44 46 47 41 53 39 36 36 41 40 47 42 44 35 43 37 32 36 47 35 32 34 33 27 41 31 40 28
31 30 34 44 29 33 29 43 56 34 37 30 36 30 37 32 43 31 35 36 43 49 39 44 46 42 39 30 34 40 36 36 39 32 33 54 44 48 37 30 41 34 56 37 30 39 27 39 34 37 48 40 28 22 35 33 32 38 38 20 44 27 44 39 42 40 29 21 19 32 45 42 47 33 31 35 33 33 40 38 46 32 38 38 31 28 38 37 37 39 39 37 38 35 40 28 26 32 33 33
36 42 38 41 36 43 26 32 27 42 43 22 31 25 40 18 39 35 23 43 23 44 28 51 38 33 47 31 42 37 41 41 36 37 43 36 34 32 43 33 42 43 30 29 35 23 41 32 45 38 41 36 47 29 24 37 42 26 44 45 34 45 45 40 49 39 38 51 30 40 39 48 45 50 53 48 22 48 43 39 33 41 37 31 47 40 58 50 32 44 39 44 41 32 34 31 45 41 41 43
35 42 41 37 39 40 41 37 38 50 37 36 29 40 44 49 44 41 50 40 42 37 46 46 30 42 54 34 42 42 31 41 45 41 38 42 29 35 33 44 37 31 54 33 34 26 34 41 30 44 32 41 31 41 26 38 41 33 27 53 44 47 42 39 38 45 43 29 47 46 47 36 33 60 60 23 40 34 37 34 23 53 27 39 40 32 30 42 41 35 20 29 29 38 40 39 44 38 24 44
40 33 38 37 40 32 26 24 25 32 43 33 40 49 49 38 46 31 35 42 44 32 35 31 35 33 37 41 24 32 60 32 40 33 36 39 55 38 46 39 29 34 50 45 29 48 38 24 34 43 51 44 38 28 46 44 35 36 35 44 48 28 44 44 42 28 39 45 44 39 44 30 37 36 30 37 33 44 39 36 28 37 34 44 30 42 28 41 35 32 32 38 33 37 39 29 51 45 36 38
39 41 34 33 41 36 40 33 50 47 49 32 44 38 40 28 43 42 42 45 46 36 21 34 36 25 41 30 33 38 40 39 43 51 37 42 46 34 30 36 44 24 53 29 39 47 42 33 40 43 42 36 50 41 37 42 51 41 49 53 50 41 34 57 46 36 34 37 31 51 37 42 51 39 43 38 41 32 40 34 45 44 34 37 33 27 33 39 44 34 45 44 33 30 39 28 37 29 46 37
31 41 38 28 29 45 34 40 38 40 33 28 41 42 23 41 45 37 33 30 38 34 43 31 39 29 40 33 43 31 41 36 29 37 43 35 46 49 34 32 31 39 35 40 37 39 41 39 24 47 31 35 44 29 36 34 31 40 49 34 37 44 31 19 29 33 46 41 32 33 26 39 31 39 23 43 37 41 32 37 33 32 38 40 31 42 32 47 28 31 31 37 43 23 44 34 29 33 22 36
32 31 40 42 29 34 26 36 36 42 37 33 33 51 40 33 42 44 34 38 38 33 28 30 44 41 36 22 38 47 38 29 41 31 46 37 30 39 35 49 45 28 13 46 52 39 37 41 43 39 50 42 44 35 23 35 27 38 40 30 29 35 30 41 35 46 28 41 33 20 38 42 43 41 39 33 44 44 51 41 37 37 41 42 55 42 43 38 33 29 43 41 37 32 41 36 46 43 45 52
28 38 55 40 31 41 39 25 50 43 45 41 42 38 40 90 77 119 111 45 45 42 42 34 35 37 44 36 34 37 41 38 47 39 33 45 33 40 27 47 44 41 37 30 36 33 37 46 45 29 43 33 44 46 25 47 17 43 34 34 37 36 31 40 39 43 43 43 40 44 31 48 42 39 39 34 22 36 49 32 51 35 29 32 44 40 30 41 36 25 29 21 24 35 48 23 36 39 38 45
33 40 53 49 37 57 42 39 34 56 42 40 36 47 34 36 35 42 30 36 39 43 34 42 45 29 41 34 34 28 36 38 36 32 30 38 32 34 48 33 27 36 23 30 29 33 39 39 32 30 43 38 27 38 37 40 41 36 38 46 32 40 23 31 39 43 38 21 35 50 20 47 38 55 38 38 46 30 35 24 24 38 42 46 51 35 42 30 45 41 39 29 51 31 31 31 35 23 37 26
37 45 33 41 49 33 46 29 27 33 25 31 44 38 39 51 32 47 31 31 37 24 34 36 34 33 46 42 29 31 33 40 27 44 32 26 29 44 40 39 33 47 37 45 35 29 30 37 40 34 38 40 56 30 33 41 41 37 44 30 39 39 39 36 39 33 37 48 43 29 33 32 34 39 44 34 37 41 41 37 45 40 36 35 39 33 28 41 41 27 41 30 41 27 41 32 42 42 38 31
34 38 30 36 42 46 32 32 42 36 38 49 30 32 30 35 41 47 26 29 33 33 46 27 37 32 41 32 40 13 43 24 47 42 39 31 24 46 37 63 41 38 30 28 40 39 30 41 45 38 29 36 39 43 31 37 35 29 47 40 37 42 43 24 42 43 33 28 36 34 34 46 49 48 31 37 35 33 34 49 41 38 43 42 36 40 43 47 37 51 38 34 36 30 40 45 34 53 36 55
36 31 38 40 41 41 36 37 30 47 37 39 38 42 44 38 32 42 41 30 33 34 40 22 33 43 40 38 42 31 25 24 39 35 36 35 26 38 40 42 38 25 36 36 40 26 27 45 25 24 33 30 37 30 38 51 33 28 41 40 49 45 41 31 51 44 30 50 40 44 31 43 31 46 44 41 34 49 17 43 44 46 25 33 35 29 48 33 28 29 17 36 32 32 48 48 30 35 25 29
28 34 28 47 38 28 38 33 26 38 25 29 35 42 35 43 46 26 37 31 35 34 26 32 28 39 33 36 41 42 16 33 34 40 32 32 33 28 25 32 43 41 46 29 12 44 44 37 41 45 39 28 26 32 22 30 33 36 44 31 31 42 30 21 36 38 32 32 21 37 38 43 36 38 36 35 34 42 43 33 41 34 24 53 26 40 40 46 40 34 43 40 31 33 40 31 28 39 24 43
41 33 43 54 34 44 50 32 37 41 30 42 43 28 41 36 31 40 36 42 37 52 50 22 25 38 40 29 35 45 26 40 34 39 39 29 55 38 34 38 33 41 38 35 46 44 29 28 39 29 33 43 43 34 37 36 39 40 41 43 37 37 37 40 33 44 41 35 38 35 25 41 43 26 26 30 21 37 34 49 42 41 29 31 35 36 36 41 40 32 33 35 50 34 28 26 38 39 31 45
41 44 36 41 32 38 47 30 53 36 40 28 24 38 39 34 30 37 43 33 30 49 34 27 38 38 33 32 45 41 37 42 37 35 35 33 35 34 40 33 20 32 35 37 27 32 24 37 25 38 37 42 42 36 40 27 36 40 38 35 34 41 25 48 42 28 53 33 34 35 32 29 40 33 42 43 41 38 33 33 39 44 31 41 29 35 41 23 32 33 35 30 37 26 12 31 37 42 34 33
44 42 37 33 39 33 38 35 23 47 44 38 33 40 38 25 44 27 41 27 32 31 38 29 25 33 59 41 37 15 41 46 34 32 40 38 37 27 41 49 26 35 42 38 42 24 34 29 33 42 45 42 33 34 44 39 34 29 39 30 46 33 34 42 42 45 44 42 32 33 38 52 29 36 43 27 51 33 33 52 35 23 33 35 40 29 40 41 41 39 35 38 55 50 47 35 45 27 39 31
48 34 32 33 39 31 30 39 35 42 23 32 33 37 47 41 25 47 41 34 41 35 31 32 53 40 33 32 36 40 56 34 26 34 49 36 55 42 37 33 25 34 28 51 35 46 26 32 41 51 36 29 32 32 31 29 30 31 44 24 15 36 33 28 52 31 34 38 42 36 36 43 37 31 29 35 29 55 42 36 38 41 34 34 31 42 41 31 23 31 42 23 33 30 30 41 47 41 41 47
30 37 38 28 47 37 30 30 41 32 44 40 47 37 51 33 38 39 49 32 35 34 25 38 37 35 27 33 34 38 40 27 36 41 41 33 26 45 29 34 31 36 40 42 45 42 42 38 30 46 34 46 40 13 48 30 51 97 43 44 33 39 38 39 32 31 44 32 32 30 35 35 45 32 39 38 36 45 49 24 26 40 33 44 43 47 42 37 42 37 30 38 35 24 40 45 38 47 36 24
38 28 42 43 29 37 36 47 46 41 43 38 37 11 22 15 18 24 18 13 21 22 14 12 27 16 25 27 13 24 17 23 21 22 9 36 9 25 22 16 29 18 21 25 22 17 23 25 18 31 20 15 12 26 28 23 18 16 17 17 21 18 24 24 20 25 22 18 25 20 8 21 15 17 9 17 14 15 22 21 27 17 25 24 19 16 18 15 24 20 15 17 19 14 15 13 14 19 20 22
21 20 15 11 24 21 22 16 23 19 25 25 21 20 9 20 19 29 7 11 13 30                                                                              
