0.384615384615385 2667 21 24 25 17 18 31 33 19 32 28 17 26 23 27 31 22 31 26 26 25 10 25 35 20 34 30 27 21 21 21 18 23 21 31 33 33 22 27 21 19 28 27 19 25 23 34 19 26 20 19 21 28 30 29 23 11 21 28 33 21 32 23 25 20 14 31 24 27 27 19 23 29 25 32 17 22 18 30 18 27 18 24 25 20 17 21 44 23 20 29 25 32 30 21 30 29 31 22
28 25 20 20 19 30 15 19 34 22 23 26 33 32 27 25 19 23 20 27 26 30 22 14 24 22 31 16 20 19 31 29 18 30 26 21 33 33 17 30 27 34 20 32 24 19 14 27 26 31 24 23 14 17 12 32 29 26 32 31 27 33 25 27 33 23 21 25 28 27 31 17 35 24 14 33 18 27 25 25 17 23 18 29 23 22 38 31 22 26 30 29 33 20 26 23 20 18 27 24
19 27 21 27 24 21 20 33 20 17 28 22 28 28 27 27 24 21 24 31 20 26 27 13 26 25 23 24 22 38 28 26 36 24 29 17 24 20 14 22 24 23 30 22 26 28 26 30 22 24 22 22 21 23 19 22 19 23 18 21 21 23 28 17 28 27 26 23 26 17 18 27 23 22 24 25 21 20 31 25 34 26 26 19 22 24 19 24 26 27 30 24 25 30 20 29 18 28 26 16
15 25 22 24 22 36 32 30 25 20 30 35 19 23 29 28 21 27 25 23 18 32 29 31 22 27 23 23 15 25 27 21 21 26 33 30 29 33 24 23 27 26 17 22 24 25 28 24 20 25 29 30 26 31 30 28 26 28 17 22 38 25 20 25 18 20 29 22 35 24 28 19 28 26 24 18 18 16 22 19 32 21 20 35 24 30 32 30 23 25 30 26 29 28 22 30 20 23 24 26
36 27 26 28 28 23 30 33 17 17 31 26 28 25 24 21 15 25 35 29 24 18 19 22 32 35 25 19 34 28 24 19 31 24 19 26 32 32 24 27 24 29 27 25 22 17 25 16 30 21 22 12 35 19 21 19 28 24 19 31 28 22 27 26 21 20 22 17 29 19 24 14 22 18 25 19 17 27 17 21 16 22 18 20 24 29 24 23 27 29 23 30 27 17 27 19 33 24 28 19
20 25 26 24 18 20 24 12 28 17 21 24 19 20 22 25 27 17 25 18 26 28 17 19 19 22 12 22 21 24 24 19 24 19 28 15 24 34 18 18 18 15 21 21 21 28 31 33 27 19 25 31 22 30 23 27 23 27 20 34 19 24 30 24 28 27 23 18 28 16 22 22 20 23 31 24 24 25 20 35 37 38 29 31 26 21 29 34 21 17 28 25 27 26 18 29 26 28 39 21
21 24 27 14 31 22 21 26 15 20 22 18 23 26 24 41 26 19 21 24 31 22 19 23 22 28 46 44 63 27 32 27 24 19 25 25 20 32 32 26 17 31 28 29 30 26 19 23 32 27 25 28 32 15 31 29 23 22 21 26 31 24 25 23 28 15 28 27 21 17 38 26 28 20 23 23 19 20 19 23 21 33 16 22 34 19 27 20 21 21 22 14 28 24 22 27 30 34 34 28
24 19 20 33 23 32 20 27 32 33 18 34 29 25 29 27 18 22 16 60 59 32 24 19 23 19 21 24 20 23 23 25 25 26 22 9 9 13 28 20 31 26 25 42 23 30 26 27 27 31 23 28 17 23 20 25 23 19 21 19 34 20 22 21 34 20 24 25 15 23 22 22 21 27 28 23 20 23 26 17 22 25 25 31 35 21 23 28 28 23 23 25 23 27 30 32 26 24 20 34
30 28 14 22 31 29 22 34 37 24 23 20 21 21 20 23 24 17 23 27 21 12 20 23 37 32 16 23 26 27 29 20 19 15 20 25 24 27 14 25 28 20 33 27 17 28 24 25 31 24 27 36 22 26 32 26 30 19 32 21 29 23 27 33 34 28 31 22 32 24 29 31 23 27 27 28 21 26 29 18 16 30 23 19 34 18 19 33 22 29 25 21 19 33 25 25 26 30 26 22
21 27 22 28 35 21 27 31 25 24 24 21 30 21 28 25 32 28 20 21 30 31 28 29 32 21 29 26 17 34 11 23 23 24 31 21 26 31 32 23 20 32 26 29 29 24 27 18 23 20 19 31 18 36 26 25 19 23 28 21 23 18 17 29 21 26 27 16 22 33 26 26 21 24 17 26 15 26 28 26 24 21 21 20 27 18 31 20 27 27 37 16 25 27 18 20 31 25 21 20
31 24 35 29 28 32 26 28 28 17 28 31 22 38 32 25 32 28 20 28 27 27 22 25 19 16 25 18 33 23 21 31 23 21 28 33 20 34 18 39 28 23 22 34 30 21 36 11 29 27 18 13 25 24 22 27 33 25 30 44 36 20 18 30 31 22 25 23 18 22 22 21 19 28 22 28 45 31 27 24 18 30 24 22 25 28 14 21 19 31 19 30 14 34 24 28 24 32 30 23
26 21 22 24 27 31 15 20 29 19 24 32 23 27 29 23 23 11 20 25 26 26 17 32 28 15 22 28 23 23 22 30 24 26 11 23 20 13 28 22 27 24 20 19 26 26 26 31 17 30 22 29 29 34 21 29 22 30 31 27 20 31 21 17 22 22 19 27 20 28 31 19 31 28 20 20 28 21 22 19 18 18 28 27 20 29 33 25 15 27 22 22 23 32 29 29 24 23 27 25
19 25 24 23 31 26 21 21 21 19 14 29 29 28 30 24 28 28 37 19 18 28 26 29 28 27 26 20 17 15 24 26 31 20 28 18 27 24 33 18 24 19 33 11 28 25 24 33 32 30 28 24 31 19 26 41 30 23 33 35 25 24 29 21 24 26 18 26 16 28 19 19 24 26 30 24 20 29 34 27 24 28 26 14 36 24 17 34 23 85 27 27 16 25 28 16 38 24 21 22
22 27 24 25 30 19 24 31 26 22 29 28 23 26 26 28 22 19 19 26 23 34 24 18 24 19 27 37 29 20 29 22 24 22 26 16 25 33 33 20 23 25 27 18 26 28 32 30 31 31 19 35 21 32 18 22 23 27 23 23 38 23 28 17 26 28 27 23 19 20 25 18 28 15 36 29 21 29 25 25 25 17 25 27 29 16 39 16 21 26 36 24 18 25 24 21 26 19 22 14
21 29 23 21 29 24 30 31 26 39 22 25 23 17 36 24 27 23 13 23 24 20 24 22 21 19 26 19 16 19 21 16 27 18 27 29 24 31 27 31 21 19 26 28 32 28 17 26 25 30 29 19 27 16 19 17 26 17 33 26 23 18 26 33 11 23 32 21 21 26 26 26 27 24 27 21 32 23 27 35 26 28 35 19 25 37 21 35 25 12 18 21 25 20 28 23 37 34 35 25
25 29 27 24 30 19 22 21 28 22 25 22 22 19 32 18 22 27 14 28 15 23 30 29 27 24 21 26 27 25 25 28 29 27 18 12 29 29 26 27 33 21 24 22 23 26 20 25 25 22 18 18 20 20 33 18 21 33 22 31 13 22 28 27 24 19 24 25 29 29 26 40 26 20 26 20 23 33 17 25 24 20 25 20 35 19 25 24 16 27 22 22 23 29 22 27 20 19 21 36
29 27 22 20 29 24 21 21 24 27 15 24 18 30 20 37 26 27 30 28 29 26 32 28 19 28 20 29 20 20 32 19 15 37 21 26 29 28 25 32 29 20 18 19 21 26 14 17 23 21 34 28 32 25 26 26 27 27 20 28 19 26 25 25 34 26 26 23 17 14 31 31 14 14 32 25 20 25 29 30 31 21 29 26 27 35 35 20 27 22 19 24 21 27 23 29 20 35 14 24
25 31 30 29 35 18 21 23 24 29 25 20 20 24 21 30 26 32 29 27 31 25 13 22 32 27 25 22 21 24 31 27 27 21 24 22 31 24 25 20 26 22 26 28 24 23 23 24 23 20 20 20 22 28 24 18 22 24 23 23 36 31 23 28 19 23 24 33 25 22 31 37 24 21 20 27 20 24 20 29 19 19 26 23 21 21 29 20 27 28 29 32 37 14 21 26 28 27 21 22
22 34 27 32 33 21 29 22 26 25 31 29 32 17 32 30 18 20 22 24 29 28 20 19 23 15 19 23 23 21 21 29 15 24 27 32 28 26 15 19 14 27 22 26 20 19 28 29 15 21 31 26 20 24 21 29 22 21 15 19 26 28 14 25 18 25 33 29 17 32 26 22 25 29 21 23 26 23 26 23 29 23 24 22 30 32 23 27 14 22 27 22 21 21 28 22 36 22 13 30
24 31 12 26 27 22 30 25 33 24 20 19 22 22 23 18 19 17 22 23 29 18 23 36 22 29 32 23 17 29 24 23 24 19 19 23 36 19 19 19 25 25 20 24 20 25 30 31 38 30 18 26 28 31 14 23 19 18 32 17 29 43 28 29 23 20 33 25 35 24 29 34 24 23 36 30 28 19 22 22 27 28 21 21 24 31 33 30 22 20 22 24 28 40 33 29 32 29 17 24
16 24 21 30 22 23 27 34 33 26 23 22 16 29 26 19 22 19 24 27 21 29 25 27 20 27 24 18 20 15 25 19 23 16 24 32 25 21 32 17 19 31 12 22 33 25 23 31 25 27 22 29 16 25 31 23 26 27 21 22 30 21 38 31 33 33 29 21 31 27 19 23 28 27 27 30 26 24 21 21 28 15 21 21 25 23 29 23 28 32 24 20 19 36 21 26 24 35 31 36
31 34 29 15 33 23 22 35 18 21 22 31 35 22 25 14 23 33 26 23 24 21 33 29 26 29 22 24 21 28 29 17 21 27 15 19 25 21 28 33 28 26 23 28 21 19 25 23 30 20 29 20 18 23 17 29 30 22 26 24 19 21 21 31 35 26 11 33 22 31 26 28 17 22 21 29 20 29 26 24 25 27 35 24 33 26 26 23 27 29 28 35 29 20 23 32 25 23 29 21
23 26 38 22 27 16 17 24 28 20 25 15 34 27 25 22 28 18 24 31 28 22 19 17 19 21 25 17 19 34 23 39 29 29 21 22 26 23 26 21 12 32 18 24 26 32 33 24 26 27 11 28 22 9 25 29 24 24 25 23 27 29 31 23 26 16 18 18 29 23 24 23 29 30 22 30 23 32 27 30 27 12 26 24 23 21 23 26 20 27 26 28 24 26 29 21 18 32 23 31
27 25 20 30 24 36 30 24 26 21 22 24 28 33 31 33 30 22 28 24 19 25 28 17 22 24 30 18 27 18 24 26 26 27 21 22 32 29 28 23 23 27 22 24 15 25 32 22 21 22 20 27 24 31 28 23 20 24 37 24 14 26 22 25 22 42 36 26 29 27 30 23 29 20 41 22 33 26 21 24 32 23 23 29 29 12 31 26 29 27 21 21 35 19 32 18 24 32 24 19
15 23 16 18 23 81 20 33 31 22 35 25 26 14 26 21 16 26 24 15 25 32 25 34 21 25 25 24 22 31 26 20 31 26 20 23 23 26 27 23 28 21 29 25 20 28 32 22 15 15 13 23 26 30 26 23 19 20 24 21 23 21 25 23 22 32 23 20 24 20 31 15 18 19 29 16 24 16 17 22 24 23 27 19 14 25 19 28 23 23 23 23 30 20 27 21 19 23 19 27
25 24 33 31 26 27 24 25 17 18 27 13 21 20 20 27 19 21 23 29 28 14 24 23 25 29 35 21 14 13 20 11 28 23 21 28 25 24 24 27 18 19 18 21 20 25 20 18 26 10 15 19 25 24 22 29 20 24 27 32 18 18 16 19 24 22 16 25 17 22 20 16 20 15 34 36 17 23 21 15 17 23 20 26 25 16 21 22 18 22 12 26 27 23 14 21 22 26 18 21
16 21 26 31 20 25 19 24 14 30 24 26 15 22 27 17 23 25 20 28 18 27 21 17 25 18 22 21 25 18 28 19 29 26 32 25 14 20 24 30 26 21 15 14 21 27 21 24 19 20 16 31 26 24 27 22 25 24 27 26 33 39 26 18 23 18 20 30 29                               
