0.352941176470588 2933 42 32 29 25 15 23 21 26 19 16 22 24 17 18 15 45 16 28 33 23 15 16 32 19 30 20 32 14 29 17 24 27 29 24 18 24 23 27 14 22 23 27 25 13 27 17 19 19 23 25 19 19 25 17 19 26 22 15 15 16 30 18 17 30 25 21 20 23 22 25 25 16 25 22 18 20 19 18 28 45 21 31 18 18 20 28 19 19 27 23 16 28 28 23 20 24 26 27
19 24 7 48 17 31 35 21 24 23 22 25 23 24 12 29 23 25 16 15 18 27 18 22 19 26 29 15 18 25 22 19 22 22 13 18 17 31 14 15 22 23 23 15 15 20 17 17 26 21 27 23 19 26 26 35 16 32 30 19 30 21 15 20 31 9 35 24 30 22 23 27 16 23 31 27 23 27 21 19 28 27 22 17 28 24 20 17 16 19 18 25 18 24 14 28 18 24 25 24
21 18 21 30 20 15 12 23 17 28 15 24 19 28 19 23 13 28 26 25 23 12 17 18 20 23 25 21 23 28 16 16 26 32 27 28 18 24 19 23 21 28 20 22 11 20 25 21 15 22 16 24 20 24 19 23 20 28 22 30 24 23 27 24 19 23 23 16 17 26 27 18 15 30 20 24 28 23 15 28 23 22 18 25 20 23 20 22 15 20 27 18 21 22 21 21 19 15 16 16
15 18 14 21 19 29 17 26 21 15 22 23 17 21 20 22 14 14 18 24 26 34 25 14 19 29 27 25 27 22 26 22 14 13 26 18 18 27 15 18 17 18 22 16 18 17 24 28 22 18 13 29 14 30 21 31 23 17 20 14 25 19 19 26 14 18 26 21 24 19 27 18 25 19 21 20 17 25 20 22 21 16 17 21 18 22 31 26 28 27 15 16 19 35 26 25 19 19 28 21
25 22 23 24 29 22 37 21 26 26 19 25 10 25 11 18 11 24 17 14 18 22 20 22 29 27 20 24 25 25 20 24 19 18 32 20 14 25 26 15 14 15 20 16 32 21 23 33 27 28 26 29 20 22 19 24 32 24 23 25 14 27 26 23 32 24 23 25 24 21 23 28 28 16 18 19 23 21 23 19 27 28 21 24 21 17 19 19 16 18 28 30 17 20 10 17 22 22 16 18
26 23 22 25 27 29 26 19 13 20 12 22 15 21 21 17 18 22 19 26 25 17 18 15 19 23 30 17 25 19 23 26 26 18 24 22 24 17 18 17 18 20 26 15 21 20 24 27 28 26 25 11 21 24 21 26 17 18 26 19 11 24 20 17 23 18 28 22 16 28 31 18 20 19 17 22 22 24 18 30 17 25 22 17 22 18 14 23 16 28 34 18 21 30 28 26 25 27 22 34
22 29 15 16 20 22 22 22 17 30 24 26 17 20 27 20 25 24 21 25 24 26 15 22 25 23 27 20 15 24 20 26 27 13 17 24 18 22 19 24 13 20 16 28 18 20 14 15 19 30 22 30 23 19 18 27 19 21 30 17 27 16 25 28 8 27 18 25 19 14 18 10 18 19 23 24 20 23 16 25 19 23 24 24 17 15 29 18 17 20 22 14 22 28 27 21 16 19 18 20
14 24 31 16 19 19 21 21 25 27 21 22 27 17 21 22 24 25 20 20 25 22 21 16 23 25 30 28 15 29 22 17 23 20 26 28 15 24 21 25 15 22 19 22 15 18 24 23 20 18 15 22 14 16 25 23 20 22 25 16 11 20 15 27 24 16 25 31 14 16 18 20 18 21 23 17 20 12 27 20 15 16 23 21 24 23 14 34 32 16 24 26 17 24 18 19 22 18 22 20
19 27 24 21 22 22 26 28 15 22 19 23 18 29 23 27 24 28 19 18 23 26 17 17 20 18 16 19 19 17 38 37 11 24 13 16 27 23 27 19 18 17 19 22 23 7 13 40 17 30 27 17 23 23 25 25 32 28 18 20 19 25 22 21 27 19 28 16 19 25 20 25 18 36 21 19 20 20 29 26 33 28 27 15 22 19 24 25 19 22 26 28 15 22 24 27 16 19 25 26
17 22 24 27 17 24 36 30 21 25 24 16 33 26 28 37 24 24 24 26 18 18 22 29 14 23 17 17 75 20 31 32 27 14 27 23 20 21 15 19 32 18 9 18 26 18 12 24 16 24 17 18 26 23 19 32 25 16 22 25 30 30 27 23 22 29 29 19 27 17 27 36 23 28 29 25 15 26 27 24 15 22 22 24 15 17 18 24 23 23 26 16 22 32 27 24 17 28 33 26
23 23 24 21 18 31 23 20 26 21 24 21 25 38 20 17 22 16 32 25 23 24 25 21 24 27 27 28 19 36 21 25 22 25 24 23 17 18 26 22 24 16 22 30 25 31 23 28 30 28 19 18 19 26 25 28 24 21 16 26 23 24 30 21 21 18 21 25 15 29 12 30 18 15 25 34 19 18 27 22 17 22 24 24 23 23 12 14 14 25 35 35 14 33 26 26 22 25 28 28
20 11 14 26 19 14 20 27 14 24 29 22 37 17 17 24 18 18 20 36 26 22 22 27 18 26 27 19 25 19 32 19 28 20 21 12 38 35 26 27 23 26 20 25 19 22 28 17 26 26 17 27 29 26 20 21 14 25 20 27 17 23 26 23 29 29 30 21 16 16 22 21 30 24 22 27 13 23 20 17 22 24 25 16 23 25 12 18 20 19 16 27 25 21 19 24 29 16 24 34
27 31 26 19 17 18 30 25 19 25 13 30 19 12 24 32 25 24 22 22 25 32 19 24 29 14 25 26 22 31 17 25 21 17 15 19 15 25 20 17 22 15 19 22 20 28 17 21 23 30 21 27 18 31 26 35 24 19 21 21 21 21 28 20 29 15 24 21 20 24 24 22 21 23 29 19 27 28 20 29 31 23 27 25 21 21 20 22 22 11 27 31 25 18 18 15 22 25 19 24
17 25 17 21 20 24 23 28 16 8 16 25 21 22 24 22 17 14 12 16 22 29 20 20 19 18 16 26 22 26 16 17 23 26 24 26 22 28 16 27 22 16 17 24 20 21 17 35 29 15 24 25 25 36 24 26 22 16 21 25 15 19 15 27 23 20 18 24 10 19 16 17 27 18 28 16 20 25 25 19 35 14 23 28 14 15 26 15 24 21 18 20 23 28 23 36 20 24 28 25
26 28 32 24 24 16 26 21 31 23 16 13 18 20 28 22 17 14 19 23 19 13 22 28 18 21 34 26 23 20 15 13 28 25 23 16 28 15 32 36 72 16 12 27 23 12 25 21 23 15 24 29 25 22 20 17 14 19 21 24 24 19 22 20 22 31 23 29 29 19 19 28 20 32 15 32 22 19 24 25 23 29 28 19 25 19 26 31 19 17 24 29 23 28 26 20 25 18 23 19
26 35 24 28 17 18 17 21 16 22 18 14 25 24 21 17 22 26 20 14 24 24 25 21 19 15 29 24 21 13 23 18 21 18 16 21 22 26 28 23 20 18 23 21 28 28 18 26 18 26 17 26 28 24 21 20 27 19 15 14 20 26 21 18 25 21 15 21 19 8 20 16 17 17 19 24 21 28 33 25 21 15 19 17 17 22 24 22 20 14 20 27 20 19 13 21 24 22 16 19
19 23 24 21 17 16 27 24 10 12 19 17 12 29 23 24 27 25 28 33 15 14 18 20 32 18 21 24 21 21 22 26 25 19 27 15 20 25 27 21 18 23 24 22 16 15 16 16 21 22 21 25 20 34 20 19 23 23 18 20 24 21 21 17 23 19 21 17 20 21 16 23 23 21 20 25 19 13 23 24 39 20 17 20 15 25 18 20 22 11 24 16 18 14 19 25 20 29 17 21
25 20 29 22 20 17 25 23 27 24 17 20 24 20 15 16 12 15 25 20 28 26 18 18 27 26 32 25 20 28 15 27 21 27 18 26 24 18 17 21 22 18 26 28 25 22 20 21 20 18 24 22 22 23 19 15 26 16 17 27 19 28 18 27 27 30 22 20 13 17 30 24 21 17 22 27 15 24 34 25 22 17 28 34 19 29 20 11 17 19 25 16 24 20 20 24 18 24 19 25
12 26 22 22 21 17 18 21 33 20 16 17 26 26 29 22 25 19 25 25 19 15 26 23 18 19 20 18 25 25 18 21 29 26 24 22 20 24 28 31 22 16 24 23 16 18 20 25 26 25 17 19 15 19 28 25 25 25 20 22 22 19 9 22 25 16 23 18 16 32 22 16 12 14 28 14 27 30 27 27 19 17 18 22 18 18 24 26 20 25 21 16 19 26 20 18 16 23 15 15
25 23 19 23 22 18 18 20 25 19 28 29 23 22 25 36 14 16 16 32 18 16 20 18 29 18 20 29 17 24 17 17 25 11 26 26 17 19 25 19 25 29 18 22 30 36 22 19 13 22 32 25 20 20 20 18 21 9 35 30 11 17 19 14 18 19 21 16 18 22 17 24 20 18 17 21 23 19 15 24 23 23 19 23 19 18 22 18 13 25 27 13 14 20 30 22 22 31 18 17
28 14 25 16 19 24 17 29 25 13 15 23 25 20 18 22 25 21 15 16 22 32 17 31 24 24 22 30 27 16 17 24 19 25 21 20 20 22 17 19 14 28 20 33 19 21 24 29 20 16 23 24 12 17 23 20 19 15 21 23 24 18 19 19 25 25 11 20 7 14 8 32 29 20 20 23 24 22 22 13 19 21 25 20 16 14 16 21 24 22 27 24 29 20 36 21 26 24 24 26
24 28 25 21 20 17 27 24 26 27 28 26 17 17 25 18 30 29 19 29 14 11 24 21 19 31 17 20 22 21 27 27 21 19 19 22 14 29 23 22 39 32 11 19 13 26 19 19 14 20 33 30 21 24 18 16 22 20 35 15 15 18 32 19 17 25 24 19 26 25 20 29 23 16 21 26 15 24 13 13 18 18 19 22 16 25 17 18 23 26 17 19 23 23 10 16 17 24 25 23
22 23 25 19 26 16 13 24 19 24 20 35 30 15 22 18 20 18 26 26 31 22 29 18 23 22 20 15 20 24 27 22 24 23 25 20 24 19 22 23 16 26 18 16 25 25 28 27 24 13 28 20 17 14 12 17 18 19 19 25 13 22 17 25 23 27 25 14 24 21 23 22 13 15 24 19 19 20 21 27 30 25 17 24 28 19 13 16 18 17 23 22 20 22 27 26 25 13 23 30
27 14 26 17 23 17 29 26 19 27 21 22 14 20 17 23 20 23 28 20 22 11 17 30 27 20 23 14 16 22 29 20 19 23 23 19 16 23 22 31 19 28 22 15 26 12 17 24 22 26 20 18 21 19 26 27 17 17 14 23 20 16 27 17 27 29 30 20 35 28 14 26 26 25 21 24 35 23 19 29 18 19 20 26 25 12 26 25 20 19 31 22 27 15 29 17 28 20 11 20
16 17 19 23 35 17 22 18 30 37 26 22 19 24 21 19 19 23 26 19 13 21 24 20 25 19 17 27 18 19 20 28 24 21 24 22 27 23 26 21 24 17 24 26 24 20 34 19 23 25 20 22 17 28 30 22 21 25 16 16 18 21 30 19 21 34 26 17 20 16 15 23 20 19 19 21 33 24 18 25 25 30 30 26 24 21 22 18 16 19 25 24 12 30 15 25 23 26 23 17
22 21 25 19 24 18 15 27 24 24 23 29 15 25 24 25 22 30 21 14 22 28 19 18 24 25 21 11 19 23 22 25 19 21 18 16 25 28 16 29 16 33 19 21 29 21 13 19 20 26 19 20 21 11 25 30 16 15 29 20 22 23 18 26 13 22 23 13 18 21 21 13 27 17 20 24 25 26 20 24 18 17 20 21 20 19 24 13 22 15 23 24 25 17 14 28 28 31 23 21
15 17 21 16 15 16 19 28 18 22 10 23 21 16 23 24 16 18 26 14 27 16 36 27 22 30 21 28 17 20 31 22 24 22 26 21 23 18 23 18 21 19 18 26 18 15 13 23 15 21 25 18 28 19 19 18 23 20 21 19 10 23 22 23 19 18 25 19 20 24 23 19 32 23 22 26 25 24 19 18 18 27 18 27 17 18 16 28 24 19 26 17 12 22 24 12 23 24 19 26
20 18 20 19 17 21 27 20 24 24 19 20 29 31 21 20 26 21 18 22 24 27 26 20 22 21 16 16 22 22 12 19 18 25 17 24 28 20 18 23 21 16 31 25 23 17 22 14 17 22 17 15 15 18 19 18 28 24 21 20 21 15 16 20 21 22 18 23 30 28 22 26 19 19 26 21 17 21 20 20 25 19 23 17 25 19 24 17 17 19 26 28 16 20 20 25 18 15 25 21
24 21 12 17 17 21 24 24 17 32 15 32 20 22 35 22 21 26 22 18 18 10 28 23 23 21 19 22 17 20 22 23 22 21 23 14 11 23 22 13 24 15 25 21 19 17 15 13 24 18 20 19 20 29 15 16 25 17 15 25 24 28 23 18 28 16 14 13 19 17 22 19 20 14 18 20 24 19 16 21 27 18 21 19 27 15 18 15 20 20 22 22 26 27 10 27 18 21 18 19
18 12 17 15 19 26 22 22 30 27 24 20 10 20 17 16 25 21 17 20 19 15 18 22 21 18 8 22 16 26 30 19 17 23 61                                                                 
