0.476190476190476 926 21 19 17 18 16 20 26 15 24 24 27 26 22 22 19 13 16 16 12 16 20 19 15 9 17 15 9 17 8 23 22 17 16 20 18 14 12 19 18 9 15 14 13 16 17 8 13 16 23 12 20 25 24 19 28 15 20 24 18 22 22 12 16 15 22 22 23 17 17 28 16 34 20 16 19 26 33 20 20 13 14 12 25 17 24 17 27 27 22 22 15 24 19 21 18 17 20 17
18 25 22 16 28 20 13 15 18 19 19 16 22 14 16 18 24 18 23 18 28 21 20 27 11 22 16 13 50 8 20 26 27 25 16 19 19 20 24 15 23 17 24 28 26 11 17 28 21 19 20 20 19 18 24 18 15 17 12 18 23 19 26 23 20 21 21 21 19 19 21 30 10 28 19 20 15 14 19 24 24 24 20 12 17 23 18 11 11 13 20 10 24 17 20 13 24 16 13 21
14 13 26 22 18 20 19 20 21 18 18 24 19 24 24 19 11 26 19 16 23 13 25 16 25 20 24 16 23 16 21 19 13 21 24 17 19 21 18 21 20 8 14 22 18 12 22 17 20 17 15 18 10 27 31 23 10 26 25 21 25 11 53 52 29 17 17 21 24 30 24 23 28 21 21 18 25 21 23 14 26 19 24 21 24 14 28 28 24 26 19 32 51 28 28 25 38 23 26 21
22 31 17 20 19 11 18 18 18 22 17 16 18 20 20 15 13 21 19 22 19 26 24 25 23 22 27 25 15 24 8 20 23 26 21 20 22 25 17 19 25 15 21 17 23 17 13 23 29 20 16 20 15 30 14 26 15 21 17 25 25 20 18 21 22 16 19 22 13 21 17 15 22 26 15 16 14 22 12 32 16 12 15 19 26 14 20 21 14 15 8 9 16 20 23 15 20 14 18 22
15 21 13 17 17 8 14 15 14 28 17 18 11 15 16 15 14 16 15 23 17 10 15 18 14 15 10 14 23 16 11 14 21 10 18 24 20 16 17 15 21 16 15 19 29 25 15 28 18 15 16 20 19 16 22 23 27 18 22 21 21 18 18 35 24 21 22 42 18 12 20 22 16 18 15 10 22 31 24 20 32 21 20 20 30 12 24 16 14 21 23 21 17 26 14 10 19 22 25 15
14 14 17 14 19 16 23 21 14 17 14 22 12 17 15 23 19 17 16 24 26 17 20 21 14 18 19 16 12 14 19 20 19 14 32 21 16 22 18 12 18 16 17 19 18 22 12 17 16 16 21 22 17 17 17 27 20 27 20 16 19 15 16 18 15 24 13 11 11 14 15 24 22 23 19 21 27 24 21 14 20 20 19 25 23 14 16 27 19 17 18 18 16 13 27 15 21 24 20 17
23 17 21 21 23 21 18 22 23 16 19 15 16 15 17 20 13 21 24 20 25 24 14 13 16 18 27 17 17 30 16 21 21 27 6 29 13 20 18 20 19 16 30 23 22 14 14 17 17 14 19 12 19 16 13 20 23 21 20 16 15 14 16 19 21 27 28 14 23 17 10 22 11 26 19 21 19 21 16 28 20 9 22 19 23 18 9 11 12 21 17 18 14 19 21 17 15 14 18 13
12 22 10 19 18 23 12 20 21 23 19 20 19 13 16 11 28 24 21 18 26 17 16 17 17 17 21 22 23 23 19 14 15 26 15 12 31 24 18 14 22 16 10 14 23 18 17 14 20 21 19 21 19 17 26 16 17 16 21 9 22 28 11 18 19 12 15 16 15 17 14 12 26 26 25 20 14 15 28 23 17 15 20 25 15 18 16 23 18 15 32 18 23 11 22 18 22 21 22 16
18 18 22 15 18 10 19 7 15 19 13 14 17 15 21 15 17 22 20 12 19 21 23 17 16 13 22 18 23 16 15 21 10 29 17 24 15 19 28 19 16 17 14 22 18 25 15 18 12 14 24 25 16 7 18 21 25 20 25 16 27 19 12 20 12 20 25 22 25 17 17 13 15 16 13 16 19 23 25 32 22 23 28 18 13 8 22 23 12 17 21 17 21 19 16 13 16 13 16 21
19 16 12 18 23 19 27 15 14 19 18 19 20 18 17 20 14 22 16 18 18 17 16 17 17 20 20 19                                                                        
