0.423076923076923 2588 17 38 35 26 35 30 34 13 31 32 25 26 36 22 29 32 36 34 42 33 24 31 23 26 37 33 31 15 25 27 36 34 29 27 29 23 37 32 33 25 11 24 29 21 28 30 34 27 22 34 20 20 19 31 23 27 33 34 27 32 29 30 19 25 23 31 29 33 40 23 21 31 24 21 29 28 27 28 25 35 21 30 33 30 24 28 35 29 24 30 21 26 29 40 32 21 30 34
31 31 33 26 26 21 29 24 28 23 28 25 27 25 30 25 24 27 22 35 34 27 27 17 27 27 26 28 22 21 18 24 21 31 28 35 24 33 41 28 33 29 39 27 28 17 26 19 30 31 19 21 21 37 41 29 33 35 26 39 35 30 39 30 24 30 15 31 31 26 21 22 32 23 24 28 27 23 23 30 31 21 31 27 22 34 29 40 20 29 25 29 32 33 30 22 33 32 21 23
26 24 19 26 19 31 22 25 27 23 24 19 27 31 32 25 29 29 26 31 19 60 21 27 33 27 25 18 17 28 32 29 30 27 31 30 27 32 32 41 24 34 32 25 27 31 26 32 32 31 31 27 30 27 24 25 34 30 33 26 33 25 21 25 29 41 43 23 32 28 30 33 35 32 32 30 24 23 33 32 29 34 31 36 23 27 38 33 30 28 19 23 29 24 30 29 34 29 32 21
31 34 32 31 21 29 29 33 27 26 32 35 21 24 28 38 36 28 35 29 27 19 27 29 32 34 28 19 33 29 30 22 20 30 27 30 28 31 27 24 31 25 33 28 25 28 26 27 21 25 27 33 34 26 25 32 19 23 28 29 28 20 32 34 22 20 26 27 25 26 29 16 27 17 29 29 30 35 28 24 29 31 38 32 27 36 31 25 33 22 15 24 24 23 34 29 24 40 33 22
28 30 20 35 27 24 34 29 32 29 25 22 27 23 30 36 22 35 27 24 26 31 29 21 37 29 19 29 27 25 30 34 40 30 28 22 30 28 29 21 31 32 22 17 30 21 24 30 29 25 31 32 18 32 19 27 27 24 27 24 24 25 23 28 26 24 24 18 22 28 32 23 27 33 35 31 31 18 20 22 24 22 14 24 23 23 23 37 30 20 35 27 21 24 30 27 30 31 31 32
34 30 24 29 33 21 28 28 23 34 31 24 30 20 23 28 23 30 27 24 20 26 27 26 25 34 39 37 25 29 15 27 33 18 35 37 26 30 25 24 31 37 25 20 27 22 20 24 30 27 26 30 30 30 31 15 33 23 27 23 30 25 34 30 20 31 29 41 24 28 28 20 23 36 27 30 20 23 21 25 22 25 20 35 27 31 21 27 24 32 32 35 31 25 22 16 28 23 30 26
31 29 34 29 26 22 28 22 34 27 29 28 26 32 25 37 33 31 26 25 15 14 36 25 29 22 31 34 25 21 23 28 22 32 33 28 28 33 33 22 30 24 26 31 20 34 37 33 13 37 33 20 34 23 43 29 20 26 19 33 30 24 27 39 20 30 29 25 38 27 25 24 38 20 19 32 18 29 37 35 31 28 20 25 28 24 26 28 36 26 24 25 27 29 23 31 32 33 23 18
39 28 36 43 33 31 21 28 41 38 23 27 35 26 30 24 26 26 24 33 22 26 25 19 30 29 33 32 29 19 36 33 25 25 33 34 31 37 30 25 39 25 35 36 23 23 22 21 27 29 26 34 29 23 28 34 15 26 30 43 42 13 29 31 16 27 20 25 26 24 33 24 26 30 45 25 40 22 31 23 31 31 25 30 28 26 17 25 26 30 31 22 19 36 40 32 23 36 32 35
11 39 31 26 43 33 13 28 33 27 43 35 30 39 17 41 31 34 25 30 34 33 32 39 26 17 30 27 41 21 23 24 33 18 35 41 27 29 26 43 19 38 41 46 19 26 33 23 37 28 23 36 28 27 34 31 38 22 30 26 40 16 33 27 34 27 35 31 27 35 23 25 30 26 25 26 26 33 29 27 31 32 28 38 25 27 18 32 30 34 25 38 29 26 31 30 34 25 49 37
27 25 25 28 25 29 32 26 23 37 28 38 28 26 18 30 32 30 33 42 23 26 32 37 36 28 29 27 43 24 32 13 33 29 33 31 35 34 36 18 20 41 35 30 31 34 22 37 22 24 25 27 42 25 30 26 29 24 37 39 27 27 26 35 32 24 22 29 23 31 23 29 24 24 33 38 27 35 35 29 27 28 29 38 33 32 39 27 19 23 29 28 24 34 20 30 29 38 29 27
17 28 29 19 18 37 29 23 19 29 27 24 29 27 24 37 29 33 24 36 24 27 32 33 30 36 45 44 31 29 36 29 40 22 32 27 37 29 27 28 28 29 36 28 22 30 37 32 24 30 27 28 28 31 35 37 28 29 22 24 35 46 35 26 24 28 33 30 21 43 17 29 40 31 34 23 31 25 29 16 15 24 23 27 31 22 28 39 35 31 35 24 25 15 30 20 36 25 24 29
34 23 26 32 15 32 28 26 24 21 30 23 23 24 18 43 18 29 22 23 28 25 31 35 31 28 26 20 24 30 23 22 38 17 24 25 40 24 17 30 17 21 25 38 35 27 26 20 29 30 24 31 18 33 23 37 29 37 24 39 36 24 31 41 35 37 28 24 31 24 26 24 33 25 31 26 31 23 20 27 28 20 29 26 25 23 26 25 18 31 23 35 27 29 29 34 29 21 23 27
29 36 24 21 27 24 24 20 27 20 28 28 32 35 30 28 29 34 41 33 27 26 27 24 27 29 14 26 38 28 26 24 24 23 26 32 30 19 21 41 33 20 18 31 38 24 28 27 23 22 26 32 24 36 29 32 23 25 41 20 27 34 29 35 37 37 30 34 37 29 31 26 26 42 22 33 31 34 33 29 30 38 31 31 39 34 25 31 29 30 33 31 36 33 30 33 35 22 25 25
31 25 32 38 42 31 24 28 30 28 31 32 32 24 34 24 23 39 25 46 87 22 29 12 32 27 31 33 24 20 23 35 29 32 27 25 28 20 37 41 37 29 26 26 18 45 26 32 28 40 27 22 24 28 30 32 27 25 38 20 31 39 26 34 18 29 34 45 31 27 36 37 35 24 29 35 36 38 28 45 26 31 28 31 26 28 28 33 37 26 25 22 20 32 29 29 34 30 23 13
28 33 25 24 22 24 21 27 19 20 39 40 18 30 29 34 26 39 22 22 28 34 16 28 29 25 34 30 27 25 27 35 34 20 46 30 33 18 39 23 34 28 37 27 25 25 31 39 29 27 31 29 30 25 30 27 18 32 25 30 25 33 26 31 21 24 24 31 26 15 29 28 25 26 29 32 26 28 27 19 37 29 28 27 25 32 34 29 28 28 21 20 31 18 33 22 27 32 35 28
36 30 35 27 18 33 28 29 32 30 43 35 89 28 42 16 32 21 27 32 24 26 29 22 30 36 25 30 30 24 15 18 31 25 25 18 38 37 31 24 22 26 31 25 23 23 24 36 35 25 17 24 24 30 17 19 17 43 28 32 29 29 30 32 20 40 36 27 24 34 23 25 12 25 32 21 42 22 25 28 28 21 18 30 24 22 28 28 20 32 24 41 19 26 36 22 20 17 20 29
25 29 23 27 21 31 25 32 28 30 16 28 29 21 17 35 36 24 26 26 30 25 31 13 27 21 22 19 28 23 24 26 30 23 32 19 21 11 25 35 28 17 34 30 35 28 26 35 27 30 35 26 34 21 30 30 24 38 30 28 30 27 30 26 26 23 26 30 27 26 20 27 26 25 28 39 27 27 33 19 18 23 28 30 31 28 20 34 17 41 23 21 24 34 13 20 14 26 17 28
27 24 17 24 18 20 26 34 22 21 23 39 34 19 21 29 31 20 32 23 21 26 24 36 33 29 36 28 12 26 23 21 24 29 26 29 22 27 24 17 25 29 27 28 24 30 23 32 24 36 29 37 27 15 25 27 26 30 21 31 21 31 25 18 26 39 33 30 36 32 35 27 21 35 26 22 40 35 22 34 25 29 23 30 36 22 28 29 23 41 18 20 29 24 30 16 17 26 27 29
29 29 24 23 15 20 28 28 29 31 26 26 30 28 29 32 22 28 20 25 23 25 20 30 27 24 33 23 23 18 40 28 16 27 27 29 30 29 33 25 27 22 23 35 33 35 33 36 32 27 30 34 17 21 34 22 29 29 35 17 26 26 39 26 24 25 30 24 26 24 37 25 24 27 25 22 35 26 21 29 33 19 36 20 31 30 32 23 24 31 23 28 27 24 33 33 26 34 29 24
26 22 29 25 29 28 23 26 26 38 25 24 29 30 23 31 33 27 35 30 30 30 23 27 24 44 21 22 32 33 20 35 26 35 34 22 24 34 24 27 28 34 32 28 29 27 26 38 25 34 32 24 24 28 42 19 27 22 37 26 37 38 27 25 35 23 28 29 31 18 21 32 35 37 31 28 25 24 30 24 31 27 28 35 30 33 30 30 9 24 23 24 28 31 20 20 34 17 26 26
33 22 30 34 38 19 20 29 31 20 41 33 23 26 22 46 25 30 36 26 28 27 28 37 26 31 23 37 26 21 28 24 34 20 42 26 29 20 25 41 24 26 29 30 36 25 20 28 24 32 37 24 25 32 41 24 24 29 24 25 29 26 29 25 29 26 34 31 24 18 24 14 31 27 16 30 37 24 22 24 34 25 36 37 31 26 21 25 31 28 29 25 24 37 39 18 32 22 31 36
26 32 28 21 25 33 35 23 18 33 33 34 24 58 32 22 44 28 32 33 23 18 24 37 37 19 13 25 22 25 26 27 26 30 28 34 28 31 29 29 27 22 33 38 31 32 25 29 28 26 22 31 27 33 28 24 30 36 30 25 21 28 28 27 28 33 18 30 33 24 32 29 32 19 26 24 18 27 23 23 30 24 20 25 33 23 29 20 26 32 41 32 25 26 41 31 26 70 32 32
31 24 35 28 33 39 35 40 30 27 19 32 40 31 30 26 32 28 30 28 29 26 27 37 28 29 31 36 31 35 26 24 24 18 23 22 30 28 31 25 26 18 28 24 24 23 36 23 29 23 19 27 23 30 13 23 26 21 21 39 31 24 28 38 23 32 24 32 14 35 24 31 22 34 32 19 25 29 23 25 24 23 20 24 24 18 25 21 35 24 28 33 36 34 35 35 26 28 21 38
27 26 21 23 25 21 24 21 32 14 28 29 31 22 30 30 29 26 26 23 22 41 26 29 28 25 29 29 26 30 28 29 33 29 26 23 30 30 42 23 17 28 28 28 24 27 19 19 24 24 32 24 27 29 29 34 29 20 23 24 22 28 26 20 20 25 37 14 20 30 22 29 31 33 35 28 21 28 23 13 22 30 25 50 23 28 32 21 33 40 33 31 29 21 27 31 19 24 26 28
26 26 23 18 26 36 23 20 30 26 26 21 31 29 35 25 28 27 26 24 27 34 24 34 34 43 31 40 35 31 40 26 31 21 27 28 24 26 12 32 28 21 27 23 25 39 33 34 27 39 25 15 15 13 14 16 13 10 22 11 16 12 21 12 14 14 18 12 16 6 17 17 19 24 17 21 18 17 13 12 9 17 13 20 14 17 18 12 11 10 19 14 12 13 16 19 21 24 15 19
11 20 11 18 15 7 15 13 15 11 9 9 9 9 6 5 14 18 7 12 15 17 12 18 18 15 14 22 19 15 15 16 11 23 13 21 21 20 12 13 15 23 15 14 12 11 23 17 13 19 21 19 14 13 15 9 19 10 18 15 9 15 13 19 12 21 14 8 18 17 15 19 13 13 15 15 20 15 8 5 6 11 19 15 17 8 18 16 6 14          
