0.5 1460 14 19 19 16 18 14 12 5 14 24 18 11 12 16 9 18 11 15 16 18 19 23 14 16 20 19 21 16 14 15 16 7 7 13 9 11 21 10 13 11 14 19 14 10 16 13 9 14 7 22 7 9 15 15 16 7 17 11 18 26 20 15 15 16 9 20 7 11 21 10 7 14 15 10 15 14 20 13 12 11 10 12 7 14 12 15 11 13 14 14 11 15 16 18 18 19 13 13
14 14 19 13 19 10 9 17 19 16 10 24 13 15 14 19 13 15 21 22 25 9 8 14 13 25 15 18 18 12 14 11 21 23 24 18 13 13 11 16 10 11 13 21 18 18 18 15 25 23 6 19 28 18 14 14 29 16 17 27 21 18 14 17 14 11 19 26 21 18 12 16 25 14 17 17 11 12 13 8 16 20 14 7 11 17 14 12 13 13 12 13 20 9 14 22 8 21 19 24
12 18 18 17 13 30 19 13 13 21 21 12 16 16 8 14 19 10 14 14 16 15 19 15 20 15 18 18 17 32 15 15 19 12 19 15 14 9 19 13 18 12 15 15 12 14 18 20 13 15 12 15 11 12 12 11 16 14 10 19 18 12 12 14 17 22 25 14 12 13 14 15 12 21 26 13 16 24 23 18 15 15 23 13 15 17 12 17 16 20 11 14 13 13 20 9 17 18 10 14
21 14 22 9 17 13 14 8 12 13 24 11 16 15 15 17 18 18 14 9 28 14 17 11 13 10 21 9 21 17 14 18 17 18 10 13 8 10 13 14 14 11 12 12 13 20 9 12 16 15 12 8 22 14 17 9 12 19 15 19 14 12 10 6 7 20 13 13 5 7 15 15 14 17 15 17 15 15 7 12 16 16 18 21 11 20 13 12 16 16 12 10 14 17 14 13 15 16 14 12
17 20 13 24 11 9 23 19 17 12 22 25 23 16 14 10 19 11 16 13 15 37 32 21 14 15 19 20 12 8 8 21 17 13 20 15 18 14 17 14 16 15 12 20 9 18 15 15 10 17 13 16 13 13 12 15 17 25 26 17 7 22 25 33 20 16 28 20 14 12 20 13 17 12 11 17 14 18 14 18 16 25 14 14 28 15 15 12 15 21 22 12 12 11 19 22 12 16 9 16
11 15 15 16 20 20 18 11 16 12 15 21 15 14 10 14 19 15 16 12 18 17 16 15 18 21 16 15 21 19 11 16 8 7 14 22 19 22 13 16 9 19 18 16 10 15 16 22 16 12 15 12 12 15 19 11 16 12 18 24 12 18 12 15 17 13 12 17 11 13 23 15 14 11 14 13 13 15 11 24 17 19 22 20 19 18 26 11 8 10 15 10 10 8 13 18 13 12 5 14
14 8 10 20 11 11 19 14 13 16 10 17 6 14 13 12 11 18 9 10 9 15 14 13 11 9 14 12 13 6 12 12 11 12 15 15 18 9 12 15 12 13 15 13 12 9 15 17 10 11 12 17 14 14 13 12 10 14 22 13 10 16 17 10 10 14 16 14 14 12 13 11 13 12 7 12 12 14 9 11 7 12 10 11 10 9 12 13 14 22 20 22 12 10 19 18 15 17 24 16
31 12 13 25 13 21 25 15 12 21 22 17 19 19 25 16 18 38 13 10 13 19 13 17 17 13 14 11 16 7 21 24 23 11 19 20 18 17 15 14 15 13 22 12 14 17 13 14 8 18 15 11 15 9 16 14 13 16 11 10 22 15 24 16 17 9 15 16 12 13 11 11 10 17 10 12 12 11 12 9 11 14 12 14 17 11 15 13 11 10 14 13 17 15 12 10 14 11 11 12
18 9 19 16 7 12 15 16 15 21 18 17 12 15 16 20 15 12 25 12 16 22 14 8 11 32 17 20 15 13 16 14 14 14 17 15 17 16 20 24 13 17 19 15 11 12 22 13 8 24 11 16 12 9 17 15 17 11 16 12 15 14 17 15 12 13 16 10 11 15 16 14 10 11 13 13 14 14 9 14 10 15 19 6 15 19 17 14 17 21 10 9 9 17 27 17 13 17 16 18
19 13 15 19 16 12 12 17 15 15 16 21 17 17 12 17 12 13 12 12 15 15 13 21 18 12 16 15 14 13 20 21 16 17 18 17 20 12 12 13 14 20 16 22 12 7 13 9 11 10 18 11 14 14 16 9 18 20 17 16 15 11 13 19 13 13 12 14 15 14 17 12 14 14 10 8 16 13 18 15 22 10 17 13 12 12 15 24 21 25 24 10 18 9 19 18 12 14 11 15
13 9 16 12 19 12 17 16 11 16 14 12 18 10 14 15 11 25 14 15 19 17 17 14 21 20 17 15 15 21 16 19 18 17 14 18 19 19 14 22 11 15 14 18 17 13 18 16 15 18 20 16 15 22 16 13 17 14 16 13 11 17 17 10 16 5 10 11 17 15 13 13 18 14 12 12 15 13 16 25 23 10 19 10 15 12 13 12 10 14 19 21 16 17 17 15 16 15 11 9
19 14 8 13 16 12 21 15 16 19 10 18 12 14 16 17 17 14 13 18 14 16 16 19 16 16 17 18 18 14 10 14 14 15 12 21 17 14 15 13 13 20 12 18 16 16 20 11 15 18 15 18 14 12 17 16 21 20 21 15 24 21 12 16 15 18 9 14 18 11 20 16 14 20 16 12 12 13 10 15 22 20 9 19 9 10 14 12 25 14 17 22 14 18 13 10 12 12 10 25
17 17 10 16 11 7 13 27 10 12 16 18 16 19 17 23 21 17 14 22 19 15 19 12 11 18 12 17 13 22 20 13 20 14 16 16 16 15 14 17 8 17 19 14 13 15 16 13 14 15 16 19 9 20 20 16 13 15 19 16 11 18 16 15 14 19 16 17 15 14 18 19 20 21 22 11 8 14 20 9 19 14 18 14 20 16 15 10 15 18 15 19 11 22 12 14 12 19 13 8
16 20 19 32 16 16 17 15 13 16 13 18 12 12 16 22 14 18 16 15 12 11 11 19 15 20 15 15 17 13 20 16 15 12 15 21 16 8 20 21 21 17 20 11 13 11 21 17 13 17 33 17 13 20 23 19 11 15 15 17 11 14 10 24 11 18 15 14 19 11 17 19 14 21 22 16 11 11 10 16 13 18 15 15 13 18 20 10 17 12 14 23 15 19 16 16 16 14 21 14
25 16 21 15 15 8 15 9 13 11 16 12 14 12 10 9 14 17 9 16 22 20 14 20 15 19 19 14 15 17 12 13 14 14 18 11 14 11 11 9 11 17 17 9 22 11 15 17 14 17 20 18 13 22 17 21 18 21 21 13 12 16                                      
