0.48 1438 11 14 16 15 14 9 11 11 15 22 12 17 15 14 21 25 27 19 15 10 9 15 21 26 14 23 15 12 9 12 18 12 20 15 22 22 14 8 9 12 11 16 13 8 19 11 11 13 10 9 13 15 17 12 16 19 20 19 15 14 19 9 11 17 15 9 16 24 18 11 14 13 13 18 15 14 21 21 17 16 16 21 20 7 16 13 14 9 18 21 18 16 20 24 15 21 12 17
19 12 22 12 12 16 7 14 26 18 14 17 14 14 16 18 18 19 14 9 18 13 15 14 16 13 20 20 18 10 17 19 17 22 25 11 18 13 20 13 10 18 15 14 17 15 14 16 20 14 12 18 18 12 19 13 13 16 16 12 18 18 18 13 12 15 16 18 16 17 17 27 18 17 18 13 17 24 17 21 19 21 18 15 9 16 9 13 14 15 15 17 17 12 9 8 11 26 19 20
14 17 18 25 27 13 22 15 16 11 22 15 15 19 23 20 22 13 17 13 11 31 17 24 15 21 17 13 18 22 23 22 25 18 20 24 16 19 10 18 21 15 15 16 13 20 26 14 20 23 16 22 20 18 19 15 18 17 18 13 19 15 16 12 19 21 20 26 16 17 16 18 20 13 19 21 16 26 14 20 22 22 21 17 21 21 15 16 16 8 15 17 14 13 18 10 16 13 13 17
11 20 18 14 23 21 14 16 22 20 16 20 18 19 15 13 17 23 20 15 17 15 17 20 16 19 17 18 12 17 19 10 12 19 21 10 16 14 14 13 27 16 15 17 17 18 18 18 23 9 15 16 15 16 15 15 24 19 15 25 10 20 18 22 7 9 11 14 17 13 13 20 16 17 14 16 18 16 14 10 18 13 15 21 15 14 18 16 21 18 18 17 13 13 9 14 18 18 15 20
14 21 11 14 19 26 22 17 23 17 24 13 25 13 16 32 12 17 32 20 21 17 21 15 13 14 26 16 13 18 14 14 14 16 17 13 19 15 17 20 14 15 25 11 19 12 11 24 14 15 14 13 14 12 29 17 20 23 21 15 25 18 24 13 17 16 23 11 20 13 12 20 15 17 15 17 14 27 13 22 16 27 19 16 15 16 19 20 14 17 20 18 15 10 18 21 15 25 16 17
14 12 17 15 8 18 11 17 21 12 23 23 12 15 20 17 23 17 18 25 19 12 22 21 25 22 17 18 22 14 14 19 13 14 16 21 27 13 15 16 17 16 9 18 17 16 22 20 10 21 17 21 17 12 21 13 13 15 12 14 17 16 15 23 11 20 19 13 16 13 18 8 16 25 19 15 16 18 21 20 14 21 21 11 18 9 11 11 19 20 7 15 20 24 24 14 13 14 13 16
19 15 11 20 17 8 12 14 22 16 8 14 15 18 16 18 11 17 16 15 13 14 13 14 19 18 20 17 14 9 15 14 18 12 13 16 16 15 14 16 22 10 14 16 16 11 12 19 14 18 10 18 11 10 10 20 11 15 14 12 17 10 15 14 11 11 12 13 13 10 14 11 11 17 15 17 11 14 17 21 19 17 17 18 15 17 12 16 11 14 10 21 17 16 17 20 11 13 21 12
14 17 22 10 8 16 13 16 18 17 13 15 12 16 21 21 18 11 17 21 16 17 22 25 19 23 16 15 19 16 19 23 21 19 23 17 23 18 17 20 23 9 18 41 18 11 12 9 13 23 13 13 10 9 14 14 11 13 15 15 14 15 22 15 17 14 22 18 16 21 13 13 19 12 11 16 22 18 17 12 20 23 15 23 22 15 19 8 18 24 16 26 17 19 22 15 13 18 15 17
14 19 14 14 12 19 13 15 16 16 21 19 11 22 16 13 20 21 21 20 18 11 20 21 18 21 14 12 10 13 16 14 15 15 16 12 20 14 16 26 15 19 24 7 20 17 17 15 12 17 13 7 18 12 17 19 10 19 23 13 8 16 9 21 11 13 15 15 11 13 21 13 7 8 19 16 18 19 17 14 15 10 19 19 8 12 7 13 32 17 18 17 16 13 25 12 17 21 16 13
13 11 22 15 12 16 10 19 18 16 14 12 19 18 16 20 14 18 12 13 13 16 14 12 16 17 15 9 14 12 11 13 18 24 13 10 17 13 21 14 19 10 16 12 13 11 22 13 18 24 17 17 10 20 20 12 16 16 16 17 15 20 22 8 14 24 17 23 20 24 10 14 6 23 14 16 13 18 12 12 15 10 15 20 13 17 17 21 28 19 19 15 20 18 13 15 13 18 14 16
10 12 24 16 12 14 20 20 10 16 15 12 20 17 13 25 23 12 9 13 16 29 18 10 14 18 15 16 24 28 27 21 23 17 28 17 10 26 13 20 21 22 16 21 20 10 9 17 20 19 24 19 24 10 15 31 18 11 17 16 9 24 21 19 12 16 25 14 21 12 21 14 19 19 10 18 26 14 16 16 14 16 23 10 13 13 9 9 16 14 25 12 23 13 15 12 16 14 23 22
20 14 11 10 13 15 14 21 12 19 14 10 16 17 10 16 18 11 7 18 14 19 21 16 20 12 17 18 13 11 12 20 15 18 15 11 19 17 11 18 17 20 16 13 22 19 18 16 18 15 21 11 11 15 17 15 10 12 12 15 16 11 16 11 12 16 13 10 15 16 20 18 16 12 25 15 20 21 17 16 14 22 16 19 10 25 18 19 15 12 19 20 14 18 24 20 16 13 18 26
23 15 17 14 12 17 18 15 13 18 15 20 20 19 20 17 11 22 13 27 15 13 17 21 20 19 14 19 15 11 9 16 14 17 13 19 13 14 18 13 16 8 20 14 14 16 11 20 11 9 16 25 19 8 21 13 15 13 14 19 21 18 19 12 28 18 14 24 11 22 14 6 11 10 16 16 17 15 9 14 10 21 21 8 17 19 17 18 16 12 13 14 11 13 11 22 16 18 14 11
15 18 17 15 10 12 13 19 9 18 14 20 13 17 15 11 19 13 19 18 13 17 17 8 15 13 16 10 15 11 16 12 18 14 17 18 18 17 13 22 15 18 13 14 9 13 18 21 14 13 26 17 20 16 15 12 16 15 7 20 17 19 17 13 17 12 18 14 8 15 19 17 21 15 16 7 22 13 17 17 10 16 11 14 12 13 17 13 12 14 14 14 15 15 13 15 12 15 12 12
13 12 16 9 17 14 10 13 12 20 16 12 13 12 19 15 14 14 12 18 13 20 13 10 10 13 12 25 16 16 12 13 11 14 17 12 12 11 9 24                                                            
