0.277777777777778 2903 16 15 23 24 20 30 22 23 21 24 27 30 59 26 23 24 22 19 18 17 26 23 16 27 18 26 28 20 29 22 29 22 22 23 24 17 15 8 14 30 21 21 24 14 25 27 20 25 18 21 21 28 20 10 18 16 18 23 16 23 16 20 17 19 17 26 17 15 30 21 19 18 17 24 28 21 21 22 19 23 19 27 24 27 23 22 11 31 16 30 22 17 20 14 20 21 25 20
26 19 28 22 18 24 30 14 17 17 21 15 13 16 31 12 12 18 22 23 23 18 24 23 20 15 18 23 21 21 20 18 27 20 26 24 18 29 29 21 16 29 21 18 22 17 18 18 21 16 19 17 16 20 14 19 31 26 18 22 14 20 27 20 35 30 24 21 13 26 25 28 28 25 26 25 22 28 27 23 24 24 18 26 22 18 23 23 21 23 13 24 24 30 21 18 22 30 20 18
28 20 16 27 24 18 17 21 14 17 18 22 20 19 28 27 28 20 28 19 20 18 28 23 27 25 28 31 32 37 32 20 26 26 34 23 35 29 33 23 25 27 27 20 31 23 18 20 27 17 21 21 21 18 29 21 26 24 31 18 19 25 22 29 25 21 26 23 20 22 23 22 25 25 28 27 23 23 29 22 20 24 34 33 32 26 27 34 29 34 28 31 35 25 30 36 30 28 28 21
35 26 25 28 24 29 26 15 26 25 25 16 18 22 16 29 27 25 38 39 30 19 27 21 23 31 28 16 22 15 19 23 20 15 25 24 27 25 30 15 15 20 20 23 33 27 28 19 21 22 19 23 20 24 24 33 28 30 19 21 25 23 24 16 21 16 22 21 31 26 30 41 29 31 26 23 22 29 25 23 25 24 33 27 33 32 18 24 33 25 21 26 17 20 24 23 33 29 24 17
22 20 24 22 19 18 31 20 37 25 23 31 21 26 25 29 21 26 24 30 22 24 27 20 29 29 21 17 14 23 25 26 15 19 20 29 33 17 34 25 21 21 28 18 21 28 24 21 34 22 17 21 25 28 21 29 18 23 19 15 26 23 29 20 13 19 19 18 19 24 27 23 23 23 30 22 24 17 16 23 18 19 20 23 32 22 16 30 26 17 13 31 19 16 14 19 19 17 21 20
22 18 26 20 21 19 17 24 17 25 26 23 13 23 16 13 33 13 20 15 16 20 38 19 28 20 22 29 22 33 13 30 18 18 28 20 25 22 24 24 19 19 16 19 22 24 18 19 24 23 32 31 28 31 26 30 35 19 30 25 23 24 21 19 21 26 23 30 29 25 21 23 25 20 29 18 21 27 20 25 27 23 17 26 11 26 15 16 11 28 23 14 21 20 23 21 30 29 28 20
21 34 28 29 20 16 23 20 18 28 25 20 22 20 19 19 26 21 34 23 12 27 26 16 16 22 17 25 26 12 25 33 22 23 20 26 19 18 23 16 24 22 20 21 24 20 25 16 24 24 27 24 27 13 32 25 24 22 19 25 19 36 29 31 24 22 11 23 18 19 24 31 15 14 17 23 24 21 24 22 27 19 21 40 27 13 26 23 29 29 37 29 19 29 18 28 18 31 38 23
21 18 23 30 22 26 25 24 29 20 21 27 26 26 24 27 26 24 26 25 28 29 23 28 20 25 19 29 33 27 28 21 33 25 25 34 22 21 30 38 27 25 26 23 24 14 32 25 17 26 26 21 24 29 24 28 24 24 22 28 16 31 25 28 37 27 22 26 27 29 14 27 17 20 23 28 27 29 16 21 22 29 29 26 32 27 22 35 30 26 27 25 29 35 34 31 25 17 31 29
26 26 28 20 27 31 41 33 35 24 31 31 23 28 22 14 20 21 21 21 32 16 22 26 23 30 21 16 22 26 14 21 22 28 24 25 24 27 20 28 24 30 21 21 13 18 26 27 29 23 24 26 17 22 29 21 19 19 25 20 20 29 24 30 25 22 26 29 28 30 26 24 28 17 25 26 18 22 23 32 15 27 19 29 13 25 21 18 23 23 27 32 13 19 22 9 21 31 31 22
31 23 37 35 22 22 22 31 24 26 19 19 23 21 10 23 27 28 22 24 33 15 35 22 33 29 23 28 21 24 18 21 26 28 19 26 25 21 29 22 31 22 30 46 32 21 20 23 14 24 16 22 26 23 27 18 28 22 25 37 32 24 15 34 25 21 26 22 33 23 12 19 22 26 21 32 29 22 26 24 24 20 29 24 16 36 29 24 18 20 18 29 31 31 30 18 35 34 22 24
27 17 22 25 27 21 26 26 30 19 33 17 27 31 25 30 30 29 19 25 32 30 33 23 27 18 18 28 25 30 27 23 19 27 15 21 28 33 27 36 21 24 23 25 22 22 21 24 14 26 23 26 19 20 27 27 36 17 24 28 24 27 25 23 25 33 27 21 25 23 28 18 32 18 25 36 24 21 28 20 18 15 20 26 19 22 19 24 21 24 26 28 22 17 29 20 24 19 15 28
25 24 19 20 21 21 26 28 22 22 40 22 21 35 22 15 16 21 27 15 28 27 21 22 31 14 20 27 28 24 14 24 26 20 27 22 22 25 21 21 26 31 25 20 22 20 32 20 22 27 28 31 21 37 19 22 23 16 30 23 32 33 31 23 22 16 25 29 27 28 20 22 14 22 19 24 22 17 16 21 28 23 18 18 25 23 27 27 16 14 18 14 18 18 27 18 21 21 16 20
22 19 17 22 18 31 24 15 18 21 23 16 22 18 29 20 17 19 20 20 20 15 13 18 18 20 17 17 18 20 21 23 13 30 11 22 33 16 28 20 32 19 15 26 24 15 16 18 16 22 27 11 21 21 17 17 21 23 23 19 26 26 24 13 32 11 15 17 24 23 19 17 18 22 18 18 19 20 27 18 22 21 22 17 15 33 28 24 18 25 19 27 16 18 15 14 25 20 25 17
20 20 12 20 22 23 14 16 19 16 20 17 25 15 12 22 16 21 19 22 16 18 16 14 19 26 15 17 21 17 17 23 17 28 25 14 30 21 17 24 15 16 17 21 27 28 10 14 18 15 14 26 19 34 22 26 18 25 27 17 18 20 21 17 29 17 17 23 20 29 25 18 18 20 22 18 18 27 16 16 23 26 19 24 18 36 25 27 18 31 35 16 16 18 22 19 13 21 24 23
25 20 27 21 20 14 24 22 19 20 29 16 21 19 23 27 18 18 24 29 21 17 31 21 24 16 18 33 26 22 19 26 41 27 25 24 22 29 35 24 22 26 24 24 23 29 35 24 19 30 25 35 26 69 27 27 29 19 14 18 22 27 19 29 21 28 26 27 19 24 27 22 18 22 23 25 26 28 29 32 34 26 29 33 40 39 23 30 31 19 28 22 26 33 23 15 22 29 19 27
33 34 35 27 30 30 27 33 22 30 32 23 25 25 16 27 27 23 26 26 13 20 25 28 20 19 16 25 27 28 24 22 19 36 25 19 15 19 20 21 18 12 20 21 28 17 21 17 16 23 24 26 17 25 15 12 23 25 22 13 29 29 20 19 25 33 24 21 23 17 24 13 18 23 27 14 18 23 14 21 17 24 15 21 19 18 23 17 24 15 22 19 22 19 12 23 20 20 17 14
25 16 21 22 22 18 15 21 23 27 17 17 20 20 24 26 17 17 22 20 19 15 20 22 23 19 25 23 17 22 15 22 15 18 16 22 22 13 16 20 15 21 21 22 29 26 24 28 26 17 21 15 20 13 17 14 19 17 23 25 18 18 15 21 12 26 17 32 14 23 22 34 30 21 28 20 25 24 26 19 21 17 22 25 19 25 22 31 15 28 23 29 19 23 15 20 24 20 20 16
22 29 19 19 16 20 31 18 24 18 21 17 28 19 18 18 18 15 23 22 23 24 26 32 21 24 17 17 20 17 19 16 23 26 20 19 21 16 17 27 21 25 26 14 25 24 21 25 28 30 19 17 11 22 21 13 29 21 32 26 22 21 23 21 17 31 17 21 20 17 21 22 21 15 16 21 25 20 15 19 21 31 20 25 21 25 26 17 27 26 16 16 26 27 26 21 17 19 20 26
13 20 21 22 11 18 26 18 21 20 16 14 18 26 26 15 20 18 18 16 12 21 17 25 17 30 24 19 21 20 22 22 13 21 26 22 21 18 15 18 16 22 20 25 17 21 24 29 22 33 21 18 17 17 24 21 18 18 31 23 18 19 30 26 24 21 17 21 24 22 16 27 22 23 21 12 23 34 17 36 24 20 22 26 28 16 15 30 34 25 26 27 31 21 23 21 22 20 24 28
26 23 31 22 21 25 30 22 14 27 19 14 19 27 34 23 22 26 17 20 29 19 14 23 17 17 30 30 21 31 22 17 17 34 19 15 24 24 23 21 27 22 22 12 25 25 21 22 12 20 19 26 29 20 21 16 19 27 28 35 23 31 19 18 15 20 27 17 14 24 35 21 20 28 16 36 33 15 21 16 31 20 25 19 22 22 14 23 23 19 33 17 22 19 28 26 29 30 13 20
26 22 18 16 17 22 22 19 24 25 21 18 21 21 19 17 19 18 31 17 16 24 25 22 15 30 25 21 35 16 26 26 27 23 27 28 29 19 17 17 22 19 18 20 19 21 20 19 26 22 20 20 13 23 20 27 23 15 18 15 28 21 20 29 24 18 27 31 37 22 28 15 28 23 28 19 19 23 30 16 20 14 16 25 23 14 21 20 28 15 20 28 23 15 26 20 30 23 24 26
33 17 16 22 19 21 31 19 20 19 22 25 13 23 29 26 13 21 19 22 19 19 19 25 19 24 22 24 21 20 26 12 29 14 19 22 27 16 27 17 26 26 23 16 21 13 25 17 18 24 15 21 21 20 20 17 20 17 23 31 23 18 19 17 29 25 17 28 24 21 26 23 24 22 27 22 21 24 16 25 24 21 18 19 20 21 27 26 22 29 22 19 11 14 20 17 18 28 17 23
30 19 16 26 21 27 22 35 30 28 20 20 27 21 19 24 16 21 17 20 22 25 23 24 26 22 23 29 39 22 29 26 9 25 26 15 18 22 26 22 19 21 20 16 32 27 19 23 24 13 20 36 24 31 27 24 33 31 29 28 16 28 34 20 21 20 28 26 20 26 25 28 32 19 26 28 25 15 19 34 26 24 32 19 19 21 17 38 29 26 22 25 30 18 24 15 31 17 24 32
20 21 22 16 32 23 28 23 23 18 23 25 30 19 31 20 23 26 21 23 24 29 29 24 33 29 23 25 33 19 26 23 26 23 25 16 23 24 19 20 14 27 21 19 24 23 23 27 28 20 21 20 23 16 21 31 22 25 22 28 17 25 24 30 25 28 28 30 18 27 21 27 32 19 22 27 10 21 29 27 25 20 25 25 26 16 19 23 24 27 22 31 28 10 28 23 14 19 20 24
14 18 18 17 16 29 30 20 20 27 17 25 24 26 20 22 26 23 14 33 19 28 25 31 27 22 33 24 19 22 23 17 22 29 13 21 18 19 23 27 19 26 15 31 20 18 19 23 22 26 15 23 32 24 29 25 24 29 24 24 25 21 17 36 22 25 28 21 19 24 15 27 25 18 31 24 16 23 24 22 19 23 28 12 33 14 23 24 28 20 34 21 17 34 35 24 27 15 18 28
24 26 33 25 26 27 23 30 32 24 25 20 18 28 20 28 17 26 35 29 25 24 19 28 25 17 22 27 31 23 25 21 33 27 22 26 22 28 17 21 28 23 20 25 23 26 27 24 15 16 7 24 22 26 21 22 18 19 22 18 29 21 32 21 23 29 25 32 26 20 22 29 20 21 27 19 22 18 22 22 31 20 31 17 27 19 25 25 28 20 26 17 23 29 23 24 22 17 29 15
14 23 22 30 33 22 32 22 33 22 23 26 23 23 28 24 31 29 26 25 29 36 23 34 28 23 30 25 42 34 35 24 18 28 25 19 25 22 19 21 22 17 26 19 21 22 18 17 15 27 23 34 26 24 28 26 20 24 25 29 24 22 30 21 23 13 19 20 25 18 18 18 23 26 27 18 26 31 27 23 24 22 21 24 21 19 28 25 28 26 21 23 27 26 29 25 18 28 28 23
25 28 33 19 22 23 18 25 26 32 32 30 22 36 30 18 29 21 26 30 25 27 19 29 33 34 20 20 21 20 30 16 25 18 23 20 19 28 20 26 29 25 26 23 20 19 25 22 34 21 25 18 18 27 21 19 22 35 23 11 23 26 19 22 25 20 18 26 28 18 25 24 24 26 28 34 20 29 18 20 24 23 20 14 31 28 22 20 27 23 22 35 23 22 16 14 21 26 21 26
21 23 24 22 21 20 22 24 23 14 30 26 26 29 25 27 24 25 18 31 28 25 23 28 26 14 33 29 22 22 27 26 25 39 15 23 22 19 29 26 23 22 30 25 19 22 23 21 8 21 22 29 25 18 21 9 19 25 27 21 31 19 27 21 23 16 25 16 30 24 19 18 20 27 22 25 24 23 22 24 19 26 15 14 28 20 22 30 19 29 25 24 20 19 24 33 19 28 31 25
28 23 30 31 15                                                                                               
