0.391304347826087 2827 26 27 27 48 26 37 23 33 23 29 46 25 35 33 26 18 24 34 38 38 23 18 33 32 31 25 24 29 30 30 36 24 27 25 26 22 29 28 13 39 21 28 24 34 31 28 21 19 18 19 31 33 19 22 29 26 30 26 29 31 34 22 22 23 26 25 35 24 28 37 28 34 35 23 27 31 40 25 19 23 23 31 22 34 28 23 24 29 32 33 21 39 24 24 18 25 18 26
25 26 20 17 31 22 23 26 28 36 37 30 18 34 24 26 30 33 23 25 33 36 25 21 22 28 24 31 34 23 38 30 25 33 35 30 29 24 41 35 22 28 24 19 27 23 25 23 22 24 33 20 30 24 30 30 23 30 21 23 30 23 24 30 28 23 29 29 26 26 25 22 25 21 30 32 24 32 23 39 27 15 26 20 37 28 28 23 31 31 28 36 37 42 29 30 33 31 31 17
38 32 34 35 36 23 21 29 34 42 38 36 22 33 34 28 38 29 26 22 26 29 32 30 27 23 34 31 29 19 28 32 18 24 18 30 22 37 20 27 29 25 30 27 23 36 34 28 31 28 18 34 19 30 28 17 24 35 29 37 30 27 26 35 34 26 38 35 18 26 32 24 23 31 27 21 36 32 34 25 33 32 29 29 30 27 40 34 24 38 13 19 40 26 27 31 22 27 23 32
15 27 31 26 24 25 25 22 32 25 23 24 32 17 35 17 30 19 35 23 24 23 27 33 25 29 29 35 28 29 33 25 46 28 25 31 28 22 29 35 40 33 23 33 22 28 24 17 31 27 25 37 28 29 34 37 31 21 22 26 35 22 31 25 37 23 29 31 35 21 17 22 33 31 31 27 27 21 25 31 25 25 28 17 17 28 26 29 16 31 28 27 27 38 34 35 34 26 41 19
36 27 34 22 40 19 19 17 27 24 35 30 27 33 35 31 24 25 23 19 21 22 27 28 35 12 34 24 21 25 28 29 24 40 39 26 45 30 34 32 23 26 24 27 27 39 22 36 20 29 31 36 21 34 34 18 34 27 28 24 16 21 26 6 39 26 43 28 50 31 28 22 29 27 30 16 21 20 24 31 33 30 32 26 27 26 26 24 21 28 25 29 30 30 29 35 20 35 27 26
26 36 27 27 33 34 26 27 23 24 21 23 34 28 18 16 24 32 27 38 27 23 34 24 30 41 31 19 30 23 21 31 33 20 44 22 28 26 25 38 34 32 24 30 21 33 36 44 21 25 27 31 27 31 43 32 31 27 18 27 31 24 35 31 30 29 29 39 30 27 26 18 15 36 14 18 15 26 16 28 27 26 33 26 35 16 34 22 20 34 23 30 22 17 38 27 23 25 26 21
31 21 34 19 30 35 14 24 21 31 34 26 32 24 17 31 36 26 27 25 22 28 22 21 22 25 31 21 22 19 18 27 25 32 25 27 28 11 77 38 23 29 21 28 35 27 31 24 34 24 31 16 25 27 36 27 26 30 24 29 37 23 28 32 33 31 31 22 21 34 23 29 35 34 28 30 29 24 33 35 27 22 26 23 31 21 33 32 27 22 26 27 25 33 26 29 32 30 34 34
29 31 30 28 30 24 28 38 26 21 25 30 26 32 27 89 60 13 18 35 34 27 26 27 27 33 29 21 30 36 24 21 36 33 28 23 21 35 19 36 23 22 28 35 32 26 34 34 31 24 17 36 24 30 25 29 33 21 22 29 25 27 28 25 32 30 29 31 29 27 27 33 32 28 26 27 32 26 34 24 30 25 35 24 23 28 25 24 26 39 25 39 31 25 27 20 25 20 18 24
35 28 28 29 25 29 23 33 34 23 26 25 31 32 20 25 32 34 27 15 30 31 60 44 36 31 32 28 30 35 23 24 42 34 33 31 37 29 36 23 33 26 29 33 25 31 33 31 21 30 33 27 24 27 38 31 23 24 36 22 21 21 21 23 30 19 33 17 30 21 25 29 28 31 31 28 28 32 22 23 31 28 23 24 37 31 22 22 29 27 31 35 26 29 29 25 30 25 14 23
28 27 19 39 31 19 25 27 23 29 32 28 31 27 26 26 28 26 32 39 35 31 34 35 21 42 33 38 27 32 35 38 40 35 35 20 33 28 29 34 28 25 38 30 15 26 31 24 28 45 16 22 23 38 27 24 37 32 27 43 26 22 23 25 17 21 20 36 22 25 26 35 30 28 17 37 14 26 25 36 24 35 36 27 37 29 35 31 29 30 23 22 27 34 25 24 31 28 35 28
25 35 29 35 36 21 21 29 24 27 35 23 30 34 31 32 26 24 23 30 32 25 19 27 31 27 24 26 30 35 40 27 25 23 29 18 34 22 33 32 30 29 31 23 25 27 22 32 28 28 24 22 26 30 24 36 26 22 20 30 38 24 28 28 31 26 19 25 26 25 13 29 31 32 37 32 35 20 34 15 34 33 31 26 14 26 20 25 24 38 17 21 26 37 27 25 28 23 30 32
20 14 20 30 34 26 18 31 31 8 29 32 25 28 24 38 16 27 41 28 28 21 24 31 24 27 24 23 34 18 33 34 41 30 32 27 40 19 20 25 26 29 20 21 25 38 23 20 30 22 25 17 43 32 20 21 25 28 30 33 25 25 21 22 28 18 21 43 38 27 27 33 30 32 35 21 26 23 26 21 34 27 21 18 30 28 21 29 14 31 37 19 35 27 25 29 19 26 28 24
33 20 27 16 41 40 19 35 26 30 21 30 39 20 28 31 32 29 30 26 24 29 36 29 21 30 31 29 28 31 29 30 30 28 20 28 26 36 27 32 28 34 31 33 27 15 26 32 24 19 32 38 27 33 25 28 26 22 27 27 29 28 27 30 27 25 24 20 32 23 33 24 24 29 23 30 24 27 22 22 22 20 30 21 33 23 30 26 35 31 29 27 27 22 17 30 31 39 34 32
17 23 28 28 16 32 25 28 22 23 26 21 22 21 24 31 25 17 28 34 37 26 26 29 23 33 29 26 29 31 31 21 31 26 22 24 36 15 27 25 36 63 86 86 56 51 11 24 24 23 26 27 34 29 23 30 31 26 23 34 25 21 33 26 21 28 27 40 28 21 21 28 26 19 19 19 30 29 28 24 21 31 23 34 27 29 23 32 11 29 25 27 27 30 31 27 27 29 34 33
36 26 29 22 19 25 20 24 27 30 22 31 31 24 27 36 40 39 28 24 29 35 17 23 40 28 18 31 30 33 26 30 28 25 22 17 24 24 34 34 19 27 27 30 32 34 22 24 26 35 35 27 27 28 24 18 22 20 35 27 31 25 19 28 20 24 28 26 31 33 27 28 25 22 28 28 23 33 27 18 32 26 31 23 13 20 18 23 26 23 26 27 31 28 30 23 25 35 30 18
23 24 23 21 30 33 27 28 31 29 26 28 30 21 26 11 29 34 22 33 17 27 32 30 34 25 29 24 34 22 18 26 29 16 26 31 22 30 30 26 24 28 31 35 25 23 29 28 21 29 28 25 33 26 23 34 27 28 33 27 28 20 38 20 24 32 21 33 33 41 35 31 26 34 26 29 29 30 32 27 35 33 29 26 30 22 25 25 33 21 30 25 28 29 26 26 33 22 25 24
24 37 18 21 37 20 32 33 25 34 23 31 30 21 43 31 22 27 38 20 25 20 35 33 19 30 31 26 23 23 30 34 26 27 28 22 31 33 22 34 19 21 28 21 18 31 38 25 33 30 31 25 29 18 27 27 28 24 22 28 38 16 20 21 33 27 20 24 22 28 24 31 24 29 22 29 22 30 28 24 21 34 27 32 30 28 28 27 26 33 39 30 18 25 22 27 31 22 23 39
25 30 35 29 27 24 35 22 29 40 34 27 22 20 16 23 31 32 29 26 26 28 24 24 32 35 21 19 21 17 29 31 27 27 36 35 35 25 20 24 21 26 34 21 29 27 26 36 24 30 33 25 22 21 29 29 22 39 30 23 31 27 32 26 28 31 28 22 20 24 23 23 36 20 26 31 33 35 23 29 32 21 26 33 25 34 20 25 36 33 25 15 23 25 29 38 19 35 27 28
28 35 15 23 23 13 30 27 34 33 24 24 17 21 12 29 18 34 11 28 27 24 28 27 32 32 27 23 29 22 24 30 32 31 31 38 37 30 29 23 28 37 31 22 24 24 26 24 41 26 17 23 28 20 24 24 27 19 35 19 31 25 24 30 18 27 32 27 34 20 21 43 33 31 27 38 29 26 25 23 29 30 23 23 19 31 23 29 25 30 15 21 21 31 19 18 27 35 27 29
44 29 34 32 37 21 27 27 27 32 29 17 27 23 29 28 24 33 33 22 22 21 20 25 26 24 31 30 23 25 21 28 26 37 20 26 21 24 35 35 27 28 24 24 19 27 20 30 29 26 29 26 22 20 31 25 29 33 18 23 20 25 29 17 33 26 22 29 38 18 27 20 24 20 27 16 32 26 20 36 22 27 31 31 22 28 17 29 28 34 30 28 25 19 30 26 33 25 18 27
28 31 25 19 21 35 24 26 22 23 24 24 24 30 34 26 34 36 25 29 23 29 32 37 38 33 33 25 22 33 26 28 30 29 25 27 26 32 29 27 53 33 29 30 35 24 25 31 32 23 21 27 29 29 35 27 27 18 22 27 35 31 26 24 24 26 35 24 27 26 31 27 22 22 32 22 33 25 22 20 27 27 29 29 16 21 22 20 30 21 31 32 37 35 17 22 34 23 30 23
28 28 21 20 28 28 26 24 24 29 23 20 33 24 34 17 23 31 19 33 27 15 28 15 31 21 37 29 29 28 20 38 33 27 25 22 24 25 24 36 28 26 29 15 28 34 32 30 22 25 25 27 21 28 24 31 28 17 24 23 27 35 21 22 33 33 22 24 21 26 22 20 32 29 17 25 25 31 13 22 31 27 30 28 27 33 34 34 23 23 31 33 28 24 30 18 19 31 25 24
30 33 23 20 24 21 22 18 25 29 33 29 25 30 25 24 33 28 35 22 21 27 29 37 34 24 29 28 27 30 33 27 34 27 21 28 19 23 27 23 21 45 39 22 25 23 23 31 26 33 32 32 27 37 26 27 31 28 29 27 24 33 28 29 25 35 22 36 26 28 27 22 30 20 48 27 23 35 30 19 36 35 20 25 33 23 24 24 30 31 31 27 39 20 25 23 14 39 28 31
33 26 25 28 19 24 41 22 33 24 25 28 26 16 30 31 30 29 31 32 28 34 32 31 26 24 38 31 23 27 27 18 22 29 36 35 38 26 28 22 29 26 35 43 27 31 27 37 37 19 29 24 24 29 30 13 25 27 22 30 35 32 24 32 24 33 21 22 30 25 15 27 31 31 19 30 20 22 20 19 27 24 23 20 27 25 42 27 25 27 25 22 15 32 22 34 25 21 34 27
29 42 36 20 18 29 35 28 21 19 32 21 24 30 31 40 30 33 25 32 27 34 38 38 24 21 31 18 19 24 24 28 25 31 26 27 29 30 32 39 9 24 25 20 27 25 21 33 29 28 27 23 20 23 24 26 27 32 30 28 24 24 29 40 24 26 27 38 28 19 37 40 32 28 26 32 30 26 31 24 17 21 23 18 20 29 31 22 27 26 31 35 16 26 32 21 19 28 27 27
21 26 31 25 30 26 23 35 26 34 31 26 29 31 35 26 38 32 27 30 21 32 30 35 36 24 27 31 24 19 31 28 33 35 33 39 20 31 33 21 32 18 29 23 24 18 17 26 19 24 24 40 34 43 36 21 24 30 42 26 29 32 59 22 36 39 33 20 30 28 29 22 28 32 29 19 23 29 27 32 27 39 31 42 41 28 27 27 23 19 28 27 41 37 26 31 27 24 25 34
30 31 29 24 26 44 20 36 25 26 39 39 28 35 36 25 20 23 21 28 29 29 23 27 21 29 27 31 31 26 26 23 22 19 26 29 27 16 36 27 32 23 27 25 24 34 26 20 25 27 30 28 22 28 31 31 26 30 20 21 26 29 26 28 18 32 30 21 21 19 26 22 36 24 18 26 37 31 23 23 36 29 30 29 20 26 27 27 32 27 54 26 37 33 36 24 29 32 26 28
23 23 30 28 24 33 26 27 24 26 26 31 19 29 23 22 25 27 32 26 27 23 19 26 18 33 29 16 22 13 25 23 21 14 30 16 16 14 28 21 24 20 28 22 17 25 29 14 26 22 25 31 22 24 22 17 26 20 34 21 22 31 25 34 26 26 28 30 28 28 23 33 32 22 28 25 21 19 33 27 35 22 23 28 18 24 24 26 28 33 23 30 20 27 25 21 30 34 26 27
22 18 29 40 27 19 12 21 23 18 23 15 23 18 29 20 17 13 28 24 25 25 31 29 29 17 32 13 30                                                                       
