0.375 2714 37 19 26 25 28 30 26 27 35 24 20 20 32 22 22 24 24 13 19 24 26 24 22 17 31 41 24 25 24 29 23 25 23 24 27 31 24 18 30 31 23 15 29 33 20 23 38 29 21 22 20 35 25 24 22 14 30 33 19 28 17 15 28 30 28 16 30 20 22 21 23 29 32 17 22 24 25 14 17 16 17 21 11 34 18 26 20 33 27 25 58 23 24 22 18 17 24 22
26 21 25 28 28 23 32 30 16 23 26 33 26 24 28 19 29 21 24 22 25 28 30 20 15 18 18 17 17 27 25 19 30 26 27 31 24 16 23 27 27 12 22 22 25 28 16 31 35 21 16 22 22 22 25 29 25 18 28 31 26 24 17 16 23 19 19 14 23 22 17 23 23 26 27 26 29 18 26 21 20 29 8 28 23 24 27 30 31 28 22 22 17 22 22 21 22 27 31 16
16 20 29 26 18 29 25 24 27 21 23 29 24 32 18 19 18 24 26 18 9 20 23 30 35 18 24 21 22 8 26 15 25 26 19 23 20 27 20 15 17 17 30 21 28 20 24 19 24 21 25 25 32 16 24 22 28 32 27 27 24 31 31 28 21 21 18 36 19 24 20 26 17 30 30 23 27 22 18 13 22 20 21 28 27 20 16 27 27 31 29 19 30 27 34 31 22 21 26 21
27 19 27 22 29 30 17 17 20 29 25 31 24 14 31 28 34 17 29 21 20 27 21 30 17 19 29 23 18 24 22 22 15 23 29 16 16 21 19 19 25 21 36 21 29 27 11 26 25 32 27 26 25 26 27 24 22 22 20 31 23 24 23 32 25 24 21 28 18 24 23 22 29 26 27 25 23 11 19 23 24 22 22 20 25 29 24 19 24 28 21 27 30 33 24 21 26 13 22 22
15 19 37 14 21 35 32 29 30 17 33 18 32 20 29 15 26 19 29 22 21 26 28 24 33 35 27 30 18 38 34 19 21 23 25 22 20 35 18 16 24 29 28 26 14 17 20 23 33 28 28 17 22 37 36 17 23 38 21 24 27 22 31 25 32 28 28 20 13 21 27 14 31 37 26 24 24 21 35 32 22 27 30 23 23 27 21 26 28 22 23 22 17 26 31 24 30 31 20 22
26 20 34 27 19 24 31 34 26 22 30 32 25 25 22 26 24 15 27 22 30 28 29 26 18 25 25 23 37 23 27 25 27 31 19 28 24 31 23 27 23 30 25 24 35 34 23 19 23 23 28 24 29 32 20 25 27 28 18 18 34 8 33 19 20 18 17 29 26 19 31 29 27 26 25 22 21 18 26 20 28 33 17 34 26 25 24 21 21 17 29 24 30 16 18 26 28 25 22 18
19 22 24 28 26 27 26 16 17 25 27 32 18 23 22 22 21 23 23 24 17 31 19 23 25 29 22 25 28 24 21 23 17 17 30 23 36 33 26 17 16 20 22 18 26 18 26 18 24 25 19 25 23 31 24 33 28 21 25 28 29 20 43 13 9 26 17 23 28 30 16 25 24 27 16 29 23 28 27 22 23 34 31 25 17 21 18 20 23 22 26 18 26 21 30 17 25 22 19 35
25 25 22 29 20 24 18 31 22 14 33 20 28 19 23 28 23 22 25 25 29 28 26 18 15 23 29 31 24 20 17 20 21 23 22 22 27 25 25 24 35 22 30 31 27 31 41 25 20 15 27 29 19 21 27 27 25 24 20 24 26 34 22 14 24 21 19 15 23 21 16 24 27 35 24 25 21 26 24 24 22 26 23 34 30 23 26 25 23 25 19 20 26 35 26 22 27 26 30 31
27 28 30 34 24 26 17 25 27 22 15 18 30 23 19 23 22 20 19 34 16 36 24 29 25 24 25 24 20 48 29 23 25 18 24 13 18 23 29 16 19 37 13 24 26 27 19 21 30 26 18 17 29 16 23 19 10 33 30 30 30 23 26 20 19 22 25 26 25 31 27 21 22 24 22 23 25 14 28 14 31 17 23 20 20 20 24 26 21 31 25 20 30 25 21 30 27 16 28 26
31 24 21 28 28 33 29 27 30 29 35 42 21 23 24 17 27 31 32 23 7 59 16 21 30 37 20 21 20 24 30 21 27 23 22 24 17 22 26 20 23 27 18 20 28 21 14 21 20 20 23 25 29 29 22 34 25 29 25 22 28 25 21 37 20 20 24 21 30 25 18 23 16 24 26 21 22 23 23 24 22 21 25 17 20 28 26 35 21 23 24 21 21 20 17 26 28 30 16 25
21 30 21 17 32 26 30 12 21 25 23 26 21 24 23 21 32 32 26 26 21 33 26 34 27 15 24 19 24 26 23 54 20 16 30 27 26 22 29 22 22 26 15 15 14 23 29 17 18 24 18 22 25 21 22 25 22 27 30 22 33 20 21 23 19 24 38 22 30 29 17 24 18 27 19 25 21 23 18 20 20 35 22 22 20 26 26 17 23 20 29 24 29 25 22 23 22 25 26 28
29 23 17 23 23 21 25 17 27 13 23 16 23 24 29 18 15 22 11 19 24 18 31 31 16 20 33 22 35 22 20 20 17 23 21 19 21 27 28 20 22 17 27 27 21 27 24 31 35 19 20 24 29 20 22 17 32 26 23 25 18 24 19 24 26 26 53 21 19 24 28 21 22 26 22 24 19 28 24 15 21 17 31 21 21 29 22 20 27 28 34 27 19 25 16 27 17 21 25 26
19 21 30 28 25 15 18 22 21 25 28 24 21 24 20 24 21 20 28 17 36 24 14 18 27 24 30 17 24 23 19 35 22 25 24 20 22 29 24 24 26 26 23 29 24 26 28 24 18 26 32 19 31 15 20 36 22 18 22 29 24 18 20 22 15 25 30 21 24 26 22 19 21 16 26 28 24 29 26 25 27 32 21 26 27 36 38 24 26 30 21 13 23 17 32 28 33 25 25 34
28 20 16 30 27 29 22 14 18 26 21 20 29 22 29 26 26 28 22 22 20 33 30 26 22 22 24 23 32 37 31 21 24 33 61 59 67 59 29 31 32 22 31 27 32 21 21 35 24 25 23 22 28 34 30 21 23 15 28 27 22 17 22 33 24 26 27 24 23 18 29 34 28 26 23 16 24 22 25 19 28 16 28 19 34 19 30 26 24 31 37 19 33 25 19 24 20 17 29 29
27 30 28 23 30 28 18 25 36 29 19 21 18 25 24 24 16 29 13 23 18 25 35 20 29 21 27 35 21 23 27 25 33 26 23 20 20 28 29 23 36 32 28 28 19 17 26 32 20 24 26 20 22 27 29 22 21 27 26 28 21 23 19 37 26 36 26 25 34 19 14 27 31 32 20 30 26 23 31 25 20 36 23 13 18 28 23 22 16 21 21 24 16 29 21 20 16 19 36 30
26 21 24 26 14 25 19 20 21 25 25 28 31 18 39 23 34 16 24 29 21 22 13 32 23 17 24 23 23 21 32 37 22 19 23 21 25 18 30 34 21 25 18 20 13 30 29 18 23 22 16 30 40 32 23 29 7 17 27 30 19 20 15 18 21 20 21 23 22 28 22 29 21 27 24 25 17 27 33 33 28 14 29 31 27 25 18 18 16 19 18 28 25 23 33 29 18 22 18 35
25 22 29 21 15 20 33 23 6 26 24 18 12 25 22 31 22 19 21 36 25 17 23 34 31 22 22 27 19 31 33 16 26 23 32 27 20 23 27 18 21 29 15 23 19 17 26 25 18 16 34 13 34 17 21 21 28 33 21 24 21 16 31 22 15 17 33 26 20 12 26 29 21 25 27 24 25 26 26 12 22 22 27 23 40 26 22 24 22 30 29 21 25 21 32 29 23 26 20 24
23 26 23 19 22 24 19 25 24 26 24 28 30 12 27 35 26 21 21 23 24 37 22 16 18 26 27 21 20 19 18 24 16 27 26 30 24 14 25 27 21 17 21 27 24 31 17 31 32 32 15 36 33 26 29 23 27 20 17 33 25 23 19 27 34 20 24 28 26 23 31 19 19 24 23 19 20 30 30 36 23 24 18 23 31 31 17 26 23 20 22 17 21 23 34 26 18 24 14 26
16 22 27 24 25 22 27 22 29 31 19 30 14 19 25 26 30 28 27 20 38 23 24 20 23 32 32 14 16 20 22 26 20 27 29 26 22 29 35 22 27 23 18 24 19 16 26 24 24 22 21 24 22 32 26 30 16 29 30 23 15 22 24 21 24 24 27 18 24 28 33 30 31 19 25 23 23 23 28 15 33 20 30 23 24 25 16 12 24 31 19 21 21 17 17 27 23 29 23 26
30 12 29 19 17 16 27 17 21 20 20 24 30 31 20 17 22 18 21 22 22 33 29 27 20 25 29 29 33 33 20 17 15 29 26 28 28 24 31 25 23 25 32 28 25 28 18 30 20 17 28 20 25 20 30 17 23 9 24 14 30 30 23 28 28 22 26 17 35 27 29 30 25 20 18 19 27 17 27 35 32 29 31 18 21 24 23 25 23 27 18 26 20 22 28 22 22 28 27 29
18 30 12 18 22 27 25 23 25 18 20 27 26 22 31 21 17 23 30 22 18 31 28 31 31 26 20 23 26 20 25 28 24 25 18 18 22 27 25 13 12 17 16 16 22 18 23 24 28 14 25 20 23 24 29 15 32 16 21 21 25 21 32 26 31 25 31 31 28 28 31 24 32 23 20 24 27 22 28 21 22 23 20 28 21 22 26 17 18 29 17 12 23 23 32 24 24 33 28 23
25 20 17 19 23 35 17 19 25 30 30 29 22 31 20 24 24 27 25 23 19 22 18 26 19 14 16 20 18 28 17 23 30 29 26 20 28 19 23 14 19 20 39 32 18 31 8 18 26 31 20 23 25 35 22 24 20 28 24 21 35 22 24 15 30 24 15 21 24 24 21 29 32 18 21 23 32 25 24 21 32 22 15 21 19 17 19 17 25 24 22 30 28 17 24 29 27 25 20 19
31 18 25 14 16 27 24 18 26 26 23 32 19 27 27 34 14 23 19 17 20 23 28 18 26 22 20 24 31 21 11 29 19 19 26 27 15 26 16 23 22 24 29 30 39 21 21 19 18 30 32 23 31 27 21 22 22 22 21 18 24 16 19 13 30 19 20 24 20 18 24 30 19 18 23 23 24 23 27 36 25 22 26 15 26 29 18 26 26 41 17 27 34 13 21 24 20 17 25 25
27 20 17 27 22 23 17 25 28 32 25 18 24 18 27 35 24 18 20 25 26 25 24 25 27 34 25 29 32 21 28 26 29 34 25 30 16 16 24 34 26 28 22 22 25 26 25 23 23 28 23 28 29 24 18 30 21 21 18 22 32 21 33 24 32 25 25 22 27 26 24 29 22 28 23 29 36 23 24 20 20 28 45 23 18 22 22 23 40 30 21 28 34 28 27 27 23 29 28 11
28 30 24 12 25 27 30 31 25 30 29 25 21 24 23 32 29 24 17 23 28 38 31 28 16 30 21 24 21 15 30 20 19 34 21 26 33 31 23 33 17 28 25 34 26 32 18 25 21 24 25 18 13 20 17 29 25 24 23 25 24 34 25 20 23 30 26 27 26 25 17 28 10 42 18 21 23 20 26 31 22 30 24 16 27 15 23 21 27 21 11 31 19 25 24 21 27 21 22 33
20 27 27 25 22 24 26 20 29 25 31 16 18 26 23 27 32 25 13 29 22 28 25 24 34 14 32 24 14 25 23 35 23 20 25 28 24 23 26 23 29 28 24 21 37 11 23 29 23 23 27 27 24 15 24 26 33 27 15 21 22 16 20 19 10 17 11 19 14 10 14 19 22 17 19 21 14 12 13 16 19 14 13 16 8 14 10 12 11 14 17 19 15 15 14 14 17 20 12 13
16 15 14 12 14 18 14 17 10 11 14 19 13 22 16 14 11 15 15 15 12 14 8 18 15 17 15 15 5 9 10 13 12 16 11 14 9 14 15 11 10 11 19 7 18 12 6 14 10 11 15 10 12 20 13 10 15 10 27 19 12 18 9 14 7 8 17 12 13 14 9 12 10 21 23 23 23 14 12 20 16 18 8 15 10 9 13 14 12 10 6 18 11 15 17 14 17 17 12 13
12 9 20 11 11 16 16 16 33 6 14 8 14 11 11 15                                                                                    
