0.347826086956522 2661 27 22 36 26 24 21 34 23 28 24 36 30 23 17 32 19 29 33 29 26 30 32 29 24 24 32 32 32 28 27 18 23 24 29 26 17 37 33 23 22 28 40 28 20 24 42 16 35 31 19 14 17 24 18 19 14 14 24 20 20 31 24 19 19 20 19 25 27 25 23 33 19 24 14 16 22 20 22 28 28 25 24 33 20 19 31 27 27 29 27 28 18 29 25 13 17 29 24
24 17 21 23 25 35 39 19 32 25 28 18 36 25 31 20 32 28 12 19 28 15 20 44 18 26 19 31 29 23 26 27 16 17 30 25 21 33 27 23 28 19 25 22 21 22 24 24 16 29 27 25 27 23 23 24 25 24 24 15 34 32 22 28 28 22 24 14 25 24 25 17 20 28 22 30 30 21 21 18 27 30 15 21 30 31 15 18 24 14 24 32 21 29 25 22 24 25 22 22
23 18 22 36 32 24 21 24 25 24 29 30 23 22 20 19 26 26 19 31 26 25 15 17 27 24 31 16 25 24 31 17 20 31 18 28 28 29 27 26 33 21 29 22 32 14 28 31 31 16 27 19 22 25 23 24 26 19 25 16 36 30 18 27 18 20 23 32 37 26 26 29 25 22 30 22 28 24 32 35 30 26 26 24 32 25 26 25 18 25 29 25 20 34 27 17 31 32 19 28
29 30 21 30 25 23 26 17 26 26 21 26 25 24 18 26 27 23 21 16 25 26 23 26 21 32 29 18 22 19 28 27 27 26 23 18 27 21 23 34 22 21 35 21 28 23 30 19 19 34 30 21 28 33 25 23 24 17 25 32 21 24 24 27 21 32 25 36 26 24 26 28 23 26 34 22 17 25 24 32 36 25 25 32 22 30 34 20 26 23 23 31 27 29 23 29 31 34 28 26
21 29 32 32 25 29 22 19 22 29 18 21 28 36 26 28 24 26 27 25 26 30 15 25 34 25 23 26 26 23 27 29 25 28 23 27 27 19 26 28 25 25 22 31 33 28 24 27 20 18 24 30 30 23 25 19 30 20 27 27 27 19 31 20 21 33 26 34 27 12 16 26 17 19 16 19 24 21 30 34 19 20 22 25 23 26 16 21 20 19 23 29 33 24 18 31 30 25 29 23
21 34 20 31 29 23 28 19 27 19 22 14 25 29 35 22 24 29 21 36 22 21 32 42 28 30 33 33 21 12 30 24 23 24 21 29 30 25 22 24 27 19 23 15 25 20 18 29 29 31 24 15 14 24 30 29 23 21 20 25 22 25 23 25 32 24 20 18 20 16 28 24 31 18 23 21 24 24 20 19 26 20 39 34 21 24 27 23 27 19 19 27 23 22 22 22 23 29 19 15
29 23 35 21 23 18 26 21 18 16 20 27 22 22 30 15 25 30 44 31 34 31 49 44 24 26 23 28 26 31 33 17 26 21 24 28 23 29 23 29 18 30 31 17 24 31 27 30 30 29 25 28 25 26 34 22 26 30 34 19 24 29 24 27 30 24 22 21 20 32 25 24 38 23 32 25 24 30 33 30 32 34 27 27 20 34 31 27 26 20 24 24 43 26 37 26 23 63 57 79
23 21 24 32 17 35 36 25 27 23 23 29 26 26 9 28 19 14 35 30 23 25 24 21 32 19 23 25 18 18 25 30 19 22 29 21 30 29 27 24 23 29 34 23 23 21 20 34 26 29 22 27 25 34 29 29 13 9 25 23 23 23 19 27 31 34 18 36 23 27 26 28 14 33 28 35 39 33 29 31 31 22 26 33 37 24 26 27 23 18 33 22 32 19 29 35 59 50 37 28
25 25 28 31 25 31 24 23 27 32 30 30 20 26 21 25 20 25 33 22 22 29 27 25 16 25 32 13 33 27 33 31 26 28 21 24 27 19 18 31 20 23 17 23 34 18 17 26 20 19 29 24 39 28 17 32 30 33 33 19 40 32 16 18 27 33 14 23 24 20 21 23 28 26 21 29 22 40 23 23 28 27 23 21 27 18 29 18 27 26 21 24 30 23 19 26 29 33 29 30
32 35 25 22 34 26 21 23 25 26 25 28 22 19 25 21 29 26 21 25 27 25 23 23 23 32 30 26 24 26 24 35 32 26 23 28 23 25 27 17 22 23 23 25 32 20 18 23 26 28 32 33 21 27 26 24 24 24 23 19 23 16 27 15 30 30 24 23 26 28 31 30 26 30 20 37 23 29 17 26 22 25 27 24 16 24 26 22 33 33 17 20 26 27 27 24 25 28 22 36
24 21 26 35 25 28 37 28 29 26 31 23 14 23 26 21 25 27 24 29 26 27 16 20 26 25 22 23 22 18 20 24 16 25 31 23 15 26 26 31 31 34 17 17 20 30 18 24 31 19 31 31 28 29 23 29 25 25 25 30 31 29 17 28 28 22 20 27 31 24 20 30 30 22 37 23 33 23 19 27 20 23 31 23 28 37 31 28 32 18 22 22 34 15 20 25 28 24 24 28
32 26 22 19 30 20 20 21 19 27 30 24 26 60 28 34 21 28 19 28 23 23 21 22 26 22 20 29 26 35 22 20 28 30 26 24 27 24 21 27 22 29 19 26 16 29 32 31 20 24 24 22 28 27 34 36 19 34 31 22 29 23 23 21 22 15 29 20 21 26 27 24 31 25 26 21 31 30 25 21 32 27 24 27 37 28 20 31 22 31 19 35 21 16 24 36 30 28 32 38
35 27 25 20 24 22 25 24 21 19 31 22 28 24 22 33 22 21 23 26 34 22 36 35 21 24 27 23 33 16 35 22 21 23 27 30 25 28 19 33 26 20 21 26 24 25 23 28 22 21 24 29 35 32 29 19 27 31 24 26 20 22 30 37 22 35 29 36 14 32 27 83 78 61 34 66 25 26 24 24 31 23 25 25 24 25 24 25 21 29 21 22 29 25 28 26 21 31 22 24
24 15 25 22 28 27 23 35 31 39 32 26 27 37 52 25 23 31 23 40 23 37 25 27 19 20 28 25 31 30 34 30 29 29 28 27 39 33 16 24 29 19 29 21 31 34 24 21 16 34 19 18 21 28 28 25 27 30 21 23 30 22 31 23 32 31 25 28 25 31 30 24 14 29 19 27 27 21 21 23 22 27 26 28 27 29 36 21 23 27 20 25 31 36 38 18 19 27 37 24
20 19 21 21 21 18 26 21 21 19 33 21 24 18 16 29 28 28 20 26 33 27 15 22 26 35 23 30 28 25 34 25 34 26 28 21 28 25 23 30 29 21 37 30 23 23 30 22 20 27 25 20 26 20 43 31 26 27 32 25 21 30 27 29 14 26 28 27 25 23 24 22 19 21 23 22 23 14 19 25 27 25 19 25 15 23 20 26 24 21 19 32 25 25 23 24 35 21 18 19
38 22 16 23 23 34 29 27 43 22 31 24 26 34 27 21 24 17 32 30 18 24 29 31 31 26 29 25 26 21 24 23 15 26 26 27 18 22 24 30 22 28 16 20 28 19 34 25 27 22 27 39 27 22 31 15 23 30 33 21 19 20 21 16 22 34 33 22 24 24 28 28 27 18 20 25 17 29 28 24 23 30 14 24 25 27 26 23 22 24 28 23 22 34 25 13 28 25 30 41
8 24 20 26 28 29 24 28 36 26 29 26 24 21 23 23 17 29 24 21 21 29 24 19 26 28 14 31 22 32 28 17 25 22 28 31 30 32 22 18 29 28 29 26 37 23 33 25 32 21 21 25 40 22 22 14 24 23 15 20 18 23 26 22 23 20 23 29 28 20 21 42 27 20 20 25 25 29 20 19 29 39 23 29 16 28 24 32 22 34 26 26 25 14 22 42 20 20 28 29
23 19 33 22 17 26 21 23 29 32 21 33 20 23 31 22 28 23 29 23 44 19 20 16 19 38 22 19 23 33 37 19 29 17 23 33 21 21 20 15 29 22 14 29 28 30 30 21 25 17 27 23 17 19 24 24 22 25 19 17 16 25 18 28 25 32 20 19 30 24 23 35 21 25 32 20 28 23 35 26 24 22 17 26 28 24 20 25 22 25 22 30 19 26 24 27 36 18 18 30
33 22 16 20 19 22 22 20 23 23 27 6 24 20 37 15 16 31 25 22 26 26 31 22 24 18 16 26 20 30 30 26 24 16 22 23 14 13 23 22 22 20 16 24 15 26 27 16 21 19 25 21 28 20 33 25 28 26 29 28 17 22 25 28 28 19 17 17 28 34 18 27 25 16 24 25 14 28 32 23 23 28 28 26 23 24 23 20 22 30 25 28 20 30 26 22 25 21 29 8
27 34 27 17 23 32 24 21 27 32 35 25 23 30 29 29 31 32 23 32 36 35 26 25 31 19 18 24 25 18 30 26 24 26 13 24 22 25 30 26 18 23 29 22 13 31 27 22 18 27 26 26 22 18 31 29 24 20 17 27 27 23 37 24 11 29 34 26 27 17 26 21 26 21 28 18 25 20 28 19 37 26 23 19 22 24 14 23 24 23 24 25 35 33 30 36 28 16 17 21
22 16 25 23 34 29 23 26 28 21 22 24 24 19 16 22 14 22 31 18 19 21 20 22 24 18 19 28 27 17 22 23 19 20 22 21 24 32 22 24 23 24 24 31 32 35 27 25 25 20 22 19 24 26 23 31 19 25 31 38 28 29 27 30 26 21 27 19 28 36 28 32 36 28 32 30 28 20 19 24 38 34 25 34 35 21 24 29 28 22 29 32 27 22 33 21 24 20 24 30
27 25 25 24 24 29 23 33 30 30 27 20 22 20 28 28 15 26 13 23 37 39 17 26 27 18 20 21 22 18 20 19 36 34 24 21 35 28 24 20 23 31 24 27 31 22 31 25 20 31 22 19 21 21 24 20 29 17 23 25 28 21 38 27 24 23 15 21 24 42 29 20 16 21 27 26 29 36 27 28 39 31 22 22 28 23 20 27 21 27 23 20 18 26 23 22 17 27 27 26
30 26 28 26 27 26 23 23 25 27 31 29 30 29 24 22 15 21 31 21 35 28 25 24 29 31 18 23 22 22 31 15 17 28 36 26 29 32 17 27 24 23 25 23 33 35 23 35 17 29 23 16 29 21 30 23 25 24 24 20 18 22 19 23 20 32 25 23 22 24 28 27 26 29 15 19 33 21 21 21 29 21 20 29 22 39 26 23 25 24 25 23 22 25 20 26 21 25 13 26
29 26 39 33 16 15 21 23 30 32 23 27 27 29 17 19 27 24 17 23 29 22 32 28 29 21 34 35 34 28 23 24 29 21 22 24 26 19 22 20 19 21 25 29 25 24 23 22 35 28 25 33 45 27 23 25 20 17 27 30 24 21 24 25 25 28 22 22 18 28 18 22 17 22 20 22 29 29 21 29 36 18 17 32 25 25 24 35 19 27 30 21 35 20 34 21 20 23 26 20
20 26 30 26 25 30 28 25 37 30 22 27 23 27 15 22 32 35 19 27 22 33 28 24 24 28 28 26 26 23 25 20 34 26 23 25 14 25 19 21 24 16 20 24 26 12 16 30 28 20 20 30 18 19 24 38 36 37 24 23 28 28 19 26 24 20 22 20 25 31 19 25 23 20 35 25 25 25 36 19 19 26 21 18 20 16 33 15 27 24 24 33 25 28 25 18 23 19 32 26
25 31 25 29 27 24 27 20 15 21 22 29 17 22 17 25 21 22 24 25 17 21 18 31 27 22 31 25 19 23 24 21 31 25 18 25 35 19 23 25 27 29 25 21 18 27 23 25 25 22 27 26 32 23 23 22 26 20 19 24 33 14 21 20 22 22 22 28 18 20 35 27 22 25 21 18 18 14 12 17 19 23 29 27 20 18 31 23 28 16 27 26 21 12 27 21 20 26 30 25
28 29 30 18 34 30 14 28 28 22 22 16 34 22 21 25 23 35 27 21 18 17 22 27 17 27 24 22 22 21 30 25 34 20 14 24 27 20 27 29 28 24 23 22 21 16 42 27 27 24 20 14 14 20 30 28 27 22 15 17 25 8 20                                     
