0.424242424242424 2239 25 26 31 28 20 25 23 38 28 34 13 23 41 31 23 33 26 26 36 19 30 30 24 31 17 33 15 26 14 26 27 20 22 33 27 21 27 25 30 26 35 21 29 28 25 28 22 25 16 35 35 25 27 28 23 23 20 17 28 31 19 25 30 21 24 30 21 21 26 33 27 26 23 19 46 24 26 32 25 29 23 19 30 33 23 20 31 27 29 19 17 23 17 25 25 26 20 31
20 18 27 24 30 33 25 27 32 29 13 24 33 22 25 27 22 22 25 24 31 30 15 23 27 38 15 22 29 32 27 29 30 23 22 33 26 22 28 30 24 28 32 29 28 22 26 24 24 24 27 17 29 30 30 28 14 23 29 29 29 21 17 29 24 24 38 23 15 24 32 27 15 30 22 32 25 20 32 35 27 23 19 22 23 36 22 23 29 30 23 30 25 31 22 26 27 25 20 32
36 19 32 30 25 25 34 23 22 29 35 22 18 35 33 24 31 25 24 30 25 23 34 23 28 20 19 34 23 28 28 27 23 30 29 20 33 27 20 23 24 27 24 25 35 19 24 21 27 22 23 30 27 27 21 26 35 20 22 28 29 25 27 35 32 24 27 32 30 29 25 24 41 26 29 26 32 30 15 29 20 25 30 32 26 23 32 19 25 20 22 27 20 24 30 27 22 37 30 21
17 23 30 33 24 28 22 24 22 32 21 21 38 33 24 24 33 36 19 33 30 28 20 22 29 17 23 30 30 42 26 26 34 25 29 34 25 28 31 21 23 26 22 40 42 26 27 38 25 29 22 26 30 29 28 27 28 17 24 31 33 28 21 20 36 37 28 35 24 20 27 38 41 35 32 23 27 28 26 34 26 22 23 33 23 31 23 28 18 23 32 31 27 32 30 28 31 17 26 34
19 30 24 30 25 24 27 26 26 25 30 29 23 37 18 8 28 33 28 29 30 31 28 28 28 29 26 36 24 29 18 29 28 29 27 21 27 37 23 26 32 25 23 25 35 29 29 30 18 28 22 28 29 17 23 29 28 24 26 19 21 26 23 33 34 36 35 31 30 19 21 23 19 24 28 33 31 34 27 34 26 29 22 33 37 25 29 22 33 27 27 16 23 25 32 25 24 26 25 30
34 28 21 23 22 18 25 23 32 13 30 34 34 29 25 24 31 26 27 27 25 21 26 24 33 20 23 27 31 33 27 26 37 24 24 26 32 32 67 23 22 25 23 33 19 32 30 34 33 25 29 22 27 22 24 22 17 26 26 35 29 29 20 23 30 33 17 33 20 27 18 24 37 34 35 21 23 24 30 34 24 22 31 14 26 29 30 17 17 20 30 27 21 32 33 19 36 27 33 23
36 18 24 21 34 29 37 29 32 26 42 26 34 29 39 34 26 33 25 35 29 29 28 34 26 17 32 27 28 24 41 25 22 27 28 31 22 28 24 19 29 22 14 28 24 22 25 16 26 29 23 25 30 33 27 26 32 23 28 23 29 24 20 14 38 28 35 21 27 29 30 27 27 38 32 19 22 22 21 29 28 29 21 20 31 30 24 30 31 23 29 41 28 29 18 20 20 35 28 19
37 33 36 16 34 32 29 32 39 22 32 24 22 24 18 25 27 39 34 26 30 27 24 30 33 23 17 24 29 24 22 23 19 23 21 37 21 39 22 20 26 20 27 22 33 23 24 24 30 26 31 26 25 24 25 37 20 33 31 29 27 29 31 21 33 26 29 19 31 29 24 27 18 19 27 30 22 22 34 23 19 31 29 15 28 34 26 33 19 20 23 26 21 27 19 22 26 25 27 17
26 29 21 30 23 23 30 30 16 19 42 33 23 27 26 20 25 18 25 25 29 24 22 22 21 18 23 27 23 28 25 38 22 24 22 24 27 16 28 33 24 23 23 22 44 23 23 23 26 42 34 28 34 42 22 15 22 19 21 24 18 22 21 23 24 22 27 22 20 27 34 22 19 29 28 34 29 27 30 31 27 28 22 22 31 21 34 22 25 31 22 35 27 21 18 23 20 26 29 22
28 17 27 27 23 19 24 19 29 27 28 32 21 38 28 21 22 24 20 18 23 23 17 24 22 21 29 18 19 20 29 29 22 25 27 24 26 24 25 28 20 19 24 30 26 26 32 14 22 28 22 35 20 26 22 25 29 27 17 28 23 25 22 33 22 31 24 25 26 22 28 30 19 19 26 24 31 18 25 27 32 26 22 23 31 25 11 26 26 19 19 21 25 25 16 29 23 23 18 21
27 29 20 26 22 26 21 27 24 18 28 22 24 15 28 25 19 18 33 28 21 18 29 25 20 22 23 26 29 29 24 26 36 25 27 27 20 19 24 23 23 21 29 24 21 38 27 36 25 19 25 23 25 29 21 27 26 28 33 30 19 18 25 27 25 26 31 17 33 33 29 31 33 21 21 25 28 20 30 33 27 23 28 22 31 30 31 27 33 30 30 25 30 29 24 31 21 28 26 47
29 27 29 39 32 28 29 22 25 31 25 17 18 17 19 33 28 29 26 30 28 27 25 25 22 25 21 27 38 21 23 28 22 19 28 15 39 23 27 25 21 25 30 29 28 33 35 22 42 22 20 18 30 32 35 30 27 27 26 31 26 30 27 29 22 29 26 16 22 33 26 23 29 16 25 29 24 29 24 26 21 27 28 21 23 28 21 22 24 28 23 24 26 20 25 37 21 30 27 36
24 21 25 30 26 17 31 28 27 28 25 21 22 23 24 23 37 29 23 23 27 25 24 18 26 37 24 26 41 28 30 32 28 35 25 26 21 32 29 26 26 26 28 23 19 22 26 27 19 34 19 28 26 27 33 18 22 36 21 33 19 31 30 32 32 29 18 28 20 24 24 19 23 30 36 29 32 20 22 27 18 32 28 22 23 25 36 27 29 30 23 24 21 31 37 31 15 20 34 22
29 29 27 29 19 31 27 28 21 22 25 42 18 16 28 25 31 29 34 29 19 24 19 21 18 38 28 23 32 25 80 27 21 22 27 32 24 28 33 32 25 37 20 18 35 30 22 33 34 14 30 16 23 40 28 26 30 26 24 28 21 22 9 36 17 22 38 25 28 31 31 16 19 20 27 26 29 24 19 33 19 28 37 35 22 21 29 22 28 28 32 18 17 24 31 26 20 25 35 21
23 36 30 28 31 21 23 29 32 19 21 25 21 33 33 18 32 22 31 34 32 26 23 24 24 39 16 27 30 27 28 19 21 22 24 26 30 29 22 30 23 29 30 35 30 21 26 20 21 19 28 20 22 20 28 30 27 20 30 30 25 33 25 37 24 19 28 29 23 27 36 24 21 24 14 24 38 29 29 24 28 19 32 29 26 23 26 30 22 23 24 24 28 23 15 22 34 22 30 30
27 36 29 32 32 27 29 24 25 23 23 28 25 25 18 32 24 39 22 26 31 21 35 24 34 25 17 27 31 33 24 34 31 22 28 28 33 23 25 25 32 25 20 26 27 23 30 37 27 25 26 35 19 22 21 24 25 24 16 28 27 25 20 30 28 23 34 30 24 30 27 31 31 28 24 25 25 18 24 20 27 23 23 40 23 29 28 31 30 19 32 22 25 24 30 34 29 26 9 17
13 34 32 32 19 29 28 22 31 30 31 26 10 30 27 30 25 30 38 18 11 29 23 28 12 23 20 23 21 37 27 28 19 22 29 19 25 26 25 24 30 30 33 20 18 52 26 32 17 15 26 20 23 24 25 27 20 29 19 24 26 26 21 19 26 23 25 30 27 21 20 23 35 29 31 24 21 21 25 31 28 22 23 8 32 17 28 23 34 29 21 31 19 21 22 18 22 26 33 18
25 28 23 23 24 23 22 21 26 37 36 32 27 17 20 19 29 25 36 29 17 18 26 17 27 28 33 16 14 22 30 19 18 29 32 33 25 20 21 29 35 32 34 16 35 25 18 19 23 28 29 32 28 23 22 25 16 37 37 29 23 23 19 34 27 31 22 27 20 35 36 26 21 29 28 33 33 15 31 26 26 27 32 26 26 10 32 18 24 23 24 24 25 33 18 24 29 17 19 33
28 46 31 18 27 33 27 24 22 26 17 24 25 32 13 27 28 27 34 23 30 33 38 20 22 45 27 21 20 28 36 22 25 23 33 28 33 28 17 30 23 33 23 33 30 15 33 26 36 25 36 26 27 25 24 15 30 32 28 40 28 26 24 23 24 23 26 26 26 29 53 28 28 25 22 29 35 32 33 28 29 15 33 29 20 24 30 28 31 39 28 29 29 26 31 22 36 30 24 22
18 16 23 30 33 26 30 29 25 21 25 24 22 28 25 39 25 26 19 30 35 27 30 23 21 22 15 26 37 38 17 22 25 30 32 26 25 32 31 30 18 28 28 18 28 25 28 29 24 19 37 30 33 27 34 32 21 30 31 26 25 37 28 34 18 31 30 36 35 28 23 24 35 36 31 27 32 27 24 30 25 24 36 27 23 28 24 36 30 31 28 31 22 28 45 25 20 21 21 29
27 25 34 28 21 23 23 28 38 21 24 23 28 23 25 22 31 38 25 32 36 22 26 31 26 24 27 24 23 29 34 23 21 27 33 24 29 22 18 24 31 25 19 32 22 28 45 18 35 24 37 13 22 26 22 33 40 20 30 28 32 21 25 35 33 28 29 31 22 31 20 23 19 26 26 33 31 32 42 32 32 33 23 30 24 29 31 27 25 24 26 33 23 25 23 25 27 21 38 37
39 18 21 21 12 18 17 10 11 8 11 15 14 7 14 12 25 14 20 12 11 13 8 11 14 16 5 12 16 8 16 16 12 17 15 16 16 11 5 12 9 13 23 16 13 17 14 18 15 17 20 13 16 20 17 12 7 11 8 14 13 16 9 12 12 18 17 10 16 18 12 12 13 5 13 13 19 13 16 14 15 19 12 19 18 13 19 17 11 11 10 13 21 17 15 14 15 19 10 18
13 9 16 28 21 16 8 24 17 13 17 21 17 10 11 5 18 17 17 18 18 18 18 20 15 11 17 16 13 15 8 6 13 14 10 14 16 13 14 9 9                                                           
