0.433333333333333 2534 32 25 25 27 27 32 25 21 18 32 22 20 25 37 23 29 24 30 24 30 31 23 29 12 28 33 25 24 26 27 18 27 20 18 27 28 23 25 28 28 19 21 27 20 20 34 24 25 17 23 24 24 28 19 36 18 33 26 22 26 29 26 30 30 28 34 21 33 28 27 25 31 20 22 30 15 23 21 35 27 15 22 25 27 19 28 15 23 30 18 29 27 34 37 23 29 20 22
24 22 16 24 16 19 24 31 22 18 16 32 23 26 29 22 35 19 21 14 22 29 17 25 27 20 23 26 29 18 31 24 41 24 39 20 23 39 33 36 26 17 25 15 19 24 18 33 20 25 23 25 30 30 20 23 26 28 32 16 37 29 18 29 32 25 24 31 23 22 18 22 36 24 28 20 23 32 23 24 21 36 23 31 33 20 24 24 29 30 27 22 20 28 30 29 23 25 26 37
19 26 35 22 30 25 28 18 29 38 19 29 44 28 21 27 27 27 17 24 18 17 25 30 19 33 29 21 36 16 31 28 20 33 30 28 29 27 30 33 31 28 38 20 27 20 22 22 27 23 10 30 31 19 24 39 28 30 15 28 38 25 22 20 33 17 25 30 25 23 20 31 26 25 21 26 24 20 35 29 33 31 29 34 30 20 33 39 37 32 27 26 19 26 29 30 33 27 23 40
31 28 21 26 20 26 22 25 18 23 30 30 29 30 30 30 30 27 16 21 27 26 23 23 22 32 33 25 20 26 29 27 37 29 33 30 32 24 29 35 28 21 27 26 24 32 24 20 36 21 25 23 21 20 28 22 25 25 19 25 28 36 27 29 19 38 27 23 34 31 30 28 25 27 37 19 26 27 28 27 25 24 16 31 25 24 35 21 27 34 22 22 32 21 28 25 23 20 27 23
26 28 24 34 39 26 26 26 32 27 28 16 26 28 31 28 18 30 23 26 31 20 18 28 24 24 26 22 33 28 32 14 29 24 19 29 33 25 29 19 23 17 21 27 26 23 18 23 25 26 34 25 27 18 22 29 24 27 24 17 31 18 36 30 25 25 32 24 25 26 20 17 31 25 23 23 29 36 28 30 23 32 40 46 28 30 35 34 26 26 33 17 22 18 29 31 23 26 22 12
17 29 26 35 21 24 22 20 34 34 24 27 22 26 25 32 31 37 24 41 32 30 24 26 22 23 23 19 26 30 32 35 16 26 27 23 23 24 23 29 24 29 27 23 22 37 25 31 19 21 26 26 33 20 16 27 20 22 22 25 23 25 31 20 28 22 26 26 25 28 19 33 20 25 26 29 29 27 26 35 20 34 24 13 19 22 19 22 22 25 19 32 30 27 25 23 26 32 13 21
27 24 25 25 36 35 30 22 33 28 22 35 22 33 23 22 24 13 21 28 33 27 23 32 21 34 27 32 25 26 25 20 26 25 25 23 30 20 28 16 21 24 31 36 22 24 34 26 24 25 27 29 32 29 24 26 34 22 22 21 19 45 30 34 37 29 30 24 28 18 21 21 32 34 29 20 21 28 25 39 28 34 22 27 24 19 24 27 29 29 24 20 26 35 23 32 27 35 24 20
7 43 24 24 49 32 25 26 22 16 25 22 26 23 25 25 14 29 27 25 24 33 19 24 22 40 28 31 23 25 30 31 37 26 35 21 33 39 23 20 15 29 26 17 22 24 33 23 20 28 22 20 34 34 26 32 33 22 24 35 26 23 30 26 26 22 37 31 32 21 33 25 30 24 34 21 27 22 27 47 30 22 31 28 18 16 53 34 29 21 24 31 27 26 22 17 32 22 30 32
25 27 27 25 35 34 23 26 31 29 22 29 33 30 33 31 26 23 39 25 44 45 32 20 27 29 23 28 32 26 34 42 39 25 22 32 21 31 18 24 31 32 24 12 33 22 22 21 27 23 22 21 24 23 27 28 29 21 19 33 25 26 22 30 22 28 27 23 43 33 38 27 15 24 36 31 39 31 36 37 26 23 15 19 34 16 19 25 27 17 18 26 26 25 27 25 33 27 31 21
24 39 32 25 26 23 22 29 27 31 16 16 23 29 22 23 24 31 29 34 27 24 35 30 26 25 40 20 28 27 22 30 22 35 28 26 27 28 21 25 29 27 26 26 30 28 23 27 26 27 22 31 30 33 29 26 23 24 26 18 33 33 15 29 23 24 29 27 21 34 17 29 33 21 30 25 22 21 28 37 23 30 30 20 31 24 21 31 26 26 32 19 27 25 22 23 22 35 19 33
29 20 32 31 29 24 17 21 22 28 27 29 25 25 30 23 26 23 33 30 26 32 22 32 29 27 24 23 16 11 22 22 30 23 28 34 20 28 21 27 17 22 20 21 30 14 25 23 24 26 33 18 32 27 19 24 22 23 22 28 30 24 23 23 16 23 26 25 21 15 13 29 18 26 22 20 21 33 29 29 20 22 31 26 23 18 20 20 32 28 20 20 25 20 31 33 19 21 30 13
14 23 13 33 35 25 28 26 33 13 27 26 22 31 26 22 25 18 23 20 21 31 27 20 29 25 27 27 19 31 25 24 26 19 35 16 20 27 24 18 24 17 24 28 21 31 21 25 15 18 19 32 29 24 30 32 27 31 30 20 25 32 15 15 17 25 18 20 32 21 22 35 26 15 26 17 19 27 14 24 35 29 20 26 28 26 38 19 26 31 30 29 25 28 23 31 24 31 27 30
29 28 27 26 35 37 22 26 23 25 30 22 17 27 37 18 17 23 14 25 32 21 18 44 26 41 26 36 38 26 31 31 23 29 22 23 28 34 16 28 26 59 62 58 71 56 25 33 16 31 15 32 43 24 27 26 28 27 27 21 30 21 19 31 31 34 19 27 28 26 15 26 19 38 22 34 25 36 18 36 42 34 18 29 27 29 29 18 31 28 29 25 31 32 32 39 28 30 25 24
35 24 36 33 29 33 28 29 27 29 26 24 22 15 33 34 32 42 30 25 20 36 32 19 24 16 27 27 27 21 18 28 25 20 32 35 22 27 33 24 26 18 32 17 21 29 22 31 31 22 24 18 22 19 28 18 24 20 16 26 27 24 33 23 15 24 24 17 27 26 27 20 19 24 20 36 26 29 24 31 30 20 23 26 16 22 16 22 23 11 26 20 17 31 19 25 14 21 25 18
22 23 27 22 29 25 25 23 13 23 26 32 25 28 21 24 25 26 22 29 35 31 29 22 27 23 44 24 17 23 21 23 30 14 26 34 30 35 29 34 28 18 21 18 37 25 27 15 26 35 24 24 18 19 17 29 39 31 14 24 27 32 25 34 24 26 25 29 20 25 17 30 23 22 24 21 29 22 26 24 17 25 29 29 17 20 19 24 24 28 28 19 16 24 30 26 20 22 25 26
39 28 32 30 20 20 15 31 30 20 22 24 20 25 22 23 33 19 23 28 28 29 18 26 18 14 26 25 10 20 30 25 26 27 29 20 20 25 23 31 26 31 25 21 22 22 33 31 27 18 27 22 30 26 26 21 28 27 23 20 33 26 34 30 32 29 30 39 27 34 13 27 21 25 24 27 27 37 23 37 23 21 22 22 29 34 26 26 18 26 30 20 15 18 18 16 33 23 33 28
23 31 28 29 28 15 18 23 30 26 23 19 27 21 28 19 15 29 25 23 28 15 14 26 29 29 16 11 33 23 31 21 35 22 21 28 32 30 28 25 33 22 16 28 31 24 22 20 22 24 16 21 23 21 17 37 20 27 20 29 28 22 30 28 23 21 32 33 25 23 18 20 21 26 36 16 20 25 31 23 30 26 20 34 17 33 21 31 21 20 32 34 13 30 24 22 29 37 27 29
19 24 32 17 21 28 27 17 17 22 28 26 16 26 23 23 27 17 19 30 29 34 30 15 27 19 26 27 29 27 22 33 29 21 25 29 27 28 30 24 21 31 13 34 20 38 25 27 29 10 33 33 22 20 25 26 23 24 18 24 23 21 23 24 32 32 22 25 33 21 25 14 32 25 19 31 26 25 22 24 24 32 25 25 33 29 23 27 17 14 15 18 25 28 16 25 22 16 19 33
23 29 22 27 25 26 19 29 31 31 26 26 28 21 26 26 26 24 33 31 29 19 27 31 25 27 20 29 28 21 22 24 31 38 27 17 18 21 27 34 21 20 27 19 24 29 24 37 21 24 22 29 28 26 34 25 31 30 25 27 29 21 24 30 18 19 22 23 21 37 29 25 34 26 22 33 21 28 36 29 35 16 29 34 28 30 28 31 22 31 19 29 16 13 25 20 25 32 21 31
31 27 25 22 26 19 22 27 23 27 19 22 16 20 30 30 27 19 25 31 19 21 25 24 24 25 25 29 24 33 27 35 24 26 31 24 24 20 28 30 30 26 24 27 27 28 22 28 25 17 23 27 15 29 23 20 25 23 20 31 26 32 19 18 28 30 15 15 25 24 37 22 27 33 27 25 27 21 22 21 32 29 21 24 28 20 33 19 27 16 31 23 35 33 23 24 28 25 24 25
20 30 29 27 27 23 26 30 20 30 32 23 12 23 20 16 28 26 29 25 30 26 19 28 29 31 31 39 27 27 21 21 28 25 23 29 24 29 26 27 26 21 24 22 26 21 14 19 33 31 23 29 29 23 22 26 45 24 28 34 30 31 27 28 29 22 38 21 19 26 19 28 24 19 19 24 22 21 31 22 16 31 21 28 26 24 20 23 20 20 34 24 21 27 24 32 17 27 26 23
31 19 26 25 31 26 27 25 15 18 24 27 26 23 24 21 27 19 32 19 20 22 24 36 24 23 15 18 24 17 25 23 23 28 28 27 27 31 32 22 25 39 30 26 23 44 20 38 32 18 19 20 24 23 26 26 20 27 26 57 25 30 27 37 25 23 26 39 37 25 31 17 24 15 22 20 27 26 28 20 24 24 25 25 11 34 12 24 31 23 25 20 24 29 22 28 23 18 36 18
32 24 30 27 24 26 28 20 22 33 28 18 18 26 30 21 27 22 20 32 22 25 14 32 33 36 20 33 31 31 20 39 18 29 32 21 25 25 25 28 25 16 22 20 24 27 27 18 30 20 14 25 25 31 30 36 34 25 20 24 22 27 27 24 32 18 22 7 22 38 21 30 38 29 26 27 24 22 20 20 15 16 20 26 28 22 42 30 24 29 27 31 25 29 35 19 26 15 21 30
25 24 34 25 28 34 27 28 31 23 24 23 28 26 31 19 23 25 30 33 16 28 31 28 18 20 30 24 21 32 31 38 22 32 22 9 30 26 27 20 12 22 25 27 27 26 14 23 29 24 21 26 25 27 23 39 24 26 30 24 32 27 31 28 31 27 23 35 22 29 32 31 26 38 31 18 29 31 32 36 28 25 31 21 31 45 32 28 19 22 18 25 33 36 34 35 30 31 15 20
26 10 12 18 11 13 19 14 21 17 15 14 8 15 18 10 11 7 20 21 10 14 11 10 14 16 9 13 12 17 18 13 17 12 20 13 16 19 24 14 22 14 9 16 10 12 19 9 13 7 10 9 13 14 8 11 13 13 14 8 14 10 10 12 17 10 10 9 12 12 11 20 15 14 19 16 18 16 7 11 13 12 23 11 17 17 14 13 10 8 12 11 12 20 8 6 9 12 18 13
13 7 16 15 13 14 16 15 16 20 7 15 10 13 11 8 15 13 16 10 9 16 10 16 21 10 7 18 7 11 16 23 12 15 22 11                                                                
