0.413793103448276 2666 28 32 21 25 27 22 33 40 26 19 28 22 31 35 29 24 18 24 34 22 19 30 41 37 31 25 21 31 27 24 32 31 34 28 26 29 27 32 27 18 24 20 26 32 35 30 26 22 21 17 22 24 26 34 16 28 22 31 34 28 28 24 30 16 30 28 20 26 27 18 25 24 26 30 20 16 27 32 24 27 27 27 22 26 26 25 27 22 26 26 23 34 35 28 22 23 34 40
30 26 28 23 23 35 27 57 28 25 32 35 25 35 35 33 18 26 42 21 16 26 28 31 41 38 23 27 18 31 24 36 15 24 26 39 36 21 32 32 32 35 24 36 25 36 8 24 19 31 32 28 35 27 28 23 21 29 35 31 24 27 44 17 24 32 26 33 28 25 34 35 32 23 39 23 22 23 32 24 30 23 37 25 33 41 33 26 42 55 28 24 33 35 26 24 30 25 29 21
37 19 35 27 26 28 25 18 23 28 15 36 17 21 35 26 19 26 21 22 27 31 33 27 37 13 18 27 14 26 24 30 28 23 42 28 27 29 26 31 30 34 24 29 26 36 21 31 35 16 36 34 26 16 16 20 25 38 24 23 10 38 44 38 22 29 32 33 25 21 30 27 26 36 23 33 23 28 19 29 28 26 41 14 24 29 26 32 37 31 24 31 23 25 16 27 27 33 33 34
34 19 27 30 39 31 27 25 27 38 20 33 30 27 29 34 20 18 21 35 27 12 29 25 25 22 27 19 30 29 28 23 36 31 34 25 27 36 17 35 37 32 27 36 37 21 29 25 26 29 33 26 30 23 33 25 31 25 21 26 39 27 36 34 38 27 30 26 27 26 29 34 25 27 31 41 22 20 22 25 9 17 26 28 25 27 31 31 30 32 31 27 20 24 34 31 22 28 28 37
27 30 34 28 30 27 28 29 27 21 33 30 26 28 35 32 33 23 25 28 28 31 25 26 25 31 31 26 28 31 27 19 27 26 34 34 44 26 31 26 28 34 38 30 27 21 30 29 33 27 31 33 38 24 20 23 28 35 33 28 17 30 18 30 25 34 16 42 34 38 23 14 33 32 29 22 30 30 33 22 30 30 39 34 39 31 42 31 39 38 32 26 28 28 36 23 24 26 29 38
30 24 25 30 17 19 24 30 30 29 20 39 19 32 29 26 28 25 30 28 41 37 29 31 33 31 34 28 27 27 35 24 28 30 25 24 37 30 42 33 26 34 31 29 17 24 34 23 18 32 34 28 30 21 31 30 32 23 44 28 36 30 30 27 33 37 32 25 27 25 23 25 28 25 21 6 22 42 33 33 37 21 27 30 33 22 18 22 20 22 31 25 27 24 29 29 19 33 20 26
30 28 36 23 28 31 22 42 33 21 24 21 23 27 36 22 24 21 23 17 29 27 28 35 28 45 34 29 30 27 25 24 26 22 25 24 25 29 29 27 36 29 16 24 30 25 26 33 25 34 24 44 22 26 30 37 20 23 35 24 24 38 69 12 31 133 55 27 16 44 31 25 22 24 34 30 31 29 23 35 26 31 36 34 45 39 27 19 28 24 21 36 42 30 32 36 32 30 27 29
27 23 18 43 23 33 31 32 44 21 40 30 17 29 39 24 30 25 29 27 32 36 29 28 27 33 27 21 22 26 35 18 21 30 18 35 28 32 36 28 32 30 28 30 26 32 10 35 31 30 35 36 31 42 33 31 29 27 23 33 111 21 35 33 33 34 28 31 28 22 24 24 32 27 29 26 30 29 27 33 24 37 39 30 31 18 31 42 34 47 25 28 40 41 28 32 8 33 38 34
45 35 31 27 31 32 27 28 43 25 24 36 26 34 32 41 30 21 21 36 32 24 29 34 27 33 28 21 28 36 40 22 29 28 30 22 36 28 27 32 58 60 61 38 22 31 29 30 36 39 28 24 21 26 30 30 33 29 36 30 31 32 36 26 37 30 28 29 25 30 25 29 30 42 31 29 28 30 28 29 33 45 31 31 27 28 19 30 15 29 28 48 26 29 37 36 31 37 31 21
35 36 34 28 21 25 30 26 26 31 34 27 29 22 21 26 10 27 43 30 31 27 32 11 31 26 19 28 16 29 25 33 21 28 29 24 30 44 27 37 43 30 30 25 34 27 22 30 28 30 24 28 30 29 33 27 25 24 30 23 30 23 31 25 25 25 34 34 33 29 30 40 32 21 29 25 30 27 31 23 28 32 27 28 33 31 21 27 28 38 26 21 38 35 28 37 29 31 39 24
23 26 29 30 16 22 26 23 27 42 27 18 32 14 22 30 22 35 37 26 39 36 30 42 37 38 32 34 25 36 23 33 19 39 35 23 37 25 40 30 22 25 30 28 36 20 26 33 31 37 30 19 27 30 28 35 35 34 20 18 27 29 20 26 37 46 35 35 29 32 27 38 28 26 24 26 45 41 37 49 31 38 34 26 30 29 33 22 29 25 28 37 27 37 32 30 41 25 28 34
27 32 25 35 25 29 33 25 30 31 35 24 33 21 22 19 31 23 20 30 31 32 27 29 28 27 15 22 34 25 27 27 30 37 18 36 24 16 27 60 28 35 35 48 35 21 23 31 31 30 21 20 28 39 23 29 31 33 26 33 25 33 32 33 36 16 30 36 25 30 21 23 21 27 28 36 29 24 34 38 23 24 39 27 38 17 31 29 28 29 21 27 34 34 32 23 28 27 31 21
31 19 21 24 27 21 32 30 23 33 24 28 25 45 29 37 25 29 30 27 25 34 26 29 26 30 26 36 32 30 27 34 28 27 30 19 27 18 22 18 26 24 29 29 20 38 20 14 38 29 17 27 22 31 28 31 31 31 31 20 27 32 30 44 24 23 40 34 39 41 27 35 29 33 22 35 33 45 29 16 23 36 45 24 35 20 31 22 28 32 19 36 31 26 31 34 29 25 19 19
24 19 27 31 39 34 36 38 40 69 44 71 8 32 26 12 30 28 23 20 25 37 29 30 40 29 32 24 24 20 25 38 41 27 27 31 40 33 29 38 25 39 17 21 34 26 32 24 41 31 33 48 24 34 30 27 37 28 14 29 23 28 26 22 27 29 45 34 33 42 41 27 29 24 22 28 21 30 43 33 32 25 30 41 27 26 28 31 24 36 38 39 37 33 18 27 29 34 36 27
24 26 27 36 29 30 33 32 18 42 25 16 19 19 25 28 27 16 34 26 35 30 22 24 25 21 37 26 33 31 26 25 27 23 28 20 41 27 15 20 26 22 26 34 14 24 37 31 21 28 27 21 25 30 23 31 30 24 29 30 18 29 22 34 31 28 31 27 20 35 27 32 29 25 23 20 28 25 27 43 31 21 27 31 33 40 28 25 35 27 31 23 18 21 24 29 30 29 42 33
31 31 33 38 21 34 31 22 28 17 29 32 30 33 33 30 29 39 22 34 27 31 36 30 22 23 37 25 30 26 38 26 30 28 24 31 28 32 31 28 31 29 34 38 35 37 32 29 30 28 34 32 35 35 39 24 29 22 33 22 25 21 42 36 26 24 25 26 29 26 15 23 31 25 23 30 28 32 35 24 29 21 25 31 29 22 31 23 29 26 23 26 27 26 24 27 30 26 24 34
31 25 24 28 18 20 24 52 21 23 30 32 27 20 28 37 28 32 34 25 28 25 22 26 16 22 33 36 34 25 31 24 32 29 31 29 30 37 26 20 27 28 30 20 20 26 26 31 32 33 33 39 28 29 35 28 21 16 18 20 33 24 27 25 35 27 37 27 29 34 20 38 34 27 24 30 31 35 30 25 23 20 24 30 26 32 28 29 23 26 35 30 32 29 22 30 26 32 32 22
34 26 35 27 31 27 23 25 33 21 24 27 34 21 25 28 39 28 26 27 19 26 40 16 31 25 26 28 27 24 29 33 32 21 38 25 28 32 20 31 23 18 34 30 33 25 28 33 27 28 38 29 31 23 35 28 25 23 14 33 26 28 24 34 26 30 33 30 28 29 26 33 26 35 25 32 23 34 29 20 29 31 28 29 29 39 34 13 28 24 22 35 29 25 35 18 25 26 26 29
36 26 34 36 36 25 13 25 20 24 26 22 31 26 21 38 25 24 24 30 31 20 23 31 34 37 20 26 16 31 27 35 32 28 30 29 34 30 23 33 33 23 33 24 30 23 41 36 32 32 28 33 28 23 21 30 29 25 26 26 26 36 39 24 17 25 26 28 24 31 28 23 26 33 31 27 39 26 28 22 27 38 38 28 31 24 38 25 22 37 27 23 25 25 33 23 27 30 31 20
37 15 30 28 32 18 29 26 14 35 22 27 25 20 37 32 22 31 20 31 39 22 25 25 33 26 27 33 30 32 32 19 32 31 29 27 22 35 28 30 33 32 30 38 23 29 32 27 31 40 33 27 34 26 34 32 35 25 35 35 19 35 24 26 25 32 21 29 24 31 24 37 23 32 32 30 26 34 34 33 20 27 29 22 28 25 33 19 31 36 25 29 26 23 36 42 33 31 29 28
23 33 29 28 28 24 38 22 32 24 35 21 22 33 30 24 26 26 20 22 24 31 19 32 25 26 29 24 33 27 19 20 37 28 29 24 23 29 33 27 18 30 32 32 27 31 24 34 34 36 33 33 29 35 37 32 36 17 26 39 36 27 22 37 34 32 29 25 31 30 35 30 34 27 31 30 21 48 31 28 35 34 35 25 25 18 21 28 31 33 22 21 22 25 36 32 34 32 30 18
24 34 30 30 39 23 29 33 34 19 36 38 25 33 15 34 26 28 37 32 30 25 23 27 38 19 24 30 23 40 22 32 28 30 25 33 20 38 24 30 17 35 20 32 20 30 32 23 24 21 29 35 23 34 27 35 32 41 24 24 18 25 36 33 21 26 32 31 24 20 31 33 28 27 18 32 24 20 29 31 25 27 39 28 42 34 27 22 16 19 24 27 36 23 41 33 39 35 29 27
24 33 28 30 24 29 40 39 26 33 35 25 26 27 32 27 38 27 28 28 27 26 36 26 22 33 32 27 26 32 15 21 37 24 28 27 34 27 40 37 29 30 41 31 56 33 28 24 40 22 26 19 29 26 20 27 22 44 36 28 34 33 36 20 22 37 38 32 25 27 22 34 19 17 25 30 20 36 19 49 30 29 29 36 23 24 16 27 17 30 33 23 29 37 32 30 26 22 28 29
31 26 33 28 33 39 26 26 24 22 34 32 22 35 30 22 33 30 29 31 25 20 32 24 22 34 29 22 39 35 24 42 37 34 32 29 32 29 34 33 34 36 31 25 25 39 33 25 31 30 24 22 28 46 33 24 23 25 29 30 27 39 27 25 31 20 26 31 30 25 22 25 25 30 23 36 25 29 25 34 27 29 25 22 24 24 32 44 14 30 26 26 25 31 23 28 22 42 33 25
21 34 20 39 26 31 27 28 31 31 31 24 25 24 28 32 29 29 40 19 19 23 23 26 35 30 31 15 33 32 24 31 40 23 32 31 29 37 25 33 31 23 28 30 37 36 33 31 37 24 18 23 29 26 29 34 31 30 29 33 34 30 28 37 29 35 24 28 31 30 25 23 35 25 21 34 36 27 26 30 31 37 27 26 19 22 14 33 21 19 33 31 35 23 24 25 26 26 36 19
36 33 27 27 28 25 36 28 22 25 33 35 21 34 33 40 30 20 30 26 38 22 24 33 33 32 34 31 26 36 22 30 35 26 40 36 28 28 28 35 22 29 25 24 32 25 24 23 40 27 40 24 40 23 30 26 28 23 27 24 21 31 32 23 26 42 35 32 34 24 18 29 21 14 19 33 8 30 20 32 31 35 19 23 33 37 31 25 29 31 36 27 35 24 26 35 26 29 23 19
35 39 30 33 29 28 18 29 31 30 25 26 25 31 32 23 31 29 29 34 29 25 21 32 32 29 16 28 31 23 36 39 27 36 30 30 28 23 30 36 38 25 19 23 22 32 33 30 22 32 23 16 38 27 27 42 15 30 16 26 29 27 41 38 24 9 29 37                                
