0.458333333333333 2668 21 28 31 33 42 35 31 42 38 26 33 36 28 23 33 32 24 41 24 36 33 28 27 29 36 35 37 37 32 19 24 26 36 26 32 28 24 37 33 44 27 40 20 36 33 33 28 36 18 33 35 32 26 32 27 33 31 29 25 24 29 34 25 25 25 31 25 29 27 25 32 28 33 34 35 26 34 36 31 24 37 34 34 37 21 25 34 40 39 34 30 29 25 26 22 26 41 30
32 33 27 26 26 30 39 35 39 23 28 49 40 26 35 43 25 37 23 36 39 31 35 35 36 34 35 32 30 22 33 19 29 31 34 32 24 27 26 19 33 23 31 32 33 33 28 34 31 31 28 29 26 21 39 27 26 29 38 24 36 29 52 35 35 31 36 25 34 34 28 28 35 29 30 23 37 32 31 37 31 34 41 31 28 40 41 27 35 14 34 31 40 39 37 33 32 32 29 33
27 24 35 39 38 33 27 28 23 23 36 24 30 21 31 27 32 25 24 27 27 37 22 67 45 26 29 41 27 33 28 41 34 28 31 45 28 35 29 32 32 26 31 20 35 31 26 24 26 31 33 29 17 26 28 25 32 23 31 38 31 21 30 35 20 26 39 36 25 41 28 27 42 31 32 46 31 42 31 19 44 33 36 38 43 32 34 31 12 25 30 29 24 33 21 32 36 25 27 24
42 41 39 33 19 39 19 29 33 16 42 32 32 18 35 25 37 22 35 36 39 31 30 35 34 21 38 37 46 25 30 36 31 45 43 35 41 32 22 33 38 30 44 25 41 31 27 38 25 32 30 31 30 27 26 40 36 34 36 34 29 30 35 38 31 43 37 6 27 28 35 23 40 31 30 31 21 36 29 26 23 34 42 30 32 36 35 34 37 33 26 32 26 28 23 34 30 26 21 41
23 28 24 30 14 22 21 39 30 29 35 34 34 36 13 18 25 24 24 37 38 27 48 38 30 33 24 31 23 34 26 35 37 34 23 28 41 31 29 41 29 40 33 27 38 29 31 24 27 28 36 23 31 34 32 30 39 19 39 30 30 29 27 42 17 42 26 46 26 30 39 43 34 44 26 32 31 31 32 32 41 28 22 35 28 28 24 43 36 26 26 30 25 24 18 29 33 18 36 20
23 27 32 38 36 35 37 17 25 34 28 27 28 25 34 30 26 29 33 33 25 37 31 32 40 35 35 30 38 29 30 40 43 28 36 27 28 24 38 14 26 23 25 37 30 33 30 24 19 34 37 19 38 23 33 27 39 32 32 33 37 29 26 31 30 39 24 40 29 32 22 29 35 31 23 38 36 36 26 31 11 32 24 38 31 39 39 36 21 36 40 34 32 44 40 30 31 30 29 27
33 37 31 30 39 29 21 32 28 30 30 21 29 31 47 25 39 27 35 25 21 28 29 16 15 24 24 46 35 23 36 28 27 25 33 34 27 36 36 36 36 24 33 34 25 29 22 26 29 33 37 38 27 30 28 32 33 36 45 29 49 32 21 37 40 36 27 30 38 47 29 33 33 27 30 20 31 33 31 37 27 34 22 27 31 42 26 24 16 31 35 32 35 38 18 39 29 31 28 32
27 29 24 40 38 33 31 24 34 47 35 20 31 36 23 32 28 25 37 33 33 40 41 30 27 32 31 30 24 27 27 19 33 38 34 31 20 30 45 41 30 30 32 38 37 37 32 30 38 35 33 34 28 39 24 24 21 35 22 45 32 31 33 35 26 30 36 25 34 38 29 18 29 32 23 37 33 29 33 31 25 34 35 40 31 44 39 27 38 36 24 27 27 36 28 31 32 37 24 41
41 33 22 30 30 41 32 32 39 28 25 33 29 33 36 28 26 29 30 32 22 25 39 41 30 24 41 21 12 26 37 35 30 36 31 26 62 68 21 24 29 28 20 33 49 62 31 29 46 25 32 32 41 23 41 39 22 29 36 41 35 27 25 37 34 37 29 36 13 36 25 33 27 29 33 15 25 37 31 41 37 31 28 32 29 44 32 32 33 35 32 25 27 38 22 34 44 38 31 37
26 38 45 31 42 40 39 37 37 27 25 27 33 24 25 42 38 40 32 24 30 32 45 34 30 39 33 32 31 23 32 21 19 40 25 21 34 31 21 36 33 25 34 37 28 34 34 25 33 35 31 33 28 23 37 48 34 32 24 23 39 38 31 32 38 44 32 34 20 41 36 34 26 33 31 35 34 32 31 34 29 33 38 34 36 30 35 24 34 21 23 26 29 41 39 40 38 37 33 22
29 24 33 31 23 30 36 30 26 20 42 46 31 22 32 29 35 17 44 27 30 34 28 44 32 41 25 28 28 26 27 30 28 29 37 35 27 29 24 34 36 17 29 31 27 28 30 29 38 26 31 32 23 39 29 40 32 37 32 38 23 36 29 44 33 22 37 38 39 32 40 31 33 25 24 42 30 31 36 29 32 32 38 29 36 29 32 26 31 47 32 27 38 20 38 32 41 35 32 30
30 23 38 32 39 28 27 25 35 32 31 38 29 29 30 22 30 36 29 33 26 34 35 29 20 29 20 41 24 28 17 33 27 33 43 37 33 29 21 23 32 33 33 31 32 32 23 40 22 20 24 13 29 19 33 26 30 42 30 40 33 38 28 41 23 21 42 25 34 31 20 39 35 43 29 26 36 39 16 30 23 34 23 34 35 27 27 39 24 29 25 31 32 31 20 33 25 39 27 31
19 25 28 37 34 20 27 28 32 37 36 20 26 43 29 23 10 19 20 21 32 34 26 25 30 34 30 21 27 32 41 32 28 31 31 30 38 29 31 37 33 37 32 27 24 28 30 28 24 26 25 32 38 27 37 26 40 33 35 27 27 34 35 40 39 31 30 36 26 32 30 37 30 22 22 22 30 24 37 30 25 30 32 35 32 30 29 30 34 31 28 29 35 41 32 40 22 38 35 23
28 35 26 27 30 32 24 36 37 31 39 39 30 35 28 33 28 36 23 36 21 30 49 38 46 40 31 42 29 33 17 26 33 43 26 27 20 22 26 41 37 27 29 21 38 32 36 44 40 47 23 39 31 19 42 37 34 40 37 32 27 32 44 29 21 33 36 39 36 30 30 39 51 68 67 28 8 26 23 34 31 29 28 27 27 22 30 34 26 33 38 40 34 34 30 25 26 28 30 38
37 41 30 32 25 28 29 31 34 26 24 29 31 38 23 28 34 34 27 20 30 41 28 28 36 27 33 31 26 25 39 49 16 23 39 27 41 29 46 29 11 38 29 33 41 40 33 19 41 49 31 36 29 24 31 31 32 49 27 25 30 29 30 30 26 32 34 24 44 41 33 32 30 35 41 35 28 42 30 26 27 31 39 26 31 22 31 30 37 27 34 29 28 21 21 43 37 35 41 30
43 21 39 30 33 19 20 25 28 43 38 34 30 35 35 38 27 31 29 24 31 20 44 25 18 34 39 31 35 41 20 28 35 35 40 33 30 33 32 31 23 41 31 38 39 30 31 27 37 29 44 23 32 24 33 24 26 39 22 32 39 31 41 28 28 22 37 27 30 35 28 40 28 35 21 30 36 27 32 32 31 29 30 30 29 24 40 32 30 33 32 31 32 31 29 32 28 33 42 41
38 41 47 31 27 36 25 36 36 42 37 27 28 33 25 30 39 28 29 44 34 25 27 40 26 36 23 36 39 31 30 39 28 33 30 35 34 37 21 28 40 33 34 44 30 38 29 30 31 38 34 20 42 27 36 34 23 32 31 34 36 27 23 30 29 33 32 25 25 33 20 30 20 20 30 31 28 41 35 33 39 30 40 31 33 26 23 28 33 41 33 34 42 31 30 25 33 27 33 29
29 29 29 17 26 16 30 42 28 21 26 26 29 24 31 34 29 41 23 35 31 12 20 32 38 32 34 26 38 29 31 28 37 23 40 31 37 21 35 34 31 23 28 33 25 25 37 32 42 41 44 35 25 33 22 42 37 35 41 29 25 38 27 23 42 42 36 36 30 33 32 22 27 39 35 25 36 26 32 32 24 26 44 34 29 33 29 36 28 34 33 30 30 22 32 30 31 31 28 41
35 27 15 36 26 30 34 39 27 30 19 28 28 35 41 28 32 32 30 43 42 19 34 30 25 28 22 39 26 38 26 33 32 40 23 37 22 27 41 41 26 27 27 38 21 46 32 31 30 29 36 28 39 32 28 39 34 28 25 41 20 33 27 36 32 26 31 24 26 32 35 24 24 23 24 30 24 21 18 28 26 33 36 35 44 19 31 30 30 28 30 27 40 42 29 30 29 29 33 25
27 31 33 26 33 25 24 29 31 36 24 30 32 31 23 28 37 37 32 43 31 42 28 39 29 17 32 12 32 35 28 25 30 26 34 34 26 35 36 24 36 36 27 21 34 26 28 30 36 34 25 31 32 29 34 35 39 34 37 29 41 26 35 41 23 27 45 43 32 25 25 33 40 37 33 31 31 28 38 32 25 31 23 25 30 21 37 26 27 36 29 41 29 40 33 19 37 23 26 38
34 33 35 37 37 23 31 29 31 41 25 33 42 34 44 21 41 35 26 35 34 28 28 30 37 35 31 26 27 27 38 38 27 36 25 34 35 27 27 30 26 43 25 31 32 32 28 35 57 27 32 44 31 33 33 39 69 38 35 25 37 28 32 20 36 33 30 27 31 26 29 34 41 33 32 36 38 35 37 35 27 43 39 23 29 35 32 27 26 35 23 26 26 28 28 27 26 26 29 39
30 24 37 31 31 29 36 29 27 29 38 28 29 42 31 33 44 32 30 25 26 34 25 24 25 29 20 23 29 39 34 28 31 32 27 40 24 33 28 32 36 19 32 39 26 26 37 27 35 41 36 34 40 34 19 33 42 28 26 30 41 35 31 38 25 31 41 21 29 31 16 25 32 34 33 32 26 27 22 32 34 33 31 40 37 31 31 24 27 30 32 45 23 21 33 37 27 27 25 34
22 35 22 23 29 30 43 32 40 30 30 43 29 38 37 34 38 34 25 42 38 36 40 32 30 24 35 30 24 34 30 30 45 23 23 27 46 48 33 34 32 25 32 28 31 22 36 36 26 33 40 27 36 34 36 32 43 33 19 35 35 25 21 26 33 32 35 68 38 55 60 37 39 35 28 25 37 34 25 33 35 30 23 38 41 40 28 30 35 28 26 42 13 33 33 30 30 37 37 34
27 24 43 27 28 30 25 33 28 30 24 27 34 39 34 29 32 29 43 31 32 45 37 37 30 25 35 23 40 31 38 41 29 36 27 30 36 42 22 38 36 33 33 28 28 38 36 29 35 26 27 40 54 22 19 22 32 20 42 26 29 34 35 30 33 70 26 42 41 36 21 28 35 25 21 33 23 29 27 36 23 20 24 29 33 25 36 37 37 20 32 37 23 25 37 46 34 40 20 25
16 37 25 30 38 43 30 34 26 26 28 29 41 35 24 25 33 25 32 24 32 28 28 27 24 32 28 37 34 28 31 29 36 19 30 33 27 31 33 33 26 23 27 21 35 26 27 34 29 32 40 27 30 28 17 36 19 27 21 35 30 27 34 14 32 34 29 37 20 33 37 33 34 32 31 33 39 39 23 37 33 35 26 20 24 25 31 38 30 34 37 29 27 29 45 42 32 34 31 28
34 23 29 35 19 31 30 31 35 28 28 41 32 32 27 37 32 29 33 35 31 36 34 30 18 35 31 29 30 38 22 35 37 37 29 23 42 31 37 22 35 52 33 24 30 25 34 28 30 31 31 31 29 41 27 12 21 36 29 33 12 31 43 32 33 36 37 23 38 25 41 42 42 41 34 45 44 35 33 37 24 31 41 11 17 9 13 10 16 14 12 17 18 24 14 18 13 21 24 21
21 12 12 17 7 9 16 11 11 12 14 12 27 18 22 15 17 17 15 16 13 14 14 16 6 18 12 22 21 11 16 15 15 13 18 13 18 14 22 8 20 21 14 14 7 16 12 22 19 24 11 9 21 18 21 22 10 17 15 11 11 16 15 8 15 13 21 15 24 14                              
