0.375 2898 16 30 23 22 25 27 20 24 24 21 24 27 25 28 35 25 27 28 22 20 19 24 28 28 24 22 26 24 18 22 21 19 20 29 17 33 31 21 22 25 26 21 20 33 25 19 24 18 20 29 22 25 19 25 18 27 20 24 31 18 23 22 26 17 25 26 19 28 24 29 14 29 19 18 20 28 21 23 24 29 23 23 28 36 19 28 35 25 17 26 23 17 33 36 26 21 26 28
21 29 28 28 23 17 17 26 30 19 29 33 25 26 23 28 28 20 21 35 17 22 27 21 24 16 20 24 30 21 26 27 25 16 20 30 27 20 31 18 21 31 22 23 20 24 17 35 22 25 19 32 31 24 25 25 18 17 23 24 17 33 24 33 24 35 26 21 26 23 20 26 27 22 25 26 26 25 27 23 26 27 39 9 28 18 29 23 30 23 16 22 35 33 26 29 25 26 18 24
21 29 21 31 37 28 21 26 22 27 27 21 22 27 24 22 32 23 23 17 25 29 17 29 26 24 23 16 29 24 20 19 23 26 29 30 19 21 22 23 25 21 31 24 30 21 26 28 27 27 33 32 31 30 29 21 28 31 26 34 32 26 31 38 23 21 31 25 30 30 28 24 21 29 28 28 29 35 21 28 21 27 25 21 26 20 27 26 19 31 23 17 26 18 25 17 21 27 27 21
31 24 19 29 33 28 22 17 27 31 16 27 29 22 25 24 16 32 19 30 20 27 23 31 30 29 18 19 29 23 21 35 27 27 19 23 34 24 18 16 26 23 20 19 31 25 22 19 35 25 23 25 21 35 23 26 23 24 18 23 31 23 28 15 27 32 15 30 30 30 16 27 31 27 24 31 32 26 19 19 27 28 11 33 18 20 28 26 18 19 31 20 18 19 39 27 18 14 21 9
29 32 17 25 26 21 24 32 26 22 27 24 24 26 16 23 20 18 28 26 28 19 20 26 21 27 22 19 17 35 26 31 16 21 23 23 35 30 23 24 26 20 21 20 29 22 22 25 19 29 18 12 25 31 21 27 36 21 28 26 22 22 20 24 20 27 18 44 24 22 18 19 15 27 17 24 23 16 19 27 26 24 24 27 26 24 10 24 27 30 28 24 23 24 21 24 19 26 16 17
23 31 22 20 27 27 17 18 21 21 29 24 19 23 30 36 18 28 27 17 17 33 19 25 24 21 20 15 28 21 25 29 24 32 26 24 24 23 32 13 32 22 21 23 19 33 32 34 28 27 23 24 21 23 16 22 21 21 28 28 25 30 17 13 19 19 30 24 23 19 24 27 21 24 25 17 21 31 22 30 26 25 27 18 32 28 20 23 17 23 20 20 13 23 28 20 27 16 18 31
20 20 27 23 19 27 22 25 19 20 22 22 28 27 17 18 20 16 25 15 15 18 23 10 30 25 27 15 22 20 21 16 26 20 23 24 32 45 19 26 26 29 29 26 29 21 28 23 26 22 23 28 18 18 14 20 29 16 25 21 29 25 27 14 20 21 24 19 14 32 22 24 15 27 20 23 19 16 26 31 30 35 23 21 26 27 33 19 28 25 29 20 13 22 31 21 27 16 19 22
20 35 21 31 28 35 21 23 20 12 29 29 19 17 20 25 27 20 15 20 32 19 30 38 21 24 17 27 19 35 21 18 28 29 24 28 27 17 21 25 24 23 25 19 18 13 21 33 31 21 24 15 22 24 28 31 33 27 31 22 17 41 24 22 27 26 25 30 36 13 97 27 23 44 11 30 31 30 26 31 20 21 28 28 30 30 17 21 23 29 21 22 31 20 31 24 27 18 24 30
23 30 31 30 24 26 35 31 32 14 22 33 29 24 35 21 28 32 27 31 21 27 36 19 25 29 34 28 28 36 30 27 17 37 27 23 20 25 26 28 18 20 28 28 20 22 23 19 29 17 11 29 25 21 29 25 25 17 21 24 30 16 19 34 24 21 22 19 20 17 16 29 30 17 26 28 18 19 24 26 24 22 20 23 27 25 54 59 31 50 14 21 27 26 21 29 29 26 26 27
34 20 27 29 35 26 21 27 26 22 18 23 24 20 24 30 25 20 30 24 25 18 29 23 29 24 22 19 20 26 12 30 34 22 26 27 27 31 30 14 25 21 23 27 33 14 22 19 13 21 23 18 29 29 22 28 29 16 28 32 26 22 30 22 28 20 22 20 28 33 25 30 17 31 28 33 34 15 19 33 27 34 18 28 22 26 19 27 21 24 31 25 26 22 28 26 16 20 27 37
33 21 31 29 22 23 30 28 19 10 23 27 32 23 23 20 26 29 20 28 29 29 23 16 27 19 30 27 25 30 24 20 19 20 21 20 28 26 23 25 18 31 20 25 16 20 23 22 27 26 22 23 31 34 23 19 26 24 23 28 22 23 21 25 21 28 21 29 23 30 26 25 18 19 18 30 19 24 20 28 30 22 21 29 18 15 18 26 20 22 18 22 20 28 29 27 18 24 24 28
15 33 24 31 41 24 28 21 29 28 26 37 28 37 24 24 24 44 33 26 27 37 20 23 25 24 29 23 25 36 20 39 30 27 17 13 27 26 31 22 27 27 25 32 25 33 30 23 39 16 37 26 23 19 38 22 30 26 26 33 28 25 24 22 27 25 29 13 18 33 24 25 25 24 27 24 34 35 31 22 24 17 20 22 22 25 28 25 26 19 26 22 35 37 25 16 27 22 13 20
28 25 20 19 21 26 32 25 40 19 17 18 36 25 18 28 28 31 29 25 30 35 27 19 28 26 29 26 32 34 23 18 25 29 24 27 33 12 20 19 22 32 17 32 26 24 22 26 34 31 18 21 22 27 31 18 20 27 35 30 30 24 30 29 28 27 31 32 31 21 34 23 18 27 23 31 25 28 24 23 23 18 43 22 26 36 27 23 26 29 18 25 29 21 23 24 30 18 24 18
28 34 30 27 20 27 20 14 20 20 25 24 34 33 29 25 26 26 23 34 27 29 15 33 28 32 19 21 13 30 29 32 28 27 24 24 26 21 25 19 26 24 17 29 20 22 26 28 19 22 23 16 21 23 37 34 31 34 26 29 24 28 29 25 27 27 27 24 29 25 22 30 23 22 20 28 27 33 29 22 14 27 19 16 26 20 30 29 31 17 30 21 27 30 27 39 32 23 32 29
19 20 34 25 24 29 31 19 25 21 26 29 20 22 27 27 32 18 33 14 23 23 32 26 27 34 18 19 27 22 21 21 39 32 25 20 16 35 21 20 18 25 32 28 26 22 26 34 22 24 28 35 17 27 25 36 22 25 27 34 23 19 26 27 28 32 32 27 29 78 23 17 24 25 17 24 35 27 27 20 20 22 22 23 27 26 24 21 19 21 26 18 27 19 26 28 25 29 19 29
21 26 24 25 22 26 35 39 38 23 27 22 32 30 37 15 35 32 26 25 18 28 40 24 30 28 29 35 18 20 27 24 24 27 26 32 26 21 21 21 25 27 17 24 26 24 31 26 36 18 24 23 24 16 19 24 26 30 23 19 24 36 30 27 30 32 19 26 23 25 21 33 18 23 19 28 29 20 22 28 25 28 30 27 21 27 26 12 24 19 21 38 25 23 21 28 20 21 11 20
22 22 28 23 21 29 13 23 25 24 19 31 24 19 29 28 28 11 29 28 23 26 28 9 24 29 25 26 23 30 23 29 27 20 11 26 17 21 20 27 27 18 24 36 26 20 24 26 22 22 20 12 20 22 20 31 29 22 18 29 18 30 21 24 28 30 23 20 20 20 27 19 21 28 19 21 18 21 34 22 11 26 24 26 27 26 29 19 24 23 26 22 23 32 31 24 27 34 21 29
26 23 30 18 21 29 18 25 28 27 24 21 29 26 23 27 18 18 21 19 29 20 29 34 34 26 27 22 24 19 33 19 20 27 17 20 25 21 32 26 30 23 30 30 25 30 22 21 19 24 18 25 20 21 17 22 24 66 26 24 19 26 43 23 20 23 25 18 25 23 18 21 24 19 17 20 29 34 12 20 27 22 23 24 19 23 29 23 16 22 17 30 14 24 37 23 16 28 21 22
25 28 29 22 33 22 28 19 31 26 22 25 31 18 17 17 31 25 21 14 23 17 27 31 22 24 17 25 24 25 22 28 24 13 26 17 18 22 35 20 26 14 22 24 20 17 21 25 29 26 19 25 18 21 27 14 13 26 19 15 31 20 19 25 24 21 24 22 17 30 25 21 26 32 26 23 33 21 20 23 22 15 24 20 19 23 30 22 41 21 32 29 26 22 24 24 19 22 24 31
23 22 28 24 24 27 21 18 26 19 19 39 23 22 22 27 18 20 23 13 24 19 35 28 22 20 24 16 22 13 29 28 19 18 24 19 24 21 28 18 20 33 14 16 19 19 27 23 27 19 21 23 20 26 34 22 22 25 24 18 20 21 21 27 30 17 15 16 17 19 18 28 26 21 26 27 27 18 24 31 25 39 21 23 25 29 27 27 16 15 21 22 22 20 24 19 25 27 14 33
35 20 15 34 24 28 25 18 19 24 17 21 25 21 23 17 14 18 20 19 25 18 25 33 26 26 23 25 25 20 12 21 34 29 24 23 21 30 26 32 28 19 24 20 34 25 15 34 20 24 23 22 21 21 20 18 33 18 18 20 24 29 26 29 28 24 20 25 27 13 20 24 19 23 23 18 33 14 24 36 26 26 26 17 18 21 28 33 31 31 27 31 17 25 32 27 21 30 35 35
19 28 25 20 17 20 29 16 26 32 29 25 22 28 15 30 20 21 24 31 36 21 29 21 26 30 26 22 21 18 20 27 24 28 22 24 32 21 21 20 30 31 28 18 26 29 24 29 26 20 27 22 33 27 28 25 22 20 22 13 23 27 33 20 23 25 25 23 18 23 24 22 22 31 26 32 20 33 21 24 24 19 20 21 19 19 20 12 31 21 31 29 19 19 23 23 21 28 16 24
32 32 22 19 26 19 28 24 20 22 25 18 23 33 26 29 23 20 17 19 24 26 36 36 28 28 30 27 19 24 22 36 29 20 17 25 21 28 26 26 17 26 36 21 29 22 23 30 31 32 31 22 24 25 19 23 15 13 24 22 23 19 17 31 17 23 22 24 18 30 26 22 29 20 27 32 26 18 26 28 29 30 30 23 17 29 18 27 26 23 29 20 20 29 23 21 16 22 21 22
24 27 19 24 31 27 23 23 20 25 15 16 24 29 20 21 19 18 28 26 27 20 27 23 26 24 30 24 22 28 25 26 25 27 33 27 29 28 21 24 17 25 20 21 21 28 23 23 20 18 27 30 20 21 16 22 21 27 28 26 33 23 21 21 23 19 28 28 28 23 25 15 30 24 21 19 17 23 37 22 28 30 20 15 25 28 26 17 23 36 25 34 27 24 21 31 21 16 22 28
50 23 20 26 18 20 22 24 26 28 24 32 28 19 25 25 26 21 33 23 24 24 35 20 27 27 18 15 23 28 28 35 26 33 32 25 26 32 28 32 24 22 21 31 11 25 28 24 22 27 21 23 21 22 30 26 18 30 26 29 23 27 21 13 27 24 23 38 24 20 23 23 11 30 30 17 20 25 20 36 22 23 21 27 20 20 19 20 22 24 23 35 29 25 25 29 22 22 31 28
18 17 22 21 25 25 30 28 30 27 30 23 31 21 23 22 24 34 23 28 25 15 27 21 26 26 22 17 24 24 23 26 22 20 19 29 28 17 21 21 22 26 30 19 26 31 28 32 36 10 16 26 16 20 24 21 28 28 29 19 27 16 22 24 28 26 26 28 32 27 33 25 20 28 33 22 22 21 24 31 19 31 20 21 22 32 21 27 23 21 23 29 16 20 20 25 21 24 24 24
38 25 24 28 22 24 16 16 27 25 20 28 26 12 29 22 23 22 28 28 26 25 19 16 22 39 22 26 21 26 16 21 36 22 19 20 28 17 13 32 23 34 18 20 19 22 20 23 22 20 16 34 21 21 24 36 20 28 20 27 22 31 23 12 21 21 18 20 23 27 21 21 26 18 19 22 16 19 28 25 16 28 25 22 35 42 26 26 20 30 24 17 17 32 15 23 29 32 18 24
19 24 23 21 18 28 21 19 22 26 22 30 20 20 25 28 25 22 22 16 18 26 25 39 29 26 19 21 23 31 27 23 25 22 29 27 19 22 13 34 33 27 29 22 26 19 23 21 32 33 33 35 21 33 19 26 31 13 24 27 22 15 20 28 25 18 24 19 19 20 14 25 29 24 26 14 20 25 24 22 18 22 32 39 32 29 21 30 29 24 26 16 28 18 19 28 21 28 23 26
31 26 19 22 39 16 16 13 24 23 16 18 25 22 20 18 29 33 20 22 23 27 28 29 21 23 18 27 21 20 28 24 23 23 13 26 28 19 34 17 21 23 23 21 18 20 23 19 22 25 18 20 23 28 20 24 31 22 18 29 28 22 20 20 18 22 18 25 29 12 14 21 17 22 19 28 22 10 23 21 23 23 22 24 32 32 26 21 26 23 24 17 15 18 31 30 23 24 18 25
