0.413793103448276 2458 31 32 31 34 37 28 39 41 20 14 24 40 24 31 33 37 22 33 33 23 21 43 23 34 21 32 30 27 30 30 24 39 25 27 28 31 32 22 32 13 20 26 28 32 22 30 24 28 23 21 22 18 29 17 17 21 17 34 19 24 27 29 30 25 22 23 26 33 20 18 26 23 30 22 28 36 30 24 19 28 25 30 29 33 26 27 30 30 28 34 30 33 24 45 33 23 19 21
25 32 27 32 17 28 25 23 24 23 29 19 24 37 26 23 31 21 29 22 32 29 32 25 31 28 30 11 20 20 28 38 28 31 30 22 24 34 25 23 31 36 34 15 28 31 30 32 24 30 28 30 27 31 28 23 22 25 44 18 35 31 32 22 29 25 35 39 24 33 31 27 20 19 29 34 27 35 21 27 39 32 23 28 24 25 22 28 39 21 32 32 35 25 33 34 20 26 36 19
22 32 36 20 29 24 35 32 28 21 26 31 31 34 36 35 27 30 23 27 32 27 22 35 39 21 31 22 29 31 26 19 21 35 22 25 40 32 38 35 25 34 27 25 38 41 33 29 39 42 27 36 31 29 19 23 25 32 30 32 31 33 17 22 28 26 38 30 31 27 28 24 31 32 32 29 22 33 34 27 26 24 24 29 32 25 27 21 31 33 19 28 24 38 19 33 33 26 31 27
29 13 28 36 32 33 46 36 34 40 46 35 32 24 31 26 31 25 25 30 28 26 20 29 39 30 33 22 31 32 31 28 39 31 32 23 43 37 28 36 31 32 35 24 26 28 33 32 29 25 40 35 22 29 31 27 18 34 31 31 30 39 38 29 33 29 24 22 33 33 34 32 43 31 34 24 36 40 39 23 40 35 23 24 33 36 29 33 24 32 27 33 26 41 25 29 20 34 38 25
33 31 48 26 18 23 20 31 25 30 24 31 28 22 35 18 25 34 18 29 26 22 29 32 39 28 37 24 29 32 30 31 37 37 15 20 37 17 33 38 19 24 24 34 25 41 25 21 28 25 25 37 29 31 22 26 31 29 25 27 28 33 32 29 25 45 25 30 32 29 25 27 36 40 30 36 30 29 31 26 31 36 32 22 27 46 23 21 38 32 22 23 36 29 25 29 28 20 21 26
33 21 26 34 29 22 32 23 27 24 35 30 33 32 30 30 28 29 32 26 29 25 28 33 27 25 22 27 37 39 27 28 20 28 29 21 25 38 28 23 20 24 30 25 32 15 22 34 41 28 26 22 23 25 29 34 17 35 56 44 37 39 29 29 25 26 30 17 36 30 24 32 38 24 27 28 31 23 33 27 22 17 35 28 23 31 30 27 43 26 37 25 28 24 29 36 32 38 36 28
35 31 16 26 22 23 27 33 32 34 22 28 38 35 26 28 27 25 36 38 30 28 31 20 27 25 40 33 19 21 27 39 31 25 34 24 31 31 35 31 19 28 26 30 32 24 29 32 29 28 31 30 20 22 20 30 28 29 35 33 26 18 36 27 28 33 28 38 26 33 30 29 34 29 42 30 30 25 36 35 26 22 22 34 32 28 28 24 17 20 27 27 22 34 36 32 32 33 32 43
32 32 26 40 32 31 25 14 32 71 33 31 19 38 24 32 39 21 40 29 29 34 42 43 42 25 29 35 27 31 36 23 26 30 43 29 40 29 27 26 35 28 26 24 22 16 27 35 34 22 24 36 21 30 31 31 35 29 38 28 25 23 37 40 34 28 38 30 27 21 19 25 35 33 10 33 23 30 35 24 27 27 36 28 34 31 34 29 28 29 27 25 30 24 29 35 30 27 31 28
27 37 39 33 23 15 33 24 31 24 31 35 35 28 28 36 30 27 28 27 34 34 33 26 33 25 23 30 37 27 21 23 26 28 32 22 32 36 28 26 25 33 33 23 34 24 38 50 40 22 38 36 30 23 32 35 26 31 23 33 19 23 28 29 35 23 31 35 23 30 41 34 28 37 27 31 48 55 27 32 40 25 33 29 30 30 33 29 8 24 32 47 26 33 26 30 35 26 33 35
27 28 31 31 28 30 30 22 34 36 27 24 28 40 29 22 34 20 32 34 29 23 31 31 34 26 30 44 35 23 31 27 29 37 36 30 33 30 30 35 28 21 31 25 27 25 38 38 26 26 26 31 43 31 35 33 37 26 31 26 34 23 29 25 32 31 30 31 21 22 23 33 31 28 30 30 27 29 35 26 25 33 22 31 30 23 49 25 33 30 26 30 34 35 32 25 22 30 36 24
20 34 28 40 27 37 29 20 35 17 29 30 29 26 28 23 28 34 28 27 31 28 22 19 32 38 35 32 25 29 25 35 31 27 15 30 18 20 32 40 22 16 40 28 27 38 24 24 27 31 21 31 34 26 24 26 29 34 24 29 26 24 34 24 25 27 27 30 34 31 23 35 29 36 27 28 32 36 30 17 25 38 28 27 23 22 23 19 28 29 36 27 35 26 31 30 30 27 18 43
15 35 33 21 31 30 28 33 27 31 33 32 29 47 20 40 30 25 28 28 42 29 38 36 22 25 24 25 17 26 30 25 25 19 30 34 34 30 27 41 18 31 34 34 29 21 32 19 31 28 31 22 35 39 29 32 24 24 24 33 39 35 30 29 41 52 36 27 29 25 32 44 30 34 33 36 40 25 39 33 29 40 35 30 39 32 29 29 24 40 29 23 38 29 24 37 21 27 25 37
28 32 33 29 31 33 58 73 28 35 31 34 32 28 34 31 41 37 35 25 30 38 33 33 26 26 27 24 37 32 27 38 33 37 27 45 26 28 25 32 28 23 35 14 30 30 26 25 36 43 40 32 20 33 26 30 32 37 30 24 31 30 24 34 29 31 28 26 32 30 29 31 24 28 16 27 31 23 30 31 26 37 20 28 24 30 33 40 33 24 40 35 40 41 32 30 29 25 33 28
36 24 28 24 31 25 22 22 24 22 20 26 19 20 18 34 26 33 34 33 25 15 22 26 46 28 26 21 27 28 21 34 27 24 24 29 32 26 24 20 26 22 39 27 23 29 33 22 21 36 29 31 26 20 31 25 23 37 31 25 18 32 29 15 35 32 34 38 29 38 23 27 33 31 29 33 21 37 26 33 30 27 28 32 36 30 26 30 33 31 36 17 27 29 21 24 16 33 32 31
30 27 19 20 28 29 24 24 31 37 30 32 24 29 30 18 28 24 19 22 30 24 27 20 31 41 32 32 29 37 27 34 22 30 23 29 38 36 35 25 40 23 27 37 44 37 24 30 24 33 29 36 15 26 27 35 21 25 30 26 38 24 29 25 22 35 17 26 28 33 31 25 32 26 24 30 34 20 34 29 29 32 37 31 31 25 19 33 28 21 22 24 31 28 37 33 34 33 19 24
34 30 22 46 33 22 30 27 32 34 32 29 28 15 32 30 22 27 21 27 23 37 26 25 37 25 32 19 29 33 36 31 26 20 27 14 30 36 22 37 36 28 36 28 24 26 27 22 32 28 18 33 21 27 30 26 29 30 31 41 26 30 29 27 19 27 24 32 23 37 33 33 25 37 28 33 20 22 28 27 27 29 24 31 23 27 22 33 22 21 21 24 21 37 30 31 27 17 31 31
20 28 26 31 35 23 25 29 29 40 34 21 29 26 36 27 42 23 26 23 26 38 35 30 29 25 22 20 21 21 19 31 27 26 33 34 28 24 27 25 25 27 30 30 21 24 23 33 35 22 26 18 29 35 27 35 30 28 28 24 27 37 26 27 28 23 34 40 27 35 29 32 28 21 30 24 33 24 15 27 18 24 28 32 27 22 33 29 30 35 17 23 30 28 37 30 38 25 33 32
34 26 31 33 29 31 26 32 27 33 26 26 42 21 19 25 12 24 32 19 38 26 22 33 26 39 33 30 23 29 34 28 30 30 25 24 22 23 32 39 31 27 27 29 31 29 26 28 23 29 39 24 32 25 51 31 29 34 37 29 32 33 25 34 36 30 36 36 21 21 19 31 35 28 28 36 28 37 27 31 20 29 26 30 22 26 36 24 24 62 26 39 30 19 16 32 30 33 32 21
31 30 32 16 26 22 30 28 26 28 33 27 29 32 30 26 29 40 21 28 31 30 26 31 37 26 31 24 37 33 25 30 23 22 24 24 41 23 29 24 31 32 29 34 24 27 22 26 20 38 17 29 32 46 21 24 28 30 27 34 24 18 31 27 23 32 19 21 33 26 26 34 29 28 23 29 24 41 36 25 28 31 35 28 21 25 31 20 39 29 26 36 21 19 25 20 32 27 33 34
23 21 35 31 21 26 30 36 23 23 25 24 32 27 23 23 30 25 24 31 34 25 25 22 26 29 22 29 34 34 20 28 23 42 31 24 21 21 39 31 23 28 45 29 30 27 22 33 22 22 32 28 33 24 26 34 18 27 33 19 25 19 23 29 24 31 31 29 30 23 27 32 28 27 28 22 26 28 35 39 29 35 16 24 27 29 33 26 28 22 28 35 32 25 9 24 23 24 27 22
27 25 21 28 31 26 26 30 26 27 23 33 35 29 34 25 24 22 17 37 30 22 31 12 24 24 22 45 27 27 28 28 23 18 25 21 31 34 31 31 26 20 32 38 28 24 23 26 23 27 29 28 31 29 34 35 30 28 27 29 23 23 20 36 39 38 30 28 21 34 26 26 35 31 28 32 25 24 27 27 33 28 39 29 35 19 26 38 23 23 36 31 24 33 26 41 41 27 33 30
41 32 30 43 21 33 31 20 32 22 27 11 15 44 34 38 31 26 27 23 30 31 21 25 30 37 28 34 27 32 38 29 30 23 25 27 16 26 26 35 21 24 23 28 29 29 42 27 22 29 20 24 35 32 33 33 31 30 28 28 22 24 26 28 32 29 27 29 33 32 29 25 40 31 34 16 21 26 34 26 29 22 30 33 26 38 23 24 26 21 32 24 28 33 26 31 22 27 35 42
25 27 18 25 36 37 25 25 21 24 28 28 22 33 29 31 29 35 34 28 29 28 20 26 30 36 32 28 33 28 25 27 27 28 21 24 28 27 33 24 21 17 22 29 35 24 18 18 39 30 36 34 30 39 29 33 35 31 25 29 31 22 24 30 23 27 36 34 34 23 33 19 37 26 25 28 25 29 25 38 31 30 26 27 19 36 35 30 31 27 30 33 42 34 34 24 35 24 36 27
41 13 18 11 19 11 13 16 18 19 22 16 15 16 18 17 12 8 18 8 17 20 26 17 14 19 18 14 13 16 17 14 15 13 21 17 13 25 17 14 11 12 23 13 19 16 12 20 16 12 16 20 16 18 15 18 8 15 23 7 21 18 12 12 15 15 22 16 9 12 11 16 8 17 15 16 9 19 18 15 16 13 15 14 14 14 14 16 12 20 9 8 10 25 18 16 17 15 22 16
10 18 20 14 10 18 18 19 11 12 15 20 17 14 11 10 19 22 15 19 17 16 15 23 14 18 17 13 14 17 12 14 19 15 14 11 16 17 13 18 17 15 15 34 7 11 10 12 16 15 14 11 17 8 19 11 9 53 10 17                                        
