0.315789473684211 2716 21 28 26 27 28 18 25 28 25 31 28 26 21 33 28 22 20 22 21 28 36 10 43 25 14 24 22 20 20 18 20 21 23 19 28 28 27 26 21 21 28 25 28 21 28 23 26 18 16 24 27 18 29 20 31 19 20 16 26 26 16 20 28 16 22 23 26 28 23 29 17 34 24 21 20 27 18 26 26 17 22 23 20 28 17 27 24 24 13 22 21 33 64 18 27 19 22 28
36 20 25 16 21 22 14 21 24 41 30 20 21 26 29 25 20 29 29 14 23 29 24 25 21 30 17 24 25 19 25 29 19 19 23 29 24 24 20 26 22 24 16 28 17 24 21 26 26 23 20 25 20 21 18 23 25 20 25 26 29 31 22 33 15 22 30 17 17 29 23 24 27 24 19 22 18 28 35 23 21 19 16 24 24 23 18 28 19 15 33 28 17 28 22 19 21 24 27 15
23 25 24 21 26 33 23 26 24 24 26 24 19 25 13 23 22 16 34 30 13 22 21 26 27 33 24 27 21 17 14 13 33 24 16 24 28 30 27 31 29 16 33 28 17 21 33 26 30 13 9 19 27 30 21 26 20 25 27 17 32 19 15 34 22 25 26 24 27 32 20 27 17 26 31 19 31 20 28 32 21 32 15 27 24 20 16 35 30 29 17 28 29 22 28 27 24 34 18 25
20 21 25 22 19 24 25 27 21 20 22 28 29 8 26 28 26 18 21 23 17 20 22 20 27 27 23 16 15 20 31 23 26 23 18 27 24 19 32 31 23 25 25 26 30 28 26 26 32 18 29 28 24 24 32 20 16 21 23 26 23 22 21 21 28 17 13 27 23 25 29 28 21 22 25 24 23 25 31 23 26 23 22 26 18 28 17 23 29 28 19 22 21 23 21 22 15 18 20 22
16 30 25 29 27 31 20 26 20 24 23 34 25 21 17 23 19 29 28 27 26 20 30 28 14 19 20 19 23 19 19 16 27 22 24 20 21 20 24 20 20 16 40 20 24 17 27 26 23 12 26 20 26 30 21 27 26 30 22 21 19 18 20 32 14 16 23 19 31 22 16 27 20 13 22 26 25 28 32 30 15 28 17 21 19 24 28 23 31 27 29 36 28 27 30 23 33 29 28 32
24 30 26 28 25 32 19 26 26 26 27 16 16 24 23 19 29 13 17 28 23 20 21 16 19 16 23 20 25 16 20 30 17 20 20 20 22 13 24 27 17 11 30 17 24 21 22 22 26 17 22 18 20 25 19 22 18 26 20 26 19 13 25 29 26 31 27 22 20 19 22 23 16 29 22 22 25 19 32 27 20 30 22 18 27 24 13 26 23 22 34 20 22 21 17 18 12 16 33 23
20 21 16 17 24 22 17 26 35 24 16 33 24 26 31 21 21 22 14 10 25 17 17 21 21 22 23 21 35 29 31 27 31 34 36 24 24 24 23 22 28 23 25 29 25 18 24 32 16 33 22 25 30 20 23 26 32 20 30 22 23 20 20 23 16 25 27 26 27 36 22 23 22 25 30 25 15 21 27 27 24 18 22 27 25 14 24 33 24 19 24 33 32 18 31 29 24 24 23 27
18 30 27 29 30 26 23 27 30 59 15 15 29 27 17 21 23 26 17 19 24 54 24 24 20 26 32 22 32 31 31 26 28 23 28 24 35 30 36 15 21 18 19 19 14 24 17 26 14 21 30 24 25 29 26 22 27 25 32 43 28 27 31 21 23 20 28 16 20 22 18 27 19 13 16 25 28 21 33 30 27 19 22 15 21 30 29 19 28 27 29 25 32 21 22 31 28 23 24 26
31 23 27 33 48 52 38 52 21 29 21 32 24 20 13 13 28 22 29 27 24 31 16 27 24 18 20 20 26 14 25 21 21 29 27 21 23 23 21 28 21 20 27 24 28 23 22 21 26 25 19 24 18 27 28 29 28 33 25 19 18 23 17 27 24 23 21 31 25 23 17 20 22 27 17 29 27 31 21 32 16 22 22 33 28 32 25 25 25 25 31 21 27 26 30 27 25 28 27 29
26 21 28 29 29 26 29 23 27 28 21 19 27 33 20 17 30 24 20 22 22 26 26 34 31 26 24 26 38 20 16 31 21 27 29 20 22 21 25 24 27 28 30 29 24 30 26 17 25 27 31 18 22 23 24 20 26 20 33 32 19 22 25 29 14 22 27 18 30 20 16 22 24 23 32 30 24 28 25 22 28 27 22 34 17 24 22 22 25 26 25 29 20 24 19 33 19 22 35 20
25 22 32 26 23 21 32 24 17 19 24 30 23 29 24 33 27 34 34 33 24 29 24 25 21 26 32 33 24 25 28 33 29 17 29 27 22 22 13 23 20 18 17 22 23 19 18 19 23 29 28 19 36 39 33 31 22 18 18 27 19 25 12 21 17 12 26 28 23 27 27 38 28 30 19 15 21 23 23 22 21 22 26 11 20 16 20 29 22 23 17 18 40 20 16 18 30 25 26 21
29 26 33 26 15 18 17 22 22 16 23 25 28 17 29 27 27 19 26 44 25 21 23 23 22 26 21 30 22 27 20 24 28 27 15 25 28 23 24 29 22 27 24 26 25 17 24 26 21 30 17 22 15 23 23 24 21 25 21 20 16 31 17 21 17 22 19 24 39 25 30 21 21 22 26 13 22 25 24 27 23 26 29 26 18 22 18 22 15 18 16 23 26 26 22 18 30 22 26 16
20 25 22 12 28 23 19 30 16 18 17 23 16 19 24 25 24 22 17 28 28 20 25 26 28 29 13 27 16 27 33 37 37 22 22 18 14 24 21 22 15 27 22 29 25 32 16 23 25 22 30 28 21 21 18 22 20 26 23 28 24 27 21 18 23 33 26 34 26 29 20 20 22 17 14 24 27 22 37 23 18 25 24 23 21 26 21 23 22 19 35 22 28 12 26 15 25 32 26 24
19 23 22 20 23 21 20 28 29 25 27 21 25 29 19 25 34 32 17 49 16 23 25 21 24 26 26 33 20 23 20 21 23 28 14 15 24 29 25 22 22 27 17 22 18 27 19 33 33 35 27 21 29 32 22 28 20 16 24 21 14 22 21 27 26 26 23 20 25 28 22 21 29 27 24 20 34 25 33 28 17 32 33 33 22 21 35 26 24 16 22 16 23 24 20 24 29 26 25 22
22 30 20 33 22 19 28 18 16 31 23 24 19 21 30 25 26 20 26 24 23 28 24 25 21 20 26 27 22 25 25 19 12 26 23 24 26 27 17 31 30 25 17 29 32 20 24 19 19 28 25 31 22 27 23 18 16 19 15 23 24 25 27 18 15 22 13 19 28 19 24 22 25 28 23 31 25 24 20 30 27 25 21 28 17 19 21 18 28 27 23 22 19 27 32 25 29 19 20 27
21 29 21 20 23 26 21 16 27 21 25 20 25 17 22 18 23 19 30 24 18 20 17 30 32 34 25 25 24 19 21 25 23 28 19 27 20 30 28 26 28 19 26 25 22 17 31 29 17 29 36 22 26 25 25 24 27 18 31 16 20 29 22 24 30 18 25 26 21 37 32 29 26 19 29 21 22 25 37 18 19 17 26 16 25 25 23 22 21 16 27 28 18 28 18 22 23 26 18 16
26 34 20 24 22 20 30 18 30 25 22 24 27 27 22 21 21 12 21 31 20 28 25 21 18 15 16 26 18 20 21 23 20 30 23 15 27 21 27 24 32 22 18 14 32 20 16 17 24 24 28 23 17 22 20 26 19 27 24 24 22 37 17 22 38 22 18 28 19 22 30 22 22 29 15 21 15 15 21 15 21 27 25 19 20 21 23 26 28 19 27 24 23 20 24 20 19 22 17 15
18 22 30 26 28 24 17 25 31 21 20 22 15 16 22 19 17 23 15 20 20 24 16 18 21 34 19 24 27 21 15 27 21 23 24 19 18 17 32 26 22 25 12 19 23 24 18 24 29 30 18 28 22 18 24 27 17 17 25 28 33 23 19 25 24 18 27 19 31 28 19 21 33 21 26 29 24 25 23 28 23 24 22 23 19 20 16 17 15 24 21 33 20 22 22 29 17 25 25 13
37 21 25 12 26 27 22 13 17 28 22 24 20 20 19 19 22 21 19 22 28 21 27 17 21 30 27 25 20 25 26 24 25 22 25 25 18 28 28 21 21 26 13 24 20 21 18 32 19 30 18 32 17 19 25 27 16 23 27 23 22 22 22 25 20 22 26 24 37 16 11 15 24 35 28 23 31 22 17 26 31 28 18 14 23 18 30 22 24 18 27 22 26 19 32 21 33 25 18 21
25 34 18 22 22 19 27 24 21 23 26 24 27 28 21 21 32 18 27 20 27 26 23 18 25 25 24 37 23 27 16 28 21 21 25 29 18 26 22 27 35 28 22 27 24 23 36 28 21 30 14 25 24 16 26 21 29 24 23 16 19 19 24 20 23 20 21 21 18 31 36 25 19 20 19 21 30 31 25 11 21 33 24 26 32 22 23 25 20 22 16 29 24 22 25 22 22 24 27 16
23 14 25 24 25 21 30 19 19 21 18 38 17 29 23 21 37 16 22 10 20 30 21 23 18 26 29 14 31 29 27 19 26 30 22 25 25 25 20 17 22 21 28 29 25 19 30 21 14 21 20 26 21 23 22 23 18 16 20 16 22 27 25 22 21 18 22 20 24 21 19 28 19 22 27 32 23 14 19 23 22 14 28 21 28 19 22 21 25 20 28 26 40 25 21 25 20 25 20 30
35 32 29 23 19 24 19 26 32 22 33 18 18 29 25 18 23 23 20 24 29 22 24 33 32 22 36 25 42 29 34 22 30 17 31 31 26 22 23 31 27 30 14 33 18 14 18 27 24 22 20 28 20 20 26 30 32 34 20 24 22 35 22 21 22 24 25 32 24 25 25 23 30 26 25 35 33 25 15 23 23 38 29 26 30 26 21 26 26 29 16 26 20 29 19 37 38 31 30 31
35 34 21 27 29 19 26 20 29 22 31 26 33 35 23 22 18 24 20 25 29 30 27 25 26 27 29 24 21 29 18 25 17 31 26 26 26 20 21 29 28 25 37 24 27 30 16 27 27 15 12 29 17 14 26 22 24 25 17 23 26 32 29 21 15 21 21 23 25 25 21 23 14 23 17 14 23 26 20 20 25 14 18 24 21 20 17 24 18 23 20 22 18 19 22 31 27 16 24 22
16 20 26 26 17 18 29 22 23 29 25 22 24 21 24 20 22 21 26 31 23 17 14 20 30 20 17 21 26 21 20 30 14 23 21 20 22 17 26 30 24 22 23 17 20 24 17 19 18 25 25 24 12 26 33 16 35 20 23 22 18 23 23 24 16 27 21 20 28 28 26 30 15 22 21 18 17 19 23 13 26 34 21 19 26 34 17 28 18 31 20 12 28 12 25 22 15 22 20 28
24 24 36 21 22 27 18 24 21 19 15 15 15 27 13 17 14 21 29 26 19 23 27 24 21 26 14 23 23 23 21 21 25 27 23 21 22 22 26 12 24 28 22 27 28 20 7 24 24 22 24 26 33 26 21 28 25 23 21 20 25 18 23 32 19 26 40 29 31 34 24 29 30 19 21 18 23 22 29 33 28 34 23 18 25 29 26 25 23 27 17 19 32 25 22 25 17 30 20 27
23 19 29 18 27 33 24 26 17 27 13 15 21 19 30 25 19 17 28 30 29 19 19 19 15 17 20 23 19 21 32 26 21 18 18 10 17 21 24 24 25 22 24 19 24 26 17 20 25 20 26 22 29 19 34 16 12 24 25 19 22 24 29 26 19 18 29 24 15 23 21 33 31 20 20 22 27 17 27 21 21 17 25 31 17 27 21 21 27 24 20 18 18 29 17 9 24 18 19 28
19 16 22 22 20 22 22 26 24 19 14 22 20 21 25 26 19 22 14 22 25 28 24 22 26 19 26 17 18 27 35 20 25 28 25 32 20 27 25 7 21 15 23 28 19 18 20 23 14 20 28 32 23 11 17 15 20 17 18 30 12 18 19 18 19 32 19 22 25 21 17 14 24 27 19 16 21 30 28 21 24 27 28 26 26 23 20 20 21 23 26 24 18 25 17 26 19 24 25 20
18 30 31 34 25 20 31 17 18 33 27 24 25 26 21 15 19 31                                                                                  
