0.424242424242424 3965 39 27 26 35 36 30 36 41 44 38 36 31 34 39 36 31 34 28 24 27 38 33 36 28 35 31 24 42 27 33 38 29 35 42 37 46 37 36 38 35 44 33 28 31 26 28 34 28 35 37 32 33 38 52 43 36 29 30 28 38 40 36 40 29 33 28 25 24 30 35 36 37 35 34 32 29 33 22 39 22 31 36 30 36 32 36 39 37 34 35 48 35 38 32 40 29 39 22
28 35 31 29 26 40 34 46 34 40 43 33 32 27 43 28 37 31 35 34 34 42 39 33 31 32 26 15 33 38 33 27 32 38 35 49 43 28 29 26 28 47 36 44 25 28 28 30 37 29 41 32 26 35 28 35 33 28 46 23 38 38 22 37 34 32 25 28 32 20 33 20 36 21 28 36 31 31 29 28 38 47 29 30 26 38 29 32 30 21 30 24 24 43 36 41 26 46 36 24
27 32 35 32 31 43 28 45 32 26 27 26 35 44 40 30 44 27 34 45 39 35 27 29 38 38 36 27 38 30 29 26 28 32 25 36 34 42 32 39 39 33 28 27 24 34 35 36 29 28 29 35 26 33 33 42 32 32 42 38 24 51 29 40 22 31 34 28 40 35 35 38 26 31 31 42 26 39 35 29 28 34 29 44 31 31 26 30 35 28 26 22 25 34 40 31 26 36 48 26
43 41 25 44 39 28 30 39 38 40 30 43 28 35 22 21 34 31 37 38 30 35 26 30 33 32 32 18 32 24 21 37 31 34 32 27 42 23 29 31 33 43 33 38 30 39 44 28 35 31 39 22 34 28 29 41 31 45 41 32 29 43 41 30 34 36 43 28 31 40 28 25 15 31 29 29 31 24 36 35 36 30 29 32 36 32 37 35 34 32 32 36 25 30 30 22 37 34 33 33
34 32 33 38 32 37 30 35 32 38 39 27 35 43 46 37 36 37 31 33 27 35 32 48 35 34 34 34 32 47 33 41 38 37 31 45 32 34 32 48 30 24 40 36 38 25 38 30 28 51 33 27 24 30 39 37 36 33 41 26 40 23 36 36 32 49 28 37 25 36 36 24 22 28 32 42 38 26 31 32 34 40 31 30 37 40 22 32 28 30 39 23 34 31 28 41 25 26 45 38
26 42 23 28 39 52 32 37 40 40 48 33 40 36 32 41 33 36 29 38 32 38 35 30 28 31 40 36 36 31 24 25 35 33 27 31 36 33 40 35 28 36 34 45 16 33 38 40 33 26 32 28 28 31 37 38 20 29 34 22 40 30 48 40 43 46 30 43 37 37 30 38 29 34 28 36 28 41 20 31 37 33 21 37 27 36 25 35 27 28 33 24 26 37 36 31 26 35 44 37
36 36 38 37 33 24 27 30 38 32 38 36 40 38 41 35 42 27 38 19 36 23 29 27 28 41 34 29 29 17 49 32 30 34 28 31 26 34 36 32 39 36 30 35 30 22 38 24 33 33 37 20 35 28 33 26 31 41 30 33 40 35 33 26 35 33 29 38 35 41 39 24 26 31 24 39 39 22 24 30 27 40 30 23 39 38 39 32 47 28 32 26 33 39 23 27 40 33 27 40
39 25 39 21 37 20 34 29 34 45 25 40 20 31 31 36 32 31 39 50 23 37 37 33 36 26 29 43 25 24 44 23 30 32 30 24 33 36 37 21 23 34 32 42 37 31 30 38 31 50 38 42 37 34 30 35 36 33 36 52 42 31 28 36 33 35 36 35 20 25 26 38 35 38 39 34 41 30 17 38 30 39 30 21 27 28 33 26 27 31 22 17 38 34 30 39 27 38 33 33
28 31 32 21 24 46 38 38 33 29 39 33 26 37 28 31 23 31 25 39 33 28 24 32 33 36 16 27 27 34 34 22 36 24 29 41 29 28 28 22 35 30 38 33 34 31 38 40 31 34 39 31 28 22 30 37 32 33 40 50 25 36 21 31 19 25 41 33 36 26 33 41 36 28 16 27 42 37 42 24 32 31 24 42 38 34 44 39 36 29 33 23 29 29 28 13 33 32 39 31
30 39 37 29 24 31 26 27 35 41 32 29 15 39 35 42 36 27 42 34 43 34 32 35 32 29 91 36 33 47 42 34 40 23 37 39 40 31 22 30 34 33 21 34 23 41 23 36 29 47 24 34 35 24 32 30 37 27 42 36 31 33 31 30 29 35 35 38 42 25 25 27 31 38 36 41 23 30 37 34 32 31 41 21 34 22 47 42 28 40 45 30 35 33 42 31 23 34 29 32
34 37 28 31 32 25 10 25 37 29 41 32 32 34 36 45 24 33 32 24 33 35 33 29 37 31 33 25 40 43 36 33 31 38 33 34 36 28 40 42 35 33 29 36 38 46 40 37 34 35 36 43 43 84 24 36 35 35 12 82 31 23 47 39 34 23 40 28 40 35 22 36 24 19 38 30 25 34 30 30 31 26 40 23 30 31 28 27 47 26 31 29 31 31 39 41 37 32 41 31
32 26 31 27 33 38 42 34 39 43 32 31 36 29 35 36 24 30 36 30 42 20 33 36 35 45 26 45 29 32 39 41 27 28 29 41 26 37 33 20 39 34 41 39 27 30 39 28 37 35 11 35 14 29 27 39 21 31 36 20 31 22 28 27 36 27 30 31 35 50 39 34 40 36 48 33 29 36 29 32 40 30 39 38 33 35 36 32 29 35 36 31 34 11 23 39 33 33 24 38
26 36 28 29 36 27 12 27 41 38 42 54 42 73 66 21 49 65 69 64 25 31 40 39 31 31 26 36 35 32 34 26 28 32 39 23 31 30 32 33 24 27 32 25 31 38 37 42 32 33 31 43 42 30 31 32 29 19 35 32 36 28 23 21 36 22 32 18 33 38 38 29 47 40 30 39 27 24 31 39 35 40 35 39 25 41 27 27 27 36 30 42 41 40 28 36 34 47 35 36
32 31 22 32 47 30 42 24 36 39 45 32 38 32 40 26 34 35 34 43 32 37 27 30 37 36 32 45 30 38 42 34 27 36 41 30 33 37 25 26 51 28 28 43 35 36 34 35 41 24 32 39 35 43 33 28 46 28 27 33 42 33 32 29 35 36 35 37 32 22 32 44 36 27 43 28 38 30 30 30 33 36 37 32 37 37 25 34 38 33 33 28 41 33 31 28 22 32 36 28
27 34 36 20 29 23 36 36 41 32 38 21 45 32 29 39 44 44 32 33 32 25 33 30 28 42 34 33 32 22 23 31 31 51 32 45 31 29 26 37 24 34 37 35 28 35 28 35 15 24 40 36 27 29 39 20 28 30 28 33 33 27 43 30 32 44 35 43 34 43 24 22 36 41 34 37 29 29 38 34 36 26 39 36 28 38 37 38 36 38 35 29 34 22 33 29 29 34 34 26
32 36 30 27 39 34 36 45 25 48 38 35 33 37 27 37 31 37 41 25 17 37 31 39 33 22 39 35 27 37 37 56 32 34 32 41 28 21 40 47 43 37 27 46 40 46 28 41 34 39 29 41 30 29 34 26 36 29 41 46 32 29 43 27 35 33 39 33 32 33 30 36 31 27 37 41 25 42 48 35 36 36 26 31 32 28 25 32 36 37 39 31 40 40 32 43 30 31 29 31
39 41 36 29 41 35 26 24 33 32 29 27 30 32 31 36 34 33 31 26 23 33 30 24 28 36 27 37 32 32 33 36 36 29 26 32 28 37 28 27 36 35 29 32 25 26 36 36 42 33 38 36 24 28 32 24 41 35 39 38 36 33 32 27 30 28 30 37 25 35 34 33 26 31 24 44 34 38 23 29 32 42 38 30 29 38 35 29 37 39 30 40 33 31 41 35 25 41 30 41
36 44 31 25 44 36 32 29 24 25 31 26 31 31 36 27 20 33 37 30 49 33 35 32 31 45 28 31 31 32 14 26 34 31 39 31 42 40 39 42 35 28 18 34 34 25 41 27 39 33 43 26 29 33 28 39 31 45 34 29 38 30 31 32 32 37 39 33 40 24 37 35 33 29 33 39 32 38 44 26 43 38 36 30 37 22 23 34 36 26 29 37 33 22 24 33 34 37 34 28
30 27 22 40 29 32 35 33 33 21 36 27 35 27 31 33 37 29 27 35 28 20 28 29 31 35 36 20 26 27 37 26 20 33 29 39 34 41 29 35 36 29 37 42 41 35 37 34 31 39 40 39 37 31 31 22 29 31 32 38 36 41 36 25 29 33 31 22 42 41 37 33 34 44 43 38 37 29 37 30 27 43 38 36 27 33 34 34 32 44 44 32 39 22 34 38 35 43 24 21
32 36 34 32 30 33 26 22 38 40 30 29 29 68 78 28 32 39 32 33 33 25 33 41 36 38 28 25 31 13 36 33 22 24 27 25 23 34 37 44 21 36 29 32 24 37 39 36 38 39 28 36 35 32 45 32 17 37 41 36 24 24 38 34 32 34 38 36 67 28 33 30 32 28 38 17 34 25 54 37 33 29 31 36 27 41 31 24 30 54 21 39 31 43 26 44 19 20 35 28
30 32 34 32 35 39 40 35 38 22 22 30 26 31 41 24 30 36 31 30 28 34 29 37 38 25 32 33 39 34 41 36 32 32 22 40 28 19 31 20 35 39 31 43 36 47 31 60 35 31 20 40 39 30 34 27 35 33 21 36 38 23 36 21 37 36 33 29 27 37 33 34 30 41 39 27 42 40 31 38 35 43 36 31 43 28 35 42 29 41 29 27 34 34 31 34 24 32 36 34
23 33 29 21 33 30 29 16 29 35 25 20 33 37 32 37 25 42 35 26 32 22 34 21 35 30 43 33 37 35 25 40 36 34 40 46 40 28 47 29 28 27 27 32 33 18 38 21 27 31 18 36 28 30 43 40 42 39 37 32 35 39 40 37 26 34 24 42 30 29 44 45 38 38 33 27 34 34 38 34 43 32 30 32 34 40 35 36 26 41 38 41 32 38 32 40 27 36 25 30
26 32 43 33 28 32 37 32 38 34 32 29 37 30 43 28 28 33 32 41 35 28 26 28 42 28 27 28 28 30 32 30 26 33 40 40 40 33 32 37 30 39 32 37 36 40 40 26 29 37 23 41 32 44 31 48 34 30 22 36 29 30 35 51 39 29 37 35 37 44 30 31 35 31 37 23 24 40 25 30 39 37 39 31 50 31 26 28 29 19 31 34 35 28 31 31 35 31 28 23
36 27 25 37 32 38 38 31 32 30 33 24 31 27 42 47 32 27 27 36 41 22 44 43 21 34 34 40 40 38 19 40 33 20 41 31 38 36 31 33 37 29 44 36 36 35 26 41 37 26 38 40 39 26 38 38 34 27 27 44 28 34 32 34 34 36 30 32 25 34 44 39 33 31 23 32 34 37 27 29 27 21 38 24 38 26 31 36 33 44 29 29 32 32 32 34 38 28 40 30
31 26 36 38 37 32 33 32 28 31 37 35 29 38 33 31 41 30 32 30 37 49 32 29 38 30 34 28 34 37 22 33 25 35 41 23 34 39 22 31 31 28 30 34 31 25 25 33 57 30 37 31 35 29 36 34 27 38 40 31 30 31 41 34 21 32 35 37 38 39 41 31 36 40 45 38 19 35 33 31 35 38 36 42 39 30 34 21 37 29 32 44 35 31 25 29 31 24 32 18
30 31 45 31 37 25 32 28 35 30 35 32 34 26 32 28 34 44 37 31 35 28 36 28 43 33 35 34 35 25 34 22 33 36 24 27 41 23 27 26 37 21 34 41 35 32 46 23 46 41 27 39 32 24 45 28 36 32 25 37 32 44 33 24 26 26 29 32 27 31 36 27 33 38 21 36 35 34 23 26 27 22 26 39 27 30 38 17 23 26 42 45 34 32 30 25 32 35 31 39
29 27 33 40 30 32 29 32 24 27 34 30 22 30 46 24 25 28 29 27 36 31 38 35 36 27 24 41 34 33 36 33 28 33 36 50 36 31 30 26 38 26 36 32 29 40 35 27 32 27 36 30 32 35 44 35 37 36 38 39 42 31 33 13 34 30 32 37 28 33 37 44 23 31 42 35 40 24 30 32 31 30 32 39 28 41 33 31 35 28 39 35 23 30 30 24 28 29 44 32
34 38 26 37 25 35 32 27 21 21 30 36 31 29 32 26 40 35 25 48 26 34 36 27 32 36 18 28 29 40 37 36 27 31 33 44 41 31 36 31 25 29 37 30 31 26 35 41 44 25 36 24 28 43 25 35 37 35 35 40 34 43 31 28 39 27 33 32 36 37 29 35 29 26 38 33 45 34 43 30 36 32 33 33 32 34 27 42 36 32 31 34 40 36 33 30 27 32 25 35
31 30 22 27 32 31 36 33 41 29 25 32 46 29 33 35 34 31 23 38 26 34 22 32 22 35 29 39 48 20 37 42 46 27 35 26 41 47 35 21 36 36 35 25 31 39 62 39 22 33 36 27 38 30 42 24 31 41 26 22 38 30 41 30 35 46 32 36 30 35 32 37 43 30 32 27 29 65 44 49 33 27 37 42 32 40 28 30 26 33 28 27 30 30 35 30 43 31 30 38
32 62 41 32 33 26 30 29 31 21 20 33 41 28 31 27 47 32 27 26 28 39 26 26 34 28 28 30 43 29 29 36 33 33 25 42 24 32 44 28 31 28 29 30 29 39 24 43 19 25 37 24 33 29 30 18 25 29 33 36 26 31 28 40 32 24 37 25 30 30 21 24 28 38 42 35 35 38 33 45 33 29 32 46 33 37 32 34 28 31 32 44 35 39 37 35 31 26 28 41
22 29 29 36 30 26 38 35 35 24 22 41 37 35 34 43 35 30 29 38 30 27 32 36 38 22 38 26 28 45 25 34 23 25 46 38 36 29 31 32 23 29 33 42 43 39 21 35 26 36 41 44 40 32 39 28 43 27 25 27 25 39 30 36 26 31 26 29 29 27 35 35 40 35 42 31 33 29 24 28 36 35 36 35 34 29 39 46 33 37 34 24 28 37 32 25 29 29 34 35
31 26 32 50 42 26 27 35 23 14 48 27 38 40 28 30 38 28 29 31 33 27 18 28 26 36 29 21 31 22 34 32 34 24 38 37 30 32 36 33 27 32 35 37 30 35 34 26 46 30 30 30 31 35 31 35 30 25 29 44 39 36 31 27 33 23 43 19 23 34 22 36 26 29 34 34 38 36 48 24 34 35 34 41 36 45 38 35 21 25 13 34 31 41 26 32 33 26 27 31
26 36 31 28 24 19 28 49 25 34 25 41 36 29 36 33 38 26 38 35 42 36 43 28 23 35 34 36 38 39 29 28 33 35 35 44 35 27 27 37 30 28 29 26 31 26 21 45 39 28 40 35 31 34 19 34 28 31 31 26 33 24 24 38 29 41 37 44 36 33 27 38 28 36 30 33 36 36 35 27 40 36 41 33 26 52 41 33 31 33 37 30 111 35 33 30 39 21 29 21
37 28 35 35 33 33 33 53 35 40 56 45 42 32 37 65 24 37 30 39 39 33 45 40 30 19 42 35 34 41 37 36 24 37 41 33 28 31 30 29 34 30 23 36 32 28 44 30 34 34 34 26 36 38 36 34 41 33 32 34 38 47 26 38 34 33 34 36 31 38 32 31 37 42 37 28 33 28 26 22 34 36 18 38 36 32 31 38 29 35 35 29 32 33 37 34 27 31 24 30
37 30 22 29 32 34 31 28 29 33 32 32 32 44 29 39 36 26 29 28 37 22 31 32 46 32 35 21 37 31 20 25 38 29 50 38 20 37 26 37 29 27 40 42 44 30 37 37 35 29 30 25 30 37 35 34 28 37 25 33 39 31 30 27 30 30 33 22 35 34 38 28 28 32 32 32 34 21 35 37 28 35 38 36 33 29 30 32 19 29 27 33 38 29 43 43 32 36 31 16
23 34 34 28 34 35 46 40 29 37 34 25 27 38 30 43 39 38 50 33 45 27 28 36 36 40 28 27 32 28 28 35 32 38 35 21 31 40 24 22 37 33 20 29 29 29 23 24 25 28 34 27 34 34 25 37 27 37 36 30 50 38 28 40 20 36 13 36 29 32 39 44 43 28 21 29 37 30 27 39 35 26 31 35 32 39 38 30 35 39 39 33 38 28 30 36 30 37 31 28
28 38 41 45 35 25 31 24 36 31 28 34 20 41 25 26 36 27 38 30 39 40 35 34 23 32 38 31 24 44 30 26 39 24 29 29 31 23 36 30 31 30 41 32 38 21 41 25 38 35 50 34 36 33 20 42 39 34 36 36 21 31 31 35 33 49 29 29 27 37 29 30 25 36 24 25 21 32 22 26 33 36 32 33 27 43 35 13 30 32 35 38 32 48 51 34 39 44 37 46
40 31 30 28 26 38 38 39 26 37 35 27 18 36 44 32 38 25 30 29 30 32 42 32 43 28 31 31 34 34 36 23 38 42 30 36 27 27 29 33 20 40 32 37 26 28 24 23 31 27 35 34 45 29 34 26 34 33 34 35 40 33 34 27 26 27 24 33 25 31 28 31 22 21 29 36 34 31 25 36 39 40 33 32 31 34 41 34 35 28 28 35 42 25 19 30 36 26 26 27
30 26 38 36 28 38 41 43 38 30 32 38 25 30 30 39 25 33 40 21 25 38 41 24 31 29 22 26 34 35 30 18 24 24 30 34 29 37 31 32 32 32 30 26 38 29 38 35 18 44 32 31 26 38 30 42 39 29 25 33 30 39 32 29 29 26 29 30 33 32 30 47 35 38 41 34 39 33 35 25 19 30 27 28 27 38 30 28 23 42 26 37 33 37 36 34 31 38 28 24
40 26 29 39 40 39 33 23 41 36 31 30 31 41 26 44 37 32 22 36 40 35 28 33 33 21 19 27 42 31 38 36 29 30 29 41 38 36 38 34 15 28 32 40 29 26 20 33 35 41 28 34 30 31 33 28 34 35 46 45 36 33 29 48 38 29 35                                 
