0.4375 3542 24 26 20 17 24 25 21 28 25 25 32 26 28 24 15 20 27 19 16 11 31 27 21 23 23 19 27 29 30 16 23 34 19 18 23 34 24 25 26 26 26 22 31 31 25 22 27 22 21 24 24 31 28 19 24 30 16 21 27 28 18 25 26 22 25 23 28 21 19 25 18 30 27 20 31 15 16 17 36 13 20 24 19 26 14 18 20 20 27 19 29 15 21 25 28 26 22 20
18 19 16 33 25 20 18 30 74 12 24 25 22 26 24 18 26 28 26 23 20 30 14 24 25 29 18 18 27 28 15 21 28 23 20 20 33 24 34 25 29 28 25 24 16 29 19 15 24 22 32 21 21 21 18 24 29 24 21 29 22 21 23 20 27 18 18 25 36 26 29 12 13 28 25 20 32 29 25 27 27 23 28 21 21 31 33 30 26 24 25 22 17 30 27 18 32 20 28 16
26 28 22 22 21 28 35 27 24 21 22 19 16 24 24 26 25 22 14 22 26 19 17 22 29 24 26 23 28 29 31 16 20 27 34 27 20 28 30 24 18 25 27 18 25 22 19 17 31 27 27 22 32 12 25 26 14 32 18 16 26 24 21 31 19 28 27 31 31 24 34 20 21 24 23 27 19 26 16 26 25 28 19 26 25 25 20 23 25 27 26 19 19 18 18 32 26 23 15 31
25 21 17 13 20 18 27 25 25 21 17 22 18 28 24 19 20 25 32 14 21 29 22 19 21 27 21 26 22 26 19 32 23 32 19 22 26 17 21 22 23 21 18 27 21 23 20 19 20 23 30 24 23 22 29 17 27 27 21 24 20 26 23 23 33 11 31 24 26 35 25 19 21 28 19 25 23 23 25 27 28 41 21 19 22 20 23 24 19 17 22 25 16 28 27 24 29 21 34 21
29 29 18 29 18 30 30 24 28 26 13 17 18 20 19 19 19 28 28 31 19 22 30 23 23 23 22 11 18 26 29 22 28 34 22 31 33 28 28 29 29 31 28 21 34 14 18 21 36 26 34 19 26 24 19 31 17 29 22 24 35 27 26 23 29 26 26 12 21 27 21 23 28 21 20 29 16 16 29 22 20 16 30 30 21 20 23 19 30 29 23 18 36 34 23 26 22 23 18 23
23 25 23 20 24 21 13 16 25 21 22 24 25 16 34 17 19 31 24 22 33 22 36 11 31 26 31 30 25 25 18 31 33 23 33 29 25 28 32 23 27 31 22 36 22 23 24 20 29 18 12 22 19 18 15 22 22 19 18 28 20 22 19 30 30 23 22 21 19 14 21 23 23 18 25 27 25 23 27 16 17 28 22 24 18 19 21 16 18 28 19 27 20 28 20 19 16 22 23 21
31 22 27 16 29 22 30 28 24 26 19 20 25 21 19 26 25 29 30 25 14 22 26 25 22 21 26 30 25 15 25 22 17 20 29 23 30 14 9 27 27 22 27 23 26 25 30 24 34 29 27 35 27 19 17 23 20 24 20 17 35 25 28 23 26 25 31 18 21 24 16 15 24 20 20 20 19 16 25 25 21 23 19 22 24 21 20 22 26 22 17 27 15 19 26 23 25 24 23 26
28 25 27 29 26 36 17 26 17 15 18 22 17 31 34 31 18 24 12 22 25 17 26 28 17 24 18 16 20 36 17 20 21 22 27 25 28 29 19 25 22 19 21 31 23 23 23 22 11 26 24 31 18 27 16 18 25 20 27 26 31 34 26 19 29 14 21 15 28 30 27 31 29 24 20 23 24 20 26 7 11 18 25 23 20 25 15 28 14 17 16 24 26 20 23 15 21 18 24 18
28 20 19 26 23 20 27 23 21 13 26 22 28 32 18 24 18 22 15 19 15 19 19 18 20 19 29 22 31 23 56 25 26 23 32 18 23 26 29 25 25 14 27 22 26 24 30 29 27 28 24 13 28 29 26 26 18 21 25 26 30 25 14 23 22 28 19 26 23 28 25 31 22 26 32 25 29 28 32 18 31 20 28 27 22 20 30 24 30 21 29 32 26 22 16 16 32 29 22 22
23 30 23 25 17 31 27 10 16 18 16 19 21 19 30 25 31 20 20 22 22 24 23 20 22 16 33 24 17 24 26 16 26 24 22 25 21 24 32 28 16 39 26 41 22 22 21 23 25 24 22 16 14 14 21 13 16 23 15 29 24 36 36 22 13 19 30 24 17 26 21 27 27 15 24 30 25 31 22 31 26 17 22 30 20 19 25 18 28 28 22 23 21 32 27 26 21 26 33 27
20 22 24 20 26 22 39 23 27 27 24 25 26 24 32 21 25 31 19 25 34 26 25 25 18 24 19 25 28 25 14 28 24 25 26 24 21 18 23 27 37 23 23 23 29 31 29 18 21 24 26 21 20 29 26 33 23 20 31 27 21 27 17 21 34 18 26 31 21 18 25 27 17 29 29 24 24 29 25 15 33 22 15 30 17 21 31 24 21 34 46 48 16 46 52 42 24 37 30 15
23 18 17 20 23 23 10 29 15 19 18 17 20 23 23 15 22 19 26 24 21 18 29 7 26 28 19 12 31 19 18 18 21 16 13 21 22 29 19 19 19 27 28 28 25 22 16 15 25 29 15 28 16 20 22 23 28 19 27 25 17 20 22 34 24 31 33 19 28 16 32 23 27 17 21 27 19 19 14 20 24 14 22 16 11 24 39 22 19 17 19 34 27 23 26 23 31 24 17 22
28 9 24 26 27 27 17 27 30 23 25 35 22 21 36 27 19 17 28 23 17 21 27 17 29 25 19 22 17 19 23 17 18 22 27 24 25 22 23 22 32 24 34 31 24 28 19 20 21 30 24 16 19 26 23 20 28 15 22 20 31 27 30 20 25 29 29 22 14 21 19 23 23 22 18 20 30 24 22 17 18 23 28 20 22 17 26 23 25 26 16 30 19 27 20 23 26 23 26 20
15 24 17 24 19 20 19 28 23 22 21 21 32 34 26 25 20 24 27 22 20 24 24 28 27 15 14 18 21 28 22 21 25 22 21 27 18 15 16 18 30 27 19 25 22 20 26 25 25 20 25 15 20 20 24 29 20 23 28 28 24 32 21 11 21 27 26 26 28 20 16 21 29 20 19 26 27 33 19 23 30 28 26 21 31 24 20 25 19 16 12 19 17 33 25 30 24 26 26 21
22 22 17 21 18 26 15 29 20 20 27 23 33 18 18 17 25 34 16 18 21 25 19 19 30 27 27 27 26 26 33 23 30 29 29 29 29 28 25 31 20 25 27 20 27 26 34 23 27 17 33 23 24 19 21 22 27 27 18 27 22 28 24 26 40 27 23 17 39 25 22 28 20 28 22 27 24 11 27 31 20 24 23 22 18 20 20 27 27 23 22 21 19 25 21 23 25 23 16 23
31 17 15 20 23 20 19 17 32 20 20 28 45 18 27 19 22 25 19 21 27 25 26 19 26 22 23 32 24 20 20 23 15 20 25 16 13 34 47 19 18 19 23 20 24 25 23 12 23 23 21 24 25 28 23 24 27 21 19 24 21 23 27 20 11 21 25 18 27 18 19 21 24 24 24 16 24 27 23 24 21 35 33 25 31 23 13 32 28 20 30 24 21 19 18 17 22 26 36 22
18 22 21 26 24 16 28 27 20 31 22 24 20 16 19 24 29 20 18 24 24 20 23 27 24 20 23 19 27 42 36 18 32 41 24 30 11 17 21 30 20 16 16 22 34 26 18 31 21 27 31 30 25 18 21 26 32 17 29 23 26 27 24 21 24 17 30 24 16 20 21 28 19 26 23 30 26 23 21 23 21 18 33 20 23 32 25 25 22 16 18 32 28 28 16 18 27 23 28 30
21 31 19 24 32 22 25 18 23 20 17 23 28 15 20 33 22 32 27 22 29 20 19 24 19 19 31 26 36 20 37 27 69 11 56 19 27 25 21 27 20 15 26 17 26 21 21 20 24 16 13 25 34 18 19 18 19 23 20 32 22 18 15 29 22 29 26 32 24 14 24 27 33 16 21 34 29 20 29 19 25 14 29 16 23 32 16 20 15 31 19 25 33 30 32 20 17 20 25 29
32 24 31 36 27 26 20 15 21 22 25 23 22 24 31 22 24 18 18 24 21 27 21 29 22 18 24 23 16 23 27 22 32 23 17 23 16 20 20 15 23 25 19 19 20 17 31 23 28 26 26 20 25 22 26 22 15 28 12 13 15 24 32 29 14 22 26 34 20 28 26 21 19 18 20 17 18 29 25 25 30 18 25 16 23 21 20 18 21 21 27 25 22 27 22 30 22 19 14 19
24 24 24 18 16 23 22 20 30 19 29 18 25 24 32 22 12 25 25 29 20 22 27 22 30 24 16 22 11 27 26 19 29 13 21 32 38 25 25 27 22 24 31 22 15 24 29 16 36 27 27 16 25 30 19 21 21 30 25 22 14 25 29 25 22 16 27 29 23 31 24 20 31 25 26 23 22 28 26 31 16 26 23 19 23 20 28 18 36 25 25 33 27 30 17 17 24 21 20 22
17 21 31 21 27 33 26 19 25 27 24 30 19 18 34 30 28 28 25 29 20 22 25 26 23 29 36 28 33 27 23 25 24 23 29 21 25 25 21 26 25 23 26 24 19 14 20 23 15 30 24 21 28 29 25 21 24 14 17 18 23 29 22 14 22 24 17 12 22 23 28 29 26 28 25 23 19 12 23 19 13 30 19 29 18 25 19 25 17 35 25 19 21 36 21 22 25 20 23 13
21 16 18 18 17 20 24 35 18 25 29 28 28 23 19 19 29 16 25 15 24 29 24 30 21 19 27 25 23 17 27 23 21 12 28 33 27 29 37 34 16 23 20 29 24 24 19 23 13 17 23 19 22 28 23 18 24 22 28 22 26 24 20 23 17 17 24 24 26 20 22 17 22 24 20 21 14 18 19 18 20 10 24 21 37 16 24 21 22 24 19 25 26 24 16 23 28 25 18 25
31 25 28 29 28 30 23 19 19 30 15 26 18 21 22 27 26 22 27 23 22 14 17 22 36 20 22 18 24 32 21 24 22 21 27 21 20 16 24 31 19 16 21 19 25 21 23 31 12 32 23 27 27 24 28 23 23 22 19 26 24 23 18 17 27 24 26 21 22 23 21 27 18 19 20 41 25 20 15 24 17 26 24 28 19 16 22 29 19 20 21 16 24 30 21 16 26 18 20 22
23 22 17 27 27 23 28 16 24 11 13 19 18 20 12 24 17 23 17 23 22 34 31 14 18 35 19 21 13 23 23 30 24 16 14 18 24 30 19 22 23 16 23 30 21 18 28 26 20 28 17 24 15 27 33 14 21 19 21 23 25 19 15 24 17 17 27 24 24 22 34 21 24 32 24 17 21 25 28 23 17 21 19 22 29 24 24 26 18 18 20 21 24 15 19 16 14 20 27 24
20 26 26 29 19 32 22 14 22 21 18 27 20 23 16 29 28 19 17 17 26 34 17 18 20 21 20 26 25 18 18 19 19 17 22 23 19 28 27 34 23 18 15 13 22 18 22 13 20 31 18 25 20 22 20 25 27 28 25 15 20 16 18 20 30 25 25 20 21 22 24 26 15 15 22 22 21 28 29 16 31 21 19 20 28 22 14 17 27 23 15 24 19 17 16 31 12 24 19 20
19 19 22 15 20 25 21 31 21 25 17 19 23 13 20 24 19 18 25 30 26 20 28 46 31 16 17 24 14 24 29 29 22 20 22 24 24 22 34 17 23 21 25 22 23 27 34 25 18 25 20 21 24 32 20 27 20 25 20 19 22 27 18 22 30 22 22 35 22 33 30 31 18 20 22 17 22 23 19 23 19 21 27 21 14 18 26 21 21 29 24 23 20 15 16 24 22 37 23 24
22 18 18 20 26 26 21 16 29 20 24 14 29 27 25 18 29 26 20 20 8 23 21 22 16 18 19 19 18 23 20 24 32 20 17 26 21 24 23 15 16 25 23 22 26 24 16 19 26 17 22 38 25 20 27 29 19 17 34 23 24 32 32 20 28 19 22 20 23 30 14 21 27 26 18 27 27 18 33 17 22 30 18 16 23 21 22 26 19 20 23 23 19 18 21 18 33 25 23 27
20 18 27 26 25 27 20 15 22 22 13 16 26 25 20 23 21 22 22 24 17 19 23 22 19 29 15 22 25 27 17 19 10 27 15 24 23 23 20 19 28 15 25 11 16 21 26 25 25 27 20 21 28 32 21 24 22 18 11 23 29 26 17 31 16 13 19 22 22 20 28 29 11 24 22 26 18 19 22 25 23 18 27 22 13 22 30 27 33 13 22 16 17 17 33 22 24 24 27 22
32 14 33 25 22 25 19 35 14 25 27 23 17 24 24 20 12 27 25 29 25 24 33 31 31 16 27 24 37 25 29 19 21 23 24 30 33 18 16 12 17 28 27 21 31 16 20 17 17 27 20 13 33 18 33 26 33 21 27 24 19 19 29 20 25 23 15 29 30 30 27 21 22 20 30 23 18 20 22 30 19 32 21 21 20 15 18 22 20 17 23 28 20 23 23 23 20 21 30 29
21 23 27 25 28 23 21 19 23 18 20 23 33 33 19 20 25 22 19 30 25 15 20 25 24 12 24 30 22 23 18 21 13 8 23 33 34 17 28 30 26 21 45 19 24 21 25 19 18 28 21 23 45 31 22 20 22 16 28 29 18 15 17 12 24 28 22 25 21 20 34 34 24 23 21 27 19 28 23 22 21 24 19 29 24 27 24 24 24 23 20 20 29 24 23 23 28 21 25 29
25 20 28 20 30 16 28 24 28 17 26 20 23 20 17 29 19 27 12 29 22 19 24 14 20 18 27 23 26 22 18 24 23 28 23 25 22 21 24 21 20 29 22 19 18 24 20 26 22 23 16 28 18 28 16 20 26 11 20 25 18 26 23 22 25 20 23 31 18 22 20 16 26 22 20 21 23 18 30 24 15 18 23 24 25 18 19 23 19 21 20 24 28 21 33 21 23 27 25 27
13 23 24 31 23 26 26 27 28 29 29 25 18 19 30 28 22 28 26 20 22 22 26 24 25 32 24 20 25 27 25 16 18 28 19 28 21 17 19 21 14 19 19 21 24 22 35 22 23 23 13 28 12 24 24 18 22 18 28 27 23 23 16 19 20 22 26 26 24 28 25 34 20 21 20 29 36 26 31 30 25 21 27 31 25 20 29 22 34 29 26 29 26 23 25 22 21 26 26 26
15 27 32 27 15 19 35 23 24 22 25 28 31 28 17 17 29 29 22 25 25 15 15 23 14 16 30 16 28 23 38 23 14 25 24 21 15 19 29 27 25 15 40 31 35 25 20 13 22 23 28 34 18 22 30 21 37 38 24 10 28 28 24 32 21 19 21 30 22 23 19 21 24 25 19 26 15 27 26 16 25 17 24 18 31 33 34 29 19 34 21 21 25 20 18 25 28 13 20 27
25 18 28 26 28 26 33 27 14 26 24 25 18 31 28 22 19 23 23 27 28 23 22 28 21 22 31 24 20 24 28 29 25 24 23 13 25 32 26 28 20 27 23 33 26 24 19 23 25 32 26 20 19 30 17 28 26 17 14 19 21 22 24 33 14 22 25 22 17 31 27 22 28 22 32 17 19 21 29 28 23 27 23 22 19 23 21 19 18 23 35 22 24 19 24 22 22 25 22 29
23 25 23 24 16 13 20 26 21 28 28 13 28 14 14 32 26 23 24 23 26 25 26 23 21 25 18 26 30 13 33 30 30 22 22 24 20 22 21 34 25 23 35 33 38 30 18 22 22 26 26 17 21 27 25 21 29 26 25 24 18 29 26 26 19 17 25 26 24 24 24 31 26 24 22 18 35 31 21 20 20 25 29 25 23 18 33 21 24 24 25 22 22 29 24 29 23 14 23 30
28 27 22 17 20 21 12 15 21 24 29 20 17 30 18 25 20 33 27 25 25 26 23 25 22 17 24 19 27 28 28 32 27 23 27 18 25 14 27 34 20 24 20 19                                                        
