0.45 2655 30 47 31 31 36 41 30 44 35 35 47 38 25 37 41 38 38 24 30 46 30 26 34 44 36 42 45 34 46 43 38 34 46 25 36 41 30 34 32 32 41 26 40 37 29 35 37 32 26 34 25 40 40 41 26 43 41 38 42 45 32 43 34 34 42 31 45 33 26 32 32 31 32 39 32 51 38 40 32 40 31 37 31 57 37 39 36 43 23 34 43 34 29 36 34 36 33 41
45 39 39 29 31 34 25 33 27 36 33 36 33 44 46 41 32 42 29 33 43 41 33 37 28 23 42 34 38 36 36 40 43 47 39 32 33 43 27 34 41 36 23 25 37 32 21 47 29 49 36 36 31 26 40 35 38 42 27 46 22 20 25 34 40 26 38 42 35 27 22 38 23 34 41 29 22 34 34 30 41 35 45 45 46 39 35 40 26 44 23 46 24 34 36 20 31 38 27 45
39 35 44 30 37 33 36 47 32 36 32 36 38 35 23 35 37 31 24 24 43 37 43 31 34 34 36 39 27 23 42 38 30 26 44 43 46 23 51 34 34 43 25 36 26 41 41 34 41 37 35 41 42 31 24 30 35 34 42 34 34 29 29 40 36 38 35 41 27 45 30 41 35 29 31 49 37 33 28 33 43 42 34 33 48 35 26 35 40 42 36 35 38 38 46 39 34 42 50 25
34 41 38 34 39 39 38 43 38 42 30 32 34 39 26 29 42 30 45 33 37 29 31 31 34 45 46 32 18 43 26 30 39 32 20 23 34 25 28 29 33 36 22 28 31 38 42 35 31 49 29 46 44 41 32 38 36 44 29 36 32 37 36 28 37 28 41 25 34 38 39 44 32 29 44 36 27 41 33 38 33 38 37 43 39 37 42 29 43 39 34 35 48 37 34 39 37 39 36 45
36 37 39 36 39 36 39 41 31 48 38 32 29 35 40 51 34 49 39 33 37 29 33 41 44 40 29 37 40 30 37 34 24 39 41 38 28 33 41 37 33 38 29 29 27 31 29 22 33 27 53 37 35 29 38 34 45 53 32 43 39 46 27 24 36 33 36 44 32 36 23 36 44 38 43 41 36 31 32 34 34 39 34 30 31 39 33 45 46 29 27 41 42 38 43 38 35 36 36 41
23 47 33 39 35 16 41 33 42 36 42 32 29 27 40 33 34 42 22 40 41 30 37 38 44 34 36 25 28 37 34 30 40 26 36 27 42 46 32 41 28 32 38 32 43 28 42 48 19 38 38 33 29 35 40 42 38 34 40 46 34 40 40 45 30 25 37 34 35 31 29 28 30 36 31 37 28 34 40 40 37 36 31 35 41 33 46 27 33 38 41 34 41 38 32 40 24 26 33 39
33 29 27 28 35 29 22 36 27 44 36 37 37 48 33 34 38 31 29 35 33 27 45 40 34 30 39 36 36 19 35 33 14 29 33 35 32 30 32 33 26 42 40 50 28 43 32 35 40 34 31 36 42 31 38 25 40 38 31 37 33 40 43 42 41 33 33 28 29 46 44 43 33 40 33 42 45 26 48 38 31 42 43 33 43 32 40 38 50 56 41 35 49 38 33 38 37 32 32 39
42 35 36 39 31 33 22 37 53 30 27 34 43 33 36 37 41 24 40 41 44 41 33 48 45 39 37 48 47 45 39 33 36 47 33 34 13 28 25 167 59 125 16 84 45 39 33 31 50 69 34 41 44 40 36 52 39 33 31 25 44 27 51 47 37 36 50 39 29 46 36 37 42 34 39 42 46 41 42 25 35 42 41 26 35 32 39 41 34 40 23 43 48 35 38 37 46 32 45 33
43 37 44 42 8 7 35 46 29 45 40 27 52 39 40 50 32 40 36 37 30 53 41 38 35 37 30 41 51 35 38 37 35 36 43 33 43 46 47 29 26 43 33 28 24 39 31 41 32 32 34 26 31 33 37 36 53 46 50 37 36 33 29 37 44 28 36 39 34 41 33 31 46 25 36 35 27 41 34 40 52 36 37 40 47 36 34 44 31 43 39 42 32 42 36 35 41 39 32 44
48 32 30 36 35 36 39 27 40 28 29 29 38 40 41 34 42 44 37 48 36 34 43 39 36 43 40 34 36 46 35 35 41 53 38 28 38 44 40 37 42 26 42 37 49 38 34 37 33 44 42 29 33 36 34 41 46 37 34 61 41 35 45 33 34 41 45 32 39 46 38 46 30 42 46 49 31 45 34 40 34 37 42 30 26 46 43 43 33 27 41 32 34 44 33 40 40 36 40 42
36 48 44 39 32 35 43 51 28 32 37 31 28 28 38 33 56 32 44 48 34 31 32 45 44 36 26 38 45 58 41 41 33 42 44 34 33 30 55 40 38 40 27 33 51 44 43 51 26 40 51 36 41 49 32 40 44 48 19 22 47 33 39 41 28 45 31 34 27 31 35 30 37 45 31 40 44 40 33 41 60 47 39 32 47 44 35 32 39 43 43 47 33 42 39 32 26 31 36 24
31 29 46 33 31 44 39 40 33 26 34 33 37 34 27 36 36 37 39 33 36 35 41 26 24 34 45 26 40 36 38 35 28 29 32 38 35 36 24 27 38 39 35 37 35 30 32 43 37 34 26 44 36 28 24 38 31 26 30 43 29 29 35 40 27 19 27 40 39 24 29 39 26 33 34 15 87 31 43 42 36 35 43 30 36 12 25 32 35 36 37 47 31 20 46 33 34 31 37 28
39 45 31 45 35 36 40 40 32 35 32 23 31 34 44 35 30 21 29 36 45 44 31 32 33 43 28 41 33 35 32 53 26 33 32 32 33 32 37 26 46 36 30 28 29 35 41 24 34 43 36 30 41 25 38 27 30 34 36 29 35 32 27 35 35 18 30 29 21 49 34 24 38 31 38 28 35 32 39 45 31 30 32 25 35 36 38 38 29 32 32 35 36 34 33 38 32 30 35 37
37 46 41 36 51 48 37 48 39 53 48 38 40 39 42 47 43 32 33 28 30 32 42 33 36 43 38 44 34 44 49 46 30 52 38 39 19 40 33 32 29 52 30 31 42 29 39 47 38 28 86 75 106 36 46 32 45 45 40 46 41 39 50 30 30 39 34 33 32 30 39 35 30 41 33 42 48 42 49 35 39 28 50 33 44 36 42 44 39 32 41 44 51 36 45 36 59 102 39 45
44 39 39 36 37 33 53 36 31 35 54 24 43 45 22 31 27 29 33 43 39 23 34 31 40 37 37 45 25 34 42 41 31 41 15 38 31 34 37 29 27 51 26 44 36 35 26 39 30 33 31 38 43 41 42 41 44 44 40 31 35 37 30 41 39 44 19 46 35 35 34 34 31 36 43 42 35 38 39 31 42 55 43 31 34 29 30 37 31 36 29 31 21 32 28 35 33 30 43 28
43 54 31 34 39 37 32 25 27 31 43 29 32 37 30 36 38 31 32 31 41 45 35 26 32 31 38 40 36 33 33 25 20 38 14 37 25 35 24 36 40 33 37 46 41 42 37 44 31 25 44 31 38 23 25 41 38 35 33 46 29 32 37 30 37 45 40 44 42 22 36 29 36 28 36 38 34 29 31 41 41 45 39 36 43 32 25 40 31 36 35 36 29 45 27 28 34 35 23 37
28 38 35 35 22 39 41 37 28 34 34 34 38 36 47 39 37 41 35 24 32 34 35 43 36 30 38 34 29 49 45 37 33 46 26 35 37 27 27 29 28 28 44 49 27 32 30 35 30 46 40 34 43 30 31 24 41 33 31 29 23 39 37 39 29 34 26 39 27 34 40 38 31 34 40 32 30 46 40 28 37 26 34 36 30 38 40 30 35 39 41 31 31 44 28 29 25 33 37 43
38 36 47 43 34 26 31 26 28 36 37 42 25 37 41 33 43 31 20 26 24 30 33 35 32 32 34 32 32 30 36 16 28 30 33 35 27 32 31 37 32 35 22 30 30 26 34 33 29 42 37 43 39 40 46 37 42 33 38 28 37 29 37 38 46 40 35 30 42 46 26 22 45 37 39 34 31 39 36 26 23 38 42 37 36 34 35 24 41 42 41 31 37 36 30 41 26 36 38 30
42 38 40 38 27 25 32 37 34 26 38 36 39 38 36 38 37 31 46 44 31 43 32 42 44 33 28 24 37 37 44 41 30 30 33 35 30 30 33 37 39 35 30 41 25 38 26 32 38 45 33 30 33 34 49 25 48 33 41 40 30 33 35 47 46 35 29 31 40 34 16 46 28 34 33 31 31 46 40 39 31 26 35 35 34 30 26 26 36 45 43 36 40 29 35 49 30 34 30 31
48 26 35 29 33 31 35 38 37 37 45 24 26 32 41 29 44 26 36 35 25 28 31 36 34 41 34 41 42 38 43 31 43 33 46 38 28 34 33 34 34 31 31 41 25 33 39 35 47 30 45 44 32 34 45 40 37 40 38 44 37 39 32 32 38 40 37 46 38 24 37 53 25 41 37 39 42 29 24 30 32 19 39 27 39 40 29 37 26 34 25 29 44 41 36 34 42 33 33 39
26 42 25 46 33 33 23 35 44 28 32 32 30 35 31 32 13 41 33 36 30 35 37 30 32 46 33 46 30 28 36 34 39 40 43 31 34 37 27 23 35 27 37 35 42 30 31 33 31 35 28 31 34 37 47 36 38 36 31 35 32 32 28 37 36 38 31 22 33 27 38 41 39 38 43 45 35 28 34 39 23 38 44 22 38 41 44 24 44 22 31 31 18 45 36 35 39 21 37 35
28 26 33 22 25 27 43 34 42 24 21 39 30 25 33 31 26 36 29 31 40 33 38 32 31 37 23 35 25 31 42 44 25 55 33 29 36 28 36 38 35 31 36 46 41 28 24 28 25 38 30 30 30 37 35 28 46 29 37 24 36 22 43 31 33 35 26 27 43 46 32 39 36 32 50 38 43 26 38 32 38 38 36 40 31 38 31 32 38 27 37 34 42 32 38 44 34 27 26 30
25 40 46 30 26 44 46 47 35 43 36 29 31 30 38 35 24 29 23 30 36 54 27 30 29 42 24 31 26 30 19 18 37 30 30 41 35 40 43 48 35 34 43 37 33 38 32 33 33 43 39 37 31 30 39 30 30 22 30 36 40 36 28 28 30 36 42 31 27 30 38 49 33 34 35 49 33 35 29 43 38 40 32 48 77 52 39 28 32 29 26 33 41 26 28 31 33 119 36 35
31 45 38 37 35 43 31 35 33 34 36 36 36 33 33 34 37 27 32 36 42 20 25 37 30 37 44 28 36 34 31 39 23 29 42 44 32 29 36 26 39 34 34 36 40 46 26 45 44 32 36 38 36 33 35 37 45 39 32 43 43 21 33 37 50 40 38 40 51 32 35 41 37 31 40 42 30 36 44 50 44 24 34 38 35 35 27 35 37 43 38 32 30 40 40 29 28 28 25 35
35 43 47 32 50 29 46 40 33 36 28 35 47 42 42 19 39 32 23 35 47 32 32 34 51 34 37 38 36 34 39 40 42 49 35 39 49 36 37 30 26 21 29 46 30 31 26 49 23 28 36 26 49 32 39 39 34 25 27 45 39 30 39 32 42 24 41 39 32 11 34 18 6 24 34 40 34 45 45 46 35 44 42 43 24 33 42 41 34 25 37 34 40 47 39 35 27 37 50 26
39 34 37 21 30 36 39 33 45 39 22 43 46 30 41 35 44 17 41 33 37 34 28 32 40 41 33 45 33 27 39 26 45 42 49 36 39 41 39 37 21 14 16 17 13 22 18 16 26 16 27 23 14 21 16 12 13 17 24 21 10 16 25 15 25 21 12 27 16 28 18 18 12 21 13 17 20 18 13 19 14 13 15 20 17 16 13 16 18 15 18 24 16 19 16 15 13 12 12 15
29 13 23 18 15 15 19 26 19 18 16 17 8 17 27 18 24 24 17 12 16 21 18 9 23 22 16 17 14 24 13 13 11 9 14 18 18 39 17 22 9 19 18 16 18 12 10 18 16 16 20 20 18 26 15 15 20                                           
