0.454545454545455 927 21 26 25 23 29 27 20 31 21 26 29 29 23 31 25 27 25 21 27 31 34 23 25 22 7 14 22 22 29 12 21 42 29 22 14 18 27 16 21 23 29 23 18 18 20 21 24 24 25 17 29 29 28 18 23 26 18 21 36 19 32 26 27 23 26 20 32 19 20 27 29 26 26 37 32 27 22 18 27 25 20 36 32 28 22 27 28 18 19 19 24 31 22 24 23 24 23 22
27 28 18 35 33 20 22 39 28 22 23 29 26 24 23 36 22 25 12 25 24 28 30 17 26 24 19 16 25 24 13 19 34 26 27 25 19 18 19 30 34 20 24 25 30 27 28 32 32 15 16 23 17 32 27 32 36 29 23 18 23 25 21 25 31 15 26 27 21 18 29 23 26 27 22 22 26 26 30 30 23 18 31 35 38 38 22 27 27 19 21 25 27 24 30 17 24 22 22 28
29 25 25 13 20 18 18 24 22 27 25 24 23 33 36 21 27 26 17 24 26 23 26 22 14 26 22 27 19 25 26 19 29 26 26 27 25 31 22 22 18 31 39 29 22 18 30 29 17 16 17 28 26 26 18 21 33 29 47 30 24 24 27 23 23 30 24 24 22 22 25 21 25 17 26 27 34 28 24 25 26 24 23 36 18 30 28 25 29 30 28 31 24 46 10 25 19 22 27 25
31 21 20 19 30 28 22 30 20 18 27 27 28 29 25 21 30 29 20 33 31 32 21 26 19 22 32 43 22 25 26 37 27 26 25 26 20 32 11 17 30 18 33 17 31 21 25 31 31 23 21 27 23 22 26 17 20 25 17 21 26 29 20 41 27 22 18 22 29 20 27 16 17 20 20 22 26 34 20 31 28 33 28 20 35 32 29 29 27 15 15 30 25 28 24 20 23 15 20 19
28 19 20 35 28 18 33 19 19 13 18 26 25 23 23 13 31 30 27 33 20 25 35 24 16 31 30 36 28 24 18 26 34 29 23 30 18 20 38 20 28 21 30 23 18 24 18 31 18 20 28 19 32 22 29 26 25 24 22 20 34 28 29 26 26 15 16 33 24 28 38 29 30 22 25 22 25 18 31 26 33 17 23 19 31 24 22 41 24 18 32 23 13 20 23 18 29 27 17 21
23 19 33 23 25 31 28 23 27 18 23 29 27 22 25 27 16 26 23 28 29 33 33 29 29 22 42 21 27 26 20 22 22 30 27 24 24 22 19 27 19 23 26 18 17 29 21 30 17 20 24 19 22 18 28 24 26 13 19 30 14 31 28 37 24 20 23 26 25 13 33 21 26 25 31 20 24 35 19 20 18 24 25 15 27 21 24 31 19 26 31 36 24 14 21 20 25 24 14 26
22 20 26 28 30 28 41 16 24 31 16 33 17 32 28 28 23 18 28 27 31 26 18 22 17 30 23 9 33 24 28 28 25 16 28 20 31 21 24 35 24 9 19 22 28 23 33 33 26 17 26 30 19 19 22 21 25 25 32 22 10 12 20 20 23 16 30 32 25 18 25 38 24 22 24 24 28 20 20 17 29 27 21 12 29 24 30 22 22 28 30 26 24 31 38 25 27 35 29 34
28 27 32 26 23 24 23 30 22 25 23 21 24 24 21 25 26 29 21 16 27 30 30 19 22 20 22 29 30 21 28 21 24 23 18 17 27 24 26 26 13 24 29 25 19 24 29 31 25 29 22 21 29 36 21 20 30 31 20 21 15 27 17 34 14 30 24 15 22 28 27 22 29 29 27 26 27 20 30 28 36 24 30 21 15 20 31 23 30 30 28 25 31 32 29 24 16 26 20 21
33 29 21 28 30 33 31 20 25 20 32 20 30 30 22 25 24 24 28 27 29 23 18 19 18 26 18 17 24 25 38 42 27 30 21 26 29 15 24 21 21 29 21 28 25 23 20 19 27 24 25 16 17 27 9 32 21 22 19 30 29 18 37 34 24 22 27 20 34 21 34 18 22 10 26 18 19 22 22 30 24 24 12 7 14 12 15 8 12 10 9 14 9 16 11 13 10 16 9 11
16 12 8 14 8 5 9 9 16 9 14 12 8 9 11 14 18 6 10 14 12 9 5 10 16 8 14 10 9                                                                       
