0.428571428571429 2616 24 34 28 31 31 21 42 46 31 18 16 36 28 49 32 28 29 29 35 27 31 20 37 35 18 36 47 22 29 20 39 28 28 37 29 36 26 33 27 33 27 32 27 20 27 28 30 31 27 31 21 27 31 24 28 26 21 27 21 29 13 26 18 28 28 29 24 27 19 19 30 30 21 25 26 23 22 19 34 27 31 24 26 19 31 26 21 29 34 33 20 25 29 13 23 28 31 27
32 32 26 35 19 23 31 36 33 34 39 32 34 26 33 21 25 31 22 39 36 31 25 24 25 31 26 18 35 32 31 38 22 14 16 33 31 28 32 31 18 33 26 37 32 42 21 25 23 39 27 30 30 31 23 31 32 26 30 26 32 27 33 25 24 25 24 27 22 36 24 17 28 32 34 25 37 32 32 24 23 20 24 35 32 16 20 27 24 22 32 29 41 21 35 42 29 31 21 34
34 43 25 41 37 31 25 24 51 23 25 29 25 26 37 39 93 22 32 22 26 28 15 32 25 27 39 33 34 30 28 21 23 29 41 34 22 34 23 34 26 30 23 30 26 27 19 32 37 29 38 30 24 21 29 31 28 21 25 37 29 25 34 26 25 43 20 33 31 32 32 36 26 36 27 32 30 22 35 20 43 23 39 34 29 18 19 37 29 35 36 37 29 36 19 33 34 39 18 32
23 34 30 18 26 23 21 22 35 24 20 26 31 35 29 33 33 24 35 36 32 19 26 30 34 25 32 24 28 18 24 30 28 31 18 18 44 27 23 18 23 23 35 39 29 36 27 38 35 32 24 42 26 29 28 31 21 45 17 30 26 16 30 31 35 29 38 27 21 28 28 34 35 25 31 37 35 25 31 34 21 26 26 27 36 36 25 27 34 32 32 25 14 32 32 20 26 36 24 28
24 24 27 27 42 20 37 30 20 38 27 28 24 31 23 32 30 33 31 19 25 37 27 29 25 29 25 23 21 30 20 23 24 37 27 12 25 32 46 40 30 20 31 32 26 24 33 39 28 29 25 33 30 42 29 40 30 32 31 20 37 32 28 31 27 29 34 25 20 20 36 19 39 34 28 26 40 26 28 24 29 26 32 25 34 24 35 19 27 32 23 28 33 33 35 44 31 20 30 27
30 35 39 34 28 39 32 23 29 32 37 38 24 33 28 24 37 32 23 27 30 31 26 29 36 27 25 22 28 22 31 29 29 35 24 29 29 17 23 24 31 32 28 22 35 19 26 40 24 24 34 29 30 40 28 28 39 29 47 24 34 28 23 24 19 19 30 23 30 32 18 27 32 16 33 29 25 31 31 34 22 23 31 28 28 22 27 34 32 32 30 23 36 31 38 33 30 75 55 49
27 24 24 30 32 25 28 27 30 26 29 29 29 34 27 28 24 34 35 25 32 18 25 25 15 13 18 30 25 23 26 26 25 45 33 28 29 26 25 25 28 32 29 18 30 28 33 22 33 23 45 29 25 26 34 30 27 35 24 36 28 22 32 25 31 32 31 25 24 29 27 31 35 22 15 20 22 29 33 25 27 29 31 26 35 27 31 41 21 24 25 34 16 29 31 26 29 30 26 29
26 48 32 26 26 34 33 28 28 32 27 37 33 21 22 31 34 29 39 28 25 29 32 19 33 27 35 25 22 23 26 35 36 25 31 33 15 19 33 31 37 23 16 36 31 34 37 20 37 21 25 41 32 18 28 35 37 30 25 33 34 33 38 41 38 34 36 29 33 27 42 29 28 43 29 32 23 25 19 35 37 32 18 22 23 34 32 32 24 34 26 45 23 38 33 33 30 29 39 32
32 11 27 37 26 38 28 29 19 40 28 26 25 32 32 30 25 32 45 26 28 23 26 22 24 29 32 27 35 25 36 22 21 35 32 32 21 18 22 42 30 28 36 28 35 38 36 27 22 39 23 27 23 20 35 29 28 36 21 29 24 23 24 26 29 36 39 24 27 24 33 30 14 44 24 16 22 33 43 28 26 30 35 33 35 25 33 26 27 27 24 26 24 29 25 33 28 20 32 23
17 33 34 28 43 18 23 23 19 38 22 19 23 29 25 32 30 24 34 23 20 24 28 29 29 26 23 30 30 27 33 43 34 29 21 29 29 25 26 27 24 21 32 32 25 36 38 33 32 22 23 21 30 33 26 38 28 30 21 32 35 28 28 18 34 21 27 35 46 27 33 33 28 22 32 31 28 20 35 29 28 27 17 32 17 28 28 25 23 36 30 32 30 21 31 26 22 32 23 37
23 27 19 31 29 42 31 33 17 32 30 22 27 28 34 35 28 26 26 23 30 37 19 23 17 18 23 28 24 23 34 29 26 32 34 21 30 23 30 24 28 28 34 19 32 26 27 36 33 24 35 31 44 36 31 11 22 25 35 17 21 27 33 25 27 19 24 21 37 27 21 25 22 53 19 16 33 31 24 32 27 22 42 28 19 28 26 23 26 34 14 25 26 25 31 24 23 21 34 31
23 28 30 33 24 38 25 36 28 23 36 24 36 22 28 26 21 29 25 32 24 28 27 28 25 33 34 31 30 25 24 18 31 19 37 27 39 25 29 32 31 24 33 26 28 32 29 22 31 37 26 28 28 28 25 41 25 28 30 29 29 28 29 34 25 26 32 27 29 35 39 24 28 20 37 33 28 33 39 23 41 21 31 39 23 24 26 27 37 37 30 38 29 23 37 25 28 28 26 36
27 31 38 28 30 22 34 30 41 25 39 21 31 32 27 25 29 13 35 33 40 18 31 33 18 22 25 27 15 20 25 35 35 43 27 19 29 33 14 29 22 26 30 28 18 20 25 29 32 31 28 30 32 28 37 30 23 32 34 23 31 27 33 34 34 26 33 35 25 37 30 36 31 30 21 20 20 35 34 33 31 33 18 51 29 26 25 29 28 20 44 31 28 36 34 25 30 32 25 24
17 20 20 35 28 29 31 34 28 37 24 28 34 26 17 39 29 29 30 26 34 33 32 28 22 33 29 34 26 16 19 26 25 32 28 21 23 29 23 28 46 27 24 31 39 24 26 29 34 21 22 22 44 27 28 27 24 30 28 31 26 32 33 24 26 21 26 34 32 34 31 29 25 24 29 45 27 35 25 18 30 37 28 15 12 19 25 24 34 24 35 30 33 18 31 27 27 34 26 26
36 33 30 20 25 21 29 21 18 27 23 15 30 28 26 24 30 33 25 44 29 33 27 37 34 23 47 28 27 26 29 26 22 26 20 29 40 30 32 28 22 20 19 32 23 27 32 25 33 25 29 39 25 35 21 28 32 26 27 33 29 31 32 21 34 20 25 30 25 22 21 33 33 19 25 24 14 26 30 25 28 34 37 30 29 28 29 31 24 26 25 21 23 32 26 36 45 36 22 35
26 28 41 34 34 24 25 32 12 32 29 27 29 25 25 14 26 30 27 21 26 32 29 40 19 29 28 29 30 30 31 26 19 35 23 21 27 38 35 22 34 20 32 33 30 34 12 24 31 28 29 27 26 24 25 21 26 18 21 30 19 41 29 28 33 28 33 39 23 29 26 28 32 24 32 25 24 31 32 21 20 25 25 25 29 17 24 14 9 28 28 35 27 25 44 29 30 27 28 32
28 40 19 27 27 27 28 32 38 42 14 33 32 33 22 21 28 29 35 30 26 37 31 16 25 26 33 15 28 26 24 24 37 30 32 32 30 22 35 30 30 25 21 21 26 27 27 23 28 17 29 32 20 23 35 37 28 30 24 39 26 20 27 26 29 28 23 15 25 34 25 25 28 25 22 27 37 20 27 19 22 38 30 27 21 29 38 20 19 36 32 28 32 22 26 20 31 29 31 33
37 26 24 21 39 34 22 28 26 29 39 23 24 39 31 28 22 21 18 28 27 25 30 33 29 35 36 25 31 27 26 26 24 29 28 47 40 17 25 27 24 24 27 20 20 30 26 29 37 17 25 35 19 28 28 22 27 30 27 31 26 29 29 21 22 31 28 33 41 30 19 25 22 25 37 11 26 20 30 13 25 37 37 24 27 27 21 29 19 21 19 27 29 34 34 33 38 29 30 31
37 25 18 23 27 20 25 21 25 25 22 32 25 22 38 26 30 30 32 19 32 36 26 20 18 37 24 27 26 34 34 31 37 31 35 29 22 23 25 26 35 27 29 29 29 23 31 29 26 24 33 24 25 27 34 24 31 22 23 27 24 34 18 41 31 35 33 21 24 21 28 24 30 34 23 23 29 23 23 33 17 26 32 27 32 26 33 38 23 22 37 17 65 28 31 38 34 32 32 34
30 25 22 21 24 34 24 32 34 30 22 45 27 19 23 24 32 32 38 28 34 37 29 20 23 29 25 28 24 12 24 26 40 23 25 28 28 27 18 31 31 18 27 21 21 26 33 33 33 23 28 42 37 28 37 25 23 33 29 26 23 32 34 24 30 20 31 20 29 31 28 26 29 24 38 24 39 24 29 24 25 26 26 32 24 26 36 26 25 16 29 33 23 26 24 32 30 27 18 28
23 20 14 24 19 31 31 24 17 41 21 27 20 34 30 24 22 35 23 20 23 30 24 24 23 28 38 21 27 37 26 32 22 21 24 34 27 27 29 27 22 27 34 36 36 35 19 31 37 30 27 31 34 35 19 22 27 29 23 24 20 26 31 37 32 26 21 25 25 17 25 19 33 32 27 28 38 24 23 29 33 36 22 29 31 32 17 34 29 23 41 32 46 37 25 21 24 33 28 35
36 30 23 31 27 36 23 46 19 11 44 12 29 42 25 27 21 25 29 23 33 34 36 11 28 20 26 19 40 25 25 33 28 31 22 34 33 29 31 20 17 31 24 24 27 23 37 22 29 36 30 19 27 24 27 34 25 30 28 24 29 23 22 31 32 29 30 29 38 34 39 46 30 22 25 30 25 37 12 25 27 19 25 39 23 25 29 6 20 20 22 30 32 22 30 26 27 24 24 26
23 31 18 36 25 29 32 35 25 23 29 30 30 21 34 32 31 33 33 31 13 19 29 33 26 27 19 23 32 19 18 20 22 31 29 21 33 28 23 23 28 11 22 24 28 21 32 26 27 34 34 23 25 22 22 19 30 33 25 29 25 27 20 37 22 17 29 26 19 20 36 14 34 10 31 26 18 29 34 32 38 25 27 19 29 25 27 27 30 18 24 31 43 31 20 25 23 20 23 25
30 28 26 20 29 35 27 35 31 22 22 23 25 20 35 29 29 28 20 26 34 25 26 28 23 38 28 21 28 43 25 28 34 33 32 23 25 27 29 30 18 28 21 24 22 33 34 14 37 25 32 22 37 25 27 30 40 28 28 45 30 21 20 25 30 24 30 24 33 31 31 30 34 44 32 25 20 22 33 26 30 32 31 20 38 32 25 24 33 27 29 18 33 27 20 19 29 29 33 36
30 30 34 22 27 23 20 23 34 29 21 13 34 24 31 23 20 22 35 34 32 29 29 28 32 21 34 31 42 36 17 32 27 20 29 27 27 26 28 38 25 25 39 24 26 30 39 29 34 31 37 24 33 26 29 27 23 23 22 35 28 27 22 37 35 26 30 30 28 27 22 29 24 37 24 33 28 26 21 23 25 32 35 29 31 39 39 32 32 31 31 29 29 17 29 26 19 19 28 30
25 23 19 30 25 30 28 30 31 32 34 29 21 22 29 29 22 29 27 34 27 25 25 14 28 28 23 28 28 32 41 28 24 26 19 24 36 34 26 33 21 35 28 26 35 28 27 28 21 36 29 33 27 26 21 26 26 43 30 25 21 31 35 30 24 26 28 22 32 27 31 27 22 29 35 27 29 27 21 29 27 30 32 38 28 31 28 32 23 25 21 29 29 14 39 25 26 34 33 33
35 25 33 28 26 24 32 28 38 25 26 38 26 22 19 24 40 39                                                                                  
