0.470588235294118 2456 28 22 29 24 10 24 20 19 23 18 17 22 27 26 21 25 21 28 19 21 26 15 31 27 25 28 15 24 22 21 21 16 19 20 27 14 25 21 21 25 21 25 25 21 18 21 14 12 21 16 15 15 26 20 11 25 17 21 17 30 25 12 10 14 27 25 28 19 20 14 15 17 17 17 24 17 21 18 22 23 70 52 21 26 10 21 23 17 22 22 21 24 21 27 14 20 20 23
19 15 12 14 20 14 12 21 22 23 22 15 18 20 16 18 18 21 24 12 16 17 23 18 19 14 14 16 19 17 16 14 29 20 21 20 20 13 20 18 20 23 17 25 25 20 11 24 21 14 20 23 15 19 22 31 21 13 18 8 22 21 22 13 17 24 38 27 19 12 32 22 20 26 21 11 24 25 21 27 14 16 23 27 19 25 21 18 16 17 20 22 22 14 26 17 19 20 19 31
23 17 14 19 30 20 20 20 31 25 14 30 18 18 22 15 26 14 17 14 16 24 22 22 19 27 24 15 18 21 15 29 23 14 20 20 26 20 23 21 16 19 20 20 20 22 27 17 17 22 31 22 40 24 21 25 9 31 17 18 23 21 22 31 18 22 20 25 23 23 24 20 10 27 21 27 26 27 21 18 28 10 18 17 25 24 20 21 23 13 23 29 19 28 21 26 28 11 17 14
17 17 19 20 29 30 17 21 28 12 18 16 23 20 18 25 28 29 23 22 21 24 20 22 19 19 21 25 27 20 25 12 19 26 18 24 18 25 18 16 11 20 23 25 27 14 16 30 26 29 20 22 17 30 30 18 18 14 23 26 20 19 14 18 22 16 25 22 18 23 22 14 29 25 19 25 19 17 15 18 23 20 16 24 33 29 22 22 26 26 31 14 15 17 26 14 28 17 24 26
34 12 19 23 26 22 15 23 23 23 15 14 15 18 20 13 25 19 11 21 23 15 22 27 27 18 15 14 17 23 19 26 16 21 24 19 22 23 29 25 16 18 32 21 17 22 19 28 18 17 21 12 13 18 19 20 17 37 24 27 30 22 10 15 13 26 22 25 25 20 26 16 23 26 13 21 19 26 24 11 28 19 21 26 33 25 21 21 25 27 31 22 19 26 19 7 21 24 15 22
22 15 20 13 22 12 19 26 20 19 14 19 17 18 20 11 19 19 30 19 18 29 18 17 23 16 21 15 20 15 18 20 14 27 17 14 23 14 16 28 24 24 30 11 24 22 21 14 21 20 16 20 17 31 30 39 25 27 25 24 15 23 22 24 12 19 29 12 19 30 20 13 21 17 22 8 17 17 13 16 24 23 34 18 21 15 16 17 20 18 18 27 23 17 19 20 18 28 15 17
24 25 23 25 21 18 23 25 24 23 13 11 15 24 19 18 25 26 20 20 14 18 24 14 16 17 24 21 28 18 25 14 11 14 27 19 32 21 39 90 55 17 17 30 15 19 26 17 19 21 14 14 26 21 27 19 18 17 18 31 29 24 30 22 15 28 21 26 22 27 26 24 25 35 30 20 30 21 24 29 17 20 18 26 23 17 21 24 33 24 16 17 17 16 15 19 18 10 28 18
31 17 27 22 26 16 29 27 27 25 34 28 26 24 15 12 22 19 8 28 13 32 19 36 17 25 28 32 17 22 23 16 25 32 22 21 22 14 26 25 18 21 17 29 27 9 18 19 20 20 14 16 18 17 24 18 13 22 16 20 22 11 27 20 24 25 24 54 27 17 22 15 15 19 14 25 39 27 20 21 21 22 23 20 16 12 19 33 21 22 17 16 18 25 20 23 23 24 32 11
18 23 20 28 26 23 17 34 31 19 18 19 23 28 30 28 22 28 33 28 15 17 20 16 18 20 21 17 26 21 24 17 22 26 27 25 25 27 25 33 21 15 16 18 28 18 14 21 18 21 22 24 22 21 25 21 17 28 18 16 19 20 23 24 27 17 27 34 21 21 23 14 19 12 19 23 27 25 32 16 15 20 20 21 22 17 13 23 12 25 27 29 22 23 26 17 29 13 25 32
25 33 27 27 23 19 22 18 20 16 16 19 22 21 17 19 16 16 20 18 23 32 18 20 28 14 24 21 27 16 28 22 21 25 19 11 15 37 29 17 20 25 29 22 27 24 25 21 30 17 24 21 22 26 15 13 26 12 25 18 19 18 13 17 20 15 20 27 27 20 29 11 24 15 22 10 22 19 23 17 32 14 12 18 20 18 22 23 27 25 19 22 20 23 16 16 24 14 23 23
16 15 28 11 22 22 27 34 18 12 22 22 21 21 26 34 25 14 14 23 18 17 14 20 24 18 16 21 18 11 17 21 33 31 18 14 23 19 15 20 16 20 24 23 14 25 19 28 12 20 23 18 23 19 30 28 23 17 19 9 21 31 19 14 14 15 11 17 17 21 16 20 21 7 24 13 26 12 19 23 17 28 17 18 19 14 31 20 9 15 25 23 15 18 10 26 18 12 14 17
21 24 17 10 11 22 20 17 21 11 15 20 24 15 20 25 18 23 21 18 18 19 21 16 26 32 17 25 23 33 25 20 19 20 17 17 36 25 19 22 31 25 22 31 26 24 23 23 24 27 23 20 20 23 18 24 18 24 25 21 19 24 22 30 30 17 15 23 36 21 29 26 15 26 23 19 24 29 18 37 32 28 21 19 26 19 27 31 65 65 47 29 34 38 23 27 14 23 28 30
20 28 25 26 23 24 27 17 17 17 18 28 14 20 19 22 30 17 19 17 17 16 19 32 33 26 18 28 18 27 27 22 17 28 23 23 28 16 22 17 21 18 36 16 24 14 17 16 22 30 14 29 22 24 21 19 32 29 36 31 25 21 13 26 11 16 18 24 15 16 19 20 25 14 24 24 21 16 13 25 30 22 17 15 23 17 19 15 30 28 21 27 19 23 6 20 29 11 23 23
23 17 17 24 17 15 15 22 25 21 21 12 14 24 13 13 23 21 24 14 12 23 14 18 23 19 19 16 19 13 14 31 15 22 23 12 25 24 20 19 10 19 13 10 31 16 20 17 17 20 23 12 24 36 25 13 24 31 12 20 26 20 24 20 12 26 23 19 17 21 21 18 20 15 19 23 18 23 11 24 14 21 19 25 20 25 19 19 14 18 22 23 25 24 26 25 20 14 16 15
21 18 13 16 15 14 19 16 18 16 24 24 10 18 20 20 15 18 13 16 26 27 18 22 24 21 24 18 19 17 16 18 14 27 22 21 23 34 31 30 20 19 15 29 24 22 23 22 18 15 20 19 25 19 15 16 18 14 18 12 23 18 13 18 27 23 31 17 19 23 15 18 23 25 24 24 14 15 20 13 20 20 22 22 15 13 10 19 20 11 18 19 22 33 31 23 29 30 29 20
25 18 17 17 17 27 20 15 21 18 25 11 18 22 19 21 11 26 19 24 18 19 15 13 23 16 19 12 13 20 17 14 23 15 13 19 22 16 13 20 20 15 13 18 25 15 17 13 22 16 15 22 18 21 18 24 15 22 20 15 15 13 15 17 23 23 13 13 19 18 26 21 23 14 28 21 29 26 12 12 20 16 16 19 15 12 18 11 14 15 15 21 8 19 20 15 23 16 23 13
19 17 18 17 14 19 17 24 19 26 24 31 22 18 14 20 34 19 20 24 15 21 26 12 24 18 18 15 29 22 25 20 20 19 27 14 23 17 21 26 16 12 13 19 17 16 19 19 10 15 17 18 23 25 12 19 15 9 24 7 29 15 18 14 27 25 13 26 16 20 22 25 21 20 16 26 35 28 11 19 18 13 12 23 26 16 26 19 29 21 18 18 23 13 28 19 19 21 23 33
18 18 20 18 12 18 27 17 18 18 11 21 21 16 20 19 23 18 26 26 16 26 23 12 15 18 14 14 13 25 13 21 17 31 21 19 24 24 17 23 12 19 18 29 27 28 27 26 27 24 17 15 28 15 26 12 15 15 21 19 11 16 23 23 16 20 22 20 13 18 17 26 11 15 14 13 13 13 21 19 20 18 20 19 14 25 24 18 27 17 28 25 11 26 22 23 24 18 20 17
25 19 11 25 30 17 15 22 33 14 17 16 22 19 25 26 23 23 21 17 16 24 15 8 23 19 21 14 15 22 20 18 17 17 27 24 21 14 17 17 17 21 13 15 12 24 21 13 20 21 11 17 17 17 27 14 11 17 12 19 20 26 18 19 29 15 19 16 35 18 16 17 28 21 25 29 20 20 16 19 31 14 19 19 25 26 28 11 20 16 26 28 32 17 15 20 29 21 13 18
20 19 20 21 29 23 15 14 16 19 18 19 15 25 26 20 24 20 27 30 19 26 26 19 15 27 14 20 23 14 22 25 29 21 27 18 28 24 17 27 22 27 28 28 22 14 20 24 17 20 22 20 13 26 17 26 31 20 21 19 10 17 18 23 23 25 25 15 23 25 15 22 27 27 25 15 20 25 26 25 21 19 25 22 21 25 24 18 29 17 16 21 20 14 18 12 12 22 18 17
14 24 13 16 24 18 25 22 20 19 19 19 15 18 19 14 18 18 31 23 23 16 14 14 17 20 18 19 14 28 20 18 21 20 20 19 20 14 19 21 25 21 33 23 19 21 24 20 23 20 15 23 25 21 16 18 16 18 17 22 23 13 23 22 21 24 28 22 20 29 27 23 18 25 29 21 25 16 23 21 25 28 24 17 18 22 18 35 19 35 17 31 22 14 15 27 25 25 23 14
18 20 23 14 25 18 20 19 24 25 19 20 16 17 20 27 16 19 18 15 10 29 21 18 27 14 12 20 29 24 25 21 24 19 21 37 21 20 20 17 26 28 25 18 12 28 17 21 21 20 19 15 14 25 21 23 23 15 20 13 16 18 18 21 22 24 31 25 20 17 14 15 27 33 11 22 18 24 24 27 18 23 13 28 18 15 24 19 19 24 20 21 13 22 27 20 9 14 24 22
27 22 18 22 15 18 24 21 26 26 21 33 19 18 60 26 8 21 17 19 28 33 29 30 10 21 17 21 16 35 21 22 17 16 24 24 20 18 19 13 22 30 22 23 28 17 15 19 18 16 15 17 31 29 26 15 21 18 27 14 23 15 15 19 18 20 18 11 19 24 22 25 20 18 26 14 24 20 24 24 18 25 26 23 25 23 32 9 20 18 20 12 15 11 22 21 20 15 17 21
13 20 15 24 13 14 19 21 21 24 24 31 17 16 16 14 22 24 21 22 19 16 17 14 8 23 28 36 22 10 19 16 23 14 23 20 20 19 22 16 14 16 11 5 14 18 11 15 16 12 14 16 7 16 17 14 9 15 17 16 18 18 9 20 13 16 24 17 14 16 18 23 19 23 13 15 21 22 14 13 20 18 22 18 19 22 18 15 18 17 27 15 17 13 17 15 9 13 20 14
21 21 20 21 24 13 19 18 17 14 21 18 15 12 17 15 14 22 20 23 24 15 13 21 30 13 19 17 17 20 20 12 21 20 20 15 20 21 10 21 15 19 17 13 10 10 12 25 22 17 21 16 14 15 14 18 23 18                                          
