0.466666666666667 4028 15 16 17 17 16 16 18 21 20 25 12 14 14 14 11 22 16 17 8 18 25 15 14 19 16 15 15 19 10 12 14 18 21 21 21 20 12 20 23 15 20 16 15 11 16 15 23 17 22 16 18 15 16 15 25 19 24 33 25 24 19 23 20 20 19 18 20 18 18 24 22 22 24 18 23 32 11 15 20 17 22 22 21 21 22 20 20 22 17 20 22 23 22 18 16 8 19 17
9 14 17 14 26 20 16 21 16 21 24 17 14 22 21 24 15 17 17 27 22 22 16 20 23 10 11 20 20 26 20 22 21 19 16 16 15 26 19 25 17 14 25 14 14 13 18 12 23 29 12 12 23 23 26 30 14 21 18 22 25 23 21 20 27 24 17 15 16 19 21 15 20 20 30 18 19 23 29 23 21 18 18 14 26 15 17 20 20 24 15 19 20 24 20 18 23 21 18 18
20 28 20 15 23 12 24 22 21 25 20 25 15 17 25 24 23 21 17 24 23 5 27 25 18 22 18 18 18 16 19 16 17 17 19 22 21 16 15 15 22 17 15 17 17 19 18 19 18 18 13 17 14 23 19 21 13 22 17 17 30 14 21 10 20 18 25 19 19 19 9 17 16 25 25 15 27 19 18 15 26 21 14 18 22 20 26 9 30 18 20 18 28 20 17 18 21 13 29 17
25 15 18 24 22 17 18 21 26 25 18 11 11 18 14 21 18 22 14 24 17 26 25 14 18 19 23 26 25 14 15 20 21 29 20 15 33 18 18 16 24 22 19 14 18 23 22 17 19 18 23 27 19 24 23 20 24 18 20 14 19 32 16 20 24 24 24 29 14 20 22 23 22 26 12 13 18 17 17 10 17 21 27 8 22 24 18 28 13 24 17 20 28 21 18 25 17 20 19 13
13 17 17 17 23 16 15 18 16 14 27 29 16 17 25 21 15 17 26 23 13 21 17 19 25 25 25 26 24 20 26 19 15 12 21 24 18 19 20 13 21 18 22 16 23 22 19 13 13 14 16 19 24 19 10 13 21 18 18 16 16 24 19 24 17 12 24 26 19 19 20 23 25 14 12 22 18 17 18 28 24 16 17 18 11 16 23 19 22 17 21 18 24 14 17 21 17 22 15 20
20 20 17 15 18 25 13 19 17 30 14 25 21 14 15 17 14 16 12 18 19 15 17 14 15 18 13 14 15 17 16 18 13 13 20 23 24 19 20 17 16 9 13 10 11 18 12 23 18 23 20 26 20 23 15 13 25 19 20 23 25 18 19 15 17 19 16 16 17 21 14 16 10 19 19 23 20 18 14 22 14 18 22 16 21 17 24 14 25 16 9 31 24 23 19 21 20 15 20 18
17 14 20 20 17 17 12 17 16 19 18 13 8 14 17 21 22 18 17 17 26 10 17 21 23 22 24 21 18 11 21 17 26 16 21 19 17 21 12 19 12 13 21 19 22 18 22 14 17 19 15 19 18 13 29 16 12 19 13 20 16 13 15 17 18 22 30 12 22 20 17 26 20 17 22 18 19 12 7 21 17 16 16 14 25 25 25 15 17 22 22 21 19 18 14 28 10 22 17 15
16 14 23 25 20 14 16 23 21 19 19 32 16 10 25 22 13 21 17 26 20 23 18 23 21 22 24 23 24 11 21 25 23 13 23 22 14 22 19 19 22 18 19 24 22 17 22 19 17 14 21 15 9 17 20 21 31 39 17 16 12 14 14 22 20 18 17 12 13 20 23 21 24 20 19 19 16 21 12 15 25 17 13 12 18 15 30 14 20 21 20 29 27 29 27 15 20 18 21 20
23 25 14 20 23 21 20 28 17 21 23 21 18 16 16 26 8 15 16 15 27 20 14 10 31 18 14 14 26 22 23 17 21 20 22 18 17 23 15 18 19 22 22 24 17 17 24 18 14 19 17 16 16 16 15 26 22 14 17 16 24 22 21 18 26 25 19 22 17 19 20 20 21 20 20 17 25 25 22 23 28 16 11 15 28 31 19 24 19 18 18 19 20 24 13 16 17 14 15 26
22 24 21 24 26 26 17 17 24 23 18 20 16 23 21 22 18 18 15 14 34 17 20 15 21 23 30 23 9 22 27 27 20 29 20 20 17 22 15 25 17 17 26 23 20 25 16 19 19 22 21 20 23 21 21 29 17 20 16 17 14 25 34 20 29 14 30 25 19 25 14 17 22 32 25 21 16 14 28 14 18 29 12 28 16 23 19 19 24 14 21 31 16 23 23 18 26 36 29 22
7 21 17 26 11 20 17 24 16 18 22 25 18 20 22 17 28 25 22 24 22 17 22 19 19 22 18 18 14 16 23 17 20 38 16 17 15 24 19 16 21 18 25 14 20 16 27 20 32 23 16 25 22 19 18 16 14 25 28 28 23 19 27 23 24 22 11 22 20 19 11 23 24 19 19 21 24 13 14 20 15 26 19 31 17 21 24 21 14 17 22 22 14 16 15 16 15 26 19 19
18 18 12 22 25 15 22 20 22 15 12 18 22 23 58 63 29 18 18 24 21 22 18 24 18 17 16 33 11 19 30 25 14 22 18 17 8 24 9 21 25 15 19 20 19 23 24 22 19 15 19 7 12 21 12 27 19 21 26 25 19 20 17 20 15 19 24 22 26 19 15 14 22 15 16 12 12 19 19 22 15 12 15 18 20 29 13 18 9 13 14 29 28 16 13 24 15 17 24 18
17 21 19 14 20 20 16 16 16 18 17 19 23 18 20 19 16 23 20 26 21 25 20 19 17 16 16 28 21 15 16 10 25 20 15 26 19 16 45 24 31 14 13 13 18 12 22 13 13 20 22 19 16 20 18 16 24 22 29 24 12 22 24 13 20 16 21 24 18 26 24 25 23 24 31 19 15 31 25 20 21 18 22 26 14 23 17 17 28 21 18 30 14 20 29 23 28 16 15 18
17 11 13 14 19 18 22 16 12 24 18 17 30 21 16 24 28 18 20 28 17 22 17 18 26 16 18 16 16 17 34 19 18 16 23 20 18 19 19 17 31 12 14 10 14 28 24 21 27 26 26 21 17 23 24 24 22 20 10 18 17 24 26 11 11 20 19 17 13 15 29 22 20 25 17 18 25 18 11 13 18 18 11 13 25 25 20 15 15 20 26 17 15 22 31 13 13 22 25 23
21 25 12 24 18 22 17 17 22 23 27 20 17 19 20 15 25 19 13 23 20 18 28 17 12 18 27 14 29 19 26 21 38 16 13 19 17 24 26 19 18 18 14 31 23 23 25 22 19 28 20 20 16 15 17 12 14 30 25 27 26 17 30 23 23 21 19 15 14 23 23 18 22 21 18 12 25 19 15 22 12 24 12 20 17 21 23 29 20 23 26 18 27 21 20 16 29 20 22 25
24 29 24 21 18 17 16 28 27 21 21 19 22 20 15 25 16 17 21 28 16 17 17 11 14 12 9 9 13 7 15 12 15 15 12 12 15 13 25 9 25 9 13 15 23 16 14 12 15 24 17 15 17 18 12 17 25 17 16 14 30 20 22 11 17 23 23 26 25 18 13 24 19 13 15 26 21 16 28 16 17 18 21 24 18 18 15 20 21 24 17 21 17 17 16 28 21 28 13 21
19 23 19 13 13 18 16 17 27 13 19 17 13 17 14 14 21 24 15 22 23 21 21 9 17 24 18 7 10 14 24 18 18 16 23 15 17 24 17 24 25 19 29 18 22 23 13 22 14 17 14 26 14 26 20 8 26 24 18 19 20 15 18 12 14 28 20 13 22 21 20 14 21 23 17 18 18 12 17 20 22 16 19 23 23 15 9 20 25 22 13 16 18 17 21 19 23 19 16 19
20 21 33 24 21 21 13 16 14 8 12 14 17 19 13 22 20 17 19 29 19 21 17 33 20 14 12 20 20 25 19 14 14 18 23 21 21 17 23 24 19 17 20 17 16 25 26 36 19 19 19 19 24 27 22 13 26 11 18 17 12 23 21 22 17 17 19 14 24 12 24 18 10 22 23 20 25 20 19 14 22 18 23 23 25 21 27 12 14 16 19 20 23 20 16 22 17 17 17 31
21 27 20 21 18 25 18 17 19 23 17 14 20 22 11 20 17 22 18 21 18 23 15 15 22 15 21 25 19 23 17 14 20 22 18 23 26 25 18 27 15 16 21 20 22 16 17 23 16 16 13 14 28 18 19 27 20 23 20 19 24 15 25 21 16 24 21 16 28 20 15 22 14 15 11 16 10 17 15 17 19 17 14 15 19 21 12 14 18 19 23 17 21 14 19 22 27 20 28 20
19 30 10 22 29 20 19 23 34 19 15 17 21 30 20 20 22 20 34 21 25 15 15 12 24 12 21 14 18 15 16 28 20 25 19 23 18 14 24 23 19 11 20 13 17 23 20 18 25 15 22 22 16 17 21 23 26 14 21 22 25 16 13 19 21 18 25 14 10 20 18 16 17 25 20 14 13 15 17 13 20 19 12 19 22 17 15 11 16 46 46 88 56 35 23 21 14 15 15 14
23 21 20 15 24 22 19 15 14 31 26 23 24 30 16 27 21 27 22 13 22 16 13 26 22 20 25 24 20 8 13 14 17 20 25 17 31 21 27 13 15 29 9 19 20 17 21 21 26 17 19 12 12 35 24 17 20 23 36 20 12 17 16 18 15 10 17 22 20 14 18 22 15 27 20 15 16 25 25 17 19 23 21 20 23 21 21 21 16 15 20 22 18 19 22 32 15 21 13 8
34 16 23 14 11 16 20 16 27 24 18 26 17 16 15 16 18 20 20 20 14 12 23 24 21 19 14 27 15 24 14 22 29 16 23 19 29 17 23 25 23 18 14 20 26 23 14 15 18 15 8 25 28 18 16 22 13 21 28 25 16 24 19 34 28 18 23 17 27 15 22 25 13 13 16 19 24 26 27 17 17 28 16 26 29 19 29 25 18 21 24 27 23 25 25 21 28 24 16 20
29 18 18 34 22 19 20 23 16 18 22 16 22 25 9 19 23 18 28 24 21 21 15 21 23 13 21 26 15 17 22 14 22 22 20 10 25 24 27 19 17 15 20 24 12 32 20 21 28 24 25 15 24 23 23 14 20 18 17 21 22 16 16 16 11 15 23 15 22 21 22 21 15 26 21 20 15 19 18 16 17 21 26 18 17 21 22 16 16 20 17 23 19 20 25 18 13 23 18 30
21 28 20 20 22 29 19 18 21 27 22 18 10 16 19 23 32 22 16 22 22 18 21 22 15 27 27 25 24 28 27 23 18 20 27 9 20 13 16 28 16 16 25 12 19 23 21 19 10 22 25 23 19 16 22 11 14 22 23 12 27 18 18 15 20 26 18 18 29 28 24 16 22 22 26 21 20 16 24 26 19 17 19 21 25 20 19 19 20 21 22 20 16 25 12 16 23 25 22 25
28 19 21 21 18 28 23 19 32 17 23 19 31 10 15 19 24 25 16 18 30 29 21 19 23 24 23 24 23 22 23 22 16 15 20 17 25 23 30 18 28 20 25 17 20 25 15 17 19 18 20 13 31 32 27 24 26 16 13 22 17 22 22 24 21 10 18 20 15 18 18 28 13 26 14 14 19 14 28 23 15 25 24 19 15 22 23 19 17 32 21 18 25 23 17 23 24 15 21 25
31 9 30 34 19 14 32 22 25 16 21 20 18 24 25 20 14 18 20 29 18 20 32 22 28 19 16 26 26 22 21 24 18 23 29 12 20 18 19 26 18 16 13 27 25 24 22 18 20 21 25 27 22 22 24 24 18 29 24 22 32 18 21 16 20 18 23 20 22 24 23 33 20 19 29 25 19 22 19 25 22 25 19 21 24 16 28 6 16 26 26 21 24 16 24 30 19 29 21 17
21 18 25 25 22 15 19 15 23 20 10 22 14 19 35 18 27 16 23 18 22 26 25 13 26 23 26 25 23 30 27 11 20 15 17 26 18 38 17 22 23 25 30 22 24 31 24 24 19 23 25 15 23 19 20 23 22 25 18 14 21 28 9 23 22 23 22 16 24 24 23 14 14 21 21 18 14 19 32 15 15 23 16 9 15 21 16 19 17 19 16 16 22 19 15 31 19 15 17 23
15 21 22 20 16 14 18 23 34 19 64 18 21 19 16 20 18 24 21 18 16 24 27 19 27 22 23 24 25 27 27 14 28 17 16 17 20 16 19 20 22 23 25 23 23 27 21 20 23 21 19 26 24 15 10 17 22 20 17 18 21 19 14 25 14 27 17 16 22 19 21 10 21 17 24 20 20 25 17 18 20 9 18 24 25 17 22 27 22 11 16 14 27 26 26 21 16 14 20 24
26 18 16 16 26 23 17 18 21 11 23 18 17 21 14 24 30 19 19 21 21 23 22 22 23 19 18 18 15 17 13 33 17 26 16 33 17 20 18 18 20 24 27 21 19 17 24 14 18 26 14 22 17 29 13 22 23 17 28 21 16 26 16 25 23 21 22 25 21 27 20 13 18 20 15 22 19 17 18 22 17 23 20 15 17 26 19 16 10 22 15 17 25 21 16 19 24 17 23 14
13 11 14 23 17 13 17 22 15 15 21 14 24 31 20 27 10 15 17 18 16 20 22 15 21 18 25 17 16 18 17 16 19 23 24 22 14 17 17 22 18 21 24 13 21 24 14 20 26 19 18 18 14 21 14 24 25 18 18 20 18 18 24 14 12 22 21 25 12 24 20 27 16 16 15 21 21 17 13 11 16 21 16 15 17 20 19 19 25 22 20 17 22 17 20 23 23 18 22 26
16 16 16 32 20 21 16 30 21 15 14 21 16 27 31 18 25 18 26 25 18 21 15 28 16 19 19 31 20 30 20 21 20 21 16 19 19 28 18 22 20 18 16 28 16 17 20 21 19 24 22 20 17 12 22 11 24 22 21 19 24 16 27 20 16 14 19 19 19 25 29 22 29 24 16 24 18 16 27 11 20 21 20 18 13 25 24 25 21 22 18 23 22 28 19 21 24 19 24 12
18 15 25 10 16 26 26 12 20 20 16 23 14 19 23 23 23 17 16 21 22 22 24 6 19 22 20 14 22 13 25 19 22 19 15 16 17 13 18 23 14 18 18 24 14 23 27 14 20 23 21 24 15 20 17 17 14 17 20 16 15 19 15 35 26 31 23 17 17 17 26 17 16 24 22 17 19 19 22 9 18 18 23 18 23 22 11 11 13 8 21 15 16 16 11 21 23 24 17 15
26 17 22 15 18 15 22 24 22 17 25 16 14 12 18 15 12 21 19 25 14 20 14 15 8 17 14 19 25 24 15 18 11 18 21 23 23 23 12 14 27 22 28 20 22 19 20 15 27 20 19 19 12 15 16 17 16 31 26 10 17 22 18 18 28 23 7 27 19 9 20 19 25 16 36 17 25 21 16 23 23 22 23 21 16 25 17 25 15 11 20 22 24 25 19 19 25 19 20 19
13 21 23 23 24 20 20 24 29 20 23 20 24 21 11 16 17 19 16 13 21 20 17 20 16 14 20 18 10 10 20 13 35 23 27 23 24 15 19 17 15 25 17 24 19 25 21 24 19 13 17 22 26 21 21 20 26 25 23 25 11 25 30 13 24 25 21 22 24 25 25 22 19 21 9 23 32 13 13 22 26 26 23 11 17 16 18 18 19 18 19 27 21 16 20 16 19 21 19 22
26 23 22 18 15 17 16 20 28 20 22 19 22 17 23 15 18 23 17 19 18 20 19 22 22 16 23 26 16 15 16 17 30 31 18 18 21 20 22 17 21 22 23 20 29 16 25 11 21 19 14 21 17 27 19 19 19 24 26 26 18 17 21 14 37 22 23 20 12 23 21 15 24 24 14 30 24 14 14 15 14 24 22 16 37 19 16 22 21 21 25 14 19 15 18 22 18 13 18 14
18 18 39 20 23 18 21 22 17 19 20 18 21 16 22 15 17 14 18 27 15 21 14 26 14 22 26 21 24 12 23 16 28 14 19 22 17 15 19 21 17 14 36 21 21 20 18 18 20 23 17 12 28 24 25 13 24 29 21 15 23 18 27 22 13 19 22 22 22 14 22 19 15 17 17 30 26 21 15 19 19 30 13 14 24 21 16 22 23 18 18 20 19 17 34 16 18 24 26 18
12 9 15 13 19 27 15 20 21 22 14 30 21 16 9 22 16 27 19 24 15 22 22 22 15 18 23 18 19 13 18 20 20 19 12 14 18 26 25 21 15 31 26 16 24 23 19 23 20 26 25 17 22 14 16 18 17 24 21 23 18 25 26 22 19 21 19 15 18 17 28 20 18 15 25 11 17 20 24 14 17 20 15 18 21 19 23 13 18 22 11 14 14 15 21 15 12 26 19 16
23 11 28 30 27 25 17 19 16 17 22 25 13 24 22 8 21 24 19 18 10 17 12 19 23 12 24 22 15 19 18 28 26 21 26 29 23 19 12 16 19 18 18 11 23 21 22 26 19 14 16 22 20 22 28 12 32 19 24 22 20 23 27 15 21 14 24 28 22 20 22 20 28 17 16 12 18 28 21 19 13 23 12 7 27 17 30 24 23 18 27 16 18 15 28 25 20 20 19 18
25 21 23 21 22 21 24 26 26 25 18 32 13 15 16 15 33 18 15 19 16 15 22 14 20 21 24 22 26 23 21 22 27 26 24 14 16 19 12 21 11 22 27 21 13 17 16 28 18 28 24 31 28 16 25 24 20 17 24 25 18 14 12 21 21 26 21 31 14 12 13 22 17 12 20 18 21 24 16 11 21 9 8 11 10 6 13 9 15 6 12 8 7 9 18 7 11 5 10 13
7 7 18 6 11 9 7 7 7 12 5 10 9 10 14 8 9 13 13 8 13 8 4 14 6 8 6 5 13 15 8 10 7 11 7 14 6 14 8 11 13 13 7 11 8 9 7 12 13 9 15 17 12 10 6 10 9 13 17 9 7 9 12 7 8 9 11 14 9 7 8 10 12 11 10 21 16 12 13 14 15 6 11 10 12 13 16 4 15 13 8 10 9 11 9 6 8 13 11 12
10 11 7 8 13 12 5 12 9 9 13 14 6 10 4 9 9 8 15 16 13 6 7 12 11 8 11 10 14 8                                                                      
