0.434782608695652 2150 24 23 15 22 23 38 30 30 22 38 19 26 20 23 22 28 17 32 27 21 21 21 28 30 14 30 21 30 29 22 31 22 19 22 24 23 22 24 25 28 28 31 28 20 24 28 26 28 23 20 28 24 20 21 31 27 21 32 22 16 28 27 23 31 29 28 25 22 44 33 29 24 20 17 74 50 35 27 17 36 26 22 24 23 18 23 20 20 17 29 25 20 23 18 22 25 19 18
24 29 25 22 41 16 24 19 20 36 26 22 27 32 24 27 23 36 25 23 17 31 24 32 31 20 20 34 30 23 27 35 20 17 16 21 36 23 23 28 29 19 24 30 19 23 19 20 24 21 25 32 24 20 25 17 28 26 23 25 31 24 22 20 23 13 19 30 31 15 24 31 23 28 24 33 24 28 18 23 22 20 32 26 19 28 22 25 29 22 29 33 25 25 18 22 20 17 22 32
30 28 26 27 36 20 23 22 23 27 27 30 23 31 24 23 27 31 27 31 34 22 29 25 18 30 26 18 22 27 32 27 36 30 27 25 18 20 32 36 27 26 21 26 24 31 25 33 31 27 25 21 15 31 25 37 33 23 26 27 26 18 22 29 24 26 23 24 22 31 19 30 28 18 27 29 26 19 25 27 28 16 30 30 14 19 33 42 27 34 18 22 24 29 31 26 24 22 24 35
23 18 19 32 14 20 27 28 25 18 22 14 18 26 41 26 25 24 21 23 26 30 28 25 27 22 30 25 27 33 22 25 25 27 27 32 26 20 26 23 28 35 18 18 22 36 32 29 20 24 28 26 23 28 24 20 26 17 29 29 33 20 28 28 22 25 23 19 24 27 20 16 17 25 25 21 30 18 39 31 29 19 32 34 28 32 34 22 22 23 20 21 19 31 30 21 19 18 33 30
25 28 25 24 26 23 22 30 33 15 18 26 21 22 25 22 24 30 22 18 26 19 25 19 34 37 32 29 31 32 20 21 27 33 32 29 23 27 12 16 22 31 35 33 19 20 26 22 39 21 30 31 34 23 19 20 30 28 20 18 23 33 48 19 14 19 18 40 30 22 27 32 23 18 21 23 22 18 27 25 26 23 35 28 21 31 26 20 20 34 32 25 27 34 25 28 17 18 20 18
27 20 17 21 29 30 32 31 22 41 21 23 30 31 27 23 32 28 22 28 51 18 24 28 27 29 27 25 26 24 27 24 19 19 19 28 26 29 34 16 20 23 25 23 22 16 20 30 27 29 25 30 18 33 26 22 25 28 18 26 19 11 33 24 25 20 26 19 17 29 29 22 20 28 31 31 23 25 20 33 18 33 25 23 18 22 27 22 24 30 27 21 19 18 28 9 18 29 23 17
22 20 30 27 22 23 27 28 27 29 23 17 25 20 22 20 26 31 27 32 24 27 24 27 27 33 27 33 24 27 24 25 33 25 30 30 21 19 26 37 26 20 28 35 24 22 17 30 26 21 19 24 20 26 23 28 21 18 21 19 28 28 14 28 21 25 26 30 21 12 29 24 25 36 23 24 30 27 25 20 22 27 27 17 29 37 27 28 23 35 28 32 15 17 23 27 22 27 24 30
29 29 16 24 24 27 25 25 20 24 22 26 27 21 24 24 32 14 16 33 47 32 35 33 23 33 28 27 27 32 22 23 20 36 28 34 31 21 27 24 31 26 15 28 23 30 20 19 35 34 16 22 32 18 31 26 23 14 27 32 29 20 24 27 16 32 31 26 20 25 28 31 23 37 27 22 28 28 17 19 31 18 38 27 26 28 24 32 14 10 26 33 27 29 21 15 35 36 30 32
20 23 34 22 35 32 25 39 27 22 22 30 14 30 17 20 29 30 19 24 33 28 28 38 27 24 25 25 24 20 23 23 26 27 21 20 27 27 25 22 17 24 20 21 21 25 26 15 27 23 21 23 23 29 19 23 20 22 30 23 20 13 23 35 22 28 16 15 18 23 26 25 18 25 18 14 22 22 17 25 19 36 28 31 23 38 28 32 25 25 20 22 18 26 26 28 25 16 21 29
21 16 30 26 21 23 29 31 31 19 24 19 29 20 22 25 25 23 16 17 26 25 19 19 25 13 17 22 20 15 32 25 31 26 22 20 28 29 20 26 14 25 19 20 22 19 36 23 33 26 22 28 23 35 30 22 19 29 23 19 24 23 27 21 26 23 22 26 28 25 34 15 26 22 31 33 31 20 18 28 30 22 23 21 19 25 14 17 28 25 20 27 33 24 25 15 25 29 21 28
34 24 21 32 37 24 25 28 32 26 31 28 26 13 24 15 31 36 22 38 26 13 32 35 28 24 18 22 29 22 34 25 18 25 33 27 20 56 66 23 33 21 29 25 29 27 16 26 21 28 26 26 28 31 26 12 26 31 34 32 29 31 34 22 36 23 32 32 31 28 39 32 24 30 26 24 28 27 20 24 15 29 25 23 25 27 26 27 30 30 17 23 21 28 27 23 32 10 23 28
26 24 29 27 38 19 19 24 35 26 33 15 32 24 27 27 20 32 14 24 18 14 24 19 22 26 21 20 25 25 24 31 20 29 29 27 18 33 26 13 29 25 25 21 21 24 27 30 23 28 28 18 24 22 23 18 17 24 21 18 28 28 24 22 28 24 16 23 26 16 24 22 24 9 28 26 21 16 25 25 22 16 25 18 19 23 30 21 26 23 9 27 27 22 21 28 24 19 22 31
14 15 26 12 25 13 19 21 26 31 24 11 15 32 23 14 31 19 25 20 14 29 26 24 16 26 29 20 34 27 33 22 28 16 21 31 19 34 25 25 22 28 21 27 31 34 25 20 25 21 30 23 19 38 36 26 23 20 33 27 12 20 10 25 29 23 19 34 22 20 23 23 30 30 21 23 11 30 14 24 28 23 24 18 28 26 20 27 20 23 26 21 24 41 34 19 26 19 19 19
16 30 25 17 19 15 33 26 30 21 28 20 13 22 21 20 27 35 30 22 25 27 24 23 25 29 26 26 20 25 23 27 29 14 24 12 22 15 14 27 26 35 23 27 22 20 20 27 21 24 21 29 30 17 20 19 24 25 13 13 23 24 22 17 21 27 18 27 28 29 21 26 22 20 21 27 18 24 26 21 23 25 26 26 23 14 23 25 16 26 16 23 27 20 19 20 34 34 29 29
21 19 27 19 18 14 18 27 27 26 28 26 29 25 23 20 22 16 21 18 21 23 24 19 21 20 23 21 23 26 29 28 23 28 22 31 17 15 18 18 23 23 30 17 27 35 24 22 32 19 19 22 36 20 23 24 30 16 21 18 27 16 25 32 25 16 19 26 26 24 24 26 23 22 37 33 28 28 29 18 18 30 18 13 20 12 23 25 18 28 22 19 14 14 24 21 25 24 24 18
15 22 21 25 26 18 21 20 17 23 26 19 19 26 31 22 29 23 24 35 35 17 13 14 21 19 28 33 23 27 27 22 30 27 27 24 19 20 19 19 29 19 19 15 27 27 27 25 23 27 15 22 34 22 23 19 30 22 25 25 18 30 22 26 22 31 21 12 22 19 27 25 22 20 18 17 33 22 14 25 28 29 31 21 30 24 22 26 27 27 36 18 27 15 17 28 22 22 22 24
20 24 25 21 21 18 27 21 18 35 27 14 23 26 16 24 16 24 24 19 39 21 20 21 24 22 26 18 27 28 19 31 30 18 24 24 17 10 29 20 19 21 20 36 21 25 24 28 22 25 21 20 25 19 22 27 22 21 20 28 26 28 25 24 22 28 17 26 17 29 27 19 25 27 18 29 23 24 19 29 27 26 25 16 24 25 25 17 25 22 38 25 17 15 25 27 26 21 21 30
22 23 29 26 17 30 25 21 35 27 27 22 27 19 24 34 24 25 33 24 28 27 35 12 15 23 18 21 25 26 23 20 26 30 31 26 27 32 18 28 28 20 28 16 20 26 20 23 15 23 23 21 24 17 31 26 23 28 27 31 33 18 20 41 24 17 17 19 17 22 27 22 21 21 35 17 29 37 29 32 19 13 26 22 17 25 32 26 24 22 24 40 24 33 16 23 26 25 15 23
20 26 30 22 20 18 24 29 28 26 25 26 30 31 30 20 32 33 26 28 26 26 27 25 27 20 21 17 14 25 28 26 24 28 28 30 25 24 22 22 34 21 30 23 33 27 26 26 16 23 20 32 26 22 22 22 19 33 24 19 17 34 16 17 33 31 26 13 21 23 24 26 32 39 21 37 29 30 25 31 21 20 23 30 23 30 24 21 23 19 18 31 22 23 25 27 24 32 30 23
23 15 19 21 20 28 20 17 24 33 29 24 30 31 12 20 14 24 30 33 27 23 19 20 24 28 21 27 14 20 21 25 19 23 22 22 27 21 20 20 20 29 21 27 19 22 20 32 24 13 30 26 21 28 19 23 23 23 19 20 17 32 29 27 29 32 23 29 29 20 18 15 21 29 30 33 22 23 14 21 27 31 33 26 23 22 29 31 27 18 32 28 30 27 28 23 17 20 24 15
25 22 22 18 33 37 20 23 26 22 17 30 35 24 21 23 15 24 17 25 25 14 13 35 27 24 24 25 12 25 28 35 33 23 22 26 26 34 13 27 26 24 17 14 18 27 12 27 18 22 32 43 35 29 27 31 24 20 12 18 23 25 27 30 19 21 27 23 18 31 21 27 22 25 19 21 12 23 19 14 20 19 15 20 23 27 16 34 24 23 17 31 11 16 17 26 26 16 17 29
22 31 20 23 23 17 28 19 15 20 23 20 29 22 18 23 21 23 28 22 23 29 20 21 18 24 21 20 22 21 24 32 30 21 19 11 24 22 26 25 22 19 20 21 28 19 20 25 32 21 38 22                                                
