0.411764705882353 2892 20 13 23 19 21 15 19 13 25 18 15 33 16 16 17 20 20 20 16 15 15 20 16 19 14 11 23 17 14 19 16 18 19 19 21 22 28 18 26 31 17 20 23 21 14 27 22 20 28 26 18 29 12 20 19 17 20 22 21 26 12 22 24 14 17 19 25 32 9 22 24 16 22 26 11 24 20 20 19 31 26 27 20 18 18 18 34 17 16 24 28 31 26 20 26 24 23 20
26 23 23 27 23 6 24 22 21 16 14 16 14 13 33 13 21 21 22 12 17 24 23 20 23 19 11 16 16 23 24 15 23 31 16 19 24 21 28 17 23 25 18 21 30 23 17 16 26 17 24 24 26 25 11 24 25 24 24 21 16 11 19 17 17 12 10 20 23 17 15 27 15 24 15 29 23 27 24 24 20 17 17 17 19 17 21 27 27 23 24 24 14 27 20 19 17 21 15 28
27 18 27 17 26 21 17 20 18 22 26 22 21 18 21 29 32 20 25 18 16 12 14 16 20 15 25 23 29 24 29 25 25 14 27 14 29 27 17 17 21 29 18 30 14 25 35 13 16 23 25 23 21 23 16 23 29 19 9 19 16 12 30 12 24 18 17 12 19 25 16 19 19 43 32 26 23 17 19 20 11 18 15 13 18 14 16 22 18 20 31 14 17 25 22 25 20 24 28 20
29 23 20 21 18 26 28 16 19 20 17 17 15 18 12 20 18 13 18 19 20 21 18 17 10 10 16 16 14 20 15 21 14 27 18 26 21 21 27 27 18 23 31 25 23 20 27 23 27 22 21 17 21 17 23 20 26 19 24 26 22 26 16 17 25 11 19 23 16 24 20 17 21 18 22 19 19 15 17 23 19 24 20 12 12 12 28 27 20 24 17 22 15 16 19 15 23 32 15 23
25 24 20 27 20 26 29 21 21 20 26 25 21 27 16 17 23 15 19 15 17 27 31 22 13 25 16 22 23 18 17 20 19 20 24 17 16 32 27 22 16 14 26 17 24 17 20 23 30 19 20 19 12 18 29 19 22 33 25 22 27 27 31 23 23 11 18 19 31 21 26 19 19 22 22 26 15 17 31 18 21 24 22 14 17 19 14 14 18 18 13 13 26 14 32 19 22 21 23 21
20 15 26 25 18 21 25 25 19 22 18 26 30 30 26 21 23 28 14 24 18 27 22 31 27 19 36 27 21 24 23 31 24 25 26 17 17 18 21 24 18 15 18 21 21 29 30 30 22 31 19 23 26 19 21 17 26 9 13 21 27 31 22 26 25 18 23 15 23 18 21 21 17 18 22 23 14 14 23 18 14 17 25 17 20 13 22 21 21 20 22 21 11 12 17 16 19 24 32 26
15 28 21 17 22 24 13 29 26 25 20 19 20 30 25 25 23 26 20 17 19 27 26 21 25 29 22 32 28 20 26 26 28 22 12 24 22 31 14 19 15 11 26 21 31 27 21 25 28 28 22 20 32 27 19 34 35 20 25 21 19 26 23 18 25 23 22 21 26 29 21 21 19 24 24 27 18 27 27 13 10 16 30 13 20 24 18 17 21 23 22 20 21 14 14 20 25 30 22 31
18 6 16 30 36 18 37 25 30 28 26 22 27 23 29 22 24 10 29 23 22 28 18 18 33 32 20 23 18 19 22 29 17 19 27 28 17 22 21 24 30 14 17 26 20 18 39 16 26 16 19 12 12 11 14 20 23 24 25 29 25 23 29 23 17 35 24 16 21 22 19 27 19 26 12 20 19 22 12 27 20 11 11 13 12 15 10 16 47 37 43 20 26 20 17 17 25 16 22 16
29 21 21 16 17 26 32 25 24 19 17 18 14 20 19 21 23 20 18 32 22 24 17 18 7 14 23 28 16 28 17 16 16 19 14 17 11 22 14 17 22 23 19 13 19 20 20 21 23 15 14 18 16 27 14 19 16 25 18 21 23 18 26 26 12 14 21 14 21 23 26 19 14 27 16 14 17 20 19 13 15 17 19 12 24 25 26 20 18 13 47 49 26 36 16 16 12 20 15 20
14 16 23 29 25 17 25 18 35 20 20 18 30 30 21 21 19 23 24 28 26 18 23 17 28 9 11 16 9 16 19 15 17 16 19 16 18 12 11 10 20 9 19 16 11 13 12 24 19 17 26 15 15 20 20 16 20 20 20 20 17 14 20 23 20 17 20 17 28 14 14 20 21 25 30 42 27 25 19 26 27 26 20 15 30 17 18 20 22 15 15 34 30 28 16 12 11 21 14 21
15 24 28 26 17 27 27 30 25 23 18 14 24 23 14 28 15 19 27 18 21 15 13 23 27 26 23 25 22 21 22 30 21 19 32 22 29 27 28 16 13 22 21 20 31 20 25 23 25 20 23 14 20 17 9 16 17 24 23 19 22 21 25 15 17 26 12 16 18 27 15 15 22 29 26 28 19 23 26 18 27 33 22 15 13 28 24 28 21 22 15 17 12 18 22 17 17 19 23 14
21 18 25 22 23 20 28 16 17 18 23 17 16 18 27 23 25 16 25 16 22 16 14 15 17 27 12 14 18 23 11 11 14 22 18 19 12 15 18 18 20 22 27 27 17 19 14 28 28 20 26 26 14 19 31 20 28 22 20 24 21 30 20 19 23 27 28 28 12 15 10 13 25 19 26 29 16 22 20 24 14 25 18 25 14 23 23 19 22 21 21 14 18 17 21 33 15 20 16 29
34 25 17 26 15 29 22 17 26 15 30 17 24 17 26 29 16 25 15 17 35 33 32 14 31 24 19 21 28 43 28 16 31 8 23 15 18 27 28 20 19 30 23 36 28 26 17 23 23 37 30 32 25 27 20 17 18 13 28 18 18 19 18 24 16 17 31 27 23 25 19 19 22 23 29 19 27 39 24 29 30 32 20 28 21 18 24 18 18 34 20 19 31 31 25 21 26 35 29 34
26 19 16 18 23 29 23 14 18 31 18 22 26 22 34 17 24 22 20 19 22 26 25 14 23 27 13 32 19 21 18 23 20 21 28 18 24 18 24 24 21 20 24 22 33 24 16 15 18 24 21 10 16 15 15 20 26 17 27 23 31 19 23 14 19 18 21 25 22 26 15 14 32 21 26 19 24 9 16 16 27 20 16 23 17 15 20 19 20 40 25 30 17 15 19 16 19 18 9 52
60 61 47 29 25 18 24 25 24 36 32 32 23 26 24 33 27 35 26 29 20 26 30 28 27 22 17 21 20 22 20 26 22 21 15 20 19 25 21 27 32 27 10 14 23 26 18 12 11 16 17 13 22 22 13 15 17 17 17 15 14 21 20 25 19 27 14 26 25 26 18 9 12 20 15 12 16 18 17 25 17 17 24 18 20 17 30 16 21 26 26 26 28 25 20 33 25 28 15 20
35 21 27 19 19 23 22 15 22 10 11 26 19 20 12 20 19 25 21 30 24 19 12 13 18 25 23 13 31 23 14 27 18 16 19 31 36 24 20 24 24 26 22 29 22 19 24 29 28 25 30 14 25 20 25 24 23 24 26 24 25 20 21 27 17 24 20 24 25 25 23 24 23 27 33 20 23 16 20 22 22 22 23 24 22 23 10 30 15 21 20 23 20 31 23 24 23 24 18 20
22 15 23 18 17 24 22 17 21 15 29 21 21 27 23 29 27 30 16 25 18 20 20 20 16 25 14 21 22 24 26 20 22 28 19 32 27 17 19 20 26 17 26 22 19 22 21 28 20 24 18 21 22 19 17 22 15 20 22 28 14 16 14 8 10 18 15 16 21 13 12 9 12 19 14 18 16 21 18 14 22 24 16 18 24 27 19 28 24 23 34 19 20 34 17 17 19 20 28 30
23 8 23 32 20 15 20 24 23 19 21 11 30 23 22 28 26 26 21 22 14 17 21 34 17 27 23 33 27 27 27 15 19 35 21 34 18 23 18 21 23 13 24 25 16 22 23 16 22 11 25 27 12 19 26 25 29 28 21 25 18 20 18 22 28 15 17 18 23 23 19 16 16 27 16 18 23 14 32 27 22 17 24 25 16 31 30 20 15 18 19 17 22 26 20 27 21 23 21 20
18 28 21 31 24 19 20 32 21 24 24 27 28 26 31 18 24 19 19 18 23 22 22 15 24 27 20 16 17 29 25 19 24 32 23 16 12 26 17 22 16 19 20 33 19 21 18 30 26 19 23 25 14 26 24 24 21 32 27 32 20 26 19 18 20 20 15 17 31 12 24 21 27 24 30 19 28 22 24 18 24 30 16 22 26 14 14 24 23 26 20 22 9 11 25 27 23 19 19 25
20 25 27 21 14 24 12 21 22 24 22 23 27 25 35 17 23 23 23 39 24 24 18 32 19 26 24 34 26 22 20 21 22 28 23 23 16 23 25 26 27 24 29 29 35 33 25 30 30 14 25 31 14 36 30 21 27 18 18 22 22 22 18 17 20 25 21 24 26 26 14 23 22 20 24 21 19 14 21 13 17 14 22 24 23 16 18 23 16 20 18 22 19 17 24 23 9 19 27 22
14 25 30 19 25 28 39 26 27 21 25 21 22 25 23 32 25 22 25 16 22 21 17 31 20 24 26 29 17 19 17 22 35 20 24 13 21 25 23 28 24 20 35 19 19 24 23 18 25 15 17 25 13 27 25 22 23 20 20 23 22 27 23 19 25 16 15 16 20 29 12 20 17 11 20 33 22 21 23 22 10 20 13 23 18 15 33 19 26 19 23 14 26 20 14 18 18 24 30 25
23 22 12 30 20 21 26 23 18 19 20 20 16 14 25 15 16 23 13 13 16 17 13 24 28 19 12 28 28 22 20 20 16 16 28 18 26 22 14 22 22 19 22 25 17 35 16 15 17 19 9 21 18 21 18 23 31 21 24 24 33 28 22 25 20 16 15 19 21 26 29 25 9 22 40 23 27 15 25 27 20 24 21 22 17 18 31 27 30 24 19 25 17 22 32 23 20 18 23 25
28 19 24 22 14 24 21 21 20 13 19 25 32 24 11 24 12 15 20 16 26 15 29 10 19 33 28 23 28 23 28 15 24 19 7 21 27 31 23 24 21 27 21 28 16 22 17 16 10 23 17 24 28 21 16 25 23 24 17 15 14 16 27 30 37 17 27 21 27 20 31 29 19 17 13 19 19 20 12 22 23 19 21 26 21 8 15 16 22 11 27 21 24 20 28 17 23 24 25 23
13 14 17 15 11 20 25 26 28 18 16 23 22 31 19 22 20 19 28 23 21 26 9 29 17 23 22 23 14 23 19 22 12 20 25 17 21 23 21 27 13 17 21 16 23 26 29 16 23 14 24 29 19 22 14 21 20 19 22 22 23 26 19 14 22 24 6 18 24 22 13 32 32 25 25 24 19 25 28 16 35 17 24 18 9 16 25 21 17 18 10 22 27 24 27 27 35 31 26 20
24 28 31 18 23 20 23 22 23 14 21 17 15 22 16 37 19 13 22 23 19 26 24 21 21 25 18 23 18 21 20 26 34 29 30 20 28 21 24 18 24 13 17 21 24 13 24 21 17 23 26 21 25 20 23 26 27 26 20 17 26 18 21 21 19 11 16 16 32 22 27 23 26 27 20 26 24 15 18 18 19 18 22 24 32 29 19 26 18 20 14 19 13 18 18 21 16 22 13 15
19 23 27 17 25 24 24 26 26 23 19 30 15 16 15 15 36 23 9 22 23 15 18 31 14 23 25 33 23 23 28 15 28 24 27 20 19 16 19 24 17 27 27 28 19 24 19 16 22 15 12 23 20 12 19 18 28 17 20 20 26 27 19 19 26 30 22 24 23 28 28 23 28 25 19 33 27 22 27 24 23 13 21 23 32 21 28 18 27 31 26 20 23 21 32 25 17 17 18 18
22 17 19 17 33 24 30 23 16 27 18 16 21 20 26 26 21 18 27 26 26 23 22 21 33 28 25 23 21 25 22 23 27 23 19 22 21 14 21 17 17 24 19 22 27 16 30 20 24 25 17 17 8 18 27 29 24 32 21 24 22 16 14 10 18 14 18 25 14 14 14 10 27 30 22 21 22 24 22 17 14 22 15 36 25 19 13 22 8 16 29 13 20 28 26 14 23 17 21 16
18 11 20 14 26 13 11 17 8 26 15 18 23 22 22 20 8 18 20 21 24 20 13 21 25 23 17 27 22 19 17 19 24 24 17 13 9 18 12 17 21 20 15 20 24 17 20 17 18 24 19 25 19 24 17 20 28 20 30 13 27 23 11 11 12 16 16 12 9 17 9 15 15 11 9 15 10 17 7 9 8 11 15 12 7 13 13 7 15 20 10 15 11 16 9 7 13 13 13 17
7 8 12 7 6 6 9 16 13 8 10 11 16 11 6 14 10 20 14 12 9 10 17 10 11 16 12 11 12 10 20 11 19 13 11 9 17 14 6 10 10 5 5 14 8 16 17 9 7 9 10 6 14 20 10 12 13 6 6 12 12 10 15 15 13 10 9 13 21 6 8 17 16 5 10 9 5 12 10 19 14 10 11 14 13 13 11 6 12 12 11 12 6 9      
