0.413793103448276 3870 33 38 28 44 49 45 28 25 41 25 28 26 28 26 38 21 48 33 36 35 29 32 34 38 38 31 27 31 27 36 37 37 25 29 36 37 33 38 35 30 39 28 19 38 24 44 25 27 34 27 41 28 36 23 41 36 27 35 32 35 29 33 34 32 39 17 27 31 34 31 38 35 32 37 30 28 28 34 45 31 34 31 19 34 34 31 22 26 33 34 30 25 36 42 30 25 27 32
34 35 43 36 32 31 32 35 38 29 28 31 23 30 42 26 28 33 32 32 20 43 34 42 31 32 29 33 31 38 39 18 32 35 42 30 38 40 35 25 27 28 26 21 32 68 32 38 43 54 38 36 38 35 28 33 44 21 33 32 26 35 21 36 28 35 28 41 30 29 30 28 37 31 33 32 33 35 31 34 31 31 33 35 25 36 37 25 34 24 43 34 42 34 32 33 18 32 28 43
26 43 36 27 43 26 29 28 37 25 35 23 28 26 25 30 43 28 36 30 30 28 33 30 24 21 26 38 14 36 29 34 39 24 29 35 40 26 30 29 43 29 32 28 30 32 32 22 31 20 22 27 35 43 27 30 31 33 30 36 39 25 41 20 36 34 30 38 25 35 32 29 38 35 30 30 36 35 34 33 33 35 41 19 35 35 27 38 23 36 49 20 37 38 27 38 34 31 40 37
28 32 31 29 39 35 33 31 30 31 30 22 33 34 30 32 33 25 27 27 24 35 31 20 29 29 30 32 29 10 30 27 31 45 38 37 27 25 27 28 28 39 30 38 42 27 29 37 28 36 35 36 32 36 35 26 28 41 23 33 26 30 34 32 30 43 19 27 33 28 30 30 34 39 27 37 36 36 32 28 45 24 30 34 39 27 20 39 43 29 43 40 36 35 31 21 37 24 12 35
35 25 42 29 33 39 23 43 32 31 11 41 28 30 29 32 45 31 33 33 48 44 39 33 34 37 33 41 32 37 42 42 34 26 27 33 27 35 29 38 26 39 34 30 46 31 31 33 27 28 23 31 26 36 32 30 32 35 37 38 30 35 29 26 30 39 27 44 25 29 40 26 33 29 28 22 32 26 28 36 37 24 27 31 28 35 39 34 32 36 29 25 34 24 29 18 31 42 35 29
30 46 31 27 26 30 18 30 28 35 28 25 40 30 40 36 30 24 33 32 27 33 40 43 26 23 37 24 40 35 40 26 38 40 32 20 32 32 30 33 26 20 30 33 29 29 27 27 31 31 21 26 35 28 34 31 32 42 24 26 16 39 29 24 26 34 16 35 26 32 30 22 36 30 30 32 38 34 21 35 37 33 21 35 34 24 37 38 39 29 24 29 36 20 29 37 27 45 25 28
32 31 25 36 36 36 26 34 31 36 31 25 30 31 20 35 34 36 35 30 31 39 37 27 36 30 44 34 31 33 32 29 36 36 33 39 28 29 43 34 34 46 46 40 37 34 24 30 36 44 35 42 28 38 34 31 32 29 44 34 39 33 31 33 27 40 32 37 45 41 46 40 33 35 29 39 46 25 31 18 36 36 33 33 33 41 38 27 50 37 36 35 24 34 32 31 26 18 23 30
28 27 37 35 29 25 33 41 36 37 33 28 24 38 36 27 32 35 35 27 39 42 30 21 28 31 25 24 48 36 25 29 33 37 31 29 38 27 34 32 26 33 36 34 30 32 31 40 52 31 29 25 32 27 27 31 36 40 30 35 23 33 28 31 31 28 29 38 32 45 38 30 21 30 24 27 31 35 34 49 29 37 40 50 31 33 29 34 31 38 28 40 23 33 32 28 36 26 36 30
28 37 28 31 27 35 32 28 40 26 34 41 46 33 44 30 37 42 36 26 34 32 27 11 41 31 40 36 24 33 44 35 11 27 42 31 32 31 31 31 45 39 35 34 41 35 29 35 33 33 32 48 43 31 29 30 38 31 28 26 28 35 44 18 42 35 34 27 20 36 28 31 26 24 28 30 34 24 43 25 41 28 36 43 25 32 33 26 34 19 27 35 26 31 31 27 31 30 31 31
35 40 31 32 38 32 38 32 33 42 29 36 36 37 41 30 35 35 38 35 28 29 33 29 47 37 43 53 34 27 37 23 39 29 29 40 34 47 30 28 32 32 42 43 34 35 30 24 37 28 34 18 28 33 30 41 35 36 32 27 37 36 38 31 37 38 33 35 37 39 37 38 36 27 34 35 28 30 34 33 36 33 25 38 25 30 33 32 23 30 37 38 35 48 37 31 25 31 18 23
36 21 41 32 35 27 26 43 31 24 38 28 31 42 49 35 42 34 34 35 37 24 17 24 30 34 37 39 40 29 32 15 39 30 37 24 28 32 26 41 49 30 50 42 34 41 41 33 31 19 33 29 39 38 36 37 35 35 33 43 29 31 56 16 26 35 33 41 36 36 41 27 32 31 41 34 41 36 29 34 34 29 35 27 32 32 38 31 37 42 37 20 30 37 33 33 36 39 36 28
28 33 27 30 22 39 25 34 34 32 30 35 35 33 45 32 36 33 31 40 30 26 33 37 32 41 31 45 36 29 39 30 48 28 29 36 18 30 37 32 24 31 30 43 31 26 41 34 45 33 35 33 47 31 45 34 36 32 25 39 30 30 34 45 30 39 40 35 29 37 30 37 35 34 36 37 35 38 46 32 29 29 41 35 20 35 48 26 36 28 39 27 29 41 18 33 37 35 25 46
40 38 37 43 37 32 29 37 36 42 34 17 40 36 29 29 35 30 19 34 40 29 38 31 20 26 47 30 37 38 32 25 31 34 15 55 36 41 29 43 41 30 26 38 29 29 35 25 32 36 35 27 34 39 35 32 38 32 37 27 29 31 33 42 20 35 45 11 17 24 16 30 9 27 34 31 31 28 30 32 31 45 39 22 29 34 28 38 21 38 39 35 28 28 50 34 36 38 26 37
41 33 42 32 25 31 38 30 32 30 30 33 34 30 34 23 28 27 37 20 31 31 37 34 26 39 38 25 26 29 30 36 27 30 36 28 34 33 30 34 30 39 34 38 40 26 39 41 31 33 37 40 32 21 20 34 32 36 31 28 30 30 24 38 37 36 29 44 28 50 32 29 32 31 38 23 26 38 30 38 36 13 34 29 31 32 37 42 35 38 39 27 26 33 29 44 37 29 33 33
12 13 30 36 31 41 36 30 35 26 29 33 27 43 33 38 38 27 34 22 39 19 34 23 26 32 38 47 37 31 31 21 25 33 29 35 29 28 37 22 40 25 40 39 27 28 34 37 31 40 38 33 35 33 36 29 33 28 24 38 37 40 35 44 28 33 36 37 39 25 36 22 37 38 36 29 38 29 36 31 46 12 26 40 33 34 39 39 37 39 35 45 38 34 31 37 27 25 30 40
29 35 39 37 31 40 24 33 30 35 42 33 41 30 33 39 32 42 31 22 40 31 21 37 41 24 38 33 32 33 31 27 34 38 36 29 36 38 36 30 34 35 35 31 42 33 38 29 28 34 32 34 33 29 50 36 31 37 28 44 30 25 33 30 34 22 30 26 30 34 31 29 32 34 32 24 38 33 25 30 31 41 36 40 26 36 32 40 42 32 35 38 36 47 40 30 25 38 36 31
36 40 36 26 35 39 34 35 30 30 34 33 26 40 16 29 28 37 31 27 32 31 44 23 16 30 29 31 37 39 26 26 45 45 36 37 33 31 23 42 32 33 44 28 30 33 31 35 27 24 30 32 31 43 36 35 34 33 44 30 26 15 31 33 39 39 28 25 32 33 27 30 34 28 39 14 29 36 28 47 30 32 44 24 33 28 23 29 27 35 48 31 29 36 38 32 28 44 38 37
26 32 30 32 33 30 47 29 35 29 40 34 33 36 28 31 29 35 47 27 31 31 27 24 43 31 32 33 36 30 32 34 41 39 32 20 28 30 24 28 20 32 44 33 42 9 24 31 33 32 32 36 39 34 31 30 36 33 41 38 46 23 33 38 29 45 40 40 41 30 33 32 39 35 47 44 24 39 30 26 25 31 29 30 35 33 30 30 29 34 33 40 34 21 27 33 26 44 41 37
40 30 32 34 24 24 22 43 26 31 26 30 44 30 26 35 29 37 46 30 21 28 32 25 23 30 30 35 26 23 46 28 26 31 30 33 34 26 38 30 31 36 38 37 38 23 27 35 28 30 36 39 31 29 36 33 23 38 29 25 31 25 35 32 37 36 30 32 28 31 30 28 35 39 40 29 50 38 32 34 37 38 47 25 27 38 8 35 43 45 43 34 36 36 18 35 34 35 40 30
40 30 23 33 32 36 39 29 31 25 45 24 36 75 55 71 51 40 27 41 33 37 30 32 7 37 37 22 46 35 26 23 31 32 41 38 29 45 29 42 27 39 21 34 40 30 32 33 37 30 27 32 27 38 34 36 42 28 34 33 28 35 30 26 11 26 33 35 32 23 42 38 31 31 32 22 23 37 35 32 42 33 34 27 35 46 32 25 33 30 34 28 29 38 31 29 30 43 37 32
34 29 32 32 19 26 41 45 30 23 36 32 26 26 22 31 45 36 34 20 40 28 34 39 42 36 38 30 24 46 33 31 36 33 29 21 32 44 43 36 32 42 37 28 35 26 25 32 49 33 44 41 26 20 33 39 39 31 32 41 32 31 18 29 27 35 29 42 8 31 42 40 33 36 24 20 31 35 30 42 18 27 31 33 40 34 34 29 35 39 36 33 32 21 33 30 30 39 28 27
44 37 33 33 33 36 35 30 33 31 28 29 38 29 35 31 44 44 20 30 36 33 34 39 42 34 36 31 28 28 41 25 22 31 33 32 30 34 37 38 30 27 32 35 29 33 39 28 33 38 32 35 36 40 20 34 24 36 23 38 38 37 35 40 29 37 35 22 33 33 28 39 40 40 28 38 22 44 36 32 30 32 27 19 48 34 25 38 39 37 29 31 39 38 38 39 28 33 47 34
28 28 31 31 40 45 38 36 40 30 55 30 28 37 40 36 36 32 36 28 33 33 34 35 38 39 37 36 36 24 34 36 34 31 42 42 36 43 34 30 31 37 39 31 29 31 35 30 32 37 36 32 29 30 31 34 35 27 39 21 32 39 32 30 30 41 27 34 32 38 41 24 32 31 39 31 41 32 34 35 35 41 33 36 41 17 30 39 44 27 10 40 31 24 34 36 31 22 26 26
27 36 31 37 24 35 37 36 32 42 40 32 33 39 29 30 34 31 29 49 30 34 35 36 27 29 35 39 33 29 39 36 31 31 36 35 41 37 36 21 21 41 33 37 32 43 21 40 23 31 28 29 37 39 35 39 25 32 24 31 32 43 33 28 39 37 37 20 25 29 35 38 31 42 37 39 32 34 34 38 35 28 16 11 40 40 17 33 45 30 37 27 22 45 19 34 21 22 21 29
36 35 38 30 35 42 33 34 27 25 36 34 36 37 34 26 22 44 37 14 39 34 18 32 21 29 33 37 41 34 30 38 30 34 26 24 20 25 38 28 42 30 35 38 32 30 38 30 44 29 25 31 36 40 40 40 35 25 36 46 29 26 38 23 37 23 24 42 24 23 37 18 41 36 34 32 43 30 25 33 38 36 40 39 37 28 27 23 45 41 18 23 18 36 41 26 36 30 27 42
24 41 25 34 36 30 17 27 33 24 35 37 48 37 26 27 23 38 34 34 23 31 27 37 26 32 31 30 19 28 24 28 32 33 22 25 38 25 29 42 26 40 30 31 48 31 39 35 42 41 30 47 42 30 21 31 38 23 32 25 27 36 26 40 24 21 32 34 31 29 45 32 33 27 25 28 31 31 27 49 37 35 30 31 32 34 26 32 29 22 26 36 31 33 38 24 32 31 32 30
28 28 37 32 32 27 17 31 42 45 31 32 26 30 36 33 30 31 31 30 38 34 36 34 36 31 29 31 31 33 26 36 32 24 32 33 43 19 27 26 41 28 34 37 27 31 29 37 45 37 38 34 39 27 28 28 28 40 37 37 26 33 34 29 35 19 33 39 31 35 34 30 31 45 37 28 33 39 41 36 37 43 26 23 46 33 33 35 39 32 35 37 39 24 41 30 33 26 29 27
36 28 28 39 28 38 35 25 36 33 38 27 40 43 29 23 24 36 32 31 26 37 38 45 35 33 27 35 24 25 34 11 28 42 29 28 28 30 13 36 36 27 35 23 36 36 42 32 36 33 40 52 28 34 33 31 31 34 32 30 39 28 44 53 43 28 34 38 27 46 36 38 38 41 37 35 37 33 34 37 43 40 31 38 38 39 30 34 40 30 35 41 30 28 22 47 34 34 26 32
39 19 37 40 39 31 39 45 35 20 34 39 42 43 38 36 42 33 31 34 21 33 31 41 27 33 29 33 35 46 34 32 34 36 35 36 31 39 27 38 38 44 34 31 32 42 34 40 28 27 39 41 35 32 28 30 31 38 28 31 31 22 40 35 40 29 28 24 34 32 32 24 37 36 27 35 38 32 28 34 29 32 36 33 38 34 41 26 32 42 29 33 33 35 31 33 26 38 31 37
43 39 45 30 37 46 40 30 30 37 34 37 44 33 34 34 52 32 38 46 36 39 20 17 33 29 27 29 41 26 32 34 38 30 40 31 27 40 31 46 33 27 43 45 37 32 20 34 30 34 31 41 35 30 32 39 40 36 39 31 35 31 37 36 34 37 27 33 23 31 30 20 20 33 40 44 27 31 30 40 25 37 26 37 45 29 30 38 31 28 34 36 33 30 42 30 26 33 44 36
43 29 28 39 32 36 37 28 30 24 43 34 26 27 40 39 25 30 28 33 30 40 26 28 43 36 30 31 34 36 36 40 26 36 31 26 40 34 39 32 48 45 34 29 43 29 35 25 39 29 25 35 41 39 21 23 30 33 24 27 40 35 33 27 31 28 31 36 36 44 26 31 34 37 38 30 26 39 41 38 28 40 27 41 39 40 23 39 40 31 34 41 31 40 44 33 26 33 25 45
37 27 33 28 45 26 36 25 29 42 38 38 31 31 23 34 31 32 36 12 36 27 21 21 33 33 25 37 38 35 37 36 26 29 32 34 45 31 22 37 25 36 34 40 27 39 44 26 33 42 31 27 31 32 35 29 27 26 42 20 34 34 41 32 35 17 23 23 28 32 34 43 35 35 26 38 33 47 32 38 24 23 34 9 32 46 34 31 32 26 55 31 27 28 36 24 31 18 12 36
29 48 23 36 38 33 42 33 34 29 44 40 26 28 31 30 42 41 28 35 17 35 25 31 25 35 34 31 31 40 26 34 29 25 32 38 31 17 21 44 16 39 35 36 32 33 26 25 30 33 28 37 41 44 32 34 32 28 42 29 40 31 33 37 28 30 24 34 26 40 34 25 32 33 32 29 48 50 42 25 35 29 35 33 19 29 31 32 45 31 34 34 33 33 31 37 32 19 38 34
34 36 34 32 39 31 34 34 30 31 27 33 27 33 26 39 44 35 30 38 33 25 31 39 37 34 42 37 18 78 44 38 26 42 48 47 24 32 17 25 29 30 41 38 34 30 26 40 35 28 41 34 41 32 31 39 29 48 39 37 39 34 43 38 36 29 28 27 40 44 43 33 33 22 33 40 37 24 30 18 29 40 23 32 33 36 30 29 30 27 29 38 30 39 37 45 32 30 21 30
37 29 42 43 35 26 32 35 41 36 32 41 39 36 30 36 37 30 34 33 37 28 34 38 33 23 37 27 30 35 21 33 37 25 33 30 33 32 33 42 38 34 30 29 33 39 32 34 26 30 36 29 30 24 29 33 31 28 31 28 29 41 35 36 30 30 41 25 42 47 34 25 22 42 32 27 30 29 34 25 31 39 34 35 30 52 34 32 29 35 27 44 34 40 32 39 35 27 36 36
33 28 30 38 34 33 37 31 41 25 29 43 34 41 41 34 39 27 30 29 25 37 40 44 29 29 33 34 39 21 43 32 33 31 32 26 32 25 31 29 43 28 36 33 49 30 37 33 33 47 34 30 40 37 37 43 28 27 31 34 33 25 44 40 33 44 42 28 37 32 33 34 43 34 39 28 31 24 39 29 30 30 30 38 36 25 31 30 25 28 28 36 23 37 49 30 36 45 30 29
30 41 32 39 37 45 35 31 29 33 27 34 47 44 41 28 44 33 20 42 40 28 26 36 14 34 29 20 35 37 31 37 26 33 36 48 37 36 41 30 28 38 22 25 38 27 24 43 25 32 30 37 31 30 40 39 24 32 30 28 40 39 32 23 31 23 39 18 34 34 24 31 28 35 37 26 29 34 22 39 24 48 24 34 29 29 36 30 32 18 36 40 35 26 27 43 25 27 52 28
24 31 34 36 40 37 45 31 41 34 34 33 33 27 30 35 32 17 13 23 18 10 11 15 12 19 16 15 14 12 14 10 11 10 21 18 21 14 27 15 13 9 24 18 15 18 17 16 13 24 24 22 17 16 14 21 16 19 15 8 10 17 13 18 13 16 12 21 16 12 13 20 14 19 16 22 23 17 16 22 19 13 19 10 12 17 12 13 13 20 13 11 18 19 11 21 15 23 20 17
11 11 13 15 12 12 12 15 21 23 9 17 17 14 20 19 13 15 20 15 13 15 12 11 14 18 12 10 10 13 15 13 15 17 15 10 17 20 15 19 14 9 22 13 10 16 19 20 14 18 16 15 15 18 17 12 12 8 13 17 16 16 23 11 22 10 13 10 9 10 14 14                            
