0.428571428571429 2201 26 25 21 20 28 22 20 15 24 32 33 28 27 21 11 11 25 26 22 33 23 25 13 31 26 35 17 29 13 15 25 23 25 12 27 31 22 29 36 34 39 15 16 18 20 23 22 23 14 22 24 20 27 15 22 20 17 22 19 27 34 19 22 21 26 29 25 28 24 18 21 17 28 28 26 17 21 25 18 26 27 23 15 27 19 31 22 27 37 19 26 29 21 44 14 23 23 54
15 23 23 25 23 18 29 28 21 19 12 24 26 19 18 19 26 23 26 23 25 19 29 22 26 24 16 19 12 24 26 23 26 14 18 20 25 31 26 25 13 21 16 28 12 27 21 21 19 23 17 27 25 25 28 22 16 23 12 25 28 19 25 26 28 21 19 29 22 22 16 21 29 23 32 25 33 36 21 28 25 24 22 22 29 9 27 25 19 28 25 24 26 31 20 21 35 21 24 18
27 26 27 21 32 19 19 23 17 26 23 24 20 29 15 11 19 20 18 22 21 20 21 23 27 20 25 28 32 21 27 32 20 25 24 21 27 14 24 21 24 27 12 18 23 20 26 19 30 19 24 20 24 20 29 22 17 16 26 37 29 29 28 19 16 31 29 20 25 26 28 19 32 28 30 18 22 28 37 31 22 21 40 29 17 23 27 24 30 18 27 23 19 22 19 15 19 22 18 17
26 21 27 24 18 26 20 31 30 19 21 25 18 28 29 33 21 24 24 34 20 26 33 27 31 32 16 19 14 26 16 24 14 24 23 20 18 22 15 21 24 21 18 23 30 13 25 34 15 24 28 19 10 19 15 20 21 24 21 29 32 28 17 20 20 37 22 18 30 17 19 13 33 19 30 12 21 17 22 25 21 26 22 17 21 27 20 22 26 24 31 18 30 17 24 27 22 21 22 26
20 20 24 35 26 21 33 32 23 9 21 21 22 30 20 18 15 23 27 21 21 36 26 15 18 23 24 20 28 35 26 17 29 28 23 11 26 27 22 14 30 27 23 20 32 17 27 18 26 26 24 20 27 28 28 18 17 30 20 33 30 20 27 37 21 31 23 12 32 31 10 24 13 38 15 25 9 24 20 24 23 14 22 25 26 15 19 24 24 24 26 17 10 22 16 28 22 10 24 34
25 15 29 29 30 18 20 28 18 24 17 30 22 12 31 14 22 26 14 25 23 21 21 22 20 21 26 20 24 18 21 25 24 22 29 22 29 18 26 25 17 20 14 24 27 30 27 20 24 27 39 18 24 20 13 17 30 25 19 30 15 17 22 27 28 20 19 14 27 30 17 22 19 21 23 29 22 34 27 23 23 10 19 25 34 23 23 16 26 23 24 28 27 24 21 26 28 28 29 21
12 16 16 25 21 22 24 16 26 28 20 25 16 17 22 25 22 22 19 27 57 53 15 34 31 18 18 27 16 25 16 28 18 28 33 27 17 27 26 32 20 28 22 24 13 20 19 19 24 26 22 22 35 17 20 15 27 17 30 20 32 30 26 30 17 27 28 25 24 19 20 26 22 29 29 28 16 16 27 30 33 26 24 31 32 29 26 15 22 28 24 30 29 24 32 21 18 35 20 27
33 15 24 23 12 31 23 20 12 21 14 24 24 18 22 22 24 29 31 21 38 19 21 20 20 19 24 23 27 19 23 26 18 34 32 19 18 22 30 25 20 41 29 26 26 27 18 22 32 28 27 29 22 26 25 38 25 33 30 14 28 25 19 23 22 17 20 32 22 23 22 32 24 26 21 17 29 21 11 22 31 23 31 38 20 22 14 28 29 25 19 19 21 28 26 20 23 33 30 30
21 12 17 19 30 24 33 18 24 29 26 20 17 24 20 22 27 25 28 26 18 18 27 19 27 20 23 27 32 20 22 26 15 20 25 22 28 23 24 27 11 24 20 19 17 30 25 22 27 34 31 23 32 21 34 28 13 17 19 21 32 24 19 24 20 24 24 27 28 21 22 33 16 22 30 23 20 24 25 14 21 26 31 22 30 27 20 31 16 25 30 23 19 19 21 16 19 24 24 31
37 24 23 20 20 22 31 16 25 24 17 18 21 21 12 20 23 17 21 21 21 29 26 27 20 24 23 25 21 23 24 17 24 21 26 24 20 25 17 22 15 20 23 20 21 32 24 25 17 17 20 21 36 23 23 23 22 18 20 15 26 17 14 22 27 19 16 19 25 38 24 21 23 18 22 21 24 26 17 28 21 22 23 28 16 23 9 20 13 25 20 29 18 23 23 21 33 29 23 30
24 19 24 27 32 17 33 17 24 36 31 22 23 30 20 19 22 14 19 22 29 28 18 30 29 28 17 23 16 21 17 27 11 12 26 19 16 21 27 25 28 26 21 20 24 23 21 26 17 22 15 22 28 25 24 26 21 22 18 23 24 26 27 35 29 15 23 24 29 29 25 22 23 20 24 29 26 16 23 9 29 32 24 19 28 31 20 19 23 31 21 13 26 29 25 26 25 24 31 33
45 42 45 50 21 18 20 30 31 21 21 23 12 29 17 16 24 27 32 21 29 31 29 31 21 23 33 24 23 28 26 24 23 17 18 19 27 17 23 21 16 33 19 23 29 22 19 30 32 22 38 28 33 29 22 31 19 25 18 31 20 24 25 32 22 28 30 14 29 19 19 29 22 17 39 22 23 22 26 27 22 24 20 20 19 17 21 21 34 25 27 29 29 36 30 25 13 21 21 32
17 23 16 23 27 25 37 26 20 20 34 22 20 19 24 29 28 25 22 23 27 32 26 19 24 11 24 24 22 30 23 29 17 26 19 27 17 20 23 23 21 19 23 28 25 22 15 26 21 20 22 27 21 31 23 14 25 32 24 22 32 24 23 22 20 35 25 15 19 18 25 23 13 31 21 19 16 20 27 18 17 21 31 31 23 18 20 17 32 16 32 26 23 23 27 21 25 21 15 24
25 30 23 22 27 27 23 23 10 24 27 40 23 36 24 14 13 27 28 20 21 20 23 15 30 31 26 20 28 17 28 28 17 22 16 28 21 20 15 23 24 26 19 18 29 29 22 25 27 26 15 22 30 24 15 26 25 26 31 27 29 17 27 22 18 18 22 17 24 26 16 22 18 20 23 23 18 21 22 20 23 23 16 16 21 21 18 21 22 24 26 14 20 34 31 20 20 29 27 22
29 23 26 38 21 22 21 18 20 29 19 26 13 24 22 21 16 24 28 25 29 19 25 23 15 20 15 19 29 20 17 26 21 20 23 15 23 31 20 17 24 25 18 18 19 16 22 30 17 25 29 24 23 22 26 23 26 30 17 20 20 29 28 19 26 22 16 18 26 25 20 30 32 19 24 21 15 27 26 23 23 18 23 21 17 23 30 24 19 19 22 20 18 24 16 22 16 19 21 24
19 18 25 73 21 31 31 29 30 25 28 27 21 11 26 19 24 20 28 18 21 23 18 15 32 21 20 19 24 28 20 21 23 20 23 24 17 14 27 14 26 28 26 15 20 18 23 19 22 15 20 20 26 23 28 12 23 22 28 17 32 36 20 16 28 16 16 16 27 21 20 27 15 21 14 22 21 22 18 24 25 15 28 22 24 28 18 27 24 20 19 20 20 25 23 18 25 19 19 27
23 12 15 27 25 24 15 16 26 22 22 15 20 21 31 24 19 26 19 22 35 22 21 29 23 29 33 27 11 21 26 29 25 26 13 20 26 20 20 22 13 24 19 31 26 25 20 27 23 17 18 25 17 31 14 17 18 34 29 24 25 28 10 26 25 22 27 39 30 22 28 26 23 20 25 19 33 27 23 27 38 24 16 25 34 34 23 24 23 18 18 17 28 27 26 22 18 27 22 19
17 21 24 20 28 16 18 19 24 14 20 29 22 24 27 20 27 36 26 26 27 15 32 20 20 32 29 14 22 22 21 21 25 19 20 22 26 23 30 22 25 15 21 33 27 31 19 15 19 16 27 28 22 20 21 25 31 20 31 22 16 21 28 26 20 19 22 28 18 32 24 23 29 25 34 28 28 15 15 17 28 17 26 26 27 31 21 23 11 19 21 17 19 30 20 37 18 29 33 34
14 26 23 29 26 26 23 14 23 29 26 14 31 14 14 20 20 29 23 20 30 24 26 22 19 20 25 20 28 19 22 16 18 27 21 22 13 23 21 22 20 22 28 15 28 26 25 20 23 30 23 14 22 27 25 18 18 24 21 23 23 21 14 20 24 25 22 23 18 16 17 25 24 22 24 30 31 18 16 16 23 19 24 29 28 21 33 30 20 17 26 25 22 12 22 31 20 22 10 14
23 26 7 31 39 27 21 25 19 21 19 17 20 21 26 28 21 18 21 20 21 16 15 24 22 32 25 23 17 21 23 24 40 21 28 30 16 24 17 31 32 15 28 24 23 20 24 27 13 17 18 32 23 22 27 26 24 23 21 20 26 23 20 26 31 33 29 25 26 28 17 19 24 27 21 22 21 27 25 25 29 21 24 23 23 20 27 25 24 22 24 26 35 16 28 24 26 17 18 21
16 22 18 22 17 25 14 19 26 35 21 26 22 32 21 18 33 32 22 25 16 17 15 26 19 17 21 24 24 23 20 18 26 22 19 19 23 22 23 28 26 23 22 23 19 23 18 31 17 28 27 26 18 22 15 28 25 30 23 20 20 20 16 33 33 22 24 23 25 18 25 19 27 31 31 31 18 22 22 24 22 23 20 26 22 26 25 13 18 18 25 20 25 12 22 26 16 21 32 26
26 22 18 26 19 31 31 23 33 22 18 23 11 14 10 20 13 16 10 9 9 12 13 8 8 13 16 9 13 16 11 17 13 15 10 7 15 15 8 11 7 17 7 8 12 12 16 11 15 9 13 13 13 11 13 14 13 15 5 8 16 11 13 7 7 4 10 8 8 10 11 8 9 6 18 9 12 10 16 6 14 9 14 11 16 8 11 9 6 10 11 12 18 10 11 20 7 10 9 9
13 13 10                                                                                                 
