0.4375 2973 11 32 30 34 41 36 44 32 38 34 31 26 36 29 26 29 28 42 48 36 35 36 39 36 26 35 17 19 30 35 38 29 32 25 34 32 31 38 45 42 32 44 35 39 39 28 26 30 15 35 36 35 23 36 33 31 29 34 29 32 32 20 27 11 30 47 22 30 27 32 29 35 27 35 25 30 34 27 26 23 19 26 27 30 31 36 33 23 28 36 32 38 44 32 34 40 37 23
21 196 32 36 26 24 34 34 26 37 17 20 29 36 35 40 30 43 32 30 21 42 35 29 37 30 32 38 30 31 37 31 39 37 27 23 29 33 35 22 37 25 28 32 29 30 30 31 32 19 34 23 48 37 38 37 43 42 19 38 29 32 25 27 33 27 22 27 28 39 26 32 23 25 29 30 30 28 30 34 42 38 40 29 33 27 29 26 29 37 32 40 42 34 23 48 27 28 35 31
38 29 42 26 38 34 40 32 36 32 36 27 29 30 43 36 33 38 25 29 33 38 34 28 38 24 33 40 35 26 28 34 30 16 47 30 41 36 40 36 33 37 35 29 37 26 37 28 32 22 30 28 33 22 24 21 36 43 26 20 29 36 38 29 29 28 27 20 27 36 29 34 31 36 26 38 35 28 36 33 34 25 26 28 26 41 36 20 25 14 31 32 32 29 29 41 29 28 30 35
28 36 22 29 43 30 22 34 28 36 20 20 41 33 38 31 23 30 26 32 41 43 30 40 41 49 29 32 32 31 28 24 40 31 34 37 28 25 47 34 32 28 31 38 44 30 30 37 37 30 27 35 29 31 36 33 28 31 38 32 13 35 22 29 31 25 39 24 37 27 30 27 29 28 31 30 27 33 25 28 33 36 27 36 35 29 23 35 31 29 27 24 29 19 25 39 30 31 38 30
31 36 35 27 39 28 37 36 26 31 29 30 31 32 34 32 33 38 25 47 32 33 34 27 43 34 29 39 33 30 29 27 22 30 31 28 34 31 31 16 25 26 32 36 24 42 31 30 31 33 26 37 42 29 31 36 42 41 26 29 38 36 38 25 37 36 35 35 39 28 23 38 28 36 38 41 29 39 29 39 28 41 39 31 37 41 31 37 31 32 37 27 34 32 34 26 29 30 25 32
38 27 35 40 16 34 34 21 34 35 34 35 29 28 29 34 30 28 40 29 45 35 40 27 37 31 32 27 39 25 31 28 32 30 35 41 37 39 29 48 34 35 38 33 33 34 28 30 33 35 30 30 24 24 26 32 39 29 35 27 31 44 34 40 23 29 28 42 28 29 41 35 33 36 38 22 31 42 45 29 27 32 30 33 39 39 37 33 23 22 26 36 38 32 37 37 29 27 40 39
30 35 29 23 24 29 29 43 33 34 32 27 33 23 31 22 34 24 31 28 34 44 48 44 23 26 16 36 34 42 39 28 31 28 30 34 34 34 35 30 22 34 43 24 29 39 34 30 31 28 25 30 26 23 30 28 27 40 21 31 30 37 30 26 31 33 25 32 36 40 35 41 21 32 39 35 36 26 34 17 35 35 35 35 32 26 21 34 36 19 27 25 24 26 41 30 26 39 37 37
25 31 32 23 35 31 120 31 21 25 38 31 24 31 44 34 23 25 20 34 32 11 35 22 33 28 29 37 29 34 25 28 25 26 31 36 36 23 32 42 24 33 23 37 36 34 35 36 25 33 27 29 39 30 31 37 35 32 34 36 18 31 35 33 23 29 35 32 37 24 25 35 31 35 42 34 26 25 36 27 32 26 19 41 23 24 30 35 35 36 38 28 26 25 28 29 30 92 84 87
84 46 37 29 33 55 53 43 54 27 26 32 38 28 40 38 31 19 25 38 35 35 35 30 29 41 38 35 31 44 39 37 48 24 23 34 39 35 31 21 30 37 40 27 30 36 28 38 39 37 41 34 23 29 46 30 32 41 29 39 43 42 34 31 42 46 35 32 29 31 31 31 37 28 29 28 27 30 36 21 36 35 29 37 33 24 20 25 27 26 34 27 40 9 43 39 34 32 34 29
38 35 48 21 38 36 40 31 33 42 43 29 27 25 22 42 34 42 24 29 32 36 51 29 29 37 36 38 41 40 32 28 37 29 43 42 30 46 25 36 36 40 23 33 29 7 34 31 26 33 26 35 41 42 39 31 37 40 39 38 42 35 35 47 42 35 38 27 27 36 18 36 44 32 31 33 34 39 38 20 31 34 27 41 32 28 37 35 34 34 37 32 27 25 28 37 27 40 26 30
45 41 33 45 33 32 31 24 32 36 38 27 36 30 41 31 40 35 31 35 43 29 24 34 32 31 36 39 37 25 38 38 36 26 37 28 22 33 41 26 24 37 31 36 36 29 33 26 45 44 34 38 20 34 22 24 38 32 28 33 39 18 27 25 30 42 31 41 34 26 36 30 28 22 33 46 35 34 38 24 45 32 34 33 27 40 24 28 25 34 25 38 29 31 25 33 34 27 38 22
28 31 37 34 23 35 23 40 37 30 32 29 36 31 31 30 37 27 29 28 42 42 29 33 41 27 25 34 26 28 40 36 49 38 35 27 38 37 29 28 27 32 30 35 26 40 34 24 36 38 34 24 42 29 35 37 42 29 34 41 25 41 24 21 45 24 38 28 34 31 30 31 31 39 34 32 33 58 18 34 34 29 44 38 20 33 29 30 33 29 26 29 35 26 22 32 31 35 28 33
26 31 39 32 34 33 43 38 34 31 31 30 19 24 26 38 22 23 27 31 28 35 33 40 42 35 31 29 42 30 42 22 34 33 32 37 40 31 37 24 39 37 31 23 27 19 25 38 25 40 24 35 28 31 24 41 32 16 23 37 22 29 22 28 38 25 36 38 39 26 26 25 40 25 37 28 43 16 25 18 34 30 32 35 31 19 43 29 27 26 32 31 29 37 25 9 30 33 48 28
37 24 22 32 37 21 32 27 19 36 25 27 38 40 22 33 34 34 38 26 33 28 33 31 27 29 40 30 41 30 18 39 42 37 23 38 39 19 33 39 32 21 40 39 25 30 28 24 43 29 29 37 32 32 31 28 29 25 26 33 48 31 30 40 29 35 28 20 45 23 37 29 25 30 22 31 23 32 30 36 25 29 33 38 30 35 23 13 28 26 37 31 35 28 50 22 24 30 26 19
23 28 27 22 33 36 34 21 32 24 36 35 30 24 36 26 30 33 28 36 35 35 29 38 22 31 31 29 23 26 37 39 33 26 34 36 32 30 45 46 33 33 32 37 38 47 42 36 32 38 40 28 25 30 34 30 31 18 33 38 49 31 38 51 34 23 38 18 34 42 36 33 39 25 29 43 33 33 39 30 42 29 30 35 38 34 23 61 44 75 38 58 74 28 38 32 28 41 36 39
20 26 28 38 32 25 34 34 24 27 29 42 40 34 39 39 33 32 49 31 34 39 30 28 39 38 27 35 35 29 26 36 32 33 30 43 35 41 33 34 32 34 31 29 43 35 43 29 41 25 55 29 43 33 34 26 47 23 28 30 40 35 34 29 36 20 42 31 32 25 17 17 36 33 34 33 43 48 35 39 40 34 31 34 35 34 18 41 38 41 48 38 38 35 38 42 23 32 22 28
32 38 32 33 34 36 38 34 30 37 32 33 28 25 27 39 34 26 26 30 35 41 35 31 23 35 28 44 28 26 33 30 19 42 32 33 29 35 34 23 29 40 29 32 26 30 30 36 21 17 36 33 26 36 32 32 33 38 32 31 44 20 41 26 37 26 30 18 35 34 42 35 31 46 28 38 42 27 36 40 25 30 41 24 32 38 28 28 33 26 32 11 37 38 26 22 36 27 43 30
35 31 24 34 46 44 43 59 33 29 36 45 46 28 32 21 32 12 27 26 29 36 31 33 27 34 32 32 28 27 32 33 35 35 27 19 29 47 43 33 38 26 31 26 31 24 32 26 33 26 34 42 36 34 45 30 22 31 39 42 24 48 37 31 43 34 33 42 41 32 39 20 35 45 28 53 33 28 35 35 39 40 29 34 36 23 29 19 23 35 29 28 30 33 33 36 35 40 37 30
33 32 40 29 40 28 40 29 26 33 23 34 37 35 33 38 32 33 32 35 30 33 32 36 26 42 20 38 38 30 38 25 26 34 33 26 37 47 25 26 33 31 18 27 27 18 28 40 34 29 26 31 33 41 30 36 26 37 43 35 32 36 8 27 35 33 31 28 40 31 32 29 30 35 30 29 19 36 25 31 32 30 28 47 30 24 35 31 42 28 27 25 31 25 34 32 35 39 39 27
35 41 25 40 59 23 34 37 28 19 29 31 36 32 38 29 31 31 38 24 35 24 24 47 34 35 30 27 31 33 27 33 35 31 33 31 32 37 33 21 31 28 35 34 35 33 30 34 33 32 29 27 32 29 32 32 26 36 34 35 28 30 42 32 37 29 39 24 28 44 20 22 34 30 30 43 38 41 32 32 36 27 23 34 35 34 42 41 38 27 36 28 27 35 36 21 38 42 36 32
39 23 35 29 36 24 42 41 32 31 31 33 33 23 22 36 13 38 32 33 26 26 13 26 33 24 38 29 29 25 34 33 24 28 20 37 38 31 17 33 23 37 22 34 34 33 28 29 22 32 31 29 38 31 28 23 20 25 43 31 27 33 41 30 23 34 28 44 35 28 40 29 24 35 26 33 38 30 36 27 36 32 26 29 38 35 25 32 27 42 33 29 33 34 27 25 36 32 28 43
32 32 21 37 41 17 38 22 25 34 23 26 38 37 35 41 17 38 32 35 25 31 28 17 36 28 28 28 19 41 38 34 20 26 29 45 29 34 20 26 32 40 22 31 32 39 37 28 34 37 28 38 33 41 36 35 25 31 26 30 37 38 36 34 23 38 27 38 29 27 37 28 25 36 27 25 21 17 29 23 20 32 37 31 27 32 36 32 31 29 33 26 31 23 44 29 32 40 31 34
30 40 33 26 33 30 27 31 32 36 31 32 31 33 28 29 32 47 44 43 42 38 32 30 35 33 36 39 34 19 32 31 26 23 35 27 30 32 29 33 33 30 29 33 26 42 41 25 37 42 35 29 36 28 37 25 25 33 36 38 35 29 42 30 40 34 37 26 19 35 20 32 27 26 36 16 27 21 31 30 35 34 28 30 33 23 29 33 30 29 37 39 23 36 15 32 30 29 46 13
29 30 27 34 33 32 32 32 24 41 22 31 25 32 31 46 28 38 31 33 35 31 43 31 27 23 39 27 35 27 23 28 30 14 27 29 37 28 32 32 33 19 33 43 30 27 39 30 22 30 30 26 27 29 27 43 21 35 33 23 31 29 37 27 36 25 32 39 30 38 31 35 38 22 37 51 26 32 35 27 31 39 33 41 26 29 36 38 28 26 26 42 37 33 29 33 29 23 30 39
30 22 32 21 24 33 38 27 21 33 34 36 39 39 37 36 29 30 27 30 30 31 33 27 31 37 22 22 22 31 32 37 63 41 32 15 25 26 32 32 28 35 28 28 29 27 38 29 35 40 40 25 31 40 27 33 33 31 28 36 35 35 19 22 23 32 41 22 42 40 26 18 32 42 20 28 24 30 35 43 26 41 39 31 32 35 28 37 35 29 27 20 31 20 30 26 31 25 25 29
36 34 38 32 33 35 21 24 38 24 37 32 21 27 33 36 30 36 30 26 34 36 21 27 40 46 40 28 42 36 41 28 29 46 37 32 26 41 32 32 39 45 38 27 73 35 32 25 27 34 16 32 30 35 75 24 34 29 29 33 29 34 26 33 38 33 33 31 31 43 37 30 33 32 38 48 32 26 44 38 43 23 39 20 32 29 28 22 29 22 40 33 23 25 22 28 22 25 37 30
28 24 30 29 33 24 18 34 32 33 29 29 31 46 41 37 39 20 28 47 33 33 18 28 29 32 28 36 26 33 32 22 39 30 41 33 45 35 20 32 30 27 26 32 27 34 32 30 28 25 24 35 32 37 34 25 22 44 28 23 35 28 26 30 24 35 27 39 34 34 32 35 27 28 26 25 39 20 33 34 32 30 25 23 31 25 30 31 26 39 32 28 37 24 28 32 28 18 39 46
29 29 35 31 20 28 25 26 37 40 27 38 26 30 33 34 27 28 39 30 37 22 35 36 40 31 21 25 31 35 39 34 30 26 23 38 23 27 26 23 32 21 28 24 30 41 36 27 30 23 47 31 27 27 34 43 32 27 19 27 40 26 38 32 44 31 22 29 24 33 35 33 33 31 24 18 33 36 29 27 21 42 27 24 33 27 29 31 25 26 28 43 11 27 28 38 8 30 27 29
27 25 37 33 26 30 33 36 29 28 26 38 14 36 40 21 33 20 31 32 32 29 25 34 33 40 34 46 29 29 36 32 33 23 28 27 22 36 36 31 50 37 38 32 34 28 32 30 40 31 41 31 33 39 40 42 31 15 20 12 17 18 11 20 21 17 17 13 16 11 17 18 8 23 19 21 24 18 21 16 17 11 14 20 17 19 21 22 14 16 13 15 16 25 20 18 21 13 12 6
22 14 15 15 14 17 14 12 20 15 10 19 17 17 13 14 13 15 19 13 17 11 12 15 11 17 23 13 18 11 20 17 15 16 12 12 14 19 22 10 23 20 19 29 13 9 21 14 12 14 16 13 20 18 21 12 14 20 13 24 18 15 15 11 15 13 23 17 21 27 18 14 16 20 19                         
