0.409090909090909 1080 25 23 25 23 21 28 10 25 19 24 32 28 14 16 26 27 32 22 20 21 20 27 23 30 31 29 23 28 20 32 19 26 19 33 26 22 16 25 15 30 27 16 32 44 29 49 32 21 29 25 23 21 28 25 34 24 39 22 29 32 33 21 26 25 27 28 29 31 25 22 30 34 33 27 38 34 22 20 20 19 20 21 20 23 15 26 32 24 27 28 21 22 24 27 36 22 23 24
35 26 31 24 39 20 21 25 30 40 31 21 30 25 27 26 32 20 28 30 19 23 25 20 27 22 24 24 40 22 25 30 28 24 31 39 21 33 22 22 35 18 25 22 26 30 28 23 30 27 21 28 19 21 31 33 30 27 31 24 26 22 19 24 18 37 33 29 30 22 28 22 30 24 21 16 29 33 40 16 33 33 31 25 25 31 35 23 23 27 28 26 18 29 30 21 30 30 32 29
24 29 15 38 21 22 34 26 32 30 32 29 28 22 22 30 32 42 26 37 18 36 19 29 29 29 29 20 21 29 26 30 21 31 25 25 30 22 28 24 36 27 33 25 21 29 27 27 25 26 33 19 27 31 26 25 29 18 29 25 23 30 20 21 20 23 21 21 20 30 15 23 21 21 25 26 22 28 27 16 20 33 22 29 28 25 29 24 18 35 33 22 24 22 27 34 36 20 22 28
15 30 48 62 22 21 29 33 31 19 21 19 22 23 24 22 31 20 26 31 16 16 23 16 26 26 38 34 24 25 21 23 39 25 33 20 32 34 30 16 21 21 36 34 32 22 25 16 27 34 26 28 40 21 22 30 30 22 26 34 21 19 21 27 33 18 25 49 30 23 34 34 28 20 27 23 31 26 28 35 26 33 24 26 32 29 28 22 37 35 23 31 33 32 25 21 33 26 29 28
24 27 21 26 29 26 35 28 28 18 32 25 19 28 23 26 19 28 19 34 27 13 25 27 22 26 26 30 18 26 21 20 18 21 17 27 29 25 22 20 21 36 28 28 26 20 28 33 20 20 25 22 35 36 29 18 23 26 13 31 29 14 29 26 30 32 21 50 18 31 24 17 21 21 24 29 26 27 18 21 13 20 27 24 19 15 32 19 23 20 28 28 26 28 22 21 34 33 26 22
19 26 17 20 17 21 29 17 21 35 18 25 24 27 28 27 30 33 34 29 26 31 35 28 32 18 25 26 38 29 24 25 32 24 24 23 55 25 26 25 24 27 29 23 40 27 26 26 30 21 29 19 27 29 36 26 27 36 32 20 36 25 23 21 26 31 32 26 23 21 19 20 19 25 24 22 22 25 28 26 32 30 26 20 30 28 21 29 24 24 20 29 34 29 28 37 39 33 29 26
29 31 29 25 22 26 25 28 21 20 22 32 34 31 16 31 34 30 25 21 17 20 28 25 22 33 31 26 28 26 21 25 23 27 27 25 25 20 30 15 31 25 25 23 29 25 21 24 28 27 31 19 26 25 23 26 31 29 27 21 33 37 32 19 21 20 20 20 26 30 29 26 23 29 17 24 22 22 23 18 27 23 18 22 40 25 22 31 28 13 23 23 24 24 23 18 21 26 26 22
26 26 24 17 18 30 31 19 36 24 25 38 26 30 25 11 35 18 24 24 30 29 33 20 29 33 33 31 22 23 30 18 19 20 18 17 24 20 24 25 21 26 24 41 24 23 21 28 36 18 21 22 27 27 23 23 40 34 32 25 26 38 32 33 23 27 25 17 29 28 16 22 30 24 31 25 21 36 24 27 24 33 31 26 30 31 30 25 35 35 27 38 22 22 33 25 31 19 23 32
25 23 28 30 15 27 24 25 30 27 25 22 27 27 26 32 19 27 24 30 26 24 27 29 31 26 29 20 22 20 29 35 32 27 30 17 25 27 32 20 27 22 30 21 31 31 24 39 35 27 29 33 24 31 27 33 26 19 27 21 29 22 29 21 24 18 19 22 29 23 20 33 29 27 25 19 29 33 26 34 37 25 28 11 18 19 16 22 31 23 22 19 29 35 31 33 38 26 35 26
32 28 32 27 31 22 25 30 20 16 28 19 33 18 23 21 32 18 30 24 17 21 24 30 25 29 13 22 29 29 33 20 25 24 26 21 21 29 29 18 27 25 21 25 22 26 25 25 14 19 29 21 18 24 25 14 26 30 23 22 18 31 30 16 15 33 32 33 23 23 23 19 21 17 31 37 24 28 29 22 22 22 15 27 26 30 30 29 16 29 18 25 28 22 22 26 25 27 24 35
30 26 30 21 19 34 22 28 35 33 24 30 26 24 22 22 23 27 29 14 21 29 27 30 30 12 28 10 8 10 12 14 15 14 9 16 8 15 12 10 13 15 8 16 10 9 23 8 16 10 10 16 5 8 5 8 16 8 14 10 11 11 6 7 6 18 12 10 8 13 7 13 10 12 9 13 12 17 12 16 13 21                  
