0.45 2280 49 18 24 24 27 32 35 19 23 30 26 26 20 32 25 19 25 20 17 29 26 31 37 25 23 31 21 20 29 17 22 30 24 20 32 12 29 28 17 18 17 26 26 26 19 11 25 18 27 28 19 23 23 19 22 26 29 26 24 12 21 18 20 18 20 19 28 15 19 25 25 23 25 19 13 21 32 24 28 23 21 22 22 17 23 29 22 22 17 23 39 27 13 38 16 30 31 13
16 26 24 21 21 21 22 21 17 22 29 25 14 24 22 36 15 28 28 26 23 28 15 25 34 16 18 33 23 21 15 36 22 20 22 25 18 30 32 26 35 23 37 26 28 26 26 21 27 22 11 28 19 26 15 22 32 31 24 24 23 16 28 23 19 22 25 18 20 20 18 24 23 19 36 29 32 14 21 26 24 25 29 18 30 24 22 28 14 28 18 27 30 14 26 17 31 25 40 20
24 29 27 26 32 17 20 15 34 25 21 26 30 21 34 15 41 25 25 33 20 16 32 27 18 28 30 14 30 16 40 32 23 23 25 24 19 23 26 24 26 18 29 25 29 26 20 22 25 24 14 25 19 18 35 31 14 32 16 23 21 44 21 27 9 25 27 17 22 23 27 34 18 24 17 29 27 14 27 36 26 28 22 21 29 10 26 16 27 16 18 23 25 24 26 27 27 23 19 31
31 30 30 24 18 15 26 22 19 35 30 11 20 35 17 22 23 27 32 25 26 23 22 30 28 23 27 18 15 29 18 29 32 17 26 24 22 18 30 21 26 25 37 25 19 27 23 21 26 23 19 24 20 34 26 18 18 17 20 25 24 15 23 16 22 24 24 15 25 30 28 15 26 23 23 23 15 26 23 24 13 10 17 24 14 25 24 27 28 40 23 14 29 19 24 18 22 21 36 33
24 36 20 22 23 19 19 21 19 34 26 22 48 30 28 36 16 30 21 20 21 30 33 36 15 29 19 32 21 23 17 35 33 24 25 28 25 18 25 23 14 29 27 27 22 36 20 23 15 14 22 24 24 28 19 21 17 19 20 21 17 12 17 25 25 18 19 25 20 16 21 16 23 29 30 15 22 19 21 19 35 22 24 30 15 29 20 36 23 31 20 24 16 26 18 18 30 26 19 28
27 24 32 23 19 25 19 20 18 16 20 23 28 19 23 24 28 21 17 24 29 25 28 27 29 27 48 23 31 22 17 21 13 24 22 22 27 26 26 23 31 22 24 25 18 8 24 17 13 22 27 22 13 20 24 28 15 21 31 20 22 26 21 25 19 28 16 15 19 7 24 24 24 28 26 22 28 17 25 20 20 35 22 17 22 27 26 25 20 30 29 26 26 32 23 14 19 12 34 29
13 21 30 30 29 23 17 27 22 20 27 22 23 15 21 32 12 29 18 23 24 16 33 22 23 19 21 30 25 8 24 27 17 19 21 26 19 25 23 26 20 21 25 23 21 18 29 25 18 31 28 23 14 24 27 21 28 22 26 32 19 19 33 35 21 27 26 27 18 23 12 7 40 27 18 23 24 28 34 32 24 31 18 28 21 28 32 22 25 23 18 25 16 25 27 33 34 26 22 18
25 25 35 26 28 30 12 26 18 23 28 36 31 20 25 29 13 16 34 35 34 19 27 33 19 33 23 32 30 23 26 30 40 18 19 28 31 22 17 18 27 23 26 21 20 29 24 28 30 35 30 31 29 26 20 23 23 21 18 18 30 20 35 24 17 25 24 13 22 35 19 25 37 30 34 18 27 20 21 25 19 27 16 19 27 24 23 20 26 19 30 20 20 14 12 17 24 32 27 18
23 18 24 29 31 21 20 27 32 25 29 35 28 27 25 10 11 38 15 24 25 23 29 27 34 25 14 14 31 17 18 21 11 43 26 26 29 27 32 28 17 26 36 20 12 15 26 20 26 29 18 21 12 16 22 18 31 23 25 17 26 27 20 32 10 26 22 22 27 17 16 27 26 21 18 9 20 18 33 13 30 23 15 34 18 24 24 29 22 28 33 22 24 19 25 22 19 20 19 19
18 26 23 21 21 28 21 27 23 21 9 26 32 18 22 27 18 16 21 22 29 27 19 10 32 22 18 23 21 25 20 34 25 26 22 22 22 23 16 29 16 13 18 13 19 30 24 28 19 18 25 28 29 27 27 17 27 14 19 29 17 14 32 30 24 8 23 19 43 36 20 26 21 20 15 35 25 22 22 20 25 22 23 35 25 24 22 26 18 26 21 26 36 28 27 33 19 20 16 31
20 28 39 27 18 18 32 20 24 28 25 20 25 24 19 22 32 17 30 19 28 17 22 21 31 21 23 28 32 24 17 25 26 21 36 29 41 24 24 24 24 30 31 23 23 20 23 25 19 19 30 28 20 43 41 16 21 24 26 18 20 16 16 29 18 22 16 31 21 16 31 26 38 19 31 30 19 29 22 30 19 18 34 26 34 40 89 42 9 18 26 16 28 32 20 20 27 23 24 23
19 29 31 21 19 19 17 23 20 29 21 24 28 28 21 26 22 25 20 30 24 22 19 20 25 24 28 19 21 26 11 10 28 26 22 19 18 21 29 31 21 30 23 30 20 29 19 21 12 12 27 22 27 25 19 23 32 40 21 23 14 28 18 25 23 25 16 23 23 27 17 20 26 22 21 14 33 26 10 25 25 18 23 16 13 23 23 18 20 21 28 20 27 17 31 19 29 13 25 22
27 32 24 6 22 25 32 22 25 20 16 29 26 19 23 33 31 21 24 30 23 20 36 20 16 13 29 15 13 18 33 19 19 26 28 18 31 23 32 34 31 19 27 25 18 22 19 30 33 18 28 23 15 25 16 28 15 29 21 22 20 25 27 30 26 31 33 24 18 20 25 17 15 25 29 43 28 20 34 32 20 21 29 16 18 10 24 18 9 23 26 14 14 19 20 29 15 20 27 22
26 32 26 23 19 22 19 16 11 16 17 20 39 22 19 21 21 25 25 10 17 21 15 32 31 22 13 21 19 20 24 25 21 18 18 11 23 17 26 22 38 30 17 33 16 29 15 15 21 22 29 18 32 35 19 17 22 25 32 21 26 24 35 28 17 12 21 19 25 19 25 19 27 17 34 36 25 24 21 26 17 26 19 25 29 17 22 25 33 25 23 22 20 20 23 30 20 23 20 25
25 25 25 20 26 24 23 16 33 18 19 11 26 22 30 24 18 18 31 20 9 21 26 18 16 14 22 20 26 14 19 28 22 21 29 24 20 25 22 34 21 19 12 27 20 28 19 23 19 16 15 19 18 20 31 18 19 23 15 18 29 26 23 36 18 22 20 27 20 21 31 22 23 33 35 24 43 24 22 21 17 26 22 17 27 13 17 19 37 19 13 23 33 16 24 20 27 20 24 27
21 22 30 15 16 29 17 16 25 17 15 28 14 36 34 24 30 28 33 27 27 22 26 24 20 23 26 19 30 16 19 28 18 19 25 15 24 20 30 24 19 34 15 23 18 30 20 26 22 16 23 36 28 13 29 17 23 19 16 27 21 21 24 23 28 32 21 37 22 21 18 15 22 22 20 13 22 25 26 18 24 18 22 21 20 33 24 26 24 32 25 21 25 19 16 24 26 21 21 20
24 25 26 36 29 18 27 32 23 17 15 14 34 24 17 16 21 22 22 35 21 25 30 20 27 31 21 20 18 19 14 13 27 28 26 23 28 18 29 21 27 15 29 32 35 26 17 35 25 25 26 17 25 29 30 25 24 15 29 28 17 19 18 17 31 17 16 16 22 17 24 19 28 21 20 31 20 24 25 13 25 18 27 22 24 23 24 31 28 22 28 31 18 20 20 32 24 28 24 24
26 19 13 23 23 33 18 18 21 24 12 32 21 20 21 37 28 35 30 40 17 17 20 27 13 15 23 19 21 26 22 22 24 15 20 21 21 23 16 18 17 22 26 23 23 30 27 23 21 14 24 18 24 17 35 32 17 26 19 20 24 26 19 18 22 24 23 22 16 21 15 29 24 24 14 24 15 22 24 17 23 31 22 20 25 18 18 28 28 25 19 21 21 25 23 34 32 17 45 13
24 23 25 26 17 22 22 27 21 26 42 24 22 22 20 24 14 22 20 27 32 19 16 21 28 33 17 33 23 32 23 8 19 25 18 23 19 22 22 28 25 16 22 20 28 15 18 27 22 21 33 18 24 18 22 15 27 22 26 22 31 9 20 22 29 18 10 25 17 28 28 18 26 21 7 23 23 20 19 25 27 28 16 17 33 26 21 30 23 23 21 15 27 25 26 31 26 25 19 21
28 25 21 31 27 18 33 16 23 24 43 24 30 22 30 18 18 28 21 26 27 27 38 21 21 27 24 20 21 26 15 24 24 16 22 30 23 22 22 18 30 23 26 17 23 20 20 27 24 13 14 22 24 23 20 21 32 23 22 35 22 25 24 26 26 22 16 25 24 15 14 25 32 23 20 29 14 9 21 24 14 17 23 24 26 18 28 37 28 24 22 16 25 26 19 25 20 13 27 27
21 24 18 38 28 31 31 29 20 21 26 25 19 30 26 16 20 29 17 26 8 21 25 19 35 32 17 16 23 24 25 27 22 32 26 16 20 19 27 29 30 23 15 25 25 27 17 31 29 31 24 25 20 21 29 34 19 25 24 17 29 22 31 25 26 11 22 23 15 21 21 24 20 19 28 22 30 20 23 17 15 25 25 23 38 32 22 28 30 26 20 29 21 29 26 15 13 25 21 19
26 30 24 26 29 32 25 29 25 14 20 19 25 21 25 17 25 28 21 23 22 23 14 27 20 15 24 21 20 31 24 19 23 26 27 29 31 22 16 25 27 23 33 20 26 23 22 17 27 28 26 27 35 23 14 17 28 21 15 25 23 21 23 21 16 23 20 21 20 16 17 23 21 19 19 17 24 29 24 23 25 16 17 21 22 19 23 27 20 20 19 22 19 21 15 22 20 15 30 15
23 25 26 22 26 31 21 15 20 20 12 21 44 29 20 22 22 29 17 17 27 22 21 28 18 10 20 14 20 20 15 22 20 28 28 19 29 35 22 30 26 24 18 23 18 25 24 23 22 28 23 22 20 27 30 27 22 19 22 29 19 22 23 18 17 17 18 27 13 11 19 18 24 33 24 24 23 19 13 30 21 18                  
