0.235294117647059 3995 39 21 45 39 34 43 31 33 46 36 31 37 31 41 42 29 43 38 41 29 43 41 48 30 39 36 36 48 46 43 27 40 39 33 43 36 34 43 33 36 45 46 40 39 33 40 33 38 34 34 28 32 35 31 37 46 38 36 28 38 51 38 46 42 20 37 33 27 42 29 39 28 25 35 33 30 39 26 30 41 40 38 47 46 37 36 44 33 33 32 29 38 35 27 41 43 23 34
36 39 31 38 34 35 40 32 30 35 39 32 49 28 38 33 22 44 34 27 33 25 40 29 37 40 25 35 37 32 26 26 29 30 45 42 46 33 40 44 28 35 38 41 37 40 38 47 45 37 50 37 46 33 36 42 48 31 43 44 30 33 39 41 37 32 46 24 28 39 37 41 53 30 31 34 39 49 25 39 28 23 43 36 26 30 43 39 29 41 34 42 42 27 39 31 24 32 41 31
48 34 35 43 41 28 40 25 35 30 35 33 36 32 28 32 44 39 42 48 26 34 42 41 43 44 47 30 28 30 32 29 29 25 23 45 37 37 34 50 48 40 34 31 39 34 35 34 34 37 33 24 41 17 40 30 22 39 23 35 33 37 38 32 32 30 35 37 41 40 23 29 36 31 29 36 23 47 22 39 42 22 41 22 42 21 39 38 29 34 29 27 30 43 33 37 32 35 40 33
39 29 29 43 34 22 43 33 34 46 35 31 29 33 35 31 33 31 26 22 30 36 33 27 33 43 38 32 27 35 29 36 33 28 41 31 39 30 32 31 32 45 35 31 41 33 33 23 33 32 31 36 44 34 29 19 40 31 24 43 33 39 42 43 53 34 36 34 34 30 32 46 51 30 27 35 33 37 51 56 42 43 23 38 34 38 44 38 28 31 40 43 31 36 44 33 44 39 36 49
32 40 29 33 38 34 42 53 33 38 20 41 40 41 39 27 44 37 39 38 36 43 51 35 49 36 43 38 35 39 40 34 37 41 41 27 32 41 45 30 30 30 28 35 30 40 42 35 30 32 39 26 35 32 30 37 27 34 32 28 36 46 40 35 32 32 24 36 46 31 23 39 33 31 43 37 49 40 34 27 39 41 39 32 24 29 34 32 39 39 33 46 29 47 37 38 38 37 35 46
31 28 38 41 32 50 44 29 49 33 30 33 36 32 46 33 36 33 34 25 47 33 57 39 23 41 39 36 25 22 38 32 42 39 35 29 37 37 37 31 27 33 31 36 25 29 38 38 30 31 41 38 49 31 34 22 30 36 42 33 35 36 37 35 27 45 35 46 30 42 44 40 50 39 39 35 27 27 40 30 30 32 37 40 27 26 39 36 39 31 27 35 26 40 38 39 36 39 32 29
27 30 39 25 33 20 31 41 40 47 29 27 33 34 40 33 28 33 19 33 37 25 24 12 33 36 40 56 35 39 28 30 32 32 34 27 43 41 31 35 44 38 37 31 34 27 31 31 36 34 31 31 29 29 35 38 39 24 36 35 36 38 34 36 41 42 39 47 35 40 47 31 41 39 40 34 41 40 29 32 40 31 30 22 27 34 35 30 38 27 34 28 39 35 25 33 30 25 32 32
37 34 30 38 39 30 28 36 37 27 26 28 33 26 31 40 39 31 34 31 25 46 26 48 37 32 25 40 30 28 35 18 38 34 37 36 39 38 35 35 36 33 37 45 36 32 44 38 34 39 31 42 25 21 40 29 34 29 45 37 39 29 43 40 30 30 30 29 38 23 36 33 31 39 32 37 33 39 33 17 38 35 35 40 32 27 35 48 37 29 37 42 35 35 30 40 49 40 31 39
32 43 28 28 33 27 40 40 29 32 26 40 46 35 36 35 43 35 38 42 41 37 35 33 42 48 36 34 51 36 37 31 34 33 25 30 27 39 29 36 25 24 31 38 46 25 39 31 31 32 29 29 33 38 31 33 30 31 33 39 24 25 36 33 42 42 31 30 46 31 35 39 29 27 36 34 34 35 22 24 28 31 31 36 36 33 31 28 43 40 32 37 35 40 36 32 34 26 30 37
22 24 34 36 33 42 30 36 31 28 35 34 31 30 24 25 32 42 34 30 28 30 28 42 35 35 39 29 18 37 32 31 27 32 44 26 33 41 25 36 41 28 24 36 39 30 35 37 25 41 32 40 31 34 31 28 31 39 24 35 37 36 33 40 37 51 34 36 50 15 23 36 41 42 43 40 39 39 39 41 29 32 19 33 25 29 36 31 35 34 16 34 46 31 37 43 28 35 36 43
35 50 33 28 34 40 17 32 27 36 34 44 34 33 32 35 46 46 42 32 40 39 41 32 47 29 37 34 31 33 30 32 35 41 42 31 40 31 39 34 37 33 18 34 39 35 35 37 34 31 37 31 33 40 36 28 37 32 29 32 32 25 27 34 39 27 42 43 42 32 24 34 27 45 34 26 36 38 39 39 42 34 40 33 28 31 49 44 44 38 30 20 31 24 50 37 38 35 29 28
33 38 38 37 53 47 36 32 31 21 35 23 34 44 42 35 37 44 32 43 33 31 30 41 28 44 33 39 31 18 36 26 29 34 36 41 47 35 44 39 42 20 33 52 36 43 26 41 44 41 44 33 27 42 30 37 32 25 38 37 35 32 30 28 38 35 22 30 39 34 33 36 37 46 36 39 34 36 24 36 45 30 33 39 43 35 31 35 45 34 34 34 33 38 33 27 31 30 41 39
52 48 42 36 42 28 28 35 34 43 33 35 30 36 34 44 35 32 42 39 39 36 37 39 30 25 37 31 32 28 31 38 27 33 34 43 31 28 32 44 31 39 36 34 38 31 29 31 31 34 26 36 28 48 45 45 42 46 39 44 42 45 42 41 40 38 33 31 31 46 45 27 33 43 24 45 44 35 31 44 37 28 38 30 26 36 49 28 36 26 39 45 38 31 43 35 37 38 41 43
47 35 34 40 28 29 45 33 38 50 37 37 49 40 48 42 38 38 31 45 35 53 41 31 37 47 26 37 37 49 28 47 45 42 48 28 40 35 33 30 34 39 35 17 34 36 41 27 26 34 34 36 35 31 32 33 28 27 32 19 38 31 30 36 30 31 39 20 44 30 32 33 21 38 38 22 39 32 42 31 34 30 28 30 37 28 33 36 40 24 30 36 35 39 37 40 34 41 31 28
31 44 38 52 31 33 35 23 33 29 35 30 31 40 41 35 41 33 32 38 27 37 24 26 33 45 41 26 21 32 30 27 37 26 31 28 28 30 29 38 32 30 33 31 29 34 36 43 45 35 41 38 44 34 31 44 42 37 40 28 26 34 35 35 49 43 34 39 40 39 42 49 51 42 40 27 39 47 36 37 27 52 37 55 54 46 36 34 30 45 45 26 30 40 41 28 71 34 41 52
28 44 34 35 33 36 33 30 47 45 28 37 40 32 41 31 42 39 47 38 40 30 34 36 39 33 38 24 46 39 48 33 38 40 35 24 34 46 32 33 30 29 37 32 28 34 45 39 42 44 44 28 36 28 41 43 42 39 42 38 37 33 46 47 40 29 32 34 25 28 25 25 21 28 33 36 34 31 38 51 47 43 31 39 36 37 29 40 39 41 37 21 39 45 45 44 32 34 27 37
32 37 42 40 45 31 40 37 31 35 34 34 30 28 33 36 33 36 42 31 31 43 42 44 17 42 34 31 44 34 41 39 31 27 41 52 43 33 43 40 50 32 38 42 22 32 34 38 34 41 35 39 26 32 39 25 31 28 27 36 34 32 36 33 44 46 29 42 27 34 38 39 31 35 39 29 25 38 38 27 31 27 31 39 36 25 38 37 37 33 24 41 31 28 27 35 35 33 35 34
48 31 34 35 33 31 31 45 33 37 43 29 27 30 33 61 26 41 36 46 30 44 44 37 31 36 39 36 38 36 43 36 40 40 29 43 41 37 32 32 41 41 34 37 36 29 38 44 39 39 47 48 40 36 40 46 41 35 47 40 43 27 38 39 34 42 33 37 33 44 34 45 32 34 38 31 28 36 36 39 40 37 40 32 34 34 27 30 33 43 41 37 46 36 36 39 32 30 38 42
42 25 38 35 32 31 41 33 33 32 32 30 35 34 25 37 37 27 38 37 30 41 44 44 36 30 38 41 31 34 28 43 32 33 36 31 37 32 32 33 46 33 40 33 35 44 31 40 38 41 46 34 45 29 35 35 44 44 37 39 37 30 40 24 44 44 32 35 39 48 25 31 36 47 30 28 34 35 38 30 32 34 26 32 34 37 49 41 36 30 29 39 40 35 36 38 66 68 71 32
23 31 32 23 31 24 27 37 36 33 33 38 24 34 41 32 31 28 25 30 31 26 31 29 40 33 32 27 26 35 40 43 30 19 29 37 29 42 30 36 35 29 33 54 39 41 32 36 35 28 33 43 42 32 31 42 26 52 40 43 30 47 47 44 37 31 43 36 31 26 39 32 37 47 41 58 35 37 40 35 27 35 46 30 31 48 42 37 33 41 38 38 24 28 41 35 37 37 32 29
29 37 33 27 41 47 32 34 28 38 29 30 39 42 38 40 35 38 31 35 31 43 38 44 32 23 35 27 26 40 42 42 37 33 32 34 34 36 43 44 37 34 29 39 38 30 44 42 32 39 47 48 38 41 41 34 46 32 27 42 34 35 42 36 39 47 35 35 36 40 35 36 28 24 30 30 33 34 41 38 35 31 34 45 28 32 38 33 38 41 35 41 33 24 29 28 34 36 38 29
30 40 42 32 23 28 24 37 23 34 25 40 34 22 37 33 28 26 38 35 26 40 23 42 33 33 38 48 39 39 37 50 36 37 28 43 35 37 34 18 40 32 25 39 45 47 42 41 45 34 49 45 36 48 39 31 36 41 42 41 36 39 36 41 35 28 42 31 41 31 37 35 30 25 37 25 34 23 41 37 35 35 35 36 31 32 44 19 39 36 46 33 29 40 35 35 29 40 25 33
34 31 21 31 38 38 37 28 50 36 25 38 23 43 32 35 25 34 33 20 32 29 25 37 28 33 33 43 38 34 29 33 35 30 43 40 33 43 34 59 29 28 37 42 38 31 39 47 46 35 31 28 33 45 27 46 38 28 42 43 35 27 33 40 36 36 33 30 33 27 28 28 38 33 40 39 38 37 39 35 37 24 30 43 28 36 39 44 29 33 29 32 31 30 41 31 39 26 26 33
36 41 43 21 40 40 27 43 35 45 29 28 34 20 28 41 41 27 37 33 32 40 42 39 19 30 28 40 25 49 20 34 34 34 33 34 35 37 24 25 29 23 39 39 26 33 35 38 37 40 32 32 33 28 32 28 34 32 30 35 41 31 33 42 38 36 35 38 38 35 37 28 26 44 33 34 29 39 32 32 36 23 36 26 39 39 33 35 29 38 38 31 37 35 43 46 36 34 37 30
34 33 48 36 29 28 48 41 29 41 28 43 37 34 30 53 23 29 32 22 29 27 32 29 48 29 44 43 29 39 42 34 38 28 27 21 28 26 37 22 33 37 27 32 30 31 24 37 39 44 27 34 28 27 34 30 23 10 37 45 36 50 37 42 29 31 36 29 24 35 32 18 38 33 26 18 25 36 35 29 19 32 36 52 41 38 44 44 30 38 23 36 33 31 31 29 33 39 39 28
32 28 31 30 34 30 29 35 28 9 30 39 27 23 33 35 32 30 39 19 36 41 33 36 29 57 37 41 40 31 26 30 38 45 25 41 37 30 34 23 40 33 33 38 32 37 35 45 37 41 35 25 32 38 31 47 24 35 25 42 33 35 52 35 42 43 33 42 29 32 42 46 38 21 33 29 31 30 40 27 37 30 32 32 41 42 39 42 33 32 42 44 17 36 36 28 24 32 36 32
33 29 22 29 24 33 39 31 36 30 32 44 41 32 36 28 35 31 27 30 32 35 42 28 45 40 29 39 46 37 30 32 37 25 33 36 25 20 44 31 36 28 32 45 35 26 36 26 32 30 29 36 27 36 38 31 40 45 27 41 35 38 35 37 36 32 33 37 28 33 43 34 31 43 30 35 21 29 29 27 28 33 45 34 29 34 41 33 30 35 44 32 44 30 31 39 26 33 38 22
43 31 32 25 33 30 26 34 34 42 27 36 35 36 21 38 31 34 32 35 32 19 39 39 39 49 42 27 39 26 40 33 33 37 40 22 32 39 35 36 30 32 37 32 36 37 38 30 28 37 39 31 33 27 26 35 25 24 31 33 38 31 38 35 37 32 44 35 34 35 43 46 32 36 38 29 37 27 34 26 38 35 50 26 24 35 29 41 47 21 33 43 41 34 37 31 28 41 38 29
39 41 36 38 31 37 41 31 27 38 36 42 32 25 34 31 28 39 27 47 37 38 35 40 34 21 42 32 31 34 32 29 36 36 32 39 33 44 43 31 41 35 30 29 40 34 42 30 25 34 39 32 48 32 33 38 37 49 36 34 38 42 36 39 34 37 29 37 46 30 34 20 29 46 33 31 33 33 32 37 40 39 40 37 30 34 32 59 53 46 25 50 32 36 26 41 32 23 46 33
35 34 48 35 37 46 38 33 31 33 33 27 29 24 16 48 37 35 33 25 32 39 36 35 39 31 30 27 28 34 36 34 25 34 35 34 35 36 38 34 33 30 31 28 36 30 42 24 35 41 40 35 25 31 31 41 38 44 30 44 38 34 30 34 39 35 45 28 33 27 36 42 27 36 25 35 34 33 28 24 34 33 39 36 31 43 39 34 40 43 36 29 31 33 36 25 26 37 30 37
32 38 37 38 34 24 28 39 30 31 39 37 47 39 36 31 19 43 35 53 39 39 34 37 37 32 38 25 32 29 33 29 31 22 36 45 26 37 31 30 33 33 41 27 29 30 33 35 33 41 41 38 27 30 43 32 29 40 39 36 39 42 37 30 34 34 31 26 26 40 43 36 48 31 40 29 42 40 34 37 31 37 27 32 28 29 54 40 33 36 40 41 39 25 31 34 52 44 43 28
28 36 25 32 24 36 13 22 37 32 39 14 41 30 28 25 27 19 37 34 28 31 42 36 36 37 36 46 49 45 40 36 49 33 40 29 46 31 35 27 31 37 39 27 37 40 39 36 56 37 34 42 41 27 41 41 37 37 28 40 31 29 30 35 52 36 27 26 35 22 40 35 44 34 31 41 30 26 33 31 44 25 34 34 35 27 43 38 38 40 35 39 31 39 37 30 26 29 23 31
28 30 33 31 32 32 32 34 53 37 41 30 39 35 48 40 33 31 32 43 31 29 28 34 27 37 24 33 37 40 41 36 30 33 24 25 29 25 36 30 10 38 23 32 33 36 48 29 33 27 28 31 34 32 30 37 34 15 42 34 36 36 29 46 38 46 29 31 37 29 24 33 50 33 45 36 31 20 34 37 34 42 25 30 44 47 34 31 36 33 35 43 28 34 40 30 37 54 21 44
33 43 38 46 26 38 26 38 30 36 25 43 43 35 30 38 40 39 31 34 42 28 33 37 38 41 34 30 27 37 37 34 32 20 44 37 42 32 38 42 41 30 37 32 27 27 40 33 38 21 25 39 37 28 36 36 25 42 39 31 36 39 36 28 30 33 37 33 33 39 38 49 24 22 32 23 36 34 34 41 33 33 30 48 32 23 40 42 35 36 19 43 25 42 32 29 22 33 26 33
19 30 34 38 34 36 39 42 39 32 35 35 36 35 51 31 27 25 27 34 30 29 36 34 24 37 45 39 36 29 28 34 24 26 24 31 39 37 31 35 25 31 37 24 26 31 31 22 27 37 34 29 38 24 30 37 30 43 40 30 38 27 33 49 45 33 27 35 20 29 26 30 31 32 25 32 30 30 39 36 29 29 38 37 27 31 27 32 35 47 38 40 27 35 39 45 44 45 36 39
45 42 39 33 29 26 41 36 34 21 23 38 32 39 38 49 32 42 43 34 46 29 29 44 32 31 37 38 36 35 30 38 32 25 26 34 33 30 31 40 34 40 42 34 45 45 37 35 30 29 46 44 37 28 38 40 31 33 31 31 20 32 33 43 26 47 25 32 40 43 28 29 34 33 34 38 39 35 42 38 33 29 28 17 25 32 20 48 19 52 35 51 41 35 36 34 31 31 28 40
37 36 43 35 44 49 40 34 36 46 31 37 36 55 38 48 39 39 43 32 32 55 28 23 29 30 28 29 31 25 34 27 34 38 34 33 29 37 45 42 44 44 37 33 33 45 30 40 29 36 48 33 28 38 38 46 36 43 29 41 55 51 42 25 31 44 38 48 35 37 45 40 36 36 32 29 21 34 28 40 32 30 41 40 37 29 33 33 41 38 33 32 36 37 31 40 31 36 42 35
35 27 38 30 31 46 36 26 41 24 30 49 39 31 41 39 29 38 25 22 32 22 33 23 29 30 36 33 34 29 38 19 36 45 28 38 24 33 31 26 39 55 32 26 39 41 32 33 39 32 40 25 44 31 26 39 48 34 33 43 34 61 34 34 37 38 34 31 33 33 37 30 38 35 42 32 26 31 40 26 35 32 42 39 42 36 48 41 27 23 41 20 38 32 35 44 29 22 33 48
42 28 25 39 31 33 23 34 30 37 29 39 43 31 26 29 30 27 32 30 23 36 33 29 40 30 38 33 34 33 39 34 38 31 33 25 31 32 26 29 31 34 41 30 35 21 20 19 17 29 38 17 27 21 37 35 31 30 23 29 31 32 41 38 24 34 33 45 33 24 43 32 32 32 38 42 26 30 36 36 39 29 24 43 30 42 42 43 33 39 33 29 42 45 31 33 28 28 30 34
25 32 31 26 41 40 31 41 28 25 21 37 40 37 26 34 28 33 42 39 26 28 31 32 51 34 35 30 30 26 38 37 28 27 34 24 34 31 39 39 39 33 35 39 37 34 37 27 41 23 33 37 26 35 34 21 40 34 34 40 21 24 36 38 27 31 34 26 22 33 27 30 41 24 36 37 31 28 35 33 32 19 33 32 32 25 31 31 38 42 31 34 36 37 34 51 48   
