0.439024390243902 2750 29 38 21 31 32 34 45 34 26 36 44 33 57 41 41 38 32 28 39 40 32 40 31 27 34 40 36 26 34 30 39 28 24 44 39 37 48 24 38 40 28 32 29 29 25 22 28 33 30 33 35 20 34 29 25 31 32 30 38 32 40 32 35 35 32 41 37 31 31 29 24 34 35 46 37 42 32 35 25 29 27 34 33 37 28 42 28 25 25 33 42 24 42 37 48 29 46 27
35 30 27 36 52 32 44 47 29 30 31 45 36 37 37 34 31 40 26 35 36 17 36 33 31 32 35 41 43 28 42 31 35 24 40 31 27 42 24 46 34 31 31 29 25 32 21 45 32 39 27 33 26 24 42 33 32 42 32 28 42 42 43 38 36 40 39 31 38 31 33 29 43 30 33 31 28 30 32 29 38 34 37 39 23 35 34 34 28 21 39 29 28 43 34 40 24 34 31 31
30 29 42 22 34 36 38 45 37 51 26 34 33 39 134 80 25 32 26 27 19 25 25 35 36 22 39 33 31 33 27 41 23 36 31 42 40 33 33 36 28 35 36 24 38 32 31 45 32 36 39 37 32 33 30 36 34 34 33 33 36 24 28 38 33 30 28 39 41 27 45 34 30 49 36 44 42 45 34 38 24 43 33 40 30 42 34 38 34 26 28 39 34 42 36 47 37 17 32 47
21 30 24 31 46 41 34 27 21 33 29 28 38 34 43 29 29 34 23 24 37 35 35 25 42 31 31 35 37 40 29 35 25 31 38 34 36 51 31 31 27 31 45 34 35 41 37 22 32 46 25 30 33 35 40 38 37 32 33 25 40 28 26 25 34 29 30 30 48 40 25 36 33 44 28 37 35 28 24 41 26 30 31 39 30 26 40 14 30 33 28 30 49 36 31 31 26 33 29 40
39 22 45 36 37 30 31 21 45 38 35 29 28 32 29 36 28 30 23 15 40 25 35 38 32 25 32 47 41 30 31 30 33 21 38 34 23 19 28 28 47 35 43 41 31 24 25 37 38 27 29 35 16 46 26 40 16 34 35 38 33 40 26 43 36 36 35 34 31 28 25 39 28 33 38 41 41 41 38 22 31 28 37 23 36 42 53 27 46 36 38 27 34 28 41 42 42 33 42 34
34 36 27 27 38 28 31 28 27 28 39 35 38 32 19 23 38 29 40 36 34 34 40 18 21 27 33 30 37 27 39 29 42 30 33 35 31 31 44 39 43 30 38 33 30 29 34 33 25 30 29 24 23 37 36 21 31 39 38 39 30 41 39 28 35 23 37 24 27 30 30 29 40 29 34 36 22 24 28 24 21 27 22 27 37 21 24 39 29 43 27 27 31 16 26 27 32 33 23 25
36 39 25 29 31 22 38 27 24 45 27 42 36 31 27 33 27 26 38 34 31 28 30 35 42 36 28 30 26 28 24 37 28 30 32 38 33 14 25 44 34 28 33 26 33 35 26 25 36 30 33 42 36 43 32 42 39 51 39 31 33 30 48 30 11 36 27 29 29 27 25 28 32 34 40 34 40 32 27 34 41 37 38 51 36 31 27 43 26 38 27 31 26 32 27 34 30 22 25 22
31 42 33 35 38 37 31 39 31 39 23 26 43 37 36 29 40 28 22 31 30 27 37 26 24 31 31 36 24 30 35 22 39 27 13 30 14 30 39 31 38 34 33 36 37 36 39 39 38 39 35 29 28 40 41 38 35 26 26 38 33 37 39 36 34 32 34 38 34 39 32 28 30 35 35 36 38 45 33 27 36 20 24 35 33 27 30 33 39 45 29 42 31 36 30 37 40 54 28 47
45 35 38 37 37 32 47 30 36 34 25 31 29 41 43 32 39 29 25 32 33 27 37 24 32 23 33 29 40 31 22 31 40 27 41 31 30 45 33 25 21 29 33 41 34 35 35 31 35 45 25 48 36 32 30 42 38 22 35 33 26 28 32 36 27 49 37 20 22 29 32 27 39 39 51 33 39 30 44 38 23 36 65 30 26 39 31 31 33 33 36 37 25 28 36 33 43 39 26 32
32 48 23 31 25 38 35 33 43 22 35 31 16 34 26 42 39 36 21 26 41 26 17 35 21 31 29 28 37 30 27 21 30 17 37 39 39 33 34 29 45 31 41 28 17 34 54 36 37 30 31 35 30 32 30 37 28 31 49 32 37 40 35 49 26 31 31 36 29 35 27 36 28 32 39 27 34 25 38 40 30 33 22 32 29 19 31 35 40 41 34 41 42 24 24 36 45 36 27 25
32 33 26 28 41 34 42 35 24 44 29 25 33 27 37 38 32 26 30 33 50 37 33 32 37 50 40 26 35 39 30 41 28 37 44 40 36 40 39 24 39 47 40 21 33 34 16 28 28 43 41 33 48 43 37 36 27 37 27 43 34 38 37 38 40 29 34 32 38 27 29 37 37 37 28 40 44 26 30 23 33 37 37 32 25 39 24 30 20 37 38 33 34 44 42 48 29 30 33 41
31 36 35 36 38 40 30 36 29 43 33 35 43 42 23 39 46 37 40 30 22 31 28 34 32 38 43 35 39 39 29 35 37 29 31 38 33 41 33 27 32 38 34 40 34 32 24 35 39 38 27 21 34 28 40 34 45 16 38 30 29 30 27 27 31 26 30 30 43 34 22 43 30 39 40 36 42 33 36 28 22 46 34 34 27 37 38 33 43 34 40 31 49 39 29 29 29 32 36 48
36 33 31 31 29 24 32 27 36 36 34 44 45 29 39 35 31 40 46 31 41 35 40 34 24 32 38 29 33 35 44 44 24 39 50 48 30 26 32 36 34 34 29 40 22 31 29 42 35 26 42 25 37 44 28 27 30 37 37 35 28 39 34 29 43 32 34 25 34 26 32 39 23 36 28 25 29 26 33 33 35 40 30 34 51 23 42 28 42 35 36 36 36 39 39 35 33 40 75 74
71 29 40 35 31 30 34 36 42 37 45 30 26 43 30 25 44 33 27 32 31 33 21 42 33 32 27 36 29 32 28 38 36 37 29 39 32 30 28 37 27 28 38 21 63 31 35 44 47 33 36 29 40 35 38 33 28 28 39 32 12 33 26 37 30 31 55 39 37 30 37 33 29 32 35 47 23 32 30 34 39 31 38 33 34 33 38 42 38 36 46 29 20 33 34 46 37 31 33 36
36 24 43 43 35 37 25 39 42 41 34 37 30 37 36 47 37 38 34 38 35 27 38 42 44 29 41 25 25 38 30 27 36 35 34 28 22 31 26 26 42 40 37 45 41 41 32 37 37 28 26 40 42 36 40 39 41 35 36 49 34 39 28 37 39 27 26 33 29 32 32 36 44 26 32 41 28 29 42 36 35 31 34 32 21 30 33 29 27 40 23 34 27 24 26 33 34 35 36 28
40 36 38 25 38 31 23 33 35 38 40 32 38 21 32 41 36 33 32 34 29 31 35 39 27 39 40 43 38 35 39 37 35 27 29 46 31 21 19 38 32 42 47 38 34 38 29 35 36 22 31 39 38 29 27 27 31 31 20 39 33 18 32 43 32 35 28 24 29 24 34 39 37 14 27 39 31 31 27 33 28 38 37 29 25 43 34 29 34 27 39 46 23 27 32 32 35 48 30 23
26 27 19 38 30 36 37 32 40 30 28 25 35 26 36 29 36 30 32 34 24 44 27 22 34 41 35 22 34 30 45 41 24 31 35 31 60 29 38 33 44 43 35 31 19 33 33 38 47 33 31 36 37 40 35 33 41 48 38 30 32 36 28 41 21 31 6 19 21 30 32 27 33 26 37 39 42 21 20 36 40 35 40 23 36 41 32 31 31 28 34 29 29 39 35 32 32 44 27 28
44 30 22 32 26 34 38 28 42 39 32 38 40 28 34 40 25 31 32 41 30 33 20 34 28 32 35 27 30 18 39 32 31 42 28 25 34 37 42 34 32 37 39 27 39 31 30 36 22 31 38 38 23 43 42 31 33 39 25 31 37 36 28 29 23 31 28 45 38 32 22 35 24 41 27 31 37 31 22 24 24 25 29 34 40 20 36 31 31 49 34 36 35 10 33 31 33 38 36 24
33 37 45 34 34 38 43 29 38 26 37 37 44 37 40 36 38 34 35 23 27 31 47 32 33 46 34 41 36 32 18 33 28 24 28 21 30 33 28 26 31 39 37 37 35 30 32 34 33 24 41 26 25 38 35 27 45 29 29 41 14 32 34 44 35 28 46 29 35 40 41 36 37 29 26 30 29 38 29 34 34 35 42 24 31 38 30 38 45 31 30 44 37 28 32 32 28 45 41 28
38 39 28 32 45 28 21 44 39 31 21 38 35 35 42 25 29 34 33 31 37 38 24 30 21 43 32 33 33 41 26 24 35 44 35 26 23 42 41 36 32 25 43 38 33 51 49 31 29 45 42 38 32 38 40 52 50 38 35 34 28 47 37 45 35 38 46 34 34 37 28 41 48 33 37 33 32 47 26 27 37 25 44 39 40 39 47 28 35 47 32 35 33 36 31 35 38 26 24 43
33 41 31 29 27 30 31 30 27 29 36 42 38 37 27 36 47 42 40 31 35 42 34 30 34 37 55 41 37 32 41 30 45 41 51 34 37 41 34 35 35 41 46 27 33 23 41 34 33 20 36 33 32 30 35 39 28 47 28 41 35 28 38 30 38 27 23 35 27 33 29 35 42 42 28 36 37 39 42 41 34 28 41 45 32 22 30 33 37 29 35 34 41 33 31 36 28 44 29 39
32 54 50 38 37 38 34 32 51 42 37 24 45 47 33 41 33 30 45 34 41 44 34 34 22 32 32 39 31 18 29 32 15 36 34 27 38 38 20 30 40 32 26 33 31 28 42 36 36 42 33 28 27 28 46 30 31 32 36 30 41 41 35 39 35 38 29 43 29 43 24 27 32 21 25 43 34 28 29 24 27 30 27 30 37 41 33 29 25 31 25 33 29 32 42 26 31 28 33 35
34 39 39 36 33 32 39 32 30 44 25 34 31 32 27 31 22 45 12 36 35 37 29 26 36 35 26 25 31 49 28 19 33 22 22 31 28 21 34 45 35 37 34 37 45 34 27 48 40 36 14 30 28 29 37 33 22 41 33 35 20 30 35 28 31 31 30 29 33 47 23 38 37 30 30 25 27 26 29 45 32 27 29 29 36 26 27 32 41 28 37 34 33 43 35 44 35 38 26 38
34 40 42 35 35 28 41 45 36 39 32 36 36 36 38 25 30 32 33 45 31 35 31 37 35 28 23 27 18 34 29 24 41 31 35 47 40 44 28 24 35 37 28 37 38 42 26 31 25 36 30 35 29 30 26 32 35 32 26 28 26 29 22 20 39 38 44 37 32 30 44 38 45 31 51 15 49 32 30 31 28 14 17 40 26 34 23 31 26 31 29 33 27 41 39 36 46 34 34 29
38 25 22 31 34 36 32 32 33 37 33 32 30 20 38 28 36 37 37 26 30 38 34 36 41 31 34 28 33 26 40 24 31 33 32 22 28 27 32 37 37 37 35 33 34 37 39 29 41 36 24 43 38 32 12 14 18 77 33 20 30 28 40 41 40 33 40 29 27 33 42 47 37 37 32 46 35 31 50 38 37 35 39 32 42 29 33 41 40 43 31 25 35 23 38 32 37 33 32 29
46 27 44 47 29 30 22 34 52 30 46 44 35 42 49 44 32 39 45 28 33 28 32 42 36 34 31 34 26 44 28 34 32 37 40 27 27 30 35 38 29 46 47 32 34 34 29 27 24 39 36 38 31 28 20 34 43 28 21 37 25 42 42 26 34 33 28 24 33 38 40 46 28 39 35 36 25 33 37 43 36 31 38 39 31 30 47 32 32 34 32 36 34 31 43 33 24 42 24 36
32 35 31 35 39 36 36 30 32 35 35 37 35 34 29 29 40 32 39 33 39 33 38 29 36 38 28 25 29 36 40 28 33 39 29 20 30 25 15 31 13 27 38 29 45 15 32 42 36 42 37 28 30 39 43 36 26 38 30 35 40 37 38 29 37 32 24 33 36 36 29 36 35 39 27 23 36 37 36 36 14 31 29 45 35 44 27 28 30 45 33 34 36 29 38 30 35 46 31 28
29 27 32 39 29 33 24 28 48 26 39 35 26 41 29 26 35 31 36 29 39 32 25 42 23 36 23 36 24 14 18 33 35 33 32 35 36 42 37 21 32 35 29 37 39 38 33 38 20 41 34 43                                                
