0.448275862068966 3585 64 25 35 33 29 25 23 23 21 44 16 23 25 27 31 30 33 31 26 24 30 29 32 32 39 22 29 28 25 38 29 23 24 26 33 32 35 27 28 17 24 31 29 32 30 25 31 38 31 21 33 26 34 20 22 17 20 22 27 22 25 28 21 19 30 28 22 19 19 25 29 25 39 27 23 23 25 20 31 30 26 32 30 36 30 30 19 33 35 27 28 22 27 25 18 29 27 17
26 25 39 27 28 21 29 33 24 21 32 30 25 35 25 27 35 33 28 24 41 22 28 26 29 18 21 29 21 31 15 36 28 30 22 36 27 24 32 40 38 30 35 23 20 24 28 29 20 32 43 20 26 23 37 26 26 41 19 28 21 22 19 20 30 27 38 33 38 39 35 26 29 29 22 28 30 29 33 26 24 26 22 30 27 31 31 24 41 34 37 38 27 30 23 19 19 31 36 24
35 30 28 25 23 25 28 18 21 34 35 26 29 27 31 35 30 35 23 14 21 35 23 22 26 19 34 26 20 25 29 17 30 20 28 32 32 30 21 26 23 27 28 26 43 26 27 23 26 25 24 27 24 25 22 22 21 26 39 28 21 40 29 19 36 26 23 27 25 19 30 25 25 29 29 32 37 29 22 21 23 20 29 23 18 29 31 21 30 17 26 19 30 30 35 19 20 22 13 18
19 16 21 16 23 24 9 32 34 23 41 33 32 27 11 17 23 33 22 23 25 23 27 23 32 31 33 28 28 37 22 28 30 20 14 28 30 23 27 19 29 31 38 30 36 25 32 39 35 20 23 30 27 29 35 24 23 25 22 22 19 26 31 18 17 26 25 18 24 26 26 26 22 25 29 18 24 26 31 25 29 28 24 25 23 32 29 32 23 24 20 22 26 29 38 28 28 24 23 26
26 24 22 24 28 33 30 19 24 32 41 28 34 30 28 27 21 30 22 23 18 29 26 28 19 28 25 19 26 19 16 26 33 28 28 29 19 25 41 30 30 21 24 37 40 28 32 25 23 31 32 23 22 31 27 35 25 15 17 23 21 20 29 17 25 20 26 24 42 29 17 31 19 27 36 33 23 20 24 34 21 24 33 33 26 30 19 25 23 23 29 29 24 24 24 33 27 23 26 23
29 25 33 37 27 18 33 32 40 20 20 23 20 29 20 22 35 21 17 27 19 22 35 16 33 35 28 18 28 29 25 31 42 32 27 33 22 36 31 27 24 27 27 27 37 25 29 26 30 41 25 32 40 28 20 20 30 30 36 27 19 26 22 24 32 27 31 38 26 19 22 24 23 37 16 29 22 28 23 21 28 34 48 21 27 30 21 24 33 11 18 25 31 32 28 13 21 26 29 30
22 32 21 23 28 27 20 21 37 22 34 26 18 31 16 22 22 29 29 36 26 22 19 31 16 19 26 24 25 26 26 14 25 19 12 29 23 29 14 25 27 23 29 22 20 23 25 24 12 23 27 29 35 25 16 24 20 26 23 24 26 30 26 29 21 26 27 22 26 28 26 24 28 33 16 27 23 20 25 19 24 28 26 25 24 30 23 17 17 34 26 30 31 25 34 20 18 34 30 18
15 21 29 32 28 23 31 17 34 34 38 27 26 23 34 26 23 24 23 21 26 26 20 28 27 29 29 17 15 25 29 15 28 32 31 26 43 24 22 23 32 22 15 26 24 25 19 30 29 37 30 28 23 19 26 30 24 27 18 25 24 26 23 22 24 22 30 24 26 25 23 16 23 22 15 29 29 20 27 22 31 26 37 23 30 27 29 23 23 22 24 27 21 31 12 22 32 27 32 28
19 23 35 20 28 31 27 27 18 23 25 22 21 28 24 21 25 27 33 33 22 27 31 27 39 24 26 26 26 30 28 32 24 27 21 23 19 34 31 26 64 63 41 40 30 23 31 17 34 22 28 23 21 29 19 28 29 22 21 28 31 27 27 28 17 26 32 35 26 27 34 22 34 20 36 31 24 22 23 20 31 20 23 24 28 34 23 30 21 29 23 31 29 24 34 19 25 27 23 31
26 29 25 20 22 35 25 36 22 23 20 29 31 32 17 20 24 27 26 10 25 25 28 22 28 33 18 30 19 33 21 28 21 25 25 28 15 21 30 35 33 27 20 25 31 38 28 21 35 34 25 24 27 35 23 37 21 29 19 29 30 32 34 36 31 23 33 59 34 22 31 25 26 23 23 18 33 25 26 22 31 15 24 17 28 27 35 26 38 32 35 30 30 29 27 21 31 22 31 16
24 29 27 26 26 27 28 25 29 29 27 26 33 33 24 23 19 34 23 21 35 27 21 23 24 38 23 21 23 36 26 29 27 30 27 23 28 22 29 20 27 25 34 24 25 33 23 30 28 22 18 23 23 24 28 29 25 27 32 26 25 33 29 26 19 35 29 35 18 25 24 23 29 26 28 28 23 27 35 36 30 30 33 30 34 21 19 24 29 26 47 29 35 23 32 25 31 25 31 29
33 32 22 38 26 24 20 24 30 46 56 24 29 60 54 19 18 24 33 32 30 34 21 20 38 26 32 33 30 23 30 30 28 26 25 20 25 27 27 26 35 26 29 26 39 33 20 30 21 21 26 33 21 22 38 22 30 37 25 36 27 23 34 32 45 27 19 29 29 30 28 18 31 24 36 30 38 17 31 32 34 26 33 32 37 28 33 43 17 37 28 27 26 26 19 25 16 37 35 30
27 32 23 30 38 22 29 28 31 24 28 24 29 45 16 23 24 39 27 26 25 28 20 24 28 27 29 30 23 35 25 35 29 32 33 34 20 21 28 25 32 20 23 28 37 29 31 30 38 32 32 19 23 18 30 35 34 34 26 34 19 33 25 29 29 21 31 25 38 33 35 31 24 24 25 35 24 27 19 19 25 25 24 21 25 30 23 25 14 26 26 19 25 24 28 27 25 32 30 32
25 31 24 21 19 32 27 19 18 22 26 31 26 29 28 34 32 29 37 20 26 16 26 31 35 21 23 23 29 21 28 26 29 32 23 16 31 25 24 21 40 23 23 33 26 26 24 23 24 25 19 26 34 22 29 27 32 19 41 29 31 23 35 24 35 30 26 25 43 33 25 26 27 24 26 27 33 30 24 28 28 36 28 20 23 33 25 24 28 24 22 19 26 18 29 42 31 17 24 26
25 25 18 33 24 34 26 27 29 16 28 32 29 44 20 35 18 26 30 37 27 28 23 23 34 25 28 24 18 29 22 26 31 21 26 23 31 16 33 31 25 27 24 20 22 23 28 28 29 35 29 27 21 31 14 21 25 26 29 24 36 39 30 19 25 17 20 22 28 36 17 24 18 20 23 19 25 26 19 23 27 18 23 23 26 22 24 22 28 31 16 26 22 41 23 26 25 24 23 14
20 22 34 12 26 27 19 17 28 25 30 22 24 27 31 23 45 18 29 25 30 26 26 19 33 25 27 17 17 24 23 22 34 28 26 40 25 21 23 31 34 35 26 20 24 30 17 23 23 18 33 29 28 27 28 18 27 22 40 21 13 34 25 17 27 25 22 18 26 22 31 26 28 27 27 23 30 36 24 36 30 23 30 24 24 23 33 27 23 22 21 29 15 22 29 31 26 31 30 14
39 18 23 23 20 17 24 37 37 25 33 22 27 32 30 18 36 30 22 32 26 22 26 18 31 25 25 37 29 31 22 19 18 30 25 27 25 21 24 21 27 16 25 27 32 25 28 23 21 36 23 18 18 20 18 20 21 15 21 28 27 21 20 30 28 27 29 35 17 26 30 33 25 21 22 25 33 26 25 24 20 36 26 14 24 28 20 21 28 29 26 19 30 34 35 31 28 24 20 29
43 27 25 30 37 24 21 36 29 26 29 27 34 28 31 36 22 32 16 37 28 24 30 28 25 26 29 17 25 34 22 23 27 20 26 25 32 21 25 26 31 24 34 33 27 30 30 25 24 32 29 33 22 22 28 63 52 23 30 31 25 32 19 34 25 27 25 26 16 23 31 24 20 24 33 31 21 23 26 28 28 27 17 26 26 24 38 34 27 13 35 29 31 21 27 23 34 27 26 47
26 25 20 19 32 27 30 39 31 27 31 36 32 31 31 26 27 26 28 23 28 27 20 37 35 35 28 32 30 24 29 28 27 23 28 28 17 33 30 20 44 35 29 25 28 21 35 15 20 26 23 16 27 25 26 22 32 18 22 35 17 23 33 17 23 20 36 26 33 34 26 39 29 20 29 22 29 21 22 21 13 29 33 26 28 19 26 30 22 31 28 11 25 20 19 30 20 23 20 20
13 24 32 20 23 27 27 29 21 30 22 28 26 31 16 27 23 29 19 19 19 19 32 22 31 20 22 18 14 28 21 29 26 19 21 22 17 35 25 33 30 36 19 22 41 26 28 26 25 32 32 43 20 25 17 27 19 19 19 23 24 16 19 21 22 19 27 30 19 32 31 32 23 24 24 32 26 21 30 27 18 29 16 35 29 33 27 21 25 21 26 26 28 32 10 23 41 27 25 29
15 36 20 26 28 23 29 25 28 26 22 29 16 29 31 26 19 30 25 25 15 31 17 26 35 23 21 27 17 25 29 24 20 23 25 28 23 18 24 29 28 29 17 26 33 33 28 28 33 20 31 37 25 29 31 22 22 27 25 16 30 28 24 27 29 37 20 20 22 29 28 25 30 27 15 20 20 25 21 27 28 28 33 35 18 34 25 22 29 22 25 26 28 28 23 27 25 23 40 16
25 30 31 20 25 20 29 25 37 15 29 35 40 27 32 23 27 23 20 23 16 19 17 22 22 20 31 37 30 27 29 22 30 20 33 33 23 16 23 22 16 21 20 22 29 27 25 23 15 17 27 28 21 22 31 24 19 18 25 23 30 23 30 24 32 31 30 16 27 30 21 28 25 23 34 29 32 27 20 19 31 21 23 35 24 21 30 30 19 24 19 26 22 26 29 25 29 28 24 28
16 25 25 23 22 22 15 35 22 18 23 27 16 19 18 26 26 19 23 23 19 22 23 21 28 25 27 12 36 27 24 26 26 24 16 20 23 35 26 24 32 31 17 28 26 18 31 25 43 25 23 20 20 27 38 19 20 31 28 28 33 29 20 28 20 28 33 27 26 24 33 32 32 28 30 22 27 25 28 25 26 27 30 18 24 24 19 34 37 32 29 28 22 33 29 24 26 23 34 30
20 26 22 35 21 27 28 25 27 31 19 28 22 33 27 17 23 28 28 28 18 21 30 25 34 27 33 29 28 37 17 22 23 20 18 27 16 39 19 20 22 27 29 29 14 24 26 27 19 19 18 30 21 33 24 39 31 20 27 27 29 20 36 31 19 20 24 28 22 28 29 25 30 20 24 34 24 29 23 27 27 24 22 25 25 19 25 24 27 20 29 26 22 21 25 34 28 29 32 35
33 18 24 23 31 24 21 31 30 35 32 23 27 33 22 27 20 34 30 23 23 23 24 25 18 34 16 30 24 29 19 23 19 21 33 21 31 22 29 35 24 24 24 34 25 39 25 30 26 25 31 22 18 24 33 26 19 32 24 15 23 24 29 37 21 22 28 24 22 23 16 21 27 30 28 21 21 19 27 21 19 28 22 18 25 19 24 28 30 22 16 25 30 22 28 30 24 25 15 31
19 21 22 19 25 29 31 25 23 24 24 24 32 33 26 22 27 23 23 32 24 24 26 34 27 23 24 22 24 21 29 25 25 25 19 30 20 22 31 18 37 24 18 23 23 18 30 26 21 22 23 27 20 27 25 42 21 31 33 31 26 29 24 30 21 39 27 26 58 33 24 23 37 23 34 25 30 26 18 23 29 30 25 30 23 25 27 27 30 18 30 26 35 40 24 30 29 36 29 37
27 29 24 39 30 16 28 41 19 25 23 35 27 31 26 21 18 20 16 46 28 25 31 31 45 32 23 22 32 34 25 24 25 23 29 29 27 22 25 14 26 25 31 29 14 26 23 20 27 36 26 34 21 30 28 28 24 27 18 22 18 30 30 32 22 21 24 30 28 23 32 31 31 33 10 25 24 27 29 26 16 24 25 21 21 26 20 21 29 27 26 26 32 19 28 25 35 22 23 23
19 17 20 17 15 20 29 23 27 18 24 30 23 21 24 24 13 28 27 31 26 25 26 28 22 24 34 27 18 30 18 14 17 28 22 29 20 15 29 25 22 19 18 24 29 30 29 23 34 18 19 25 26 23 27 21 25 26 27 19 24 33 23 15 32 27 31 28 31 17 25 27 25 28 29 23 23 26 14 23 34 28 14 22 17 19 36 24 24 26 23 35 32 23 50 31 20 22 26 36
40 31 21 31 34 35 12 28 26 26 24 19 26 21 21 29 23 19 29 24 15 39 34 27 20 22 30 27 34 35 16 28 21 31 26 27 30 33 24 26 30 28 28 28 29 31 34 24 26 31 33 31 26 30 27 20 34 31 27 26 27 39 17 21 30 21 14 20 31 19 24 33 23 23 21 24 27 24 20 26 25 28 32 30 30 30 28 23 35 35 20 29 28 29 30 25 29 26 33 22
20 19 30 28 24 35 23 41 30 23 29 16 32 26 29 24 27 19 32 28 25 32 33 36 30 25 20 35 18 20 41 25 31 27 24 23 25 22 20 32 24 25 31 26 34 18 23 26 24 32 23 28 29 31 30 34 25 23 21 30 26 25 29 22 13 32 24 26 32 29 28 32 24 23 30 23 15 25 36 25 29 25 24 27 25 18 18 18 32 19 41 38 38 20 39 29 36 28 25 36
21 24 25 24 23 21 34 38 17 19 17 23 21 20 17 29 20 34 33 21 19 15 22 21 27 21 27 21 32 32 35 24 30 23 29 29 30 18 26 20 19 24 26 25 26 21 20 20 14 32 25 29 30 28 25 24 25 28 27 23 24 24 22 26 37 22 37 24 30 28 24 17 24 19 28 22 19 24 26 25 25 23 26 27 31 25 37 30 21 29 30 24 19 23 27 21 27 24 15 23
28 31 26 31 29 22 16 38 31 23 16 28 32 24 28 23 27 31 18 34 25 17 19 26 24 35 26 26 18 34 27 34 19 27 38 18 19 34 28 25 21 24 24 29 26 37 27 23 29 26 20 26 24 29 19 34 22 26 26 26 29 37 15 25 36 34 31 27 27 14 25 33 34 31 24 22 29 40 18 24 28 34 23 28 23 26 33 30 27 17 29 32 21 20 33 27 17 29 26 25
17 37 16 35 18 29 32 35 20 21 30 22 16 26 21 23 31 25 30 22 25 25 29 37 23 70 24 27 28 31 35 28 21 23 28 24 21 22 30 31 25 28 25 22 37 31 33 16 22 32 20 21 25 21 24 32 22 27 30 22 17 32 29 36 29 23 24 28 30 37 23 31 21 21 36 24 31 28 35 29 19 29 40 39 38 21 25 14 31 28 20 18 36 35 17 20 17 33 21 32
35 24 22 28 35 23 31 24 33 40 27 11 28 25 31 23 21 31 25 13 18 23 30 28 11 34 29 20 36 23 32 16 22 27 28 30 33 21 17 37 20 31 37 22 24 24 37 35 41 18 32 25 25 35 25 28 41 30 32 31 20 26 25 23 28 24 22 21 33 32 26 21 28 29 28 21 24 21 38 20 31 40 21 30 21 16 33 19 20 20 15 24 28 32 28 34 28 19 28 25
32 33 33 32 28 31 24 31 21 23 28 25 33 25 28 18 29 32 26 33 25 29 28 39 28 22 25 21 14 20 32 27 22 23 24 19 21 15 16 30 23 24 24 22 26 20 14 22 27 28 24 31 25 8 16 24 18 17 39 22 23 27 16 27 23 26 20 20 24 25 26 34 18 23 23 29 30 22 27 26 34 23 25 17 31 31 22 33 17 23 22 20 17 17 21 16 30 23 24 30
25 23 23 19 32 27 25 22 27 24 13 22 18 28 23 30 21 21 14 17 40 22 21 19 22 28 24 26 15 22 21 33 29 22 14 28 23 23 19 29 28 18 27 17 22 17 18 24 20 24 21 21 25 23 23 28 31 28 24 32 23 20 26 26 22 25 25 19 18 23 31 24 21 22 24 18 34 25 30 24 25 19 31 20 18 19 25             
