0.333333333333333 1655 22 9 10 9 20 18 13 11 15 17 18 15 11 14 15 17 19 13 34 18 21 23 20 17 15 14 16 15 21 18 24 16 18 23 15 33 19 18 12 21 24 12 14 20 24 29 15 28 27 12 22 17 14 25 17 26 21 16 20 15 16 17 21 16 17 20 21 20 30 28 13 19 15 17 30 14 17 28 13 13 20 11 22 19 19 16 15 20 23 11 16 15 12 20 18 20 14 24
15 20 14 13 22 20 15 11 17 21 18 15 11 14 12 18 11 20 14 19 20 22 21 15 16 10 18 15 17 17 16 15 18 18 20 15 14 14 17 18 18 26 13 14 21 18 14 15 11 21 17 8 18 21 20 18 15 15 14 16 19 11 15 11 16 13 13 10 18 14 15 14 14 20 23 22 12 15 15 24 17 19 17 23 16 26 19 20 21 24 25 18 27 11 16 15 21 27 17 21
18 20 19 17 24 21 25 23 42 23 20 19 28 15 15 20 11 26 20 25 19 17 18 15 12 19 20 24 22 20 15 24 16 32 28 18 20 17 14 16 24 19 19 22 13 28 18 16 13 19 20 13 21 11 12 16 18 19 18 15 19 15 21 13 22 12 17 24 21 22 20 26 14 16 16 19 11 39 12 16 20 14 22 17 21 20 13 17 20 29 14 21 21 12 21 12 20 21 19 20
16 18 20 19 17 22 19 15 10 23 17 8 20 20 18 17 21 12 13 21 17 17 18 13 13 24 21 27 17 17 12 23 8 15 14 15 13 12 21 21 13 14 17 14 16 12 14 16 17 16 16 23 18 13 20 17 19 27 16 23 18 15 19 14 14 17 27 23 15 21 26 23 14 18 16 14 19 19 16 12 19 17 19 19 19 19 17 13 10 15 20 17 23 14 13 8 22 13 14 12
17 19 24 25 9 18 22 21 14 25 19 15 21 22 15 21 23 17 23 12 18 14 21 29 16 15 17 19 21 24 14 18 15 25 18 20 17 22 18 20 19 12 19 12 19 11 10 15 23 14 29 16 13 21 20 13 20 15 17 19 15 22 16 20 16 19 21 20 23 16 11 19 24 23 29 6 17 16 15 15 13 21 15 17 15 17 17 26 10 19 13 18 14 12 15 22 18 18 14 12
11 23 19 22 19 18 11 18 16 21 21 16 16 30 18 20 13 18 16 12 20 18 20 21 23 19 18 17 17 15 16 15 24 19 41 23 18 19 9 12 7 16 8 16 17 20 17 16 14 11 10 18 21 11 18 11 12 21 15 16 20 24 16 14 12 27 17 16 16 8 15 21 26 15 11 22 15 23 16 19 22 18 21 24 17 15 9 18 21 13 16 26 12 14 10 21 25 19 25 15
19 15 16 22 21 21 21 26 16 19 23 13 20 16 14 17 23 17 23 12 13 23 26 6 12 21 18 21 17 21 12 13 26 21 20 11 12 26 15 17 18 14 24 23 18 15 13 12 22 26 19 15 13 12 14 12 10 9 17 12 10 19 20 12 19 10 13 17 15 25 18 18 20 21 15 19 21 23 12 15 21 13 15 15 13 23 16 17 21 18 14 17 20 19 15 13 19 23 24 15
20 19 24 13 17 11 16 18 17 18 15 15 21 13 19 14 15 13 14 20 12 13 17 20 20 18 22 22 15 17 21 16 21 22 21 20 13 19 18 24 14 15 15 38 15 17 16 31 18 22 15 14 20 21 20 20 15 16 18 12 15 19 22 11 14 18 21 16 19 17 27 17 15 26 28 14 20 14 27 19 17 17 18 19 13 16 24 25 25 16 30 40 28 28 26 21 25 21 29 21
22 18 27 26 14 11 18 21 17 21 17 19 17 17 14 12 15 10 18 14 13 21 15 11 21 18 19 17 23 24 20 18 19 17 16 22 20 17 20 23 17 14 21 22 12 17 22 18 23 22 24 14 18 15 19 10 18 14 22 17 19 9 20 21 21 18 15 20 17 19 18 13 19 17 21 25 24 23 13 18 16 14 19 15 16 21 19 11 16 13 16 18 23 13 15 10 15 13 25 15
17 25 15 18 13 22 14 17 20 18 14 18 15 13 18 25 15 15 20 10 15 21 17 19 27 17 15 13 16 12 23 16 17 13 9 26 13 14 16 17 23 20 8 20 25 17 15 18 26 17 23 14 18 13 18 14 27 30 27 18 23 20 26 20 21 15 16 14 21 20 15 12 14 14 27 19 15 18 16 11 19 15 17 29 19 24 19 25 18 20 28 25 23 20 27 24 16 24 22 22
17 17 17 22 17 15 17 22 18 28 11 36 19 17 10 15 20 20 22 18 17 17 17 13 17 25 20 20 27 24 20 15 18 13 23 12 15 21 22 22 14 24 17 18 20 31 20 25 36 12 17 18 15 14 18 10 35 14 17 21 15 19 19 21 11 18 18 14 20 25 21 21 25 17 23 22 20 24 19 19 25 16 20 22 26 13 17 17 14 22 21 10 18 20 13 14 21 12 20 14
18 14 7 21 24 23 27 27 17 17 21 19 15 20 23 17 22 22 17 18 23 19 25 15 20 23 20 13 28 19 19 28 16 25 24 13 12 16 15 16 19 21 15 30 17 18 14 13 11 17 23 20 18 21 22 20 17 19 13 21 10 23 18 16 29 16 21 17 21 23 16 20 22 23 15 20 17 20 21 14 23 15 21 16 17 17 17 24 22 22 20 22 17 17 14 17 21 19 13 19
13 13 15 16 14 16 16 10 14 16 13 16 13 26 10 15 19 14 22 10 31 22 11 12 20 25 24 11 15 24 15 17 20 15 21 17 16 20 11 16 19 16 18 15 13 18 24 16 17 9 16 24 22 15 23 15 18 15 17 20 16 12 14 14 23 19 23 25 17 12 17 18 29 14 19 18 17 20 13 11 15 17 18 18 16 10 15 11 20 20 11 9 16 15 19 16 12 17 15 13
15 13 20 17 16 18 14 23 15 19 26 16 16 14 20 15 17 18 21 12 22 15 21 15 22 18 16 11 13 18 18 8 12 16 13 17 17 15 20 12 21 19 22 23 18 11 21 18 8 21 14 14 16 15 16 12 21 16 15 19 16 12 15 25 20 12 19 25 18 14 11 13 16 14 21 16 16 12 9 15 16 15 16 16 15 19 14 10 12 16 17 14 18 12 21 22 21 18 26 15
11 19 25 15 22 21 19 15 10 13 19 18 22 17 18 19 16 15 23 19 26 22 16 14 18 21 16 24 17 16 19 12 12 14 15 15 15 19 17 19 12 11 16 22 15 27 26 21 17 23 18 21 20 10 17 22 15 15 24 20 11 20 16 21 17 14 12 16 19 17 16 15 18 28 19 22 20 22 19 20 22 24 16 13 21 13 15 19 16 14 20 21 16 15 15 17 20 17 30 18
26 11 11 20 20 17 21 11 18 15 16 14 15 20 21 15 16 12 18 13 17 23 15 13 13 16 23 21 18 16 15 21 24 22 23 20 26 23 25 16 23 7 16 10 18 13 21 14 15 13 21 14 9 11 16 10 15 16 18 20 14 21 15 26 19 15 17 18 18 25 13 13 16 16 16 17 16 15 10 11 9 16 12 7 8 9 10 11 12 10 7 9 11 12 7 9 9 6 11 10
9 13 8 15 14 9 14 14 8 7 11 15 7 10 11 6 5 10 8 8 12 17 10 5 8 5 13 13 7 11 6 12 10 12 12 16 7 11 10 11 9 15 5 10 7 10 13 9 12 6 7 13 16 10 9 9 18                                           
