0.291666666666667 3806 22 17 17 15 9 24 14 26 17 19 6 12 19 29 23 26 14 23 16 12 27 26 32 25 24 33 13 13 25 12 21 27 35 25 15 15 14 29 24 16 27 18 28 19 20 34 35 25 25 21 32 24 26 30 30 23 22 29 30 19 22 24 25 35 39 25 32 40 23 31 36 34 23 40 28 37 37 37 21 21 31 34 32 20 19 20 37 25 34 21 20 17 34 27 38 33 29 20
26 27 34 31 31 33 33 31 26 29 34 37 20 15 21 30 30 33 40 29 20 20 17 23 10 24 41 25 22 19 100 24 12 13 23 24 12 23 29 24 15 14 14 19 20 21 25 26 19 12 37 21 26 28 17 9 20 20 16 10 20 27 28 20 27 38 31 30 35 30 32 23 34 44 30 27 29 26 23 23 28 34 30 30 25 44 34 22 27 30 26 23 30 29 25 33 19 28 22 22
25 22 38 24 14 20 16 28 24 32 24 22 31 22 23 31 24 19 36 35 25 34 19 27 27 26 39 28 23 26 15 13 13 16 15 27 32 26 30 38 24 20 18 33 26 24 31 37 33 22 16 24 19 23 24 24 21 20 22 31 20 22 24 31 40 31 19 32 26 29 12 22 18 27 39 18 18 26 28 20 22 20 27 30 29 18 31 26 22 14 21 28 20 22 26 32 21 11 15 21
22 21 29 22 18 24 37 42 23 34 27 21 17 50 21 26 26 22 21 12 28 20 22 20 30 34 23 28 35 25 32 31 25 24 33 29 33 25 26 21 32 33 29 20 30 39 24 19 14 14 17 15 12 13 39 27 30 21 26 28 34 30 39 29 31 31 26 25 26 23 20 23 28 27 36 21 24 30 17 32 22 19 14 24 17 14 24 24 32 23 33 27 30 23 36 30 42 21 27 25
30 31 18 17 20 22 9 26 31 27 16 35 21 29 21 18 22 15 16 16 26 24 16 25 33 26 19 22 21 22 21 20 17 14 14 19 14 12 14 24 28 21 18 21 23 31 16 24 29 30 27 26 26 26 37 35 30 35 20 23 26 32 26 22 30 36 20 24 18 25 15 21 24 26 24 35 31 32 30 28 28 19 32 26 23 23 28 29 14 29 36 38 26 26 23 29 36 26 12 23
24 16 21 22 19 12 18 14 26 13 22 24 22 31 35 29 22 29 36 21 26 35 22 23 23 20 26 35 24 31 20 23 23 35 38 14 35 38 22 25 15 26 36 36 26 26 23 43 35 31 31 35 28 24 32 46 38 29 15 15 27 24 20 20 22 21 33 25 28 21 18 33 28 28 20 27 26 23 24 21 20 19 11 18 21 26 20 33 30 21 28 20 32 19 24 14 24 11 21 26
29 30 16 24 24 27 25 21 10 13 23 36 24 21 23 23 24 23 16 20 29 21 25 20 37 34 21 25 29 34 35 22 26 30 32 23 22 30 13 18 22 24 20 24 14 38 34 34 26 25 27 27 26 36 32 26 25 30 25 28 29 22 14 25 21 31 14 42 31 32 21 19 29 31 27 23 18 20 19 29 29 37 27 25 32 21 35 26 31 25 26 19 31 18 31 30 23 19 28 19
27 23 31 20 15 15 24 25 19 20 22 23 14 27 26 23 29 20 12 20 11 18 28 23 20 12 23 20 22 32 28 39 24 35 22 20 20 25 38 27 21 30 28 26 17 24 17 24 25 27 13 13 34 28 35 25 21 18 20 19 28 25 30 25 18 20 15 16 30 22 16 24 23 29 29 25 38 25 23 22 22 24 33 36 27 30 23 25 20 26 21 24 18 28 27 38 28 24 33 42
26 40 38 42 34 36 20 28 34 31 44 31 37 33 37 34 36 24 22 41 30 38 42 22 30 37 31 44 27 36 19 35 31 36 34 24 22 29 26 18 35 33 20 21 25 36 26 16 19 33 29 31 39 35 34 42 29 46 33 34 24 34 32 38 49 39 33 35 31 40 35 37 44 35 37 44 45 28 35 31 18 27 31 28 34 29 28 22 30 33 38 21 31 26 28 20 15 31 15 21
25 15 26 37 23 21 35 24 25 28 28 31 23 22 22 20 31 16 19 35 31 27 13 26 15 27 28 32 28 41 32 32 30 48 35 34 42 32 42 30 27 27 29 27 39 27 32 25 17 27 33 24 18 21 22 22 29 25 29 30 10 33 41 33 32 44 29 35 33 30 28 37 30 22 19 41 36 40 37 31 40 32 38 35 27 45 33 41 29 28 20 27 19 24 30 29 20 29 19 28
27 22 28 11 12 18 12 15 10 34 22 22 29 32 37 27 31 46 25 24 27 23 34 25 36 30 32 27 27 24 30 26 29 16 21 25 28 29 25 20 30 20 18 10 25 20 38 17 20 33 41 30 18 39 49 15 29 31 32 32 32 23 22 30 26 25 28 39 39 26 13 24 65 24 25 15 39 28 27 19 17 15 22 24 26 43 36 32 18 34 26 17 28 30 29 32 30 17 29 29
40 16 11 21 19 13 19 14 27 15 17 10 12 25 18 26 15 18 13 10 24 17 25 18 21 32 27 34 23 21 39 19 25 19 29 32 40 33 25 21 18 6 22 22 19 27 19 24 23 33 29 23 17 17 30 22 20 21 32 28 29 22 30 31 25 15 74 24 39 39 36 18 30 19 29 17 36 34 30 31 34 29 36 46 25 32 28 42 35 29 31 36 30 40 38 63 33 29 32 36
34 27 39 29 31 30 13 18 10 26 25 34 10 28 31 32 39 25 16 23 14 18 24 20 13 6 20 21 13 12 7 27 17 30 15 15 23 29 19 17 30 27 27 26 18 28 29 28 25 21 30 14 14 20 12 20 35 35 29 12 28 33 24 33 20 25 16 21 23 32 11 19 28 24 28 29 10 17 23 30 27 37 16 27 21 24 23 22 17 30 19 15 39 24 16 29 28 11 19 17
15 15 25 23 32 17 24 31 39 18 40 36 32 44 37 34 45 33 27 29 32 28 17 21 20 23 28 33 30 33 33 27 18 31 22 29 34 35 32 43 25 20 39 35 32 45 24 17 25 20 22 28 22 21 10 29 25 30 32 25 21 29 21 21 26 21 26 24 25 30 25 25 34 30 39 24 23 39 30 19 27 21 26 36 34 18 34 32 36 40 25 32 42 35 34 28 26 37 28 39
39 38 21 28 17 26 25 29 25 19 20 17 15 18 23 11 10 7 27 14 27 20 22 19 23 21 37 21 26 34 24 20 29 23 21 22 34 21 26 35 30 21 21 23 17 12 19 22 24 15 20 14 20 26 12 15 19 11 20 15 20 27 22 11 17 19 26 25 22 16 30 23 20 21 19 13 15 25 29 27 42 26 35 20 30 25 20 23 27 22 25 15 24 32 21 23 26 26 30 29
18 27 18 15 36 26 25 37 15 41 30 25 15 24 21 29 29 15 20 25 21 25 15 19 29 22 21 24 37 32 35 20 18 14 31 25 18 23 26 15 27 26 17 23 35 27 23 27 31 15 26 15 28 23 31 27 24 28 32 32 27 28 21 28 23 37 38 30 17 52 31 25 25 15 30 19 27 26 26 24 30 30 38 28 31 29 27 38 24 22 17 33 30 32 19 40 25 28 31 25
19 16 14 26 25 25 27 18 31 35 25 18 27 31 19 22 19 21 20 22 28 21 32 28 26 36 33 25 29 33 27 36 31 32 41 28 25 27 36 23 22 34 27 32 14 33 39 22 26 27 27 24 18 27 34 20 31 36 11 34 20 31 31 30 19 26 24 28 30 41 31 20 25 23 30 22 25 26 30 16 23 24 30 25 21 30 21 27 26 17 26 24 17 28 32 20 26 8 24 35
23 32 28 23 30 27 51 32 25 28 19 12 14 15 20 35 27 19 23 19 30 16 28 29 21 29 20 27 22 34 18 16 20 7 31 21 26 23 28 15 29 24 16 28 23 21 18 15 21 17 15 19 24 15 23 24 20 14 16 13 13 17 9 21 27 39 33 16 29 20 19 31 21 26 22 25 19 20 32 18 28 40 33 18 12 16 21 14 21 26 22 17 25 22 21 25 31 26 35 29
25 35 42 21 23 24 18 35 32 15 34 22 22 73 17 21 25 13 40 30 23 19 35 35 34 43 28 24 36 24 23 39 28 27 32 35 34 29 40 34 42 32 50 30 31 37 34 37 19 28 31 36 30 24 22 24 30 17 23 23 10 21 33 19 18 20 10 16 11 20 26 27 14 13 12 14 10 19 19 19 12 6 17 13 26 19 18 21 16 24 20 21 17 21 31 24 38 33 35 29
33 25 24 31 20 21 27 28 33 14 16 27 15 17 17 24 21 27 30 34 20 23 20 30 40 31 34 18 15 28 29 38 29 29 27 21 17 30 14 12 17 18 26 29 22 13 11 19 17 18 18 11 25 27 14 11 21 29 27 24 28 24 10 16 14 20 22 31 18 20 22 28 23 19 19 23 31 24 19 21 24 25 24 25 30 33 33 24 27 24 27 22 27 46 30 26 44 44 48 41
22 42 31 32 24 31 38 28 31 35 24 34 22 31 25 28 32 25 35 32 36 29 41 31 30 24 35 29 15 19 37 24 39 37 25 33 16 14 22 37 28 34 34 26 22 26 20 23 28 24 32 19 19 23 13 24 17 23 29 25 36 28 38 24 19 29 26 19 19 20 13 20 15 16 16 11 15 22 22 29 16 25 22 21 18 32 15 21 28 16 9 21 23 32 32 36 38 39 30 36
31 32 32 28 20 22 32 30 32 27 26 18 15 25 20 26 21 22 22 27 36 38 36 40 32 25 37 39 27 23 29 38 33 26 21 33 26 31 33 25 24 20 29 33 21 30 27 26 37 31 35 28 37 31 22 17 17 20 16 28 28 30 31 15 16 17 18 32 25 38 39 30 18 35 30 26 20 27 23 18 29 21 28 28 22 18 21 23 22 19 24 23 38 37 26 27 39 23 33 30
33 24 36 35 39 19 24 31 29 30 31 25 33 34 45 23 33 33 30 25 30 21 44 27 15 30 36 32 36 40 33 23 40 31 23 27 10 10 37 31 21 21 30 42 44 35 40 26 41 31 35 26 37 32 42 40 44 30 21 26 37 32 38 24 27 30 33 27 33 26 27 44 43 33 37 35 30 36 43 32 40 46 33 30 21 18 23 26 21 25 20 20 20 24 23 21 33 19 26 37
30 18 16 45 46 27 30 36 19 20 37 12 32 31 36 16 42 23 23 32 29 48 30 31 21 31 26 33 16 26 25 31 29 40 20 27 36 14 31 24 20 19 22 29 20 33 26 28 33 31 35 18 32 31 34 26 23 24 32 28 30 29 31 24 26 33 29 26 26 25 27 26 30 31 23 37 34 30 35 33 37 33 37 16 15 18 30 36 32 30 32 37 35 29 27 41 26 31 26 45
41 39 38 29 27 38 26 43 26 27 37 28 50 41 35 32 29 28 36 41 31 25 38 26 34 21 20 24 24 12 35 35 31 24 27 25 27 25 31 31 28 30 28 30 30 29 31 9 25 35 33 27 24 32 40 34 25 32 26 19 36 20 28 26 33 21 35 38 40 45 25 25 28 32 27 24 19 35 21 31 41 28 34 29 23 31 31 40 25 30 49 39 34 43 19 26 32 26 27 23
21 21 24 28 18 22 31 35 22 36 37 33 23 22 28 38 20 19 32 18 15 17 26 27 29 29 32 30 26 8 23 25 33 20 36 26 43 25 31 30 37 29 25 46 34 19 19 14 27 33 37 29 25 35 44 36 31 31 26 32 36 39 44 38 34 41 39 26 44 45 35 29 28 33 26 35 44 22 31 26 31 22 22 23 32 38 26 34 29 30 25 29 24 19 24 25 15 15 22 29
20 18 35 15 28 33 35 15 21 25 33 32 32 20 38 38 33 33 29 33 31 32 23 22 24 30 22 26 22 35 25 31 25 26 26 31 25 32 23 32 32 41 27 31 20 15 23 14 31 21 15 20 16 34 31 12 21 27 10 25 24 30 45 31 31 42 23 25 22 29 33 29 22 33 27 29 21 32 20 38 25 17 22 36 21 25 17 24 25 34 39 35 28 20 25 33 31 34 27 33
39 33 22 28 23 28 29 21 28 40 30 35 34 26 29 20 24 30 31 38 31 48 28 25 20 34 28 30 23 20 22 27 37 23 28 28 20 23 31 39 26 33 29 27 36 33 22 27 26 28 33 14 28 41 28 34 18 16 18 22 21 38 33 16 30 21 29 19 26 35 22 21 23 27 20 23 25 25 26 35 14 27 27 26 28 25 17 28 26 40 34 35 32 31 32 47 31 36 36 37
25 32 30 32 30 20 27 21 25 19 24 32 20 24 10 17 22 16 29 17 14 33 18 29 15 13 10 22 15 21 22 24 30 17 37 21 19 32 33 21 19 20 29 20 14 29 16 30 35 31 30 19 28 17 24 25 12 13 16 18 20 24 24 23 22 27 26 37 49 31 40 34 33 32 38 22 26 22 19 21 28 29 32 41 31 20 33 23 28 28 29 36 41 30 41 38 35 41 29 41
36 36 33 29 40 37 30 31 36 31 25 33 42 40 40 31 33 31 32 44 26 14 24 34 19 36 35 30 20 28 20 29 19 13 22 22 20 30 25 21 26 25 34 29 39 25 12 40 33 33 26 24 16 20 30 42 30 30 37 22 32 23 36 35 31 26 25 42 26 30 35 27 38 29 36 26 31 38 32 41 27 22 29 23 27 21 9 15 45 32 43 39 26 24 28 28 29 18 21 24
27 22 28 25 32 32 29 28 34 27 32 23 28 19 40 25 23 30 15 29 22 20 22 20 37 28 20 21 33 23 27 27 28 18 23 18 29 12 27 25 13 20 21 17 18 29 26 29 28 23 24 38 21 31 16 32 27 24 35 22 33 29 26 28 13 18 26 25 19 12 21 16 17 18 29 24 34 30 32 36 27 30 33 34 25 28 24 26 27 24 30 31 28 35 23 21 22 25 27 22
36 26 35 32 37 25 15 16 12 19 33 19 17 16 27 23 30 28 17 23 21 18 30 33 24 12 33 36 32 28 23 27 33 34 31 31 24 38 37 25 24 17 22 24 25 15 30 40 39 36 35 15 16 25 30 22 23 17 22 25 15 15 30 16 17 30 30 27 33 25 27 37 32 31 25 28 32 36 31 28 18 24 29 21 36 24 29 44 34 25 30 32 40 8 27 26 26 26 18 19
17 30 31 22 19 24 36 25 23 24 15 16 21 40 37 30 19 22 25 26 23 19 25 32 27 21 34 24 33 36 30 44 42 28 22 12 19 37 19 33 30 39 36 21 20 24 41 30 31 25 26 22 25 41 34 34 16 23 13 11 13 25 27 38 35 28 34 22 42 27 26 19 19 30 19 28 38 40 20 24 30 34 21 12 19 21 22 30 32 32 30 26 31 36 22 26 26 24 34 36
32 31 37 24 26 31 17 28 13 21 24 27 26 22 24 29 15 16 23 18 25 39 42 29 34 24 18 18 34 24 24 26 21 15 14 21 26 26 43 39 31 43 21 33 25 24 22 28 19 30 21 19 21 27 18 22 25 20 20 27 27 35 20 34 22 25 17 28 30 32 26 33 25 22 31 12 24 27 28 21 14 20 19 19 20 28 31 29 24 31 22 30 27 36 24 30 35 22 40 24
24 17 36 37 30 30 26 24 26 33 31 29 27 29 29 36 38 30 34 24 29 23 23 22 22 34 32 16 26 17 39 24 19 22 14 15 32 19 36 28 25 23 20 36 24 23 19 19 22 21 17 17 18 25 42 21 33 32 37 38 33 32 27 46 25 35 32 29 29 35 37 30 24 34 31 34 14 24 34 21 18 34 29 22 30 26 18 27 21 22 25 20 22 33 22 26 16 28 28 27
24 22 22 30 25 35 29 25 32 17 15 20 20 11 24 20 35 28 36 31 20 17 13 17 27 17 27 24 15 33 26 27 23 27 35 37 39 35 32 28 26 18 21 23 35 14 16 26 31 18 26 24 31 30 32 25 28 26 43 32 34 35 20 34 40 33 29 31 32 22 38 35 34 29 32 17 35 29 19 16 19 11 27 9 14 31 24 45 32 30 25 24 28 39 28 15 28 37 22 33
24 31 23 24 23 23 27 26 24 33 17 21 11 30 16 22 16 18 35 33 20 37 26 26 19 19 22 12 22 21 24 27 23 28 13 24 24 19 19 35 26 35 22 31 16 16 10 14 12 13 19 18 22 19 24 16 19 14 13 18 11 11 12 16 11 13 16 12 21 15 10 15 12 14 19 12 15 15 18 15 17 5 7 14 6 14 14 18 13 7 20 10 13 10 9 14 23 21 16 9
19 9 11 16 10 11 19 23 15 18 20 16 15 15 17 19 11 18 14 15 11 18 11 12 17 21 13 15 16 14 20 21 25 24 11 13 9 14 8 17 13 12 10 17 15 14 14 11 20 11 17 15 12 15 12 14 17 4 18 14 16 15 17 9 10 5 15 16 12 13 24 17 14 18 10 10 28 15 22 16 14 11 15 17 16 14 9 17 6 4 24 18 9 19 8 15 17 8 8 13
4 9 7 8 16 14 9 16                                                                                            
