0.5 2568 20 24 13 33 12 13 10 19 18 17 17 9 15 12 19 22 23 15 19 15 13 19 17 12 21 18 16 21 19 23 13 15 19 22 21 16 13 18 23 19 14 10 19 12 15 16 15 14 16 13 23 17 22 18 19 11 20 20 14 18 11 17 12 13 13 14 22 5 11 18 14 14 16 15 21 15 25 11 21 17 23 35 36 10 17 14 18 24 21 21 24 21 25 12 26 16 20 17
18 12 17 15 20 14 21 16 15 23 20 17 13 14 11 18 15 19 17 13 11 17 19 18 16 18 17 18 14 22 18 15 19 19 12 19 13 18 13 13 12 16 12 10 16 19 14 15 24 18 20 13 10 16 16 17 25 23 24 16 11 13 20 18 12 18 17 19 16 17 16 18 18 32 18 19 22 22 14 15 17 17 13 18 16 15 20 13 22 20 19 15 13 22 19 17 14 18 9 20
23 11 14 17 14 20 22 19 18 13 13 14 20 11 14 8 15 16 16 16 20 14 10 20 20 16 21 21 14 13 14 20 19 15 16 16 17 19 13 15 17 21 13 17 13 12 20 18 20 13 12 9 26 13 16 12 12 21 31 18 21 12 15 16 18 13 14 13 13 19 21 17 11 16 13 13 14 11 17 20 14 20 16 12 19 15 13 21 20 23 18 20 21 13 12 21 18 23 18 18
13 13 12 18 22 16 24 23 16 18 14 18 14 20 16 9 12 17 14 16 13 13 11 11 9 16 15 17 8 24 10 9 10 14 16 16 15 12 15 20 16 16 15 17 11 15 13 15 6 17 23 16 17 16 14 19 24 13 15 10 12 12 15 12 22 16 11 16 21 19 15 18 10 11 18 19 21 22 13 18 15 16 19 17 20 14 18 17 14 24 14 20 18 10 16 17 16 15 22 17
12 18 18 11 21 8 17 16 18 17 17 14 20 18 22 13 17 14 22 12 20 11 20 27 13 14 15 13 18 9 16 18 15 16 21 17 7 16 14 10 18 8 15 16 27 14 10 16 10 14 18 13 19 21 20 15 14 14 10 17 21 20 11 18 17 15 7 14 19 8 24 13 9 13 12 17 29 16 14 14 20 21 19 17 25 14 17 17 16 11 19 20 17 16 21 21 15 13 11 16
19 10 20 9 10 16 16 13 15 21 17 15 11 13 15 8 18 14 10 20 15 14 22 23 9 10 20 17 19 13 14 13 19 10 17 14 18 14 14 16 15 17 13 22 16 15 17 14 26 10 15 19 21 15 22 11 15 16 15 36 22 8 9 9 8 14 12 19 17 37 33 13 15 11 16 15 15 15 15 17 16 19 16 16 11 19 14 21 9 19 24 16 15 12 6 17 16 13 17 9
19 12 13 11 17 14 12 14 11 21 19 21 14 14 20 19 14 13 27 16 16 14 14 22 14 21 19 19 10 15 18 14 17 18 16 13 30 15 19 22 15 20 22 20 16 19 21 11 13 15 25 19 20 17 14 59 43 24 17 17 15 13 20 14 16 16 16 19 23 14 16 23 17 13 12 14 22 30 16 26 13 29 22 16 23 13 17 18 13 15 13 11 15 12 19 13 13 24 22 16
14 26 14 14 12 13 16 12 14 19 14 19 20 16 14 14 16 17 12 12 14 15 11 16 10 13 13 18 13 10 20 9 25 22 12 19 22 13 14 17 12 11 9 15 16 12 17 15 13 8 13 17 13 16 15 14 13 10 21 9 12 12 26 18 12 27 16 12 14 19 14 12 13 17 9 16 15 14 15 14 17 19 19 20 21 13 18 19 19 11 18 12 11 20 20 20 19 17 23 18
13 18 46 12 13 17 20 21 23 13 15 18 12 16 23 12 13 12 16 10 28 11 26 9 19 20 14 13 13 13 21 13 17 14 19 23 17 16 18 22 13 17 20 19 24 16 22 21 14 12 14 13 22 22 16 7 24 24 19 10 13 19 15 9 10 13 16 19 23 18 14 17 16 18 15 15 16 12 19 21 17 19 15 14 19 11 19 12 13 22 20 28 13 13 14 9 20 14 16 16
19 19 14 16 21 20 14 11 25 12 14 15 18 21 18 10 14 10 12 20 28 16 17 15 18 12 18 21 14 17 16 21 24 15 28 21 14 18 14 19 11 23 8 18 9 16 15 21 18 12 16 11 16 13 12 12 15 10 16 17 8 12 22 18 15 11 12 16 14 13 9 18 14 12 13 20 19 17 15 21 21 11 21 16 10 19 12 18 15 14 28 17 14 15 13 13 10 14 20 14
20 17 16 15 15 16 16 14 15 12 14 16 14 11 19 13 11 20 19 15 10 13 22 13 12 22 12 14 16 8 8 11 10 14 23 10 12 16 16 17 9 18 15 15 13 13 15 13 15 15 14 18 15 20 12 10 15 11 27 19 21 21 13 16 15 8 17 11 10 13 14 17 15 19 10 12 9 24 12 16 21 14 17 12 16 20 15 15 16 13 16 12 14 13 13 18 12 13 13 22
18 19 20 10 11 11 6 19 13 13 18 17 16 15 16 16 16 11 14 8 15 19 10 17 13 22 7 15 16 14 13 16 17 16 23 23 12 17 17 12 25 18 18 23 16 14 20 13 15 19 17 21 21 20 15 13 19 20 10 15 17 15 20 22 20 20 11 11 12 15 13 20 14 14 8 23 26 19 16 30 15 24 18 13 14 21 14 16 22 13 17 13 14 18 17 25 23 11 15 13
18 14 16 14 14 21 14 22 13 21 14 10 17 24 19 19 19 10 17 18 13 15 14 21 14 19 13 15 11 18 23 23 15 16 10 25 15 19 15 18 18 22 21 24 14 21 20 21 13 17 20 19 15 18 20 15 16 14 15 21 11 16 20 14 18 19 27 12 13 19 15 19 24 17 15 18 18 17 16 12 11 23 11 8 23 9 18 9 20 13 39 5 15 17 15 13 11 23 16 13
11 15 24 23 17 16 16 20 13 12 15 13 12 17 16 20 13 9 20 14 15 17 13 19 12 12 17 17 11 13 17 19 9 24 13 16 12 18 19 17 17 11 19 12 19 13 13 12 15 11 18 16 18 13 16 29 16 12 18 20 19 11 18 14 12 14 19 14 21 16 16 7 12 15 15 13 23 17 21 20 22 11 19 18 20 11 21 14 22 18 18 17 11 15 19 16 10 17 19 16
19 18 17 17 18 19 24 18 25 14 20 16 19 20 24 10 30 14 17 17 14 18 19 14 21 14 14 11 15 13 11 10 15 20 17 17 14 11 11 14 12 12 25 14 28 11 19 21 17 14 14 14 17 15 17 14 13 10 17 21 18 10 11 14 12 12 10 17 10 12 14 19 17 9 11 17 17 13 11 12 17 13 16 10 21 15 16 14 14 13 21 20 21 15 19 15 7 12 16 18
12 11 10 11 14 12 18 14 14 12 25 18 14 13 20 21 18 18 20 13 15 16 16 19 16 17 12 11 14 16 17 14 13 19 10 16 22 19 9 15 24 18 17 21 16 15 12 16 14 22 10 22 23 16 13 13 15 11 11 9 18 13 16 10 23 17 17 15 16 15 18 17 10 15 16 14 12 12 23 22 16 15 14 9 14 13 9 14 16 14 20 5 12 11 17 12 19 17 9 19
13 16 23 16 17 21 20 14 16 28 15 15 13 21 19 23 16 18 11 15 25 17 19 12 19 26 15 22 18 25 15 13 18 20 11 17 15 18 30 26 17 23 16 18 9 23 16 19 17 12 13 15 17 27 15 12 16 17 12 15 13 14 24 13 10 21 23 16 24 21 19 20 16 19 11 14 12 30 18 19 24 16 21 12 16 17 16 13 22 18 19 14 12 15 20 17 18 17 15 12
24 24 17 15 25 14 15 13 17 19 10 18 24 18 18 11 15 20 13 19 14 20 20 13 18 12 16 15 15 17 13 15 21 18 21 20 15 15 14 14 17 16 24 17 22 16 9 17 16 13 11 19 17 15 19 14 12 19 19 18 15 12 11 20 20 16 22 12 21 22 11 17 13 8 23 19 19 17 14 16 17 14 17 14 19 14 14 16 13 21 16 20 16 13 27 11 18 18 9 16
11 12 17 10 13 19 10 18 12 16 8 19 17 14 14 11 11 24 20 18 25 12 14 22 22 11 8 15 11 20 16 17 19 14 11 11 17 15 13 10 13 14 12 20 13 25 14 17 13 21 24 10 17 10 20 15 15 9 10 17 15 19 21 17 11 17 17 11 15 18 19 18 12 17 13 15 17 20 19 16 19 21 11 17 15 19 24 17 14 11 19 16 21 12 12 13 19 12 10 16
19 14 13 15 19 14 16 10 16 19 12 12 10 11 20 16 11 10 15 17 14 12 16 17 16 23 17 12 17 8 18 18 17 15 11 13 20 11 11 11 16 13 18 9 13 13 14 10 13 17 21 14 19 18 27 13 10 15 27 15 16 17 14 10 19 11 10 17 17 16 15 14 15 15 11 16 19 18 17 19 13 12 17 14 15 20 18 5 13 10 11 23 12 18 18 19 21 18 31 20
17 17 14 19 20 15 12 13 20 14 17 14 9 14 14 12 11 16 16 13 17 15 19 14 11 13 18 9 14 21 20 15 17 21 21 10 14 14 16 14 12 15 19 14 11 23 25 13 19 15 14 14 24 5 13 17 10 13 20 14 25 14 16 16 15 15 17 12 18 18 9 14 17 17 16 11 12 15 16 10 14 23 16 15 12 20 15 16 13 21 21 26 13 15 21 10 13 20 17 24
14 14 24 12 21 13 14 13 19 14 17 13 17 18 16 12 16 10 14 20 17 24 12 19 15 27 14 21 20 13 20 18 20 19 21 8 21 21 23 12 19 11 14 22 16 15 21 18 22 16 16 18 12 14 20 19 17 10 14 16 13 10 11 10 16 24 13 16 17 11 17 16 15 9 14 17 10 21 12 14 13 16 8 13 15 20 13 19 14 20 19 21 23 17 19 24 14 12 25 16
21 17 18 16 21 15 18 16 18 22 16 16 17 14 15 20 13 18 15 12 17 13 19 19 13 12 15 18 12 21 11 16 17 19 17 28 13 12 15 19 13 11 18 29 16 13 16 17 9 13 17 15 17 16 17 15 15 11 15 11 13 13 21 16 11 13 24 6 25 20 22 16 8 14 9 19 13 12 10 12 18 19 15 12 27 16 19 16 15 11 15 20 17 20 16 16 12 10 12 16
12 13 20 18 17 18 13 21 17 17 19 30 26 18 13 20 15 12 22 13 15 11 11 11 12 15 15 15 18 23 16 15 17 17 17 20 15 7 19 23 10 23 16 17 12 22 23 22 18 17 15 17 22 10 24 17 16 13 20 16 17 14 26 19 15 19 10 19 16 17 7 11 17 14 15 12 20 17 22 12 19 15 18 16 20 13 17 15 14 17 9 12 12 15 20 18 18 15 8 19
16 15 14 22 14 11 16 14 22 24 10 13 20 16 16 15 22 13 23 14 11 11 11 17 14 14 15 21 17 23 18 20 15 18 22 24 9 18 13 8 19 9 13 14 9 11 15 11 11 25 17 12 12 15 17 9 13 15 17 18 11 28 15 22 22 16 10 27 19 17 13 23 11 12 12 16 12 24 15 18 19 25 14 14 18 18 14 19 26 20 12 17 13 20 10 8 18 13 19 18
17 12 14 13 16 15 16 20 13 24 20 9 16 13 22 15 20 10 19 7 16 15 10 16 13 10 16 31 22 9 13 20 16 19 21 17 13 18 27 15 22 19 15 9 10 13 19 15 17 15 19 19 17 25 19 14 17 15 14 14 14 15 16 10 17 15 11 14 22 15                              
