0.46875 2281 14 34 22 24 25 25 47 45 48 30 41 26 35 31 29 31 36 40 24 42 36 33 45 36 31 22 27 37 28 30 18 39 30 27 28 28 27 24 29 38 33 24 24 20 39 39 25 28 33 31 34 20 41 39 30 36 26 34 34 28 30 40 40 33 22 32 37 37 30 28 35 29 33 24 23 28 35 29 32 26 34 30 39 37 23 46 37 30 32 35 26 24 30 25 30 29 27 39
28 31 31 32 24 27 31 18 25 34 32 38 34 34 38 39 29 26 42 34 23 33 30 31 35 27 26 23 26 37 28 27 32 12 34 37 37 33 34 25 37 31 23 23 22 34 36 27 42 37 26 29 37 30 35 33 39 38 25 35 30 34 36 29 25 32 25 17 32 36 28 22 32 34 26 28 33 34 22 22 24 24 31 27 25 30 38 32 25 25 27 22 29 22 37 30 30 27 26 31
28 35 20 25 22 19 33 24 33 45 27 26 30 33 26 38 32 26 26 29 39 25 33 45 43 34 29 28 33 33 29 32 34 26 45 30 24 31 35 31 30 32 38 32 41 26 31 19 40 32 21 39 23 32 23 28 37 33 35 24 36 26 32 32 30 24 41 18 39 31 40 31 30 45 34 30 33 35 28 20 38 30 38 30 39 34 41 34 19 36 27 28 28 33 33 26 23 35 27 22
13 26 25 38 24 39 38 31 25 32 19 37 25 29 36 38 28 23 28 31 29 35 27 31 21 30 38 29 25 28 33 35 32 28 35 33 30 25 38 45 36 31 30 39 26 19 31 24 30 40 25 29 46 24 28 33 31 40 23 24 27 37 31 28 44 31 39 33 21 30 30 30 23 29 24 34 37 26 35 25 27 45 18 23 39 28 29 34 36 31 42 32 29 27 31 31 33 25 30 37
39 40 39 41 25 55 34 23 41 27 27 33 30 33 34 27 38 16 25 34 33 39 40 22 26 33 28 24 34 27 28 24 28 36 35 40 39 28 12 22 24 31 31 28 28 36 32 25 30 22 40 32 21 26 32 27 18 33 24 34 42 30 28 28 20 40 37 29 28 29 29 28 33 28 35 37 35 30 40 34 31 37 37 32 23 29 19 31 24 23 23 32 29 33 32 24 39 34 30 44
33 26 43 22 27 36 26 38 34 26 36 31 30 31 25 33 32 34 21 36 30 25 26 38 35 34 25 36 41 28 26 30 25 18 22 24 33 26 25 31 33 25 35 24 27 26 34 37 27 36 25 42 39 26 28 28 26 29 37 35 29 26 34 17 27 39 25 39 34 61 7 52 27 34 25 26 22 29 17 28 22 32 28 26 18 22 31 21 39 25 27 34 31 34 46 26 38 35 33 22
45 36 25 33 28 30 29 38 33 12 33 30 24 29 36 29 31 30 37 28 32 34 43 26 26 27 18 27 31 30 32 30 24 29 33 41 19 32 24 31 33 32 37 24 45 18 39 35 24 27 63 17 83 59 25 32 25 34 19 32 45 26 30 23 38 35 31 28 39 20 35 28 28 26 30 32 37 32 34 38 36 31 32 25 37 41 35 26 31 32 35 36 26 39 31 36 37 29 33 34
20 37 11 32 34 29 39 42 38 34 36 28 35 22 33 28 38 27 40 29 35 38 20 31 19 21 26 26 20 25 38 29 33 31 38 25 30 32 41 22 29 33 29 31 23 30 37 27 17 29 18 22 34 41 21 35 37 29 29 42 34 29 34 38 36 34 28 32 26 31 37 30 30 32 26 50 25 32 23 35 30 29 37 50 28 28 30 37 48 28 35 28 27 20 29 25 43 45 37 16
10 30 38 16 29 31 42 27 23 24 31 30 31 36 14 28 32 38 26 29 27 21 28 21 24 31 37 40 39 37 30 19 34 33 47 31 36 36 32 26 28 44 33 33 31 33 27 34 27 40 29 43 31 35 34 32 29 41 29 35 33 35 34 26 38 30 31 33 35 40 34 32 36 32 38 24 37 31 38 21 22 24 35 28 38 39 26 38 36 34 41 30 36 31 32 16 34 36 28 29
35 25 33 26 31 34 33 28 19 24 42 42 33 32 26 31 42 35 29 39 32 40 31 18 36 8 63 24 44 38 32 33 30 32 47 31 42 30 34 25 48 24 36 29 37 29 16 30 24 40 43 28 32 32 28 35 27 34 33 25 29 27 31 35 36 34 31 35 42 34 28 17 37 26 28 25 35 38 26 22 27 42 29 30 26 21 23 29 41 33 22 29 33 32 24 37 34 32 21 33
30 37 20 32 37 16 30 31 19 25 18 46 26 23 36 42 25 34 33 36 27 29 29 9 21 45 23 21 29 23 29 32 29 27 27 41 27 23 36 29 25 32 24 23 26 20 23 38 30 27 23 32 28 31 35 33 31 23 29 21 35 24 26 28 33 25 34 28 32 21 21 23 40 34 29 40 45 39 29 34 30 23 15 29 33 39 25 18 27 28 19 22 34 23 34 35 28 32 28 25
27 38 34 32 26 39 26 33 22 30 31 25 39 30 33 33 32 33 37 28 34 29 34 32 30 34 25 29 30 36 34 29 32 35 29 38 27 30 25 45 27 31 33 30 38 28 35 32 26 35 26 35 41 26 38 22 34 35 24 33 24 40 34 39 35 42 25 39 72 38 51 28 43 39 31 24 35 28 30 39 21 27 34 28 30 33 32 25 45 36 32 41 35 28 33 27 28 40 26 38
35 38 28 18 27 27 27 25 30 36 32 39 49 28 26 22 39 38 31 31 24 35 26 24 34 32 20 24 30 20 28 25 28 53 27 28 25 25 33 25 23 32 14 33 28 28 23 19 35 38 25 25 45 28 41 32 34 37 30 25 34 35 33 32 29 39 23 31 21 36 30 39 25 37 34 31 31 38 30 25 36 30 33 41 28 28 41 24 24 26 23 20 20 24 25 23 22 38 24 25
27 31 29 35 28 23 32 39 42 27 25 28 27 36 24 48 34 28 38 29 16 24 29 16 30 42 22 29 30 31 27 24 27 36 26 40 33 35 35 26 41 29 31 35 25 29 16 24 36 13 40 29 19 34 28 38 39 28 40 39 32 40 27 24 14 19 34 25 34 31 37 26 31 26 37 36 27 31 32 20 32 24 23 23 33 41 21 40 29 24 34 18 22 39 30 34 36 29 30 30
29 25 26 31 21 32 43 29 28 22 36 22 14 34 23 23 33 31 39 29 27 35 35 29 34 27 20 37 30 20 30 28 30 26 13 23 21 35 29 21 28 32 23 39 32 24 31 37 30 30 50 30 19 38 37 29 26 40 41 21 24 37 26 35 36 34 30 36 24 28 18 37 40 32 18 29 24 19 29 26 30 25 33 33 34 23 23 29 35 18 36 23 27 35 29 35 28 29 29 19
35 39 35 23 26 25 26 30 19 28 26 36 33 37 24 40 41 31 31 38 34 37 32 36 42 29 32 34 37 33 32 22 38 28 17 29 38 31 27 35 24 20 28 33 32 42 30 42 36 36 35 28 31 28 24 35 35 35 29 35 34 29 24 37 24 28 25 23 25 43 32 26 30 18 35 30 29 39 38 22 26 27 41 25 29 33 37 39 39 26 28 29 18 25 29 32 20 39 30 39
28 30 23 32 24 36 29 27 28 29 33 37 30 26 34 25 27 38 33 27 32 35 32 28 15 22 25 37 33 25 30 34 47 28 37 28 34 21 26 29 29 36 28 26 38 31 37 34 28 37 22 35 30 25 26 34 37 34 31 32 22 40 27 33 30 40 26 37 34 30 28 31 46 34 21 32 42 33 22 37 39 22 30 41 33 22 21 33 36 36 21 30 28 38 42 26 24 37 28 29
37 25 25 31 27 26 32 25 29 28 34 21 33 33 33 50 37 35 28 33 33 34 31 29 29 31 35 37 32 40 35 19 20 23 36 23 24 40 32 30 32 29 41 29 27 20 30 34 32 26 28 25 36 24 23 31 29 24 28 30 22 37 30 27 19 35 34 29 38 33 30 27 31 36 35 44 37 31 25 35 26 29 37 35 36 27 32 26 23 33 35 26 27 22 23 31 37 37 24 22
36 34 43 35 24 34 34 26 23 43 26 48 30 34 34 29 24 23 26 40 40 33 13 36 25 36 27 39 28 19 27 37 28 34 25 40 25 31 38 26 35 47 26 30 22 26 35 29 27 28 32 28 26 43 40 33 29 25 35 29 28 36 18 28 37 28 18 30 25 23 23 37 26 25 18 23 32 44 16 33 33 22 25 29 25 32 22 13 38 30 20 36 29 33 30 36 31 23 34 33
31 24 35 29 33 33 38 25 22 34 25 26 34 49 36 37 34 30 29 30 22 23 38 31 43 26 32 29 23 31 28 22 30 20 40 27 44 36 25 29 33 35 41 29 29 33 28 32 34 29 30 46 30 30 24 27 27 26 42 24 26 36 30 31 30 33 34 22 32 28 30 31 32 28 27 25 42 32 29 37 30 30 30 24 30 26 25 34 36 39 28 41 27 40 29 20 28 40 35 37
39 30 41 32 42 25 31 37 34 34 26 35 30 30 29 34 22 31 38 32 37 27 33 32 33 36 23 27 31 28 45 39 26 27 34 42 28 31 31 32 32 39 22 26 34 22 27 30 39 26 47 34 35 27 22 26 29 23 44 21 32 23 24 29 32 30 37 22 29 19 29 25 37 34 37 31 37 24 26 48 29 22 38 30 37 28 37 29 38 27 23 26 31 39 33 27 34 47 23 30
24 23 33 30 23 27 38 33 33 19 32 32 31 20 36 26 19 28 30 24 45 35 31 33 26 38 32 24 39 38 31 35 25 30 43 30 24 36 30 23 24 21 10 30 41 30 31 40 29 31 31 28 30 35 24 11 38 37 45 33 29 36 24 38 25 29 29 34 37 34 27 20 34 30 15 27 36 27 26 35 35 31 33 32 43 32 21 24 36 32 32 40 38 24 29 19 19 20 15 11
16 14 8 14 13 21 13 23 10 24 16 12 17 17 19 21 14 14 14 17 18 14 16 12 15 14 18 11 18 14 14 19 16 13 20 16 13 14 9 15 10 14 16 11 13 16 17 12 15 11 15 15 12 13 12 18 16 18 16 15 13 20 15 15 20 9 11 27 14 20 8 14 12 16 17 17 13 11 10 14 16 11 4                 
