0.4 2274 22 24 10 15 24 14 17 9 21 22 12 36 23 19 14 14 18 8 20 25 27 36 23 24 27 31 27 25 17 31 21 25 34 19 22 29 28 25 22 28 22 23 33 32 29 31 29 26 26 38 18 22 36 25 27 29 36 23 28 32 21 27 27 28 28 30 32 33 28 32 28 26 36 31 37 32 20 15 23 24 21 20 15 34 26 16 24 29 33 25 28 18 24 16 29 27 17 17
23 21 17 25 16 26 18 22 17 34 25 29 35 38 27 26 26 29 11 19 17 23 26 33 24 20 41 18 28 33 21 31 27 34 31 35 29 20 30 21 27 20 26 24 28 18 21 15 25 25 21 29 26 21 32 30 22 32 18 19 20 24 21 37 24 34 26 29 22 25 28 26 21 23 24 39 28 27 32 41 24 23 24 36 37 20 27 29 28 22 25 23 28 25 42 36 24 30 23 25
18 15 24 22 18 32 41 30 27 23 25 24 18 19 23 22 19 25 30 34 41 35 30 39 17 27 28 13 18 20 35 29 27 25 30 19 17 16 20 28 28 26 23 31 20 19 14 30 29 28 36 34 21 17 28 30 21 28 29 26 41 18 26 16 25 23 26 27 31 23 33 32 31 34 20 21 19 32 36 27 32 23 21 20 11 13 23 36 26 33 29 29 24 30 25 24 26 25 13 35
28 20 31 30 23 32 34 25 27 20 28 30 39 32 34 33 37 23 28 31 29 20 29 22 31 23 16 21 24 24 20 30 24 22 17 23 34 37 14 18 22 24 22 25 23 16 21 33 44 29 20 25 34 36 22 31 28 31 6 34 24 18 33 31 27 37 38 25 20 16 8 13 11 18 11 19 26 22 36 31 38 23 32 26 14 26 23 28 23 37 18 21 36 28 31 32 38 32 29 36
31 14 22 20 26 27 27 31 26 16 26 25 19 11 12 12 30 25 31 24 18 17 25 28 25 26 34 26 29 23 27 25 25 17 15 27 23 30 29 29 23 26 18 17 21 28 42 26 12 24 18 18 26 16 26 25 12 22 8 25 26 31 36 36 37 36 32 21 22 22 30 37 32 43 28 28 21 35 25 41 24 35 36 36 25 43 34 38 28 35 43 32 30 27 11 32 26 32 20 19
24 26 33 20 33 25 30 31 19 33 19 26 37 42 36 15 30 34 29 20 33 33 31 37 38 32 31 36 30 32 21 31 15 28 26 22 30 34 23 38 23 24 16 22 30 31 27 34 20 19 18 30 10 25 12 17 21 28 17 37 25 37 34 34 32 36 26 34 19 28 25 27 17 26 26 44 31 30 31 27 32 32 32 34 23 34 35 21 21 28 23 23 17 24 20 19 23 22 27 13
16 18 21 29 30 28 17 28 37 29 29 28 35 23 29 20 18 19 20 11 27 23 22 24 10 18 12 18 16 13 39 22 22 37 30 22 34 29 40 30 22 38 21 16 23 30 30 26 27 36 28 20 23 31 19 16 22 31 17 23 36 39 30 19 24 21 23 19 14 31 31 23 21 20 23 23 22 22 33 31 25 24 27 33 23 18 33 26 22 44 17 28 29 30 30 27 33 11 34 36
28 28 21 33 16 22 26 33 13 41 37 34 21 31 21 30 23 19 41 24 48 56 62 55 63 29 23 40 43 27 33 31 26 26 20 19 32 27 26 12 25 28 29 27 28 28 32 23 25 37 31 35 24 29 26 30 32 12 44 21 9 35 25 23 21 18 15 21 16 23 19 27 15 20 24 23 17 43 15 25 19 26 32 17 9 20 25 16 21 11 14 20 15 16 29 17 14 23 16 20
19 21 26 31 30 31 26 15 18 19 12 16 12 31 21 23 13 21 24 15 25 22 12 25 29 44 28 27 24 34 27 32 44 32 37 29 24 39 31 29 33 29 32 33 39 15 24 33 26 17 36 20 17 20 24 30 26 25 28 35 24 29 19 20 22 24 35 33 33 31 28 25 25 28 32 41 32 25 32 33 36 32 32 26 20 32 21 28 20 18 15 21 9 19 16 27 16 24 17 18
19 15 19 22 21 14 30 9 24 23 30 33 26 23 28 19 20 24 21 20 21 17 19 24 20 18 23 18 25 20 11 23 22 13 23 32 32 23 23 18 24 38 30 26 31 23 18 34 33 20 27 27 29 18 22 20 25 33 28 22 26 21 25 31 26 43 37 33 38 33 33 38 34 39 30 27 31 29 21 26 36 22 38 41 29 28 18 44 24 31 27 25 20 22 26 31 43 39 33 28
35 28 29 30 34 44 26 35 43 19 18 18 38 20 33 22 22 33 26 24 26 21 33 35 38 24 37 36 32 18 27 22 17 28 37 46 26 38 25 32 27 35 36 29 22 32 14 28 24 22 32 24 32 38 38 26 33 32 19 20 21 28 28 33 26 25 13 18 23 27 25 22 22 27 34 17 30 27 21 32 37 25 38 25 33 26 22 22 27 26 35 23 29 30 15 24 35 33 33 34
30 30 31 34 20 20 29 31 23 34 33 30 36 27 25 30 23 18 26 17 18 23 18 28 30 24 29 23 34 19 22 33 24 23 28 33 20 17 19 17 20 17 26 30 28 14 19 23 16 29 21 23 20 20 26 27 33 22 29 21 22 28 22 35 18 14 19 17 82 92 89 72 37 38 25 15 26 29 26 19 31 24 21 30 36 31 28 26 26 30 33 25 26 25 37 24 18 32 24 28
17 15 15 19 25 16 41 20 22 24 23 22 29 16 21 21 20 20 22 24 34 24 36 36 34 39 32 35 26 20 23 19 44 18 24 25 38 23 28 28 28 24 26 41 30 34 30 25 24 34 24 30 24 20 25 15 19 26 17 37 32 28 18 26 22 28 24 18 22 30 38 16 29 27 44 26 37 30 23 30 30 23 31 35 29 37 26 28 30 31 31 32 34 25 30 39 25 22 29 19
25 29 27 26 34 36 31 24 33 27 40 34 39 14 22 30 28 21 35 29 26 30 17 28 23 16 16 30 37 18 27 34 32 33 33 33 34 36 25 34 30 31 32 27 20 33 24 34 33 33 35 27 42 32 30 28 33 25 28 32 15 24 25 32 28 25 23 31 21 40 30 31 20 16 14 25 20 20 23 20 33 25 26 27 23 28 30 33 27 21 19 23 22 24 26 33 28 22 28 34
42 29 31 17 24 29 27 32 34 33 32 29 27 21 27 16 25 21 11 25 39 26 34 32 35 35 25 28 35 31 33 28 24 45 26 28 34 25 27 16 28 32 24 25 27 35 34 26 24 25 27 35 25 29 31 21 24 28 23 21 25 39 24 25 28 30 30 25 26 28 29 32 23 25 18 23 49 29 37 40 27 20 34 24 30 29 27 20 30 30 34 24 27 44 32 18 26 29 25 22
33 18 24 22 20 22 31 27 17 21 22 28 25 19 24 30 18 15 29 25 27 31 33 25 36 18 33 34 41 25 28 15 29 33 18 25 29 38 26 28 18 31 34 30 27 30 34 30 27 34 30 23 34 24 23 28 28 32 45 31 29 37 37 26 24 24 25 17 29 23 31 27 28 42 26 27 15 36 25 23 19 38 32 30 36 30 36 40 9 31 40 37 37 31 33 33 42 26 40 14
28 34 26 35 32 33 29 45 36 32 22 21 20 22 26 24 25 27 35 35 28 26 13 23 31 32 25 24 31 31 37 21 31 27 19 24 22 39 31 15 32 29 28 32 25 31 33 32 19 26 17 35 29 30 32 29 29 17 23 35 29 23 22 19 27 27 27 29 36 32 36 32 27 30 17 28 38 27 30 25 34 27 25 20 24 33 34 22 29 28 29 35 31 22 36 26 17 19 27 18
30 29 29 22 28 36 25 25 25 25 28 28 28 35 40 31 35 29 31 35 31 35 33 28 26 32 37 26 20 17 29 32 26 13 22 28 17 18 12 19 36 21 27 21 33 32 39 33 14 23 23 22 27 17 36 30 23 27 15 30 22 33 25 19 26 23 29 33 24 27 27 28 27 28 40 25 20 26 25 20 36 26 34 30 24 40 27 27 26 28 33 34 24 24 33 29 23 27 28 32
26 36 31 26 29 25 33 18 33 33 34 27 27 27 31 41 40 32 38 30 40 27 34 33 29 26 24 25 14 23 24 33 36 33 25 18 31 19 29 38 21 25 16 28 28 26 18 19 24 34 25 20 40 30 31 19 18 18 26 17 24 36 34 36 38 14 27 23 33 26 27 27 28 32 34 22 26 23 23 31 27 43 30 24 20 27 28 34 30 22 25 30 15 27 31 34 27 29 22 24
16 14 28 38 22 23 46 26 27 24 24 36 42 36 26 32 31 35 29 28 20 14 22 33 8 19 24 35 29 31 30 28 30 21 19 41 23 29 18 29 25 20 28 37 26 16 12 24 23 26 24 29 17 29 34 16 17 28 36 20 22 21 31 23 31 38 35 39 27 26 15 27 29 26 19 36 31 39 23 18 11 24 28 24 25 21 28 23 22 41 28 29 40 22 31 22 33 33 25 31
27 30 32 33 25 26 30 15 33 30 24 26 38 24 29 23 27 34 31 26 33 28 25 37 39 33 15 31 30 30 34 26 25 29 24 25 30 31 30 25 19 21 20 30 24 32 22 32 31 27 23 35 32 28 40 30 29 34 28 36 31 21 21 20 34 36 30 28 27 31 30 25 20 24 33 31 33 32 26 29 19 25 19 25 16 19 17 22 31 27 15 23 29 29 20 23 25 20 33 33
39 31 26 13 24 26 24 27 11 27 24 31 32 33 30 25 21 23 33 46 22 26 37 21 24 34 27 46 29 17 21 12 14 21 12 19 13 14 12 56 25 18 23 25 34 12 28 26 25 26 31 29 18 23 14 14 25 20 31 23 21 25 31 14 24 19 32 15 27 16 17 28 27 20 18 29 30 27 32 14 16 15 25 12 17 18 15 16 10 10 12 22 16 18 17 11 14 14 16 20
13 21 7 8 13 13 14 12 12 13 13 20 10 22 16 7 15 19 10 17 19 12 15 19 17 13 16 17 10 16 23 24 21 14 11 20 18 12 11 11 10 16 10 20 14 11 19 14 6 16 15 17 11 8 17 13 13 14 17 9 11 12 7 10 24 15 17 15 23 12 17 14 17 13 28 19                        
