0.5 2667 21 22 19 25 13 9 17 23 14 19 19 12 16 15 17 11 17 22 25 13 22 20 18 17 13 23 20 13 23 13 26 20 17 15 9 20 24 20 17 11 25 20 12 9 22 20 15 20 21 15 12 8 13 12 17 10 9 19 12 11 14 7 10 10 17 22 21 9 15 18 17 19 20 18 18 12 14 15 14 15 10 15 13 16 16 16 16 16 14 20 17 20 14 21 11 28 19 16
13 16 15 18 16 14 16 19 13 19 17 9 16 15 20 20 13 13 11 13 19 11 24 16 7 14 14 11 9 23 15 25 14 14 26 24 17 11 14 14 17 13 13 21 18 17 17 19 15 12 15 11 13 15 6 12 12 9 16 7 13 15 16 15 17 14 15 11 14 29 16 11 12 10 19 12 21 16 9 18 13 8 21 13 11 13 10 12 19 14 13 7 16 28 27 12 14 13 12 14
17 13 13 8 11 19 12 19 20 15 19 21 15 13 10 17 8 10 13 19 11 14 8 7 14 10 19 8 20 17 12 11 22 20 18 18 15 20 19 14 15 18 15 18 10 12 11 11 16 17 11 19 17 11 15 15 18 13 20 13 19 12 8 13 15 9 15 15 16 14 24 12 18 11 21 9 14 14 16 16 17 21 15 26 23 21 19 24 16 13 14 16 8 18 10 19 25 13 15 18
8 13 14 11 12 17 12 13 21 23 15 16 18 17 22 18 14 18 15 17 19 14 18 16 18 14 12 19 25 24 21 15 15 16 13 18 17 14 10 12 20 14 14 13 14 20 18 19 15 13 7 11 25 21 20 19 21 11 16 22 14 21 16 17 19 14 20 18 15 18 17 19 15 19 20 18 18 16 14 7 11 17 22 22 17 15 13 21 21 11 19 17 22 15 21 17 14 10 20 14
12 14 11 24 22 17 16 24 13 19 17 19 25 14 17 19 12 17 11 14 18 17 19 11 12 12 12 19 14 15 14 18 7 21 9 11 23 15 27 16 13 16 22 18 12 14 16 20 14 12 18 13 17 17 7 19 18 16 9 21 12 17 14 9 14 10 18 12 22 17 18 11 17 16 10 21 10 11 14 12 17 17 11 13 12 12 20 15 21 14 24 16 11 16 25 12 16 18 18 17
25 24 14 16 11 18 16 22 14 17 14 15 19 20 13 17 10 17 13 20 19 13 18 19 20 26 22 13 9 20 9 20 21 16 10 13 13 14 12 10 21 15 12 14 24 17 8 15 12 14 12 14 16 12 10 10 10 10 15 10 9 11 12 15 15 14 12 15 22 22 13 13 9 15 14 18 12 10 15 13 21 19 20 15 16 14 13 18 14 11 9 17 12 4 15 18 13 14 12 6
15 20 9 20 13 14 16 12 14 8 13 14 10 22 19 16 13 14 19 17 27 41 14 25 15 19 8 16 16 10 16 11 17 14 22 25 17 19 10 14 15 13 14 19 19 12 12 9 14 11 14 14 9 9 13 20 20 25 24 20 12 21 14 25 13 19 10 16 14 20 16 27 20 11 24 13 17 17 14 14 11 12 14 19 14 14 18 16 13 10 19 11 13 22 13 14 16 13 18 19
15 17 22 13 15 31 36 16 15 13 18 10 16 23 16 21 22 21 16 15 13 14 18 16 10 16 15 18 15 22 11 14 11 10 19 17 22 19 13 14 22 16 12 11 18 14 16 19 17 14 17 11 18 13 25 19 17 17 10 15 13 21 11 10 24 29 12 16 15 14 10 15 13 22 18 16 14 13 22 22 31 23 19 28 27 18 20 24 16 8 19 10 6 17 10 16 24 11 13 22
24 16 7 12 14 15 18 14 11 18 17 17 15 15 9 14 18 15 18 15 13 12 22 14 22 18 14 26 15 11 10 15 12 13 18 16 18 18 17 9 21 18 8 24 18 12 16 13 14 9 21 11 20 12 20 11 14 18 8 15 12 10 23 28 18 14 24 17 22 25 15 10 18 16 15 12 16 16 18 12 13 16 15 16 12 16 11 19 17 15 15 13 19 13 15 15 20 15 12 13
13 18 17 23 23 23 13 15 20 15 12 18 14 18 21 11 21 14 19 13 19 13 12 14 14 14 17 17 13 12 14 12 13 9 21 22 16 19 20 11 19 16 21 18 12 14 15 16 25 13 18 23 13 10 22 19 10 12 21 28 17 9 13 12 13 17 19 26 18 9 13 15 15 14 11 14 18 15 15 17 22 19 23 19 25 13 21 8 17 18 14 19 12 16 10 18 12 12 14 21
27 14 21 8 19 19 19 19 13 17 16 13 18 15 14 23 12 15 13 18 18 11 18 15 13 15 10 21 15 11 13 14 15 21 14 10 13 15 12 15 15 12 20 15 12 10 11 17 11 14 19 6 10 20 22 15 18 16 14 11 16 10 11 20 20 15 17 19 9 12 13 11 13 12 13 22 22 13 24 14 16 12 15 15 17 24 17 19 9 14 14 17 16 17 12 17 14 10 16 17
16 11 13 12 7 13 18 20 22 15 12 16 18 12 11 18 15 17 16 16 14 16 18 13 15 13 14 17 16 17 16 19 17 11 22 16 12 15 16 26 18 16 13 16 13 19 17 16 14 9 11 17 16 14 18 14 17 21 29 6 12 14 12 17 18 23 17 14 23 20 17 12 18 19 20 19 11 15 10 8 13 15 9 16 20 20 19 11 13 14 15 12 14 21 13 23 17 26 19 17
13 15 24 17 12 16 19 14 10 16 10 15 15 21 22 14 12 18 23 17 24 21 25 20 15 13 14 25 18 12 24 18 19 18 20 12 17 13 14 18 12 24 21 11 34 24 24 21 8 28 31 21 20 18 17 12 12 21 13 9 15 15 20 15 13 15 15 20 19 14 18 17 17 14 27 14 19 14 11 19 19 14 15 11 18 13 17 13 17 12 16 13 11 20 20 17 21 17 15 17
20 15 27 26 15 24 13 21 23 19 17 18 14 25 18 25 18 16 11 17 14 8 19 15 20 12 12 22 24 18 16 22 15 18 27 12 23 14 20 22 17 15 24 16 9 13 15 11 12 12 14 6 12 16 15 13 17 15 11 11 15 16 19 16 9 22 18 12 16 17 19 16 15 12 12 20 15 10 19 19 15 9 16 14 25 20 19 8 16 10 12 31 15 13 12 18 16 9 27 19
10 20 15 10 17 17 20 13 12 12 11 17 16 16 16 14 10 15 16 13 17 13 13 14 17 18 14 14 7 10 11 12 24 18 11 10 12 16 13 21 12 18 9 17 15 7 11 17 13 14 12 17 13 11 17 10 14 14 17 12 12 10 19 16 16 9 11 20 12 14 12 14 17 13 14 10 13 17 24 20 11 15 18 17 16 15 15 14 16 11 18 14 11 10 14 16 12 11 16 16
20 14 13 16 10 13 14 13 15 11 11 13 10 18 16 12 12 13 6 16 12 10 17 12 23 14 15 13 16 19 16 17 15 16 25 17 20 20 20 14 18 22 17 12 16 13 12 14 16 16 17 15 6 18 17 10 12 13 10 21 14 14 15 15 10 8 15 13 17 18 14 11 12 16 14 13 13 15 21 20 9 19 17 15 21 17 16 17 14 12 21 22 17 15 14 21 9 10 18 9
12 13 16 9 16 11 20 14 7 14 13 12 18 17 14 11 14 10 15 27 11 12 20 19 12 20 12 22 10 12 17 13 19 21 21 18 16 14 13 16 16 20 19 15 14 12 18 14 9 14 17 12 14 12 12 18 18 15 13 15 8 20 12 11 13 10 12 11 19 16 23 22 12 17 11 27 7 18 11 11 19 18 13 15 11 6 9 8 13 10 15 19 14 7 18 11 15 15 13 17
16 11 15 12 19 26 16 15 23 13 17 16 11 12 12 29 19 12 27 16 8 26 13 13 18 8 17 10 11 22 16 16 13 18 15 20 12 16 21 22 16 17 11 17 15 18 21 13 15 15 18 17 39 18 14 14 12 11 19 18 23 15 11 17 17 15 12 15 13 12 10 13 13 19 12 13 13 16 15 14 20 15 20 31 17 14 20 22 12 23 19 20 19 22 15 15 16 18 15 18
15 17 16 14 13 14 12 12 17 22 14 20 23 21 15 16 17 14 14 11 8 13 17 7 12 22 12 10 14 15 18 16 17 14 15 16 21 20 11 18 22 17 21 14 18 11 16 13 13 12 10 11 18 17 27 16 18 9 18 18 13 9 20 13 9 9 14 17 16 16 14 15 16 11 17 16 17 12 13 15 18 15 18 23 11 29 20 12 16 11 19 11 24 15 17 19 13 19 12 15
10 15 14 16 28 21 12 17 22 19 17 14 27 13 18 23 12 11 15 9 18 12 16 20 13 16 10 13 11 17 28 19 15 17 16 19 17 15 13 29 14 16 22 15 16 16 12 9 17 11 9 10 13 10 25 15 9 10 14 13 15 15 19 14 12 13 14 12 5 23 16 21 14 12 11 15 18 12 27 16 20 18 17 11 24 14 12 21 11 9 22 14 15 17 11 12 9 12 23 14
20 17 13 17 22 22 13 10 17 17 20 21 13 10 11 10 14 19 19 18 10 22 20 13 18 16 10 25 21 11 7 12 11 16 17 15 17 18 16 15 16 24 19 13 14 14 20 13 16 21 12 17 14 12 16 13 18 16 9 12 19 20 12 21 22 20 10 17 11 13 19 15 17 13 14 17 6 17 11 12 10 11 14 13 13 14 14 19 15 12 21 13 16 15 16 16 13 14 18 15
15 13 18 13 12 17 16 21 18 20 14 15 23 12 15 11 20 13 8 25 16 16 17 15 11 18 13 11 13 25 10 14 18 17 16 14 19 14 20 17 8 15 17 13 18 16 16 8 14 22 10 15 17 14 21 12 16 11 18 19 13 9 12 11 15 14 20 14 22 14 10 12 9 17 16 16 20 13 24 15 16 10 19 11 18 16 19 14 17 11 17 17 12 14 14 15 18 13 13 15
16 9 15 8 12 17 16 21 17 20 19 17 11 20 21 18 18 16 21 10 17 21 17 18 12 20 20 23 14 19 19 13 23 24 20 13 21 22 11 19 20 12 20 12 13 19 26 8 15 10 9 14 12 19 16 18 12 25 25 13 14 12 13 17 25 8 20 17 15 15 15 14 17 19 13 18 16 21 17 8 11 23 11 16 10 13 18 28 14 15 11 16 23 20 14 16 14 19 14 9
18 13 10 14 23 20 15 14 15 8 17 13 8 16 12 14 10 17 20 16 17 17 21 11 20 13 17 16 17 17 12 9 8 19 13 14 15 16 26 15 16 12 9 9 9 22 10 14 23 13 22 13 16 15 14 12 14 14 21 12 21 10 22 18 10 14 18 13 15 18 25 13 14 17 14 12 20 18 15 12 13 21 10 8 12 15 12 17 14 13 14 16 16 12 20 18 15 14 16 13
17 12 11 14 14 18 14 14 29 32 33 29 13 19 11 28 16 11 11 13 15 11 16 13 18 27 25 16 28 14 27 24 6 24 20 19 20 12 9 10 16 11 12 15 12 18 20 21 21 22 13 16 16 14 13 18 13 15 15 16 26 20 22 11 10 15 20 13 15 18 11 18 19 22 22 15 24 11 18 16 12 17 12 22 14 23 15 10 20 19 16 22 14 16 11 21 13 18 15 13
11 14 17 21 15 14 16 21 13 16 15 15 14 9 11 10 14 16 23 18 20 14 17 20 19 15 13 16 15 12 16 20 14 27 8 17 17 15 12 13 21 19 14 19 17 15 15 14 6 15 19 15 16 16 13 16 19 15 13 9 11 16 8 14 15 13 11 12 18 13 16 12 12 12 14 12 14 14 12 17 14 16 10 15 15 13 13 15 16 18 19 23 20 15 21 22 14 13 21 9
19 14 14 12 17 17 15 18 20 22 19 16 16 12 17 18 12 11 14 11 13 10 11 10 10 17 20 13 18 15 14 12 12 11 12 12 17 19 17 19 13 11 15 11 10 17 10 23 17 17 7 8 10 16 12 11 9 17 13 10 12 19 10 13 16 15 21 15 17                               
