0.447822141560799 2616 28 25 34 39 42 33 37 24 27 38 30 27 28 32 25 22 36 34 36 36 22 29 29 38 22 34 31 28 33 26 40 28 29 35 17 28 27 36 31 25 40 30 26 24 28 27 25 25 33 33 28 29 34 25 29 33 31 20 37 21 29 36 30 27 28 34 31 30 26 33 25 28 24 33 27 25 32 41 32 43 12 30 25 36 29 16 26 29 26 37 34 31 19 41 22 24 27 28
32 42 23 26 29 22 37 20 25 33 21 33 26 43 19 28 30 26 24 31 29 32 28 28 31 37 24 33 34 23 18 36 25 28 37 33 29 41 29 37 24 27 21 28 29 29 32 27 37 30 33 30 31 29 36 33 25 34 36 25 30 29 31 17 25 32 38 28 22 27 41 30 25 29 23 24 32 46 19 22 39 33 26 27 28 27 22 27 27 30 26 27 28 29 20 26 22 27 32 30
22 25 28 33 22 20 34 28 29 45 13 21 21 31 34 23 19 18 31 29 42 28 28 36 38 23 29 29 21 25 26 28 24 28 27 29 29 33 23 37 29 24 34 31 22 39 29 25 28 24 24 34 34 37 29 30 31 14 30 27 35 25 33 32 31 26 25 26 24 24 21 29 34 33 18 37 28 20 45 38 34 31 26 20 20 21 27 37 25 41 31 38 29 27 24 20 42 27 24 28
24 39 44 25 27 26 24 29 20 27 28 29 26 20 36 31 36 33 38 20 42 32 34 38 26 15 21 25 27 35 18 35 32 29 20 27 40 23 24 27 27 29 33 26 29 31 18 16 34 34 31 41 46 37 40 34 38 24 35 39 32 24 33 19 27 32 49 21 26 34 27 27 23 34 28 29 38 31 38 27 29 39 30 29 40 41 27 21 35 29 20 19 28 36 41 27 36 33 23 31
26 24 28 28 20 21 35 29 25 26 35 43 27 25 24 29 24 20 28 33 44 29 36 33 38 26 34 33 30 36 17 24 21 16 25 30 25 25 32 32 35 35 32 25 22 19 32 22 36 24 30 30 30 28 28 30 29 39 22 41 26 22 32 20 30 36 30 28 34 29 23 33 25 32 18 32 29 25 24 16 27 31 20 34 33 39 37 32 29 37 42 28 33 28 35 35 23 20 22 32
35 19 31 28 37 42 19 23 28 31 38 32 20 21 34 33 32 41 34 24 33 37 36 27 23 31 24 24 20 25 38 16 33 31 29 39 22 19 22 28 32 26 34 29 21 21 35 23 18 27 28 32 33 30 41 28 27 34 31 28 32 34 19 37 29 18 27 26 32 24 30 33 38 37 28 27 29 20 29 28 26 27 21 36 25 24 30 27 16 20 27 34 36 31 19 38 25 33 36 27
29 29 22 21 34 24 31 28 21 40 23 28 18 29 17 31 32 15 26 29 27 31 24 34 34 44 35 29 36 40 35 27 33 41 31 33 28 31 31 44 33 28 26 33 29 33 24 36 29 24 27 38 30 25 32 22 34 39 36 24 41 27 24 34 31 33 32 36 31 20 24 32 38 23 41 31 37 44 34 29 21 41 24 32 29 31 22 32 24 26 26 40 23 27 29 29 26 25 16 28
26 28 34 30 30 30 36 33 19 32 32 29 27 26 31 43 33 36 21 28 29 33 22 57 12 74 27 30 28 26 36 51 27 27 20 26 32 34 34 21 31 34 27 36 29 35 39 27 24 37 26 29 29 23 50 36 29 29 32 30 34 37 31 30 40 34 26 25 36 29 23 30 23 41 30 33 36 29 27 44 40 23 30 30 28 23 33 30 30 35 39 42 34 15 14 29 22 23 41 39
26 30 29 37 22 34 30 29 34 38 23 29 29 28 42 30 33 34 15 31 33 28 33 33 16 24 27 29 23 21 26 40 36 29 26 34 27 29 32 25 23 24 18 32 29 30 34 33 31 21 40 31 29 28 43 32 26 34 30 24 32 28 30 32 38 22 19 32 33 17 30 32 29 30 26 32 28 32 30 32 28 35 32 32 20 32 41 32 29 31 36 22 32 30 29 41 31 21 19 27
32 37 28 26 25 25 34 24 32 27 39 39 18 28 34 23 21 46 31 29 20 27 38 18 28 33 35 24 23 23 18 24 43 27 38 37 32 28 36 33 44 27 36 32 26 23 29 28 38 29 35 46 36 23 35 32 42 28 42 30 37 31 43 26 33 27 24 26 36 26 26 30 26 28 29 37 36 26 28 29 28 37 29 28 37 26 31 38 25 36 31 24 18 30 38 21 31 24 30 30
30 41 28 37 30 47 32 28 25 31 33 24 37 31 42 28 33 24 25 28 23 34 45 15 33 26 39 28 37 29 33 37 48 29 35 19 29 32 31 32 33 32 33 25 34 26 35 22 38 25 34 36 21 20 30 37 31 34 40 34 22 28 26 36 38 28 26 35 29 26 30 30 21 22 38 31 17 36 37 39 24 14 23 32 28 32 29 32 33 27 31 29 34 30 38 28 35 32 31 41
20 17 32 35 32 33 36 29 29 26 30 23 22 25 26 27 35 35 30 36 34 17 22 38 33 27 35 19 23 18 23 27 33 32 29 18 39 28 26 27 38 34 25 27 32 43 38 36 29 29 33 26 27 32 24 33 28 32 36 40 30 11 60 18 34 32 30 37 35 20 27 42 28 8 34 27 32 32 32 41 39 17 35 18 25 23 33 36 38 30 25 30 42 15 35 35 25 28 25 15
28 23 34 24 33 38 18 39 23 18 26 32 28 27 24 21 33 19 21 29 24 26 30 24 35 30 23 31 28 36 19 34 29 16 27 34 32 29 28 25 20 24 31 31 31 34 30 36 37 30 25 26 30 20 32 37 31 28 28 31 16 35 34 28 24 27 33 35 28 30 31 34 28 33 30 25 29 21 40 39 26 32 30 21 30 26 47 18 39 32 32 33 36 32 31 41 35 34 34 37
25 33 13 30 36 43 23 36 34 33 28 50 23 75 22 40 26 28 21 35 37 29 32 26 29 26 41 31 36 37 29 34 35 36 33 37 40 15 33 31 32 43 37 33 33 39 28 33 39 35 42 27 30 31 67 23 35 39 37 30 32 36 26 20 44 41 34 32 24 20 31 30 12 28 39 24 44 33 34 25 30 16 37 45 34 33 33 28 26 24 22 23 39 35 25 28 29 19 39 33
31 23 24 24 31 24 38 29 25 24 28 37 27 22 26 25 35 37 18 32 24 27 31 17 35 45 27 20 22 27 32 30 27 23 24 32 27 29 24 17 36 27 32 21 16 20 22 29 26 21 25 25 27 17 42 36 30 35 31 26 22 26 29 28 22 25 24 18 29 33 32 26 20 33 30 23 24 26 29 29 26 29 40 37 33 33 24 30 18 24 22 22 25 23 19 30 30 35 25 24
26 29 17 24 27 17 22 30 24 30 26 21 28 29 23 25 35 32 34 26 30 20 26 30 26 25 21 33 26 33 30 32 31 30 27 31 32 31 25 22 31 16 28 34 30 32 20 24 31 41 22 21 28 38 29 22 22 34 25 36 23 38 31 39 21 41 26 21 22 36 27 21 27 26 33 21 30 40 29 29 34 27 19 25 34 33 23 23 31 30 33 36 29 32 35 122 78 30 34 17
24 37 25 34 28 41 29 16 29 32 32 23 38 28 23 28 31 36 36 34 25 28 26 26 33 20 34 27 31 30 24 22 30 27 19 22 41 29 21 34 29 25 33 22 28 24 26 29 31 25 31 21 25 34 32 24 30 25 26 23 30 24 27 28 27 25 27 27 33 30 38 30 21 23 29 31 36 30 25 24 26 32 26 28 20 31 24 21 28 21 28 37 27 42 27 31 23 24 33 36
26 38 25 38 26 24 29 31 24 33 28 32 26 25 26 30 34 19 29 25 22 39 26 27 38 30 31 25 36 23 30 30 37 27 34 29 31 22 36 28 23 33 35 36 15 19 22 28 18 30 25 23 34 33 35 18 26 23 27 33 26 30 35 26 26 22 28 27 31 36 34 23 33 32 27 25 36 26 33 34 27 26 33 23 30 25 35 18 30 18 20 27 31 41 35 31 19 35 30 25
24 29 25 37 30 30 22 35 21 31 26 36 30 36 33 30 29 20 22 36 31 26 37 17 23 31 29 25 31 32 37 24 28 33 32 26 32 30 22 26 17 29 24 29 33 28 30 22 38 21 29 26 27 24 28 30 28 28 24 26 23 25 24 35 29 27 28 22 41 33 32 35 43 27 25 33 30 40 30 33 27 28 35 29 25 24 32 21 25 30 25 19 20 32 28 39 26 30 31 34
32 26 32 32 28 40 29 20 32 30 26 40 32 26 34 27 21 46 43 28 34 9 26 26 24 24 28 21 35 26 29 39 30 30 23 32 31 37 38 30 21 33 26 30 35 31 37 29 34 24 23 38 25 28 30 38 27 28 39 33 30 17 26 33 28 42 29 28 14 28 19 29 34 26 34 18 25 33 25 25 26 39 35 30 30 27 36 24 35 34 19 27 33 20 34 26 22 32 24 27
38 35 35 23 35 32 29 31 27 33 34 32 21 26 29 16 25 41 29 30 34 19 36 26 36 34 27 18 22 35 36 31 32 21 32 22 26 29 21 27 35 33 31 36 34 20 28 29 13 28 24 29 21 19 45 39 31 28 27 20 22 23 27 26 23 28 41 36 27 24 25 19 30 35 36 30 37 29 19 36 29 34 35 10 20 33 33 29 28 28 28 30 27 23 18 34 36 34 27 37
32 31 27 36 23 40 27 22 29 38 23 26 32 30 34 25 28 24 37 23 30 26 19 37 27 22 31 41 25 37 38 37 29 32 38 28 35 20 33 26 30 44 29 32 25 37 35 20 24 25 17 20 33 25 29 27 27 37 27 33 30 26 25 35 25 23 27 24 16 28 24 28 23 26 37 33 30 38 26 24 31 28 22 24 26 27 33 23 24 36 30 34 26 26 31 29 40 20 35 38
25 29 31 30 36 35 34 36 29 21 37 23 33 37 32 23 25 33 26 27 43 27 37 31 29 27 33 37 28 40 36 28 34 40 30 34 30 30 28 26 34 23 31 30 22 28 32 32 22 24 26 35 34 34 38 37 21 19 38 37 30 30 32 22 29 28 34 32 27 33 18 30 34 24 31 31 25 22 24 25 27 31 32 18 19 34 20 18 32 32 24 26 27 34 25 34 25 32 29 32
20 40 33 31 27 29 33 26 30 26 28 34 33 39 23 27 37 30 16 35 22 20 22 37 27 40 33 32 38 23 36 25 30 30 32 44 18 33 33 23 23 28 37 35 20 28 27 24 37 26 31 34 34 33 41 30 23 27 26 43 29 28 28 21 25 25 37 32 37 23 32 35 31 37 21 29 27 42 28 26 29 32 34 24 27 37 30 27 21 28 37 38 34 24 33 23 43 26 21 37
33 32 31 34 32 17 23 26 27 35 39 28 33 31 31 32 23 26 33 26 28 22 26 23 21 20 31 28 22 10 17 30 32 25 22 30 24 21 19 26 31 27 24 33 31 37 34 27 29 33 33 38 16 28 24 22 33 21 39 30 19 32 24 23 43 37 39 28 34 29 12 31 36 28 37 35 31 30 28 24 38 25 36 32 38 28 45 34 47 39 34 34 36 26 26 33 13 15 12 14
11 15 22 18 13 14 15 12 13 15 16 11 15 23 11 16 8 12 13 19 12 10 7 19 7 21 14 14 14 14 10 9 23 17 13 13 12 11 16 8 20 14 16 16 12 10 12 16 13 15 14 16 16 18 11 21 14 14 18 22 16 12 14 13 7 17 16 14 18 9 18 14 16 14 11 13 18 15 11 14 12 11 14 23 11 15 12 9 30 8 10 11 8 15 16 14 11 28 31 10
10 9 10 13 9 13 19 15 18 15 10 18 11 20 17 19 14 15                                                                                  
