0.473684210526316 3006 19 31 25 31 19 27 24 28 25 23 32 30 28 37 24 20 15 25 17 18 23 27 23 27 26 34 26 27 29 37 18 25 29 19 27 28 25 30 19 35 40 22 19 27 31 16 17 30 28 15 28 28 31 26 27 35 28 25 24 26 26 22 28 58 34 27 24 15 25 22 25 18 20 34 36 34 20 34 30 16 26 17 30 34 27 25 26 31 29 28 34 31 20 25 27 34 27 54
7 29 21 23 17 26 26 31 17 28 31 24 22 26 35 27 28 22 21 17 30 23 25 26 18 27 22 10 23 23 26 26 17 33 22 19 31 21 31 23 40 21 21 29 29 24 17 31 29 25 30 34 27 26 24 27 22 24 28 20 29 28 24 23 22 31 34 26 21 32 25 27 29 37 27 26 24 22 24 21 38 31 26 31 22 17 29 17 31 30 26 33 30 35 20 23 19 32 25 30
27 17 24 20 28 19 16 39 25 17 27 26 28 28 27 42 28 25 28 22 29 29 29 30 20 28 26 25 26 30 20 36 30 25 18 29 26 33 26 24 33 37 35 37 23 19 38 30 23 22 36 21 24 18 32 23 28 23 35 21 24 32 26 34 31 28 30 28 18 29 35 22 28 18 45 26 37 33 32 20 22 36 38 29 29 18 30 32 25 25 25 14 17 25 27 20 20 30 28 24
18 22 24 22 28 30 28 29 30 28 24 28 27 29 29 24 28 30 38 35 40 39 32 33 31 35 24 34 36 27 23 29 33 29 31 22 34 31 29 28 22 27 29 27 23 23 37 29 16 30 23 24 18 25 26 27 28 25 31 23 22 29 22 33 28 21 20 32 27 19 31 41 35 25 25 26 27 34 30 24 28 33 27 26 22 10 29 23 19 29 22 18 28 34 26 36 24 31 37 22
22 25 31 22 29 25 37 29 28 20 30 19 27 19 13 22 19 22 27 26 30 32 40 23 19 30 30 30 22 27 27 39 21 16 23 34 32 21 28 30 25 16 24 33 23 28 21 22 24 28 21 30 30 26 29 21 27 20 14 30 26 23 24 21 24 29 11 24 19 30 19 32 30 34 33 36 25 29 21 28 13 41 15 29 19 19 20 26 24 28 26 25 27 22 19 22 20 25 16 28
33 26 30 36 28 25 21 31 12 29 26 39 23 23 26 28 25 31 31 36 22 34 26 19 23 29 28 27 27 42 28 29 23 23 17 23 26 32 30 21 32 31 23 26 20 33 31 37 27 26 16 23 39 24 17 23 18 20 30 33 26 21 19 21 20 30 30 34 29 35 25 25 28 29 28 31 45 25 19 14 21 31 23 17 18 27 23 25 25 28 40 35 32 40 29 29 33 30 32 27
36 17 27 29 25 37 29 19 28 30 22 38 28 36 28 30 27 14 24 28 20 24 29 25 23 37 22 26 26 23 32 22 31 32 32 26 32 30 32 30 31 16 24 19 20 23 25 27 16 25 33 22 37 27 24 31 30 23 25 25 24 34 25 37 39 31 30 19 30 25 30 25 19 29 23 23 27 28 18 30 16 20 24 23 30 30 28 24 24 29 21 28 25 27 31 24 21 28 17 19
28 34 38 19 33 31 33 32 28 18 26 22 33 24 19 32 28 22 28 33 30 18 30 30 20 24 29 28 27 24 22 38 24 25 30 28 16 37 27 19 21 36 29 34 31 43 28 36 29 31 23 26 26 22 30 27 25 21 22 42 32 31 22 33 20 12 22 23 33 18 26 31 26 24 20 17 21 18 22 35 15 26 20 36 30 21 40 33 27 29 22 22 23 18 30 31 20 20 32 18
16 24 18 33 28 29 28 34 36 39 32 25 23 21 25 20 30 34 33 34 35 34 32 30 28 22 21 163 40 60 23 20 22 50 21 33 34 33 31 28 24 20 33 28 34 24 27 22 31 24 26 28 31 22 21 26 31 40 25 33 25 22 34 33 39 21 22 30 30 28 14 19 26 27 25 21 25 35 21 18 16 19 31 21 37 36 14 32 27 40 27 33 18 16 29 25 32 31 26 26
28 23 33 22 27 42 22 31 30 41 23 26 35 25 26 30 32 25 25 25 12 26 22 30 26 19 35 34 36 28 23 32 32 22 43 28 26 25 27 34 33 24 36 29 21 28 28 23 27 28 37 16 19 26 45 28 20 26 37 31 24 24 31 27 19 23 31 34 32 28 26 31 29 25 34 28 19 21 22 33 35 40 29 26 25 29 24 8 28 25 27 24 38 25 19 23 41 24 17 28
24 9 21 28 32 33 18 27 41 27 31 21 27 41 29 25 19 26 25 28 27 38 24 32 27 24 29 26 33 39 25 19 20 33 38 28 35 34 29 37 24 33 26 23 29 19 28 23 29 23 32 22 22 26 28 23 26 30 27 27 39 25 17 23 15 27 22 28 28 25 30 33 21 13 30 31 34 23 35 26 29 31 31 27 22 26 18 23 17 24 21 34 38 24 31 19 22 21 22 29
25 30 22 25 21 31 32 26 38 36 24 21 23 28 20 27 26 30 29 29 28 30 22 22 34 17 19 31 31 22 23 28 17 30 38 24 27 32 22 26 35 29 20 21 25 21 26 33 23 26 21 31 30 23 27 29 27 28 28 24 22 28 20 32 26 25 23 30 25 26 25 34 20 29 23 23 31 22 21 21 21 30 17 28 19 27 30 29 29 22 22 16 15 30 22 33 34 38 24 34
34 20 31 26 27 24 35 25 26 21 33 21 29 33 27 37 36 16 18 20 22 28 21 28 40 34 33 26 26 24 35 26 34 24 38 29 40 30 30 24 20 38 34 22 22 26 25 28 18 21 19 31 32 27 28 20 28 26 32 30 31 26 28 32 18 40 32 25 30 26 18 20 19 26 18 29 24 18 32 21 39 23 33 35 23 25 19 25 38 34 32 38 24 27 18 27 28 27 26 24
25 35 29 26 23 24 35 24 33 14 36 24 25 31 17 29 35 33 28 28 23 24 23 21 33 26 30 14 32 32 35 31 29 38 26 30 29 34 23 40 13 32 30 26 29 26 29 35 26 18 21 24 23 33 25 30 28 23 30 23 29 11 13 32 36 30 27 28 23 29 38 21 23 22 20 28 37 25 35 33 24 26 29 33 28 30 30 17 22 20 21 25 29 31 32 38 30 25 22 26
25 44 36 31 26 33 29 22 30 24 29 27 20 32 22 32 18 27 26 28 25 21 27 23 28 26 36 24 36 22 35 22 35 35 15 29 27 19 18 35 21 21 29 24 31 33 28 31 33 28 30 30 32 22 27 22 26 26 27 35 29 29 34 28 19 19 21 28 37 27 28 26 29 29 15 23 29 27 20 24 33 22 25 30 15 14 14 27 31 20 27 31 23 24 26 29 26 37 28 30
31 30 27 30 25 25 18 32 24 33 29 36 32 26 23 18 26 19 29 29 27 27 17 28 19 25 24 23 30 38 26 29 31 29 57 55 81 31 27 21 34 27 30 28 24 30 37 33 29 27 20 26 23 27 25 26 12 23 24 26 32 23 21 28 26 26 25 29 26 25 34 34 22 29 37 28 19 20 31 17 24 30 30 32 68 32 28 31 31 31 25 22 30 18 30 11 23 27 31 32
21 28 30 27 28 34 27 23 25 22 32 23 14 32 30 25 35 27 21 31 23 27 20 21 27 23 29 19 19 19 23 26 30 15 39 33 26 25 27 19 29 26 16 32 27 25 32 30 24 17 29 26 30 29 26 24 20 31 40 26 39 23 20 17 27 31 29 16 32 28 22 36 24 31 28 18 27 23 34 27 43 22 30 27 44 41 35 22 30 22 22 30 23 27 24 35 25 21 31 19
29 14 28 36 36 26 32 23 23 28 13 23 23 20 27 30 31 33 25 17 33 18 22 27 29 37 21 25 32 30 23 29 38 42 32 30 29 14 32 32 34 21 24 30 32 29 26 33 25 29 25 35 21 33 28 26 28 20 24 27 26 30 29 20 32 29 30 33 29 40 47 18 28 33 22 22 33 25 22 36 24 32 23 27 29 32 32 29 23 34 26 24 18 27 25 36 19 32 28 34
16 25 11 23 28 36 30 25 23 34 27 32 31 22 21 19 20 26 18 37 27 19 28 29 33 25 24 17 32 24 20 23 35 30 32 31 28 28 30 21 14 24 34 31 21 39 28 24 36 26 28 26 26 28 17 26 25 32 26 23 24 28 25 28 30 22 30 30 29 20 35 26 33 30 23 27 35 33 32 32 32 29 19 30 27 28 11 21 25 24 40 23 20 25 26 32 30 21 29 32
31 24 15 21 24 29 31 28 19 31 24 22 30 26 42 32 29 32 33 33 29 25 25 24 31 22 20 27 30 27 41 27 32 25 30 33 28 21 26 25 23 35 32 25 34 38 24 22 21 28 26 33 35 26 30 27 26 27 35 36 34 35 21 22 19 25 32 25 24 28 23 23 32 34 30 17 29 34 29 28 25 31 20 37 26 20 23 36 29 28 23 26 28 26 36 35 25 33 33 34
39 23 30 34 32 34 34 38 28 27 27 28 28 21 16 26 28 16 25 32 24 35 18 17 22 19 25 20 30 22 32 22 42 19 26 26 32 19 9 25 33 26 22 23 24 21 18 28 19 29 32 33 27 30 28 26 29 28 24 28 25 24 38 24 24 22 25 18 25 29 26 21 32 34 31 29 26 32 19 25 27 29 25 40 28 31 21 26 32 26 21 19 23 23 24 31 23 24 35 31
16 35 13 28 34 31 23 31 29 20 33 24 31 22 20 35 19 20 24 29 28 29 21 34 35 26 38 21 27 27 27 27 30 24 23 22 24 27 22 31 22 16 23 38 19 30 32 23 24 17 26 18 13 25 30 25 18 36 37 19 35 30 25 32 28 20 21 28 21 28 28 36 29 40 26 16 18 24 25 23 26 26 26 36 27 21 32 19 30 21 24 19 38 26 25 26 29 22 31 18
28 23 34 24 24 25 24 31 22 33 33 29 27 31 26 24 21 21 28 34 23 26 20 26 28 26 27 32 37 36 27 21 28 31 28 27 32 31 24 16 28 22 24 32 20 30 22 31 28 25 24 27 19 23 34 32 27 20 24 23 29 30 30 28 35 38 21 32 25 35 26 24 29 27 31 40 25 10 39 28 31 31 33 21 27 27 36 27 28 32 33 18 23 28 33 27 19 36 36 28
32 27 28 32 32 22 19 25 19 19 29 30 28 27 26 27 19 21 37 32 32 27 21 29 26 21 37 35 35 36 19 29 14 23 17 30 23 25 13 20 30 20 23 38 30 39 28 19 34 36 20 21 34 39 27 28 20 30 20 29 32 19 38 28 15 24 25 16 26 25 37 38 25 35 34 23 31 23 19 31 26 32 41 34 30 39 19 19 27 29 21 36 18 34 23 29 34 28 31 30
27 24 23 19 28 29 28 22 19 30 27 40 38 30 22 22 28 16 27 14 18 28 26 25 34 37 21 32 19 22 23 22 24 20 24 28 24 25 33 26 22 27 37 27 29 18 34 32 13 25 29 26 23 22 30 27 14 29 28 24 32 21 28 26 19 27 31 33 23 34 29 35 25 32 29 21 32 27 23 24 30 23 24 20 31 28 30 24 34 25 12 21 27 30 33 30 23 16 28 17
25 21 18 32 33 22 32 30 27 29 25 23 18 18 21 24 24 25 24 21 27 19 26 21 21 23 32 27 26 23 26 31 32 22 32 27 9 24 23 30 25 34 18 38 25 15 27 27 24 25 22 21 31 36 22 28 30 35 41 26 24 23 22 23 32 26 29 17 25 24 35 27 30 27 15 24 28 26 22 19 35 26 17 25 31 20 23 32 20 32 24 30 27 34 26 24 31 22 34 22
27 29 27 28 28 24 25 36 28 26 17 27 27 28 26 33 31 28 24 20 27 23 17 37 33 29 37 32 29 16 20 17 28 29 23 21 19 22 25 32 44 24 21 20 30 29 23 31 28 32 24 29 30 33 28 37 41 25 33 29 22 30 28 16 21 27 18 28 17 16 31 32 24 20 31 37 37 25 29 25 23 29 30 32 28 25 35 31 27 20 28 26 28 23 32 34 26 27 30 35
29 36 30 29 38 23 23 42 29 24 26 25 29 27 26 26 26 26 25 17 23 28 27 27 29 34 30 29 26 31 23 24 28 35 24 29 28 25 28 25 25 26 33 26 23 34 18 39 23 29 27 32 29 24 34 15 25 27 48 19 13 23 34 32 28 24 20 23 26 21 20 21 15 26 24 28 28 24 20 28 22 43 24 22 34 27 19 26 27 30 29 23 31 25 17 22 32 22 21 23
24 25 24 35 30 21 28 24 32 26 23 27 25 15 25 31 24 36 24 47 24 31 32 25 29 24 24 34 27 20 23 15 32 29 28 31 27 27 26 40 34 11 26 22 31 22 29 30 26 22 15 34 27 18 31 23 22 24 26 19 27 20 36 23 33 33 32 23 34 25 26 35 31 24 22 23 25 22 32 26 33 23 26 30 28 28 25 11 13 13 15 18 20 11 11 7 15 6 19 20
11 15 15 7 13 13 15 19 10 16 5 11 11 8 13 16 12 14 14 14 14 15 12 14 7 12 12 10 10 11 18 14 18 13 6 12 10 14 11 18 11 16 15 17 5 11 5 10 13 11 13 10 8 22 12 17 8 14 11 10 18 19 27 11 14 18 21 11 11 15 19 12 15 13 15 4 12 15 13 12 14 15 15 12 8 10 12 16 17 18 39 29 18 13 15 16 10 5 22 11
11 6 15 15 10 9 12 6                                                                                            
