0.433333333333333 1142 32 32 25 33 38 22 34 30 28 33 47 45 38 42 38 20 33 32 29 34 24 26 28 26 38 30 33 32 25 36 28 28 23 35 28 30 33 25 62 92 53 10 35 30 31 25 28 33 28 22 39 29 30 22 29 34 30 31 40 39 37 44 36 32 27 35 35 30 38 33 34 28 40 27 34 31 29 32 36 29 34 18 31 34 28 32 36 34 20 29 22 23 29 38 42 34 24 24
31 35 37 28 32 34 31 34 31 36 38 28 26 36 28 37 30 34 47 36 32 21 21 30 30 22 35 42 36 29 21 43 30 32 36 39 30 35 43 32 24 28 36 29 30 30 25 26 35 30 44 30 35 33 27 22 32 35 34 39 32 34 35 16 30 34 31 34 34 28 34 32 42 36 33 25 32 19 34 32 30 41 30 27 28 32 32 42 34 25 21 22 30 20 32 29 40 33 34 43
31 55 27 10 32 22 28 34 48 21 35 20 39 34 22 29 22 33 30 37 31 28 29 43 30 32 23 11 22 30 36 29 26 41 26 28 33 28 33 23 32 27 26 31 31 31 31 29 43 22 26 42 29 31 17 37 34 30 38 33 31 31 36 30 29 31 28 27 24 40 29 30 27 28 38 34 35 25 33 39 26 26 33 38 33 23 39 29 34 32 32 38 31 29 18 29 29 40 42 97
33 31 34 30 34 36 25 22 40 26 38 31 31 33 26 33 29 36 26 29 26 43 30 30 33 32 31 37 30 35 35 31 33 36 23 39 35 34 29 25 24 62 64 29 39 38 34 28 23 25 35 36 35 34 40 28 30 30 29 28 37 25 31 22 17 30 33 28 29 38 32 36 31 20 28 29 28 26 37 38 26 33 23 29 34 39 23 29 25 40 23 28 32 20 21 32 16 35 45 31
37 48 36 30 33 30 35 41 26 24 33 29 39 34 45 22 30 16 40 29 34 29 38 39 22 26 27 36 30 33 43 36 33 27 19 24 36 27 34 25 26 32 30 25 38 36 35 21 29 31 27 33 27 39 25 37 27 34 26 31 39 32 28 37 26 18 45 38 29 31 33 26 32 21 29 36 23 31 26 31 27 29 30 25 35 24 28 38 27 27 28 44 24 26 27 19 31 39 33 28
32 27 37 37 32 39 43 34 29 26 20 30 18 29 19 27 41 41 26 30 35 35 43 24 31 34 24 32 39 32 36 36 35 39 38 38 27 31 24 33 24 29 30 24 31 39 31 27 40 41 36 37 30 29 32 30 26 34 39 24 37 33 26 36 32 33 31 33 40 33 42 31 33 36 34 28 46 31 29 31 28 32 29 40 38 35 46 150 34 37 34 24 32 23 26 20 32 24 25 22
34 31 36 59 34 35 26 35 33 32 22 22 35 30 34 26 37 29 35 51 36 25 31 20 29 33 24 51 30 31 22 33 34 40 49 25 32 24 24 28 21 35 40 28 32 27 30 30 37 28 32 28 35 27 34 32 32 39 27 23 27 25 19 38 32 33 30 28 36 34 27 31 33 28 34 31 21 33 41 26 31 24 30 29 26 33 46 36 31 32 23 35 35 32 25 37 28 30 36 25
31 28 42 30 31 26 20 25 25 21 32 31 32 33 35 27 34 28 25 33 39 36 25 27 26 31 32 24 35 24 34 39 31 37 21 29 30 23 37 33 28 31 33 39 41 31 24 24 37 35 24 37 35 29 28 29 27 30 16 34 37 43 30 38 31 26 38 28 29 33 36 30 29 29 27 43 34 41 34 34 32 33 35 31 29 34 29 28 25 35 32 33 38 27 28 30 41 25 29 25
18 36 35 34 26 24 50 37 21 28 33 35 31 42 24 32 33 31 25 46 33 33 39 32 27 32 26 26 19 29 24 22 45 36 35 25 35 41 28 27 34 32 35 33 29 33 19 48 28 29 41 27 29 31 26 28 29 33 25 15 26 23 39 32 22 38 26 32 37 37 36 29 27 31 28 36 27 22 30 38 40 33 32 36 36 28 21 32 32 31 31 30 36 28 24 31 34 17 34 26
33 26 41 32 26 30 34 31 32 44 30 44 22 29 29 36 31 28 23 48 32 34 26 30 33 37 29 34 25 27 30 41 28 27 32 43 42 33 33 37 35 29 40 28 41 26 34 8 32 34 35 29 31 28 33 40 38 37 30 30 29 30 28 28 36 22 30 31 23 19 47 25 36 30 33 35 22 24 30 36 25 27 25 28 36 40 27 42 31 22 24 16 29 21 29 37 32 28 35 29
37 40 38 34 29 31 20 33 28 35 30 31 21 38 43 23 22 23 37 37 28 39 30 32 32 18 37 32 37 33 31 30 30 35 45 36 31 26 37 23 17 38 28 33 32 33 30 30 26 34 21 6 52 31 46 27 27 27 25 31 39 27 24 29 32 37 28 31 37 25 29 34 24 25 33 11 16 18 14 15 15 10 21 12 13 16 18 22 10 18 19 9 18 15 16 23 13 12 12 21
13 14 15 14 15 20 14 16 14 13 17 17 11 10 13 16 17 9 24 14 16 11 14 17 8 15 13 16 7 13 15 21 10 18 16 19 11 15 14 14 17 18 5 18                                                        
