0.459459459459459 1865 51 37 25 40 24 25 36 21 37 37 31 37 54 30 31 35 34 32 27 31 33 33 26 33 28 25 37 33 37 28 41 32 34 42 30 21 31 28 31 45 34 27 34 29 35 30 19 37 29 23 26 19 24 25 28 28 28 30 33 22 33 35 23 19 30 30 23 25 22 30 31 27 24 25 35 28 37 28 35 58 31 20 30 37 22 47 31 24 29 25 37 31 33 30 25 24 30 31
22 24 31 28 25 28 24 29 30 30 37 15 21 26 28 23 33 27 31 28 24 26 33 37 28 21 22 14 12 21 31 41 20 33 22 35 29 26 32 23 22 38 37 32 39 31 32 35 23 25 34 11 27 26 29 43 28 36 32 37 30 23 21 31 22 21 30 46 26 31 27 12 30 26 27 34 23 29 23 30 24 30 28 30 30 24 25 36 20 29 23 28 30 42 33 21 39 42 36 43
24 28 21 29 32 38 21 27 33 40 33 29 39 24 18 24 35 17 26 32 30 27 32 28 43 34 30 33 23 38 20 37 35 26 24 31 32 33 27 32 30 43 25 27 38 29 30 28 27 25 24 33 26 36 37 31 30 30 38 35 29 26 27 28 40 33 41 29 33 29 29 29 28 13 36 34 22 33 36 31 27 26 22 26 25 43 25 21 29 33 27 24 37 27 39 27 35 38 35 28
25 28 27 30 35 23 32 21 25 25 30 25 18 37 33 31 30 30 24 38 32 20 31 35 34 31 15 24 27 29 33 24 28 34 18 28 35 36 45 26 37 34 30 37 39 22 33 33 26 19 31 22 19 24 25 28 31 36 27 34 30 29 35 16 23 33 34 32 28 35 36 29 26 31 32 25 35 25 44 33 33 46 31 28 18 34 33 28 23 23 30 29 30 27 31 34 33 32 23 30
37 28 39 29 28 31 36 27 19 30 34 33 19 24 34 36 32 29 22 46 29 31 28 33 26 17 28 33 26 31 28 32 37 30 27 31 30 26 24 30 31 24 18 36 26 30 35 21 26 28 22 24 28 78 28 30 26 29 32 33 32 30 24 28 34 27 30 32 27 31 34 23 27 23 32 23 40 27 22 25 37 25 20 28 27 35 33 32 40 36 24 27 31 23 26 41 23 37 20 35
25 42 33 32 34 31 34 22 29 28 33 30 11 22 26 27 26 34 42 31 32 19 34 30 32 37 31 28 28 30 26 35 39 25 28 29 35 27 25 31 36 23 23 30 28 23 17 27 35 25 24 36 27 27 28 39 33 26 23 29 26 39 32 26 28 29 22 39 8 25 37 28 26 27 24 32 31 31 30 25 37 20 22 29 33 27 53 57 59 58 32 27 30 30 31 35 25 26 36 41
28 29 23 30 24 28 16 39 27 36 31 27 37 29 32 36 31 29 31 31 26 31 25 27 35 22 30 24 22 33 25 31 29 25 22 42 29 39 31 30 30 40 31 28 32 31 45 22 36 28 33 21 34 39 27 29 10 28 27 29 18 22 18 28 21 23 29 27 42 43 28 32 29 25 20 27 24 27 34 41 44 27 24 36 41 27 26 26 28 28 26 35 31 29 23 30 25 29 30 27
34 35 20 30 31 34 20 32 33 29 32 48 32 20 27 23 33 36 28 25 33 25 24 35 29 33 16 21 35 38 37 43 27 31 17 35 29 34 26 35 33 23 38 33 38 42 32 34 18 34 25 29 39 18 33 23 25 25 29 26 34 24 34 24 27 28 27 23 39 31 20 25 36 39 25 39 31 31 39 26 45 25 37 33 35 28 39 32 32 20 33 28 29 34 24 28 34 44 31 28
23 25 22 25 33 42 27 24 27 38 24 30 39 32 29 24 23 23 32 30 23 43 30 37 26 30 32 42 23 24 33 29 24 24 27 25 31 26 29 19 27 40 25 32 28 37 22 20 35 34 35 27 32 28 34 27 31 33 34 30 24 35 22 29 32 37 34 25 24 35 35 31 31 29 23 31 29 30 30 22 36 34 37 30 42 37 33 26 30 38 27 17 24 25 22 32 45 30 35 42
28 28 36 31 32 27 17 28 30 30 23 29 28 33 22 27 46 37 21 31 28 33 22 34 32 27 34 29 24 37 39 29 29 25 27 32 30 24 31 25 67 26 27 22 38 20 32 31 22 28 26 32 28 32 28 35 27 25 30 26 13 33 40 29 23 34 40 25 28 25 21 28 31 33 21 29 23 34 35 24 31 28 34 30 39 31 23 32 26 27 23 26 34 34 28 27 29 32 25 35
28 34 32 20 37 27 29 34 28 30 26 22 31 36 22 27 27 37 33 35 29 25 32 38 23 24 32 34 9 23 31 34 30 38 36 25 24 27 27 33 32 29 36 32 34 26 46 33 24 37 28 28 27 36 30 33 30 29 34 38 34 23 27 23 30 21 26 34 33 36 25 14 32 22 26 35 24 27 33 42 29 25 35 37 34 28 31 18 25 37 42 16 25 22 20 22 27 27 20 38
30 39 24 17 23 27 25 23 32 25 30 31 38 31 25 33 34 30 27 27 31 35 23 33 33 26 26 34 36 39 26 37 31 26 26 29 25 41 33 36 33 32 31 21 23 25 28 42 29 29 39 26 44 30 24 29 39 13 30 35 38 21 40 22 16 26 39 14 34 24 33 22 29 25 21 34 21 33 10 32 32 26 23 18 31 29 22 25 25 24 21 33 24 32 29 32 23 35 37 25
22 33 27 31 25 35 36 33 32 34 34 24 28 29 34 36 30 28 34 32 38 20 23 23 31 29 30 24 32 35 20 16 29 20 25 33 34 23 35 28 39 29 24 22 23 31 27 26 36 23 24 25 17 37 31 27 22 27 30 42 29 26 31 26 33 24 21 29 30 41 27 27 35 27 17 34 23 34 39 26 37 32 33 26 29 24 28 37 36 27 43 24 38 30 28 36 24 42 33 28
31 28 31 28 26 31 28 26 43 18 38 16 13 27 30 42 37 32 36 18 30 30 28 23 32 46 33 28 27 32 40 26 32 31 28 41 30 31 38 33 29 40 25 29 13 32 30 36 29 30 36 31 41 38 31 31 28 40 34 22 25 27 18 27 36 36 43 37 43 21 35 34 28 28 29 35 24 26 24 21 32 18 20 33 29 26 22 22 41 26 42 18 25 30 31 30 23 34 31 27
31 22 35 31 29 38 25 29 35 27 25 26 30 38 38 37 21 34 31 27 30 20 30 35 33 25 24 24 32 25 30 25 34 35 34 37 44 27 19 38 27 27 18 32 43 26 32 26 31 31 31 17 34 25 25 20 24 32 37 43 35 41 31 33 47 41 32 35 33 21 26 39 33 32 25 31 19 24 39 23 27 32 28 34 34 18 22 38 21 34 20 26 20 28 32 36 27 34 20 33
23 19 35 28 32 29 24 26 38 36 27 25 15 27 25 30 26 29 40 35 25 26 32 18 23 31 39 23 33 33 28 27 15 19 33 27 16 28 31 25 18 33 36 29 36 26 36 28 19 30 27 26 26 30 23 29 27 25 63 33 39 39 29 23 33 34 30 29 24 34 27 27 26 23 29 32 27 29 34 35 32 25 43 31 27 36 33 34 31 39 32 37 28 32 20 40 30 23 30 38
24 35 30 29 34 24 33 31 24 31 22 25 27 28 29 25 26 32 30 24 20 33 36 27 29 34 29 24 38 29 30 31 26 28 33 31 28 26 32 31 32 29 25 28 29 29 26 29 36 37 27 34 35 35 29 28 41 46 31 32 30 30 26 26 37 32 41 32 22 27 38 25 29 24 39 25 40 21 26 19 35 30 31 35 31 31 25 33 40 38 35 37 32 21 16 32 39 34 26 25
34 27 24 40 48 32 35 36 40 23 26 26 32 37 28 30 31 27 36 26 42 22 40 28 30 38 37 27 42 36 28 34 31 36 30 39 31 44 24 36 40 28 33 31 24 27 23 28 38 30 37 30 25 25 33 23 35 30 23 27 28 28 40 25 28 27 11 32 40 30 32 33 32 41 30 27 32 26 16 26 32 33 28 39 30 34 33 41 31 31 37 29 30 27 20 20 23 30 35 21
30 28 35 27 38 33 26 30 26 27 28 32 23 29 17 27 27 39 37 12 41 31 24 36 27 27 38 27 29 20 36 47 16 30 35 40 45 36 25 27 31 26 38 36 32 38 28 39 18 32 33 32 29 31 32 30 32 28 24 33 22 31 35 32 34 38 41                                 
