0.444444444444444 3303 17 14 9 15 14 17 16 22 12 14 17 15 16 11 8 9 16 20 18 17 18 17 21 18 14 13 16 12 14 19 13 19 11 8 19 18 22 17 19 26 19 22 16 13 21 15 19 10 19 18 12 26 14 22 23 11 10 20 19 11 15 20 13 15 18 20 24 25 10 12 16 21 17 15 10 15 15 17 12 21 16 18 21 14 14 13 22 13 11 19 22 20 22 23 14 20 22 15
21 17 21 18 11 15 23 18 19 21 13 11 24 25 17 13 36 16 16 68 18 17 12 23 9 21 16 17 19 16 23 20 14 19 10 21 21 13 19 11 11 14 18 17 11 14 20 18 21 16 19 15 15 26 16 21 16 25 12 16 10 21 19 19 17 19 21 15 12 16 26 14 12 13 11 13 17 16 18 14 13 19 22 18 19 12 11 16 17 21 16 17 18 16 14 23 19 27 18 15
23 17 15 15 12 20 21 19 11 11 13 19 19 17 22 18 12 19 16 21 18 20 13 21 17 22 21 11 17 16 14 16 21 16 15 12 12 16 18 17 15 19 22 14 17 14 13 15 11 17 22 15 17 24 28 27 18 23 23 13 15 30 17 14 18 15 11 20 17 10 11 17 18 18 22 11 15 16 13 21 18 24 26 14 18 18 12 16 19 20 14 15 18 21 17 14 19 22 25 15
12 13 11 16 15 20 17 23 17 11 16 9 19 25 26 18 25 18 20 16 18 17 16 22 14 22 9 20 21 22 14 15 19 19 19 17 11 7 17 11 16 14 15 18 14 17 18 16 14 15 8 11 12 19 15 16 16 15 10 19 19 15 15 18 14 18 16 13 23 17 18 13 22 17 16 15 13 20 15 12 21 17 25 15 11 14 12 17 14 16 13 18 20 13 20 23 17 18 16 15
11 10 7 17 15 12 16 13 18 8 15 10 17 7 12 15 15 20 18 14 18 14 12 19 17 11 23 20 21 16 24 26 20 19 15 14 16 11 15 18 24 13 13 13 12 19 14 21 12 18 16 15 19 19 19 18 18 18 22 14 16 17 14 15 20 20 12 7 11 21 18 22 23 23 19 16 21 18 19 11 21 10 21 21 8 9 14 16 19 21 18 15 17 16 17 29 21 19 18 25
19 11 13 21 10 20 19 15 15 10 16 18 20 13 16 21 18 18 20 14 15 19 17 15 14 18 17 14 15 13 13 24 13 17 20 12 18 11 12 10 19 24 22 25 28 22 22 19 15 25 13 20 23 16 20 13 24 22 17 16 27 15 18 22 16 13 17 20 14 25 23 20 16 23 18 14 12 20 20 16 15 32 24 14 22 20 24 21 15 25 14 16 22 20 20 15 10 16 13 19
22 24 19 18 18 12 18 11 13 9 18 16 11 20 17 19 14 14 12 24 17 15 12 16 23 14 27 19 12 21 27 15 14 13 21 11 17 15 18 17 14 15 18 19 22 17 12 19 19 18 18 23 17 12 9 14 12 14 13 12 18 17 22 18 23 12 25 15 17 31 17 15 25 17 23 17 30 21 20 16 12 17 13 19 31 17 17 23 13 14 20 29 21 20 20 22 24 24 14 24
21 23 21 24 34 14 21 15 13 13 15 20 20 23 11 17 16 17 10 21 20 15 13 17 21 18 18 13 23 24 25 16 17 17 25 20 18 21 25 15 32 24 31 22 16 26 19 20 25 18 32 25 24 19 26 16 22 24 26 17 19 22 22 22 21 14 16 19 11 18 15 19 19 13 20 16 13 16 15 10 36 27 13 10 13 12 14 21 19 20 22 13 26 13 22 21 21 28 17 23
16 19 14 26 19 19 20 24 21 19 18 18 23 19 33 18 24 15 22 14 17 17 17 15 26 22 20 20 25 28 14 22 28 16 17 18 16 13 10 10 14 19 25 16 22 13 14 26 16 21 12 13 14 14 15 21 21 23 23 17 25 24 17 20 21 18 20 18 25 19 13 19 24 18 12 19 23 11 12 9 11 10 16 20 16 17 16 15 13 13 15 15 28 41 14 7 51 14 35 24
16 11 18 18 22 27 21 17 21 23 13 21 22 20 15 16 11 15 14 17 21 15 12 16 13 25 13 13 16 16 21 24 22 15 14 25 17 12 26 29 15 18 21 13 23 20 15 15 20 14 22 13 25 15 11 17 12 17 20 20 19 22 18 12 16 12 19 10 14 15 23 15 16 14 9 13 21 23 19 19 12 20 28 10 18 18 25 15 10 17 11 16 15 14 23 18 39 36 42 10
35 20 15 24 27 29 19 15 22 8 17 20 11 19 18 9 8 14 13 23 21 15 16 16 19 15 20 25 18 20 28 22 22 15 25 14 13 22 16 16 16 16 15 15 21 25 17 17 21 25 17 13 12 33 13 9 14 12 10 13 17 20 7 25 14 17 13 17 20 15 14 15 16 15 18 17 11 15 11 21 23 18 13 11 12 19 19 17 15 15 10 14 15 17 15 12 12 19 14 10
13 12 17 20 20 16 19 16 18 12 14 8 15 16 9 9 16 15 31 24 26 16 17 24 29 19 18 19 18 18 17 22 14 22 21 13 17 23 13 22 17 22 19 12 14 20 23 16 24 17 14 13 22 29 16 19 15 25 19 18 14 20 16 16 18 15 23 13 19 21 15 14 14 15 22 10 14 16 23 12 23 19 12 20 17 10 18 13 15 19 19 21 16 18 15 25 18 20 22 20
14 23 17 18 19 21 12 18 16 15 21 19 17 17 11 26 11 12 18 13 24 19 24 15 15 23 19 6 20 18 17 18 17 14 17 13 11 9 13 16 13 16 15 13 13 17 10 11 14 20 10 19 22 16 19 23 25 22 28 18 19 24 15 15 27 19 20 14 12 16 10 22 9 21 10 13 16 21 18 16 13 10 11 8 10 13 10 20 14 9 9 19 18 13 16 19 21 16 15 15
21 6 17 13 19 16 20 22 10 20 21 16 34 21 23 28 19 23 13 13 13 21 18 11 12 17 16 19 17 22 19 18 16 16 18 23 15 22 22 19 15 16 30 18 18 22 16 15 14 15 21 13 18 18 15 18 19 22 18 18 15 14 11 20 28 19 27 13 11 17 12 15 19 22 16 15 17 25 17 21 28 12 19 21 22 13 16 17 24 12 13 10 12 15 20 15 27 25 21 16
15 20 11 23 25 22 15 15 23 14 16 22 18 24 12 14 15 19 12 10 18 10 13 10 19 15 12 19 18 19 20 21 23 16 10 21 22 18 14 15 14 15 16 26 16 16 15 24 23 12 25 15 21 15 24 12 10 17 17 17 19 20 14 10 18 20 23 18 24 15 22 14 15 18 14 11 19 16 21 15 17 10 20 17 13 15 17 20 22 13 21 27 19 19 21 20 21 19 29 11
16 19 20 14 11 12 15 21 15 12 22 15 23 19 20 19 18 24 21 18 18 25 19 20 17 10 12 13 25 15 21 12 26 18 20 14 20 11 20 12 19 17 25 12 20 6 11 20 14 16 14 14 11 24 21 18 18 18 17 20 24 16 14 22 16 20 20 14 18 22 10 14 18 18 16 14 15 16 10 17 20 14 21 21 22 16 18 15 15 20 24 13 20 19 20 13 19 12 16 15
21 23 19 18 17 12 22 11 11 20 12 17 13 12 11 33 56 58 17 16 19 17 19 21 16 17 21 13 20 16 17 19 14 24 23 22 24 26 22 11 20 16 21 18 21 30 17 21 10 14 17 16 16 19 17 22 18 23 19 15 12 10 18 11 17 16 9 15 13 14 16 8 16 21 30 14 12 12 14 12 11 14 18 17 13 22 19 15 11 9 16 17 16 10 15 12 13 19 28 22
16 14 15 12 16 19 12 9 16 16 11 22 9 19 19 11 21 18 16 7 21 27 23 16 21 17 12 9 14 16 18 23 19 16 20 21 13 18 13 16 16 12 18 25 13 16 18 18 17 17 8 13 11 14 20 15 13 23 14 10 11 23 10 18 21 16 13 10 13 17 15 12 22 18 21 22 17 18 14 20 15 20 19 21 19 15 21 26 12 18 15 16 17 26 16 17 19 17 11 16
18 15 22 23 16 15 11 19 20 20 16 24 17 18 16 17 21 17 18 14 15 16 13 26 19 17 19 20 12 17 10 21 8 18 15 13 16 24 21 13 15 9 22 14 15 12 22 19 15 16 21 19 13 13 18 21 11 20 13 9 19 16 14 22 19 26 17 18 21 26 20 16 17 19 16 17 20 19 21 14 11 16 22 16 19 21 15 20 25 19 13 19 14 13 16 26 17 12 17 18
26 20 23 23 12 19 14 14 19 9 23 12 21 19 9 15 13 12 11 16 16 16 17 21 9 18 18 22 18 19 17 13 8 13 12 17 12 12 13 8 12 7 17 9 21 23 14 9 16 15 15 15 15 18 15 15 9 21 9 15 17 11 24 15 16 16 14 15 13 12 13 12 21 21 17 13 21 21 12 15 15 16 14 22 25 20 23 12 11 15 26 15 13 17 21 20 16 11 18 23
11 13 17 22 13 21 17 18 25 15 14 19 14 10 13 15 11 16 17 18 19 18 13 19 24 23 25 20 15 14 15 12 22 17 17 18 14 13 9 27 14 21 23 12 14 16 15 18 13 15 15 17 11 15 22 13 11 16 17 17 15 22 14 11 12 13 18 22 19 27 17 23 15 15 16 16 18 17 13 24 14 16 21 22 17 15 18 16 17 13 14 18 13 21 21 16 22 17 17 27
16 9 16 18 15 15 18 12 12 10 11 17 13 23 18 19 23 20 17 18 15 27 20 15 14 17 16 22 17 16 21 23 16 22 12 12 20 15 18 13 21 15 10 18 14 18 24 14 13 12 19 19 15 15 23 12 16 27 19 23 19 14 17 8 17 17 19 15 19 19 17 8 25 12 14 16 19 13 23 15 17 17 13 19 11 16 17 20 17 15 11 16 13 22 11 19 13 20 21 17
20 17 10 20 23 15 9 20 21 17 13 24 11 10 14 12 17 20 17 19 18 21 21 18 20 15 25 21 20 14 14 17 20 20 14 21 21 16 20 24 14 17 14 16 14 23 22 24 21 29 14 14 20 18 16 20 21 19 18 15 22 22 21 18 14 22 22 22 21 22 25 23 20 19 20 21 14 18 17 13 21 20 12 13 16 21 9 21 20 16 18 12 21 18 17 26 19 14 7 17
14 10 13 17 17 19 16 18 21 20 18 15 21 22 13 20 28 21 17 18 22 17 8 7 17 19 23 17 18 21 18 17 19 23 20 24 18 20 15 19 21 21 19 16 19 16 23 14 15 19 22 18 12 23 19 22 10 18 22 16 19 17 19 13 19 20 12 23 15 12 14 22 14 14 13 20 15 13 17 21 18 9 13 19 19 22 15 21 15 18 15 16 21 11 19 16 9 11 16 11
17 17 14 16 17 20 18 16 17 15 13 17 15 23 21 23 16 11 11 20 18 13 21 13 19 21 21 24 21 19 24 16 13 20 18 15 12 15 16 32 8 14 9 22 11 6 13 15 24 16 15 24 17 12 19 13 18 13 17 21 19 15 14 22 17 14 23 16 19 26 17 13 19 12 15 12 20 12 17 16 19 17 19 19 23 17 15 16 16 18 22 37 11 18 19 17 23 16 23 16
16 16 19 19 22 20 19 12 14 22 16 13 20 19 13 21 24 19 14 19 20 14 13 12 13 16 17 10 14 22 18 24 20 13 13 17 17 22 19 18 16 16 20 13 11 20 15 12 17 22 16 20 20 19 18 13 13 17 15 15 13 19 23 23 16 17 17 12 14 22 18 15 20 9 17 14 12 21 21 14 18 16 19 16 17 19 16 22 12 23 13 17 16 13 15 16 10 19 11 13
15 19 17 15 19 13 14 20 13 19 18 16 21 21 17 21 16 17 16 14 16 15 12 14 20 19 23 12 14 11 22 12 9 14 13 9 12 14 18 16 14 11 23 18 18 15 15 17 11 15 9 15 24 14 20 16 19 13 18 19 15 17 19 24 21 15 19 15 16 22 16 15 10 7 15 15 12 15 12 14 24 17 21 18 10 26 20 15 16 17 17 21 21 18 13 24 14 13 14 20
13 17 19 16 14 13 23 17 17 22 15 18 13 20 16 17 14 10 20 19 20 15 21 15 26 20 22 11 14 20 12 21 14 12 27 20 18 16 18 15 25 12 19 17 16 20 18 16 23 19 14 18 16 17 23 18 10 11 21 20 13 24 15 16 19 11 15 14 11 17 12 18 20 21 15 23 23 20 9 14 17 12 18 16 18 19 21 13 11 17 16 13 22 20 12 10 15 18 20 19
26 20 21 20 12 13 21 19 21 23 27 9 24 23 11 11 21 11 17 15 14 13 20 13 23 21 11 15 13 17 11 12 16 23 18 34 22 19 14 19 16 18 13 11 22 11 17 15 15 15 12 17 17 15 22 19 19 18 18 20 25 20 23 20 14 22 14 16 14 9 9 12 18 24 21 21 15 16 15 22 23 11 8 18 27 27 12 15 16 15 26 20 17 19 24 14 20 9 18 11
19 22 21 19 12 15 22 22 21 21 26 17 26 20 13 14 20 22 17 25 19 21 23 25 12 16 20 13 14 16 14 21 15 26 12 21 20 27 22 10 16 22 20 14 18 12 10 22 24 7 17 25 11 30 19 13 11 24 17 27 19 15 11 21 15 19 18 15 17 21 14 18 19 13 23 22 22 17 13 21 16 24 18 19 20 17 16 17 16 21 20 16 13 27 13 18 16 27 20 13
14 15 20 23 9 18 20 24 14 10 18 17 29 20 23 18 18 30 14 19 18 27 17 12 17 22 16 29 20 19 16 15 21 17 18 27 17 17 10 18 20 22 18 13 16 18 13 14 14 10 11 26 30 16 17 20 19 13 11 13 13 12 11 7 9 12 13 15 17 20 15 12 23 15 22 19 21 17 19 18 18 12 19 16 24 15 14 13 16 16 17 16 17 24 12 20 22 19 25 8
21 14 16 12 15 18 21 21 22 17 12 14 17 17 12 15 14 12 17 12 16 9 13 14 17 17 18 22 20 17 10 16 13 11 17 27 8 20 12 17 17 12 17 17 19 10 25 26 17 15 16 19 20 22 15 12 22 9 19 21 17 14 12 14 18 12 12 15 20 12 9 8 11 12 12 16 14 8 8 7 7 9 9 6 6 8 5 10 7 9 10 6 11 15 7 9 11 7 8 8
6 10 15 10 11 12 6 7 11 8 8 9 10 10 7 10 6 10 9 8 11 12 5 15 10 13 21 6 17 12 13 13 5 8 22 9 10 12 13 9 16 8 14 7 6 13 7 8 10 12 5 17 5 8 20 11 10 7 12 8 12 8 9 9 10 7 11 6 11 6 8 5 8 10 13 5 10 11 11 8 8 9 10 14 6 7 7 6 13 9 8 6 11 8 9 12 10 11 14 13
10 6 10 9 10                                                                                               
