0.5 2244 22 29 19 21 31 18 21 25 17 12 21 16 19 19 20 25 23 19 15 27 20 13 13 19 15 23 29 20 15 16 10 14 23 12 17 15 19 13 9 12 21 16 19 16 15 22 9 16 16 14 9 16 15 17 20 20 14 22 19 15 18 23 10 17 12 13 21 10 14 18 10 16 16 16 15 26 15 20 15 19 20 10 18 17 19 28 20 20 13 18 22 25 23 13 19 15 22 23
13 16 23 19 18 16 16 21 12 27 17 13 20 17 7 14 15 16 24 15 18 17 23 29 18 29 13 14 16 26 8 12 23 13 16 18 15 16 27 17 18 21 14 17 17 19 15 27 19 12 17 23 24 22 17 18 10 15 18 28 22 18 20 22 23 16 23 13 26 20 20 23 20 14 18 24 28 12 24 20 14 19 20 19 20 20 14 18 13 12 17 12 20 20 22 18 17 26 9 23
30 25 13 21 27 23 13 20 20 25 23 16 17 20 13 27 13 12 20 23 22 22 27 17 31 18 19 20 22 15 24 23 15 13 16 18 29 20 20 15 16 18 21 19 26 20 11 19 21 15 16 15 20 27 18 27 19 20 22 16 18 31 23 24 23 14 23 21 22 15 14 24 19 14 21 15 10 19 13 22 8 17 15 13 17 19 17 16 13 14 17 15 21 23 11 13 16 27 16 14
12 23 26 14 17 17 17 14 21 16 14 14 16 19 18 15 18 11 23 24 21 24 19 22 22 23 18 24 16 21 13 21 20 14 21 7 13 13 8 15 13 17 15 14 26 11 17 18 12 8 18 24 15 15 29 18 27 22 14 30 20 22 21 17 18 28 20 15 12 18 18 15 13 21 21 30 25 23 35 18 18 20 28 16 19 12 16 16 19 21 17 26 24 13 21 15 14 10 7 16
17 20 17 12 23 21 24 22 23 21 20 16 20 17 16 16 12 20 19 18 13 12 15 11 14 25 15 23 14 19 17 8 30 22 21 26 20 17 16 19 24 23 20 29 23 12 20 23 25 16 19 19 24 27 16 17 20 19 19 14 23 17 19 24 23 8 23 22 18 16 26 20 20 23 6 23 18 32 24 18 17 22 16 16 15 21 13 15 13 14 18 17 22 17 13 16 13 20 19 19
20 18 13 21 17 15 12 18 17 19 23 14 20 14 13 19 12 18 17 14 13 16 17 17 11 12 15 21 15 15 11 19 13 16 10 14 17 12 24 18 20 22 19 15 13 28 17 15 28 21 15 16 22 25 18 27 18 14 18 22 25 22 14 12 15 11 22 13 21 26 12 19 13 17 16 25 14 16 17 25 16 20 17 10 17 17 17 24 22 32 18 19 14 22 20 18 16 11 18 11
17 22 16 12 13 16 18 12 18 24 21 10 24 26 25 26 11 13 15 27 22 18 21 17 20 86 78 19 31 14 25 17 13 17 20 16 18 22 24 17 12 20 19 19 18 16 11 20 23 18 15 14 15 23 19 14 18 20 30 11 20 19 14 25 20 15 19 21 22 33 19 18 19 19 17 19 18 24 22 18 16 17 21 16 21 23 16 19 17 17 20 22 8 23 16 24 22 27 36 15
17 21 19 22 24 20 17 14 21 20 19 21 26 18 22 10 9 18 18 17 30 15 18 18 15 13 14 20 19 20 20 28 18 25 21 18 26 13 15 27 22 12 33 17 21 35 15 27 21 16 34 26 16 24 19 30 23 28 15 23 25 18 14 21 14 18 20 19 19 22 27 20 26 31 22 22 21 29 17 28 28 29 23 10 14 22 13 13 18 15 15 29 25 23 19 21 30 11 26 25
20 17 11 29 26 29 22 16 19 31 19 20 13 24 17 13 27 23 12 14 14 16 18 14 13 21 15 15 21 20 26 13 12 27 17 17 13 11 21 19 17 10 20 18 21 28 20 19 25 14 21 12 12 17 18 17 18 20 20 19 23 25 19 15 24 18 18 19 24 18 13 25 18 17 22 23 23 26 22 21 19 32 23 16 22 16 18 12 27 14 24 12 22 18 23 21 13 20 14 20
21 23 22 19 17 22 29 23 46 21 28 19 22 14 22 26 21 23 14 19 16 15 16 11 20 13 10 18 20 17 24 18 13 21 14 14 17 12 27 17 19 15 21 20 13 16 26 14 17 20 18 26 17 14 13 20 14 16 15 16 23 28 20 15 25 18 15 19 20 22 23 18 14 14 16 14 14 16 22 20 26 22 17 8 17 12 15 20 26 18 12 21 10 23 14 24 47 14 19 14
16 19 22 14 26 15 21 17 21 15 19 19 16 18 12 17 12 20 13 20 19 9 10 12 9 13 17 19 13 17 19 15 15 14 11 11 15 11 13 21 21 15 23 22 16 21 20 12 19 17 23 17 23 19 19 21 25 16 18 16 20 14 17 7 23 16 14 18 11 14 21 24 16 12 15 17 21 15 13 17 15 10 16 16 20 16 16 17 23 16 11 10 14 19 11 13 22 30 26 18
17 14 26 20 23 25 15 25 17 20 23 21 16 18 24 21 12 12 19 18 18 18 14 22 26 16 32 23 24 23 18 20 17 18 18 23 24 25 24 22 17 23 25 23 15 23 21 25 18 23 15 25 24 20 16 31 25 21 41 14 18 15 16 24 22 22 16 23 17 16 22 13 25 17 22 14 18 14 18 20 16 16 11 12 19 18 13 13 17 24 21 12 25 23 28 21 16 44 9 14
29 28 16 21 17 22 20 21 13 32 23 17 21 24 20 17 20 29 18 35 15 20 19 14 11 19 26 14 21 29 17 22 10 22 9 18 12 19 26 10 14 13 18 21 18 22 19 18 26 24 24 18 22 15 19 17 20 18 16 18 15 21 32 17 15 18 11 17 23 8 12 12 12 22 20 17 15 10 7 15 18 12 12 9 26 8 24 17 13 10 12 14 22 19 16 14 19 13 14 15
17 21 16 15 16 18 20 18 17 17 14 16 13 25 21 20 19 17 21 24 20 25 18 17 16 11 12 26 13 26 18 24 22 14 18 10 17 8 5 17 13 13 31 16 23 21 23 22 19 17 14 15 20 18 23 9 15 18 15 10 27 25 20 17 12 26 28 22 16 13 26 13 17 13 16 16 17 12 20 23 15 19 18 26 15 16 23 17 15 14 13 15 16 16 20 19 6 21 19 22
16 9 22 13 15 19 25 15 21 12 20 21 12 17 14 13 9 10 15 17 17 17 14 26 21 19 16 16 20 23 19 17 17 14 16 16 10 13 16 13 20 22 17 13 22 8 12 5 22 15 21 12 20 11 17 16 14 13 13 26 14 12 10 14 18 12 10 20 18 22 21 15 16 23 28 22 12 21 11 19 10 10 18 15 12 23 19 17 22 15 21 16 19 17 17 19 21 20 18 14
15 9 23 16 11 11 19 19 30 15 17 26 19 16 16 21 15 21 15 29 13 24 19 27 18 21 24 14 18 13 18 21 23 21 23 17 20 19 10 14 18 12 18 11 10 20 12 20 33 11 20 12 10 21 12 16 13 14 14 14 13 10 22 12 19 13 17 20 20 19 17 15 16 22 20 15 14 15 18 19 16 15 21 24 13 12 25 16 10 18 20 14 16 20 8 17 14 9 12 13
12 18 17 14 13 14 22 18 19 21 24 21 17 14 21 14 27 13 20 15 18 16 16 19 13 22 17 19 20 22 22 24 26 25 19 17 21 22 24 11 10 14 21 24 22 21 24 16 21 24 17 17 14 13 14 21 21 13 22 11 14 25 19 20 16 16 21 18 15 17 26 40 19 20 16 25 19 21 15 19 22 16 18 21 27 18 24 23 15 17 16 23 18 16 17 19 22 10 16 23
28 17 12 20 16 14 16 21 20 24 25 15 11 11 16 8 22 13 16 16 16 15 10 20 19 9 21 17 18 19 14 20 14 22 20 19 11 13 16 16 16 28 17 17 11 12 14 26 19 12 23 14 14 14 21 28 14 16 20 20 18 24 22 21 17 23 17 20 17 14 18 23 25 18 17 21 20 10 15 13 22 28 19 22 23 26 21 17 15 12 16 12 15 25 22 30 28 16 19 20
18 23 16 22 13 14 15 23 13 18 17 21 24 28 20 14 14 18 26 14 17 20 13 17 23 16 20 17 14 9 22 10 19 14 9 16 14 18 19 18 25 19 17 12 14 13 17 22 18 12 18 15 17 13 20 18 18 14 29 22 13 14 22 31 21 14 14 16 24 17 12 18 14 12 18 19 17 15 14 14 16 20 14 18 14 10 13 22 18 17 27 11 14 22 16 19 12 12 19 14
16 19 16 28 15 20 12 15 14 14 16 22 15 31 23 10 12 17 23 12 14 20 18 18 11 17 16 26 22 17 20 14 18 15 16 10 12 13 13 18 23 15 25 12 17 22 18 11 17 20 13 16 11 12 15 19 19 11 10 17 20 12 15 24 22 19 16 15 21 11 20 12 19 20 11 11 23 22 17 15 23 23 16 23 12 13 14 14 14 12 17 15 10 15 15 19 17 27 22 17
21 19 21 28 25 14 18 20 21 12 13 21 18 21 15 16 21 27 19 15 14 17 16 19 22 11 18 24 13 19 17 16 18 12 20 18 16 18 20 14 13 12 14 13 17 24 34 38 18 15 16 16 17 15 21 20 13 16 17 16 20 21 28 20 12 17 23 23 21 19 22 13 18 14 17 21 18 17 12 24 14 16 19 23 15 19 20 30 32 23 20 20 21 17 22 23 27 16 19 13
15 23 12 23 20 23 16 16 27 22 17 16 17 15 19 24 13 24 18 18 18 13 16 24 17 15 12 17 13 13 15 14 18 18 24 18 12 21 20 20 25 19 18 19 27 19 21 16 18 15 18 14 22 14 6 16 17 22 26 27 19 18 22 19 21 14 15 16 13 20 16 18 17 30 21 26 15 15 18 12 16 9 29 15 13 19 13 11 18 11 23 15 13 21 18 20 17 11 30 19
27 18 17 16 23 17 15 17 19 26 12 20 18 25 16 26 20 17 16 17 15 16 16 12 18 19 18 14 14 17 20 12 17 19 17 17 14 13 21 21 16 20 17 21 15 24                                                      
