0.5 2954 17 12 9 13 15 18 16 17 12 22 18 20 21 22 18 17 15 15 16 20 17 11 17 24 15 20 18 19 16 18 9 21 18 14 17 24 15 14 24 13 6 12 12 12 20 9 9 14 8 13 15 7 9 15 22 21 14 17 18 15 17 22 13 11 14 16 12 21 15 15 16 13 12 18 9 8 15 14 8 12 16 15 9 13 14 14 12 12 13 14 18 17 15 21 21 16 24 17
24 11 17 19 13 14 23 16 17 11 13 8 13 22 17 12 15 18 10 16 11 13 12 10 16 13 17 13 18 19 12 8 13 15 15 9 10 17 19 9 18 11 11 11 14 10 9 19 16 12 19 19 16 17 16 15 11 14 19 14 17 16 12 13 12 13 14 12 11 9 15 17 18 12 18 18 17 15 20 17 16 12 20 25 12 14 14 18 12 16 16 12 11 14 17 19 16 23 19 9
11 15 17 15 17 19 12 18 12 15 18 15 21 23 25 13 19 10 15 12 26 11 18 14 16 14 20 18 10 19 15 12 11 18 21 22 9 10 13 13 14 9 20 16 22 16 16 16 15 14 10 18 19 17 15 14 19 18 16 15 23 15 16 12 16 15 12 14 11 15 16 17 13 26 11 16 18 14 16 14 10 26 11 18 15 10 17 14 18 12 20 15 13 9 14 9 18 20 11 14
18 10 11 14 15 15 12 12 12 14 18 13 13 12 25 16 15 19 17 14 13 9 16 19 13 17 13 11 17 14 13 15 18 9 16 14 15 13 20 16 28 22 12 17 18 19 17 14 15 11 16 16 11 12 15 13 16 22 7 18 8 7 17 12 14 12 12 18 14 18 16 17 15 13 12 11 14 15 7 18 21 16 15 18 16 13 9 11 11 11 10 12 16 16 18 12 18 12 8 18
12 9 18 8 13 12 22 9 9 13 13 13 19 13 18 14 15 14 18 10 21 15 24 10 18 13 20 15 14 15 11 17 15 13 11 17 22 22 17 14 15 22 10 17 12 16 15 13 10 19 15 20 12 20 19 8 16 15 14 14 21 14 16 9 16 11 18 16 17 21 11 15 10 14 21 13 18 15 16 17 12 13 17 13 12 17 14 17 20 22 16 20 15 15 12 11 20 16 11 16
17 10 19 21 12 12 8 11 19 9 17 18 13 18 9 12 16 23 16 20 18 15 13 6 20 11 17 16 10 25 16 14 17 16 17 15 14 11 26 12 8 14 15 13 14 12 18 28 14 16 24 17 9 15 12 18 11 17 17 15 15 12 15 13 18 17 14 17 18 20 15 10 19 9 18 11 14 11 15 9 10 15 6 13 16 17 15 17 14 15 13 20 13 10 11 14 12 14 10 16
12 13 18 14 18 22 8 16 18 16 19 10 23 14 17 13 7 12 8 12 4 10 14 12 16 18 18 15 14 12 16 18 12 16 10 13 21 16 18 18 8 13 11 13 16 12 11 14 16 14 20 20 13 19 19 41 12 16 13 11 19 17 17 16 15 18 15 16 16 7 16 8 10 11 14 10 14 13 19 11 10 13 13 14 19 18 15 9 19 14 10 9 19 13 13 9 11 14 14 12
16 20 14 21 17 17 13 19 16 10 21 15 23 13 21 21 16 13 14 9 19 17 18 12 11 12 9 13 10 10 19 14 13 13 21 11 14 10 23 19 12 17 12 18 11 22 14 34 19 12 26 12 38 52 18 8 8 16 19 19 14 10 17 14 5 15 12 12 10 4 13 20 9 12 15 15 14 15 11 16 8 15 12 21 15 18 22 13 17 14 14 13 11 14 18 18 15 20 10 11
9 10 10 26 16 18 20 13 15 13 14 14 17 12 12 13 13 19 7 24 14 13 20 10 15 10 12 17 12 11 18 15 9 7 13 13 17 17 15 12 13 10 16 13 25 13 20 16 22 17 10 23 17 9 22 24 22 24 14 17 19 21 16 17 20 19 14 15 11 17 15 16 7 9 12 11 13 12 17 16 14 14 9 10 6 15 13 15 15 13 12 18 6 20 26 11 19 21 12 22
18 19 18 17 17 17 20 10 16 19 11 16 13 20 14 12 11 23 20 11 20 19 14 12 18 10 20 15 19 14 25 17 13 17 8 11 20 15 13 20 18 16 19 15 13 16 20 14 16 14 20 19 17 8 18 18 23 13 15 15 19 17 16 19 11 16 8 16 19 19 14 21 12 20 23 13 12 17 9 13 28 13 15 18 16 14 17 8 20 20 10 13 10 15 15 13 15 11 12 13
17 13 14 20 18 21 17 20 17 15 18 13 14 19 18 14 16 20 14 31 18 24 18 13 19 8 12 10 15 15 14 8 18 16 14 17 21 18 23 12 21 14 17 17 12 11 7 12 22 14 9 19 17 22 20 14 18 10 13 23 19 10 11 13 13 8 17 9 17 12 9 14 11 17 27 16 14 17 15 11 18 20 10 22 16 15 13 8 13 12 11 12 12 11 12 15 11 15 19 23
18 12 15 14 11 13 20 16 15 19 22 11 14 12 9 19 11 17 11 19 16 15 12 18 17 21 16 17 10 24 22 25 7 21 24 16 16 9 19 16 8 21 15 11 14 12 15 16 17 24 14 15 9 11 17 14 19 16 13 6 9 18 13 12 16 9 15 27 12 13 14 20 11 25 15 13 18 10 18 20 15 12 14 19 14 9 10 10 15 15 25 12 19 12 8 17 13 15 19 18
17 21 11 20 9 14 15 13 18 17 14 13 23 11 11 11 14 15 18 15 12 14 15 12 12 10 17 17 16 18 19 17 16 16 17 12 16 15 15 25 12 16 18 9 18 13 16 11 19 16 12 14 11 9 15 16 10 16 17 14 14 10 14 14 16 14 14 13 11 14 7 12 13 6 11 14 12 14 13 14 17 10 13 15 14 20 14 17 19 18 8 8 11 14 15 14 17 11 9 13
12 10 11 14 12 11 14 11 8 12 13 15 9 12 10 14 16 14 14 19 19 8 19 17 12 13 12 14 18 14 15 14 11 13 13 17 19 16 18 20 21 12 11 14 13 18 17 6 15 15 14 17 18 20 11 14 19 15 18 19 12 16 12 15 12 11 13 22 12 13 14 11 15 19 17 12 17 15 19 29 10 15 21 17 19 19 18 18 21 22 18 22 23 16 15 8 11 14 14 17
17 11 21 18 16 21 30 34 16 16 12 11 7 9 11 17 16 9 10 14 12 8 10 7 14 11 23 14 9 15 17 11 17 14 13 10 11 20 20 9 10 16 19 9 15 14 14 22 16 11 20 19 42 17 24 5 14 15 22 18 22 27 9 10 15 16 20 16 18 17 14 16 17 16 24 19 15 8 18 18 17 17 12 12 11 12 11 16 20 18 16 23 14 16 12 19 14 10 24 15
22 16 22 10 15 16 10 18 16 14 12 25 13 10 11 19 14 12 19 14 17 21 13 13 16 12 20 19 18 15 18 11 19 24 14 15 8 16 9 13 17 19 21 25 12 11 14 16 17 21 18 18 10 10 26 19 21 16 20 23 15 12 21 16 14 12 14 16 12 9 12 10 13 16 11 12 16 11 13 14 14 9 14 14 19 11 19 11 17 11 10 16 13 19 13 18 13 13 16 14
12 16 12 12 13 10 13 19 17 13 10 13 17 9 15 7 11 13 11 10 14 12 8 17 31 15 16 14 14 13 12 14 23 16 13 22 15 19 25 13 13 19 14 13 15 10 15 18 16 15 12 16 14 10 16 8 19 19 24 15 13 20 15 13 22 21 21 13 9 21 14 15 21 7 10 15 13 16 18 8 15 12 9 23 15 15 22 10 11 23 13 15 15 20 17 17 10 12 14 10
13 14 9 14 13 13 12 13 25 13 19 13 18 12 12 10 21 14 10 13 11 22 12 23 12 16 9 10 12 18 17 9 13 15 13 15 14 21 18 19 18 16 9 14 14 15 12 12 18 17 15 16 14 16 10 20 13 9 10 13 13 14 12 9 15 16 20 14 13 17 11 15 17 12 18 17 8 15 14 14 11 16 13 21 20 21 23 16 17 14 18 15 8 13 17 14 25 17 19 14
18 19 14 15 15 19 21 15 16 20 22 19 11 21 14 21 14 23 18 13 19 23 18 19 16 13 13 13 12 7 10 18 12 12 13 24 18 19 13 12 14 16 19 18 12 15 10 15 15 8 17 11 16 11 10 16 18 9 15 8 10 15 8 11 18 13 8 15 13 14 18 18 16 16 14 10 13 21 14 25 22 14 18 13 16 15 11 9 15 16 11 16 19 13 16 11 30 7 17 16
10 24 14 12 13 27 12 15 17 22 14 13 10 14 23 15 16 14 12 12 10 11 15 10 9 15 18 20 17 14 14 18 18 17 17 22 12 11 12 12 9 17 13 14 13 22 11 13 11 16 18 18 12 12 10 10 8 14 12 18 16 13 11 17 16 12 9 19 13 14 18 14 12 17 9 12 19 12 16 10 10 15 11 17 26 20 18 19 15 17 9 16 13 23 25 11 15 21 12 10
13 15 7 18 14 13 11 11 10 18 21 12 12 12 10 13 17 14 16 13 13 8 17 14 6 23 23 14 15 13 10 18 11 10 10 14 15 16 18 15 15 12 13 19 15 14 18 16 20 19 17 15 11 9 13 12 12 15 15 15 12 11 12 15 20 16 8 15 17 17 10 14 10 18 7 13 19 13 13 8 11 13 10 11 14 13 13 15 22 14 17 11 13 11 17 14 20 16 20 19
20 8 9 13 15 19 17 16 20 12 16 11 11 18 15 12 25 13 10 22 13 21 14 16 14 10 16 6 9 9 16 9 16 15 8 16 16 14 25 21 10 14 18 16 22 14 25 11 17 16 9 13 9 16 16 23 19 19 15 18 12 19 11 19 12 17 17 9 12 15 18 14 21 13 17 18 15 16 10 15 6 12 14 16 13 20 12 15 10 10 11 18 12 14 9 15 15 7 11 11
16 7 19 14 16 15 18 18 21 22 17 13 10 19 25 16 8 22 18 15 19 18 12 13 14 9 21 12 16 12 13 7 10 14 15 11 10 14 15 21 18 14 19 14 22 18 19 14 19 17 10 11 12 15 13 11 17 20 13 12 21 16 15 18 14 17 17 12 20 9 17 18 12 21 19 21 18 12 7 15 16 15 11 17 15 13 19 18 15 16 18 22 11 9 11 17 19 10 16 18
11 16 18 10 17 8 13 10 16 21 14 19 12 9 17 8 10 13 13 17 18 18 18 16 13 12 18 12 25 16 13 21 11 9 18 11 8 11 15 14 13 16 16 10 19 10 14 16 17 15 18 14 10 19 13 21 16 8 20 13 14 14 15 12 19 10 10 13 18 17 15 16 13 15 17 15 11 15 16 9 15 5 18 20 11 18 12 14 12 14 13 11 15 15 15 9 11 19 14 13
13 13 14 12 12 17 16 14 13 14 13 11 16 14 14 18 15 27 15 14 12 13 19 12 8 9 15 14 16 17 13 11 23 11 20 13 9 10 19 11 19 15 14 15 16 17 16 16 12 11 12 15 16 8 22 18 20 13 15 11 16 22 16 18 23 11 17 12 11 20 18 10 9 12 16 12 16 15 11 15 16 14 12 10 22 14 16 12 11 16 19 21 17 15 21 19 20 8 15 11
14 18 12 16 9 10 13 10 15 13 15 13 13 19 12 13 12 22 17 11 16 15 18 11 16 16 15 11 11 13 16 14 15 13 13 11 13 19 15 10 22 12 17 11 20 21 15 9 12 16 10 13 12 8 12 9 13 13 11 10 22 10 17 20 6 7 14 12 15 12 15 14 14 19 18 19 18 17 11 18 22 14 17 18 29 13 13 20 18 12 8 11 24 12 14 12 25 12 23 12
10 15 16 16 14 15 15 9 13 16 12 14 15 20 14 20 16 18 14 12 23 7 16 11 16 17 10 16 10 15 15 10 15 18 12 18 19 20 14 18 19 16 14 15 13 18 16 14 17 9 16 17 20 15 20 12 16 17 12 17 11 19 16 15 20 10 11 13 7 16 17 18 13 9 11 16 9 13 17 12 9 25 16 22 10 21 23 22 17 18 13 16 14 14 12 13 10 12 12 13
22 18 16 17 9 12 12 14 17 18 18 15 17 19 16 16 14 16 24 15 19 12 11 12 13 13 13 16 11 14 12 13 7 15 13 13 7 16 12 18 17 14 17 14 18 18 15 22 8 12 18 21 12 18 11 13 21 21 13 9 14 17 17 14 20 10 14 11 14 10 14 10 12 14 15 18 8 11 13 16 14 22 18 11 21 25 18 15 14 13 18 11 12 16 13 19 8 11 19 15
10 12 16 16 14 15 16 18 25 16 11 15 16 15 15 11 15 15 15 11 12 9 8 12 11 14 20 17 17 12 12 14 10 12 15 19 9 9 14 15 11 11 9 10 18 17 8 7 11 11 17 9 15 12 14 15 15 12 10 8 18 15 15 15 13 18 9 11 17 11 15 17 19 11 13 11 15 18 9 15 14 12 15 9 14 13 16 18 7 10 14 15 7 22 14 8 15 12 9 8
11 12 13 6 17 11 11 13 18 15 10 15 12 18 16 16 16 13 8 9 22 19 11 11 17 11 11 15 11 10 13 13 10 14 11 14 11 15 11 9 9 17 18 9 18 10 14 14 19 15 11 20 19 16 17 13                                            
