0.4375 2513 54 25 37 42 35 46 35 32 30 40 38 32 21 48 39 34 34 37 30 32 28 34 24 29 28 46 38 48 27 17 35 36 28 37 22 31 33 25 22 32 27 27 30 26 29 39 31 37 36 31 40 33 33 34 45 50 36 34 26 35 35 32 26 34 39 25 49 33 25 26 36 27 38 27 31 28 107 29 37 36 43 35 45 24 33 28 29 25 39 34 35 33 20 32 34 36 32 28
33 34 40 24 25 20 38 36 23 37 27 29 31 32 25 32 35 25 33 26 30 26 37 34 30 25 45 24 41 29 37 40 44 31 40 35 22 34 30 37 18 37 41 38 36 31 40 29 35 29 37 28 29 38 39 26 35 45 37 43 38 36 24 52 27 36 22 31 24 41 42 41 38 31 42 21 44 30 37 15 24 42 27 36 37 46 31 28 33 27 37 37 52 35 30 29 34 38 27 26
35 36 34 30 42 33 16 32 34 35 37 32 29 31 35 37 41 29 29 32 35 30 23 36 41 38 49 23 24 39 39 32 28 22 36 41 37 44 39 47 34 36 34 27 36 26 35 54 36 32 31 42 31 38 35 37 33 35 34 42 27 37 35 29 29 38 16 41 37 40 44 40 34 45 24 30 36 31 31 29 30 30 39 29 41 42 31 42 46 42 30 24 32 36 47 44 36 28 40 29
34 35 34 49 37 44 47 29 24 36 34 29 25 37 31 34 38 38 28 28 30 39 30 32 32 35 36 22 38 38 33 34 31 24 35 28 38 34 36 35 30 45 41 39 25 39 38 38 37 33 36 38 23 25 36 36 36 39 34 32 22 28 32 44 36 36 31 18 38 30 44 45 33 47 31 33 34 16 34 32 26 31 33 45 36 41 21 26 35 39 30 30 29 37 43 31 44 35 28 34
38 37 40 29 20 38 39 43 30 45 44 38 34 40 35 24 29 29 31 26 34 35 48 31 41 40 30 45 36 27 32 23 30 24 49 34 33 29 26 45 47 27 43 36 23 26 34 37 41 28 31 29 38 40 22 38 24 20 39 33 34 46 52 34 33 39 33 39 40 37 26 31 40 45 36 54 20 29 29 42 27 34 29 27 23 27 40 36 32 32 31 27 53 28 33 27 27 17 33 42
36 29 30 24 40 31 36 39 21 29 32 41 36 24 34 48 41 40 38 25 31 42 23 26 21 38 34 27 26 28 26 27 37 31 26 41 31 35 37 42 25 30 28 37 41 43 30 34 39 29 37 25 35 36 28 20 68 49 52 26 25 44 27 35 28 26 25 40 31 37 41 35 39 37 45 29 36 32 29 32 33 41 26 42 41 37 30 39 42 29 30 38 31 44 28 48 39 34 45 32
47 27 39 30 35 38 33 29 31 26 45 30 44 36 44 30 14 26 34 35 39 35 34 40 33 38 33 35 31 38 44 37 46 27 35 41 41 30 47 33 31 36 27 31 26 37 38 33 40 43 30 34 38 34 39 38 30 45 41 32 30 40 38 45 31 30 32 43 28 38 26 37 24 32 46 33 35 38 26 46 33 43 41 38 47 35 34 20 37 46 43 29 38 33 32 42 38 34 27 32
42 48 34 39 33 39 56 27 23 39 40 27 38 35 33 36 22 60 34 35 33 29 36 36 26 35 30 40 10 45 40 34 36 38 46 31 36 39 24 28 38 37 41 19 33 35 27 37 35 32 23 22 31 36 39 26 24 44 38 47 34 42 39 42 35 38 35 40 40 25 36 38 47 36 32 34 49 35 30 36 45 41 42 33 43 34 22 47 31 47 40 28 31 40 30 37 39 35 32 36
33 38 32 33 40 37 34 33 31 36 45 29 40 35 36 34 31 29 37 53 32 45 51 50 61 39 32 35 31 25 32 46 40 48 30 27 32 31 34 35 24 51 43 24 39 28 35 40 21 38 34 25 26 38 28 20 35 45 40 42 38 33 45 37 27 37 56 32 32 31 23 30 32 19 45 45 39 38 30 37 33 35 47 36 33 36 26 31 32 42 22 30 38 44 34 36 31 42 32 36
35 39 38 26 32 28 27 34 39 26 41 30 35 28 31 31 37 38 29 46 34 21 38 33 59 25 23 37 38 36 30 41 9 32 46 32 33 27 41 38 35 43 39 45 36 36 26 33 32 29 27 34 29 32 19 37 39 36 33 39 42 31 38 30 41 41 32 33 35 45 33 16 23 27 31 35 40 35 42 28 36 15 36 40 40 44 30 39 40 29 36 32 38 22 31 34 34 18 36 38
32 35 29 26 32 15 37 30 37 43 9 37 28 24 32 37 16 39 47 23 51 25 44 25 33 47 49 35 46 32 22 29 36 34 36 34 28 41 37 48 22 26 39 39 40 18 30 31 34 49 35 25 27 33 39 35 41 34 29 29 37 32 27 30 29 30 30 15 30 42 33 46 40 38 35 46 51 23 31 36 33 39 36 32 36 29 30 42 8 23 35 34 42 23 28 34 31 36 36 30
35 36 30 39 33 30 35 27 34 42 35 27 36 36 31 24 35 33 36 29 45 38 34 31 44 29 43 35 22 29 39 40 39 37 35 31 27 32 47 26 32 33 28 28 37 43 45 34 42 42 27 42 43 32 36 36 42 35 39 22 41 22 33 45 36 30 37 38 35 38 23 51 48 38 19 32 23 37 21 33 22 35 24 28 30 35 40 28 37 44 37 42 26 23 45 40 29 51 42 36
42 13 36 27 41 43 40 25 44 51 33 49 43 38 36 38 39 41 47 35 44 42 43 37 33 20 36 47 34 34 28 40 37 32 31 41 26 29 36 42 27 38 33 40 38 33 31 33 38 34 32 26 29 25 55 28 31 34 32 37 34 16 28 30 31 22 39 29 28 41 44 28 36 28 33 22 44 38 39 31 44 25 43 37 40 46 35 30 33 30 35 30 35 38 32 34 34 36 35 32
30 28 28 43 30 36 38 45 19 34 28 45 36 46 37 25 41 35 33 41 39 21 29 28 31 44 21 38 36 42 33 44 41 30 53 31 32 30 44 31 35 37 30 28 35 25 38 29 29 21 27 48 25 16 36 32 34 28 39 46 29 33 33 39 24 35 34 35 40 34 38 24 20 31 28 34 19 42 30 27 35 23 26 28 35 31 35 41 38 29 48 40 40 39 35 11 28 41 36 39
36 41 30 33 42 12 31 27 32 41 27 26 29 42 39 29 42 37 27 40 36 37 31 33 30 33 32 34 29 23 40 22 29 18 26 42 36 47 42 32 38 29 33 36 31 26 37 25 40 32 38 42 24 31 54 34 27 35 38 31 30 22 30 36 28 30 36 32 25 40 26 32 28 41 28 23 22 30 39 37 27 26 38 36 29 40 38 39 28 37 33 41 24 44 41 33 37 30 18 16
33 30 27 27 30 28 37 22 41 40 27 19 30 27 28 33 40 26 36 30 20 37 32 33 35 29 22 25 35 30 27 29 26 42 31 24 28 34 31 27 29 32 36 28 37 26 25 32 43 50 36 29 33 50 29 42 25 29 26 39 31 42 30 32 42 23 34 30 30 30 33 45 30 24 39 40 24 37 41 38 36 37 35 34 32 27 41 44 22 21 30 35 28 28 31 27 27 27 28 20
41 40 37 30 34 32 16 36 27 24 33 24 28 34 32 19 27 37 48 28 24 31 31 26 40 26 34 30 34 24 40 39 27 35 36 27 36 30 28 38 47 35 39 28 38 32 33 32 34 28 28 31 35 30 19 29 25 33 34 32 33 23 31 36 30 41 47 37 35 36 32 30 36 36 30 30 36 24 26 28 35 44 34 32 26 40 29 34 32 35 35 34 31 29 30 28 26 41 31 20
31 35 34 19 27 40 40 29 39 36 43 36 33 31 25 24 30 32 35 39 32 32 47 38 31 33 43 29 19 47 35 42 32 32 44 34 36 36 26 29 29 41 25 52 26 26 31 37 31 25 35 36 22 28 27 32 29 33 30 36 23 43 31 35 31 30 34 26 35 59 34 26 20 29 34 34 43 33 41 34 42 25 35 40 27 28 43 40 26 37 31 36 43 30 42 30 38 38 42 41
33 32 28 29 30 30 35 35 40 23 44 32 24 44 39 30 29 26 43 30 24 35 33 35 37 32 26 26 34 33 33 29 29 35 37 31 33 16 41 40 31 37 38 31 36 37 24 36 35 28 26 29 28 36 28 32 30 39 42 35 27 28 38 27 30 29 28 31 39 39 35 34 33 38 50 27 30 35 20 30 36 19 36 37 29 33 31 30 49 23 27 39 41 24 27 29 34 26 37 23
38 29 29 26 29 31 37 25 36 41 25 32 24 33 34 31 33 34 32 30 31 27 33 30 42 24 32 37 33 49 27 26 39 28 43 32 22 45 33 13 36 30 30 33 36 20 36 53 41 34 40 35 31 34 32 30 38 48 34 35 32 37 44 33 35 27 36 32 25 35 27 27 31 44 32 13 25 34 31 32 31 25 32 35 32 36 38 41 37 37 28 22 28 28 23 25 35 29 53 42
37 39 32 26 32 31 29 39 33 35 37 37 46 25 46 39 39 24 20 29 39 34 30 41 36 21 25 42 27 28 35 24 39 27 37 43 36 12 34 38 34 29 24 35 12 41 29 36 28 38 26 20 36 32 35 36 26 24 42 41 35 34 41 39 49 39 41 33 28 39 30 28 22 31 32 29 32 26 43 33 36 47 32 45 34 32 33 29 26 32 36 40 36 33 40 36 30 45 26 35
25 33 19 39 41 36 38 40 24 33 33 32 19 35 27 34 27 41 26 35 39 21 30 35 21 32 35 33 33 40 31 43 38 30 35 31 40 46 36 33 37 15 48 31 19 22 24 35 31 34 26 29 28 45 38 29 31 29 27 31 22 37 44 33 27 28 35 32 29 37 30 36 22 15 33 40 33 19 43 42 32 42 37 31 33 31 32 41 49 34 31 42 30 31 39 27 44 26 24 26
33 31 36 24 28 25 44 37 24 24 32 29 38 33 35 34 41 30 33 41 39 32 36 28 40 31 37 33 34 31 39 23 28 38 30 42 35 31 38 40 25 33 36 34 31 23 22 28 44 30 37 34 33 40 26 15 23 30 25 22 41 42 36 30 20 37 30 38 36 43 45 15 24 32 42 36 34 28 40 27 33 44 21 25 33 27 24 23 26 29 27 25 31 36 34 37 38 26 36 43
29 37 38 38 37 24 22 37 36 44 45 47 39 28 29 45 36 34 44 42 39 28 39 36 39 22 37 38 22 39 46 35 25 44 33 52 33 44 35 32 36 44 36 29 39 35 24 34 21 30 38 54 28 30 34 31 36 22 36 39 41 44 31 34 36 35 40 41 31 40 33 34 47 31 48 22 23 37 37 38 39 25 29 27 25 34 35 30 35 38 39 40 32 30 36 45 33 31 40 21
26 30 34 35 37 27 30 34 33 24 51 24 28 39 26 19 31 31 19 16 34 37 29 34 36 41 35 31 37 40 29 28 31 28 30 29 30 34 33 38 25 27 28 38 31 27 35 35 38 31 23 30 34 27 43 28 30 35 21 33 34 35 34 31 25 30 38 25 36 36 33 36 40 39 34 28 34 39 34 39 36 43 33 39 43 43 32 35 35 41 31 49 38 32 32 29 21 23 39 19
34 44 34 34 31 35 30 34 33 45 19 36 48 33 23                                                                                     
