0.466666666666667 3399 22 23 41 27 28 21 7 27 37 23 22 23 24 37 30 31 27 34 34 39 34 25 39 16 22 32 32 40 33 34 34 27 26 27 25 28 36 35 17 26 32 38 31 24 34 40 34 22 29 27 45 13 28 33 25 32 33 33 34 23 29 20 28 38 26 29 28 31 29 29 27 23 25 27 26 37 29 31 30 29 29 35 31 28 25 38 28 27 34 24 30 27 25 30 35 36 20 25
25 29 26 38 30 36 34 39 35 36 34 34 27 27 74 30 16 23 29 30 34 28 20 33 29 34 24 29 26 21 32 28 37 26 41 32 31 28 33 30 28 38 43 30 27 32 30 37 33 26 23 28 32 23 32 23 23 25 29 23 33 31 21 26 26 17 25 39 29 30 24 31 29 34 24 41 32 30 24 26 23 29 24 40 32 22 29 39 32 27 25 31 20 29 28 29 27 36 28 23
27 26 37 30 26 29 38 27 33 24 28 31 35 38 29 24 31 23 27 22 29 25 30 43 20 28 30 28 28 25 31 31 41 23 33 32 25 29 26 24 25 38 32 23 21 27 26 29 22 24 29 33 25 35 32 22 35 25 31 29 32 30 23 32 23 27 32 30 31 35 25 19 18 32 38 27 30 15 28 21 31 24 24 31 29 27 35 30 27 21 26 28 35 32 28 26 31 29 38 45
41 30 28 30 34 24 26 26 33 26 23 27 26 36 35 28 29 22 33 24 20 29 31 40 36 30 40 45 31 34 32 33 26 32 15 27 20 24 29 36 39 30 27 25 24 32 26 34 27 31 40 38 31 31 21 32 27 30 38 31 39 37 19 41 29 31 24 31 31 32 34 45 28 34 55 29 36 21 34 35 20 32 36 23 28 28 22 20 38 25 22 30 29 29 35 29 22 29 31 23
28 27 34 33 24 29 31 32 39 22 31 28 33 35 29 33 32 22 28 29 26 20 28 34 28 36 26 26 26 25 19 26 27 22 30 23 32 30 32 26 22 40 30 29 31 31 31 28 32 26 14 21 24 37 27 26 24 30 19 34 33 22 25 33 34 29 29 19 27 37 20 19 17 25 26 29 29 17 31 26 29 30 27 34 20 32 32 32 33 44 42 29 23 34 25 33 17 22 33 33
24 22 30 30 27 31 28 21 21 32 28 26 22 36 36 26 36 26 34 30 23 35 37 28 39 32 22 31 26 36 35 30 21 32 18 24 27 21 30 29 21 27 23 24 28 27 33 26 22 25 28 27 29 31 26 35 32 22 28 44 33 33 20 25 28 38 23 28 25 25 22 36 32 29 34 38 25 32 31 31 32 15 30 28 27 32 25 26 19 35 33 38 30 24 31 29 29 31 34 35
22 31 40 24 16 36 30 28 28 38 23 31 23 36 23 24 17 21 32 27 31 36 30 33 27 24 34 34 27 18 32 35 28 37 26 29 32 42 37 31 45 27 29 32 35 32 35 27 39 22 29 30 37 25 40 32 30 35 36 29 27 36 34 24 25 34 26 24 37 25 31 18 25 24 22 31 37 23 40 24 21 27 32 26 31 29 28 32 25 18 28 19 27 15 36 26 33 28 29 37
29 25 29 35 32 25 32 24 34 30 30 20 22 28 25 26 24 20 23 25 30 22 28 32 26 33 30 25 19 19 28 27 24 21 25 28 22 23 30 28 22 29 24 30 35 35 24 27 25 21 34 38 23 38 36 21 28 26 25 26 25 32 25 30 35 30 25 29 31 31 26 27 20 35 20 13 32 19 37 24 32 17 19 31 22 36 30 37 31 14 32 27 32 33 19 29 28 36 30 36
28 29 22 40 27 30 31 74 36 25 31 29 31 32 29 40 44 47 25 20 23 25 26 25 26 23 37 22 24 24 24 27 29 31 26 25 36 31 41 34 24 27 35 29 30 22 29 24 25 38 24 26 34 22 23 26 31 26 24 34 24 30 29 21 30 26 30 36 24 25 35 28 7 32 41 34 24 24 36 30 36 25 22 23 30 31 28 22 25 36 32 40 31 25 35 21 32 26 28 24
35 28 23 23 25 35 32 33 33 23 35 29 27 23 36 32 31 24 31 33 30 28 30 34 30 34 35 32 21 25 53 29 28 40 37 22 39 30 29 12 96 17 45 19 22 26 37 27 27 39 35 34 36 29 29 24 40 22 25 33 29 32 24 33 26 27 41 26 30 21 35 39 24 29 35 25 27 44 26 30 24 42 33 35 37 26 30 29 27 34 39 36 28 34 37 26 23 32 34 43
20 32 35 33 36 19 23 24 24 32 36 26 41 30 33 24 35 31 28 27 30 33 37 38 42 33 28 29 46 36 29 28 35 50 33 31 36 34 23 26 27 19 32 29 30 45 26 56 29 35 40 24 30 22 31 31 38 32 24 26 21 24 47 25 33 25 46 37 27 28 30 25 35 25 35 30 28 31 29 29 23 28 27 23 26 31 29 34 33 23 36 29 28 34 38 27 24 33 30 40
36 22 23 21 35 18 36 21 38 24 28 35 37 26 40 35 22 39 31 32 25 29 24 34 31 32 34 25 31 21 36 24 33 26 37 36 35 29 14 23 35 29 35 30 114 23 28 39 30 26 18 24 24 37 33 28 28 41 34 24 31 23 22 35 34 33 16 26 24 26 31 38 29 40 33 24 30 38 35 23 33 37 36 48 25 36 27 26 39 26 35 30 32 25 27 31 34 28 27 20
28 25 43 38 29 31 32 36 35 29 27 25 28 25 28 27 28 35 35 22 26 24 30 31 26 18 29 18 30 30 16 28 40 34 30 25 33 23 24 38 31 32 31 37 39 28 32 32 27 28 18 32 22 26 24 41 31 21 26 16 28 40 21 25 28 32 32 33 25 39 27 32 30 27 32 41 22 30 31 35 41 36 34 23 31 37 37 33 32 48 31 32 25 48 37 33 32 31 27 33
33 27 15 36 46 30 30 26 31 28 23 38 30 34 32 37 29 23 38 38 32 48 20 32 40 34 43 42 32 31 22 33 29 37 23 23 29 28 28 30 16 32 28 36 31 27 36 23 33 34 30 31 27 22 36 33 28 28 31 32 27 22 30 31 18 27 30 30 38 29 38 32 23 26 28 40 27 28 22 23 32 35 33 28 36 19 29 21 30 20 36 19 22 20 28 28 30 26 23 47
19 35 17 18 24 29 23 28 39 31 22 20 27 27 34 32 32 18 26 28 22 22 29 34 33 45 29 28 27 25 20 41 44 30 22 33 26 27 35 39 24 33 23 11 27 34 28 32 27 9 35 27 21 24 26 28 29 13 23 30 30 30 30 31 32 33 29 31 34 32 31 32 24 28 29 27 24 31 34 30 27 33 27 34 26 21 36 20 21 33 30 28 28 26 22 33 33 36 31 30
29 30 34 40 24 32 32 32 35 21 27 23 21 21 33 30 23 43 25 34 31 31 36 33 41 22 42 36 35 29 31 43 25 22 33 23 24 33 26 23 23 30 41 30 33 22 17 25 32 31 37 30 26 32 24 30 31 13 24 24 27 22 25 33 40 31 29 26 15 20 30 26 27 39 19 25 31 26 36 37 37 38 20 23 35 22 16 33 32 35 25 41 28 31 35 28 22 30 29 48
19 30 33 23 36 28 28 33 21 27 35 22 20 30 25 39 38 36 31 24 42 31 33 31 35 32 25 34 32 26 37 35 33 29 40 19 33 25 32 14 20 25 36 24 28 42 34 30 27 27 29 27 32 40 26 22 35 38 28 35 32 25 30 36 27 34 34 33 32 39 26 34 39 40 28 20 28 18 25 30 24 28 31 19 27 37 28 20 26 27 34 29 37 37 32 24 28 17 34 32
34 28 23 28 29 30 32 31 27 29 31 28 30 29 25 32 25 38 34 33 35 27 44 27 30 30 24 53 46 44 25 34 29 34 37 38 33 25 30 31 36 23 31 38 24 36 30 34 26 25 30 26 15 30 25 35 24 38 24 14 28 32 34 31 40 32 25 24 24 30 19 29 31 33 35 26 36 30 26 31 27 33 40 31 42 35 21 27 41 32 33 27 31 35 20 29 22 34 30 28
26 45 30 31 39 39 42 26 40 24 28 36 40 26 31 27 24 32 42 37 38 39 35 24 34 31 33 32 24 28 37 24 29 28 33 18 16 26 38 29 23 28 28 31 31 35 23 29 45 23 34 20 26 22 26 35 30 22 25 32 21 20 39 27 29 34 26 27 32 22 21 33 30 37 27 32 28 18 24 41 42 43 29 29 36 28 42 34 34 27 32 33 14 26 33 42 31 31 34 27
23 19 30 27 29 25 33 37 25 32 35 40 28 30 34 27 35 35 33 32 39 39 33 23 30 32 38 29 29 29 28 33 12 36 27 31 30 30 30 24 32 29 25 22 27 25 26 34 33 19 24 18 23 20 22 31 36 22 22 28 28 31 32 28 30 21 33 31 12 29 27 23 23 38 50 31 32 30 22 36 34 37 33 28 41 29 25 41 22 30 30 37 29 38 30 30 37 29 24 30
36 39 17 32 32 26 17 25 25 27 30 26 32 29 25 23 28 29 24 22 28 23 30 27 38 25 24 26 28 15 26 24 25 13 23 27 29 27 22 27 13 27 22 33 20 22 20 18 31 32 24 29 34 29 39 30 30 17 22 22 37 34 18 28 28 43 20 30 26 23 32 30 24 30 27 29 40 29 36 33 24 22 32 29 23 25 25 28 25 22 25 20 24 21 33 28 33 25 33 27
34 32 21 24 28 28 30 20 27 34 30 26 28 34 20 33 42 33 28 31 33 21 33 29 38 34 21 36 19 25 30 26 40 40 19 31 32 29 27 27 18 29 26 32 27 34 28 32 32 36 33 22 32 24 21 27 31 37 24 33 23 34 17 23 28 25 19 25 30 16 23 28 34 23 28 27 29 33 40 36 26 26 39 28 23 34 29 36 28 29 21 36 23 28 35 23 18 33 27 35
25 11 31 28 26 31 30 36 36 25 20 35 24 38 28 20 20 27 32 35 30 27 31 26 29 35 30 29 31 32 38 41 28 27 33 21 23 24 25 25 29 18 28 39 22 30 30 45 30 29 23 39 31 26 24 32 30 31 46 40 17 29 27 34 26 31 23 33 37 30 22 12 33 16 27 28 26 31 27 32 32 25 37 25 32 27 29 19 38 37 20 34 32 30 30 34 34 22 28 30
33 23 28 27 31 25 37 33 25 27 24 26 30 34 41 22 19 28 23 26 38 36 18 30 37 15 23 25 23 26 26 30 24 36 29 27 30 24 24 19 39 25 31 32 27 33 26 25 34 26 23 29 28 29 27 35 17 30 26 31 16 32 25 27 29 23 38 26 30 21 16 45 31 20 33 30 33 21 30 29 29 30 27 29 35 30 23 22 26 22 34 30 28 29 34 26 32 28 28 28
26 25 27 27 18 26 26 36 26 27 17 21 18 22 36 27 29 27 23 25 26 23 25 23 30 24 29 28 36 16 34 30 15 17 13 22 17 30 28 35 31 27 24 26 45 34 15 29 27 20 22 26 25 26 33 35 23 26 30 29 25 25 39 34 14 27 15 17 30 33 33 33 20 21 34 28 25 29 22 30 24 25 31 15 40 32 19 30 27 40 26 36 24 23 27 19 25 32 26 24
29 24 29 23 29 30 24 16 27 34 37 18 41 37 29 26 30 30 26 27 38 26 27 34 31 29 21 25 32 25 39 25 28 20 33 23 26 28 25 21 26 20 34 23 31 31 29 29 21 25 33 30 22 20 29 36 32 30 33 21 36 25 28 18 32 24 38 26 26 35 25 38 23 27 34 39 31 35 33 20 32 28 37 19 30 28 24 30 26 28 30 14 31 36 26 32 37 17 36 32
30 17 26 21 37 30 16 26 31 36 29 26 37 24 34 17 32 35 29 18 21 31 28 36 28 39 24 36 29 35 22 31 36 18 21 31 36 32 23 23 29 19 23 31 29 27 39 37 28 33 29 22 38 32 26 31 27 31 23 30 22 31 33 35 35 32 23 26 32 24 26 34 23 34 23 27 26 28 36 28 23 28 32 28 35 25 30 32 31 22 26 29 28 23 36 24 36 36 25 33
31 27 37 33 32 27 37 24 22 29 38 21 26 28 30 26 32 28 37 34 38 29 30 33 29 33 28 23 24 24 29 27 28 25 41 33 22 33 32 24 33 26 26 19 25 30 25 28 27 18 25 29 27 23 27 27 22 27 26 37 37 30 31 25 24 20 27 37 36 29 29 33 21 23 33 32 34 34 17 17 29 27 31 36 28 24 29 24 28 33 22 30 22 36 31 30 27 28 29 19
26 30 17 26 16 27 16 33 28 27 22 41 27 22 24 42 27 25 22 30 25 19 29 30 16 27 26 28 35 22 29 27 31 33 27 29 39 24 30 31 25 32 35 24 45 31 26 42 25 24 26 27 34 19 29 25 20 31 32 16 24 20 22 25 37 32 22 29 26 30 28 25 30 26 36 25 27 30 25 32 22 27 25 26 21 30 26 29 21 36 42 24 40 31 33 31 21 37 29 31
27 27 29 27 24 32 37 25 25 20 38 34 36 21 33 22 24 34 31 24 26 22 27 25 25 38 39 21 25 36 29 32 29 29 35 27 35 33 36 27 21 30 38 32 32 29 23 21 30 28 19 37 18 33 30 33 29 22 29 30 18 39 22 34 23 31 25 22 34 35 30 21 34 36 26 27 32 22 31 22 28 28 35 27 25 31 24 32 24 30 26 33 26 31 40 31 35 23 23 25
23 32 18 28 31 19 32 34 28 31 18 26 39 30 33 29 34 42 39 34 23 26 24 23 27 34 30 52 26 30 22 24 29 17 22 28 27 32 37 29 22 32 33 41 41 25 20 30 36 33 32 22 28 21 41 27 33 32 41 42 27 31 33 28 38 25 30 21 21 27 30 31 28 29 24 30 23 27 34 34 39 26 23 31 24 40 28 23 22 33 33 20 25 23 24 11 36 30 37 26
31 29 22 30 40 26 35 31 30 29 36 29 39 44 23 28 39 33 39 24 33 37 29 27 27 35 33 38 43 24 45 40 22 28 33 25 29 26 25 32 30 34 28 29 24 24 22 28 39 37 32 21 47 37 23 33 24 29 25 27 23 26 36 35 21 21 19 33 44 31 21 25 28 24 31 29 29 39 32 32 25 28 18 22 28 23 18 25 44 29 18 22 20 21 34 30 22 25 28 34
25 21 15 32 29 14 26 24 24 22 34 26 29 26 33 29 29 26 23 28 30 28 27 36 32 31 25 31 15 30 25 34 34 23 21 27 24 23 32 25 31 38 27 31 20 40 25 23 26 26 29 20 28 20 26 22 36 27 29 15 31 29 28 24 20 26 30 30 29 36 31 28 26 19 29 26 24 36 21 38 31 19 30 24 33 27 25 32 23 21 17 18 18 23 23 21 34 26 22 21
28 29 24 26 32 26 35 19 22 27 25 20 28 24 26 19 35 36 19 33 30 24 26 25 29 34 30 32 27 24 27 22 31 22 27 27 29 21 28 37 36 22 32 25 19 29 33 34 34 37 26 31 21 31 22 23 19 27 24 16 30 28 37 27 20 25 25 25 29 25 26 31 26 32 33 28 33 22 24 18 21 26 20 23 25 32 33 24 25 23 26 27 29 26 34 22 33 40 33 27
21                                                                                                   
