0.5 3355 11 14 14 18 17 15 17 20 24 11 14 24 24 13 30 18 17 13 10 22 24 28 20 24 23 26 19 20 20 9 15 21 15 16 23 18 23 25 20 16 18 20 22 26 16 19 24 18 18 24 13 15 19 19 14 17 12 20 15 12 12 14 17 10 9 16 14 22 22 20 14 16 8 12 16 18 23 12 18 14 9 13 16 20 20 12 17 15 15 18 15 18 16 19 26 20 14 20
18 21 12 17 10 14 13 18 17 13 16 9 13 13 14 22 14 15 24 17 20 20 28 22 17 16 24 22 37 27 33 21 20 14 13 18 20 12 14 26 21 22 27 14 14 21 14 13 16 16 26 19 18 18 12 16 18 16 18 17 13 16 15 12 12 23 19 12 14 10 16 13 17 18 19 11 16 20 18 12 17 18 11 18 13 13 25 15 22 22 18 23 25 17 12 20 13 14 22 10
12 12 20 19 13 11 16 18 24 18 15 16 24 17 16 11 12 11 24 13 15 16 11 18 12 16 14 20 16 17 33 19 15 16 22 20 29 19 23 11 12 23 15 25 28 13 21 28 17 23 25 17 25 18 25 23 18 15 19 16 14 15 23 24 15 16 17 19 16 22 12 13 17 13 15 16 18 16 13 18 16 11 18 13 15 20 15 15 11 24 11 20 17 21 15 20 14 15 15 10
12 18 27 18 23 13 21 12 13 20 14 31 28 21 30 13 21 14 16 31 16 19 21 19 11 20 21 24 18 16 20 18 14 22 30 18 16 18 17 15 15 18 21 25 23 17 17 13 15 23 22 12 19 15 15 17 20 22 16 22 15 14 13 14 25 18 14 21 13 15 13 11 16 17 11 9 19 15 15 13 11 13 18 12 19 15 27 20 19 14 21 15 18 18 24 27 16 22 13 12
25 17 15 24 19 29 13 26 28 21 23 21 16 21 12 19 22 16 24 19 21 17 17 11 24 18 21 18 21 30 11 16 20 28 15 14 24 8 6 11 21 17 27 13 20 21 17 19 19 22 25 15 13 18 28 22 11 28 21 11 18 17 17 19 19 20 19 25 21 18 15 11 21 15 12 16 12 18 16 15 16 26 19 15 15 20 23 15 17 14 13 12 22 16 17 22 20 13 13 24
23 21 23 23 15 22 19 16 14 24 19 15 26 10 21 28 20 16 14 17 13 19 33 20 20 15 22 13 19 15 37 15 17 23 22 14 15 21 14 18 31 20 15 20 30 23 22 21 15 19 24 26 24 13 20 27 23 16 17 14 14 20 19 21 13 17 17 16 21 10 17 19 11 18 20 18 15 18 19 26 16 17 13 10 21 19 23 18 31 19 18 15 15 14 24 28 13 15 16 31
15 27 12 17 13 15 22 25 11 18 9 13 20 18 15 21 19 25 20 18 24 22 21 24 15 22 18 26 17 20 21 21 22 22 11 12 10 14 12 13 19 21 16 17 17 18 9 19 19 16 18 11 11 26 7 17 17 16 19 20 19 20 22 19 21 23 25 11 21 16 19 20 27 14 14 21 24 23 14 24 14 11 13 18 24 12 10 16 8 12 18 13 14 12 10 20 16 14 14 12
28 24 17 15 20 13 17 11 22 30 13 20 25 16 13 15 22 17 14 19 17 12 15 10 14 16 14 21 19 12 19 20 18 15 18 20 15 12 18 19 11 11 18 22 15 12 15 12 15 18 20 17 21 22 12 8 14 21 16 16 21 16 18 15 17 18 16 14 12 20 21 16 14 17 19 15 22 20 16 20 12 15 10 16 15 12 17 18 20 22 15 14 15 16 20 14 19 7 14 15
14 17 10 20 20 14 19 19 9 20 19 18 13 14 14 25 21 13 18 28 20 28 31 19 12 13 14 13 25 24 12 22 28 14 23 17 15 18 19 19 21 13 17 23 22 13 11 21 21 21 17 18 16 14 19 29 28 12 22 20 10 14 11 20 14 16 18 17 12 18 24 27 12 19 13 17 23 26 26 24 17 19 9 23 22 18 22 20 19 13 21 15 15 24 24 19 23 24 23 18
21 10 19 18 19 18 13 15 19 16 22 13 13 10 18 14 20 16 15 25 13 13 17 23 23 26 18 16 10 23 11 19 22 56 78 53 66 15 15 18 11 15 15 16 19 18 18 8 17 17 15 26 11 22 22 18 12 23 21 8 7 20 12 17 17 19 15 17 15 21 20 19 17 14 13 14 23 23 20 16 18 18 16 16 16 14 19 16 15 14 14 22 16 16 22 14 15 16 16 25
16 15 22 18 18 14 21 19 19 20 26 18 21 19 21 19 24 25 22 15 21 22 20 16 16 18 15 21 15 14 18 18 17 17 15 20 22 21 16 22 18 22 11 18 22 25 15 14 14 15 20 23 18 26 19 34 22 15 22 19 26 13 22 16 19 16 14 18 23 19 20 24 15 21 25 23 33 29 29 23 37 27 19 9 17 22 13 13 16 24 14 20 17 13 15 20 13 13 26 23
20 19 9 13 21 15 22 18 16 28 19 15 20 15 21 22 21 16 19 19 29 20 12 19 34 24 6 13 34 19 12 28 25 21 22 28 23 22 23 16 13 18 16 19 24 16 17 22 22 30 22 27 25 12 27 18 20 23 12 26 12 12 20 19 20 21 28 22 20 22 11 24 22 21 18 22 22 17 11 24 19 19 18 23 21 19 17 13 15 23 18 25 18 15 21 20 23 21 16 15
19 15 17 24 27 15 18 17 19 17 17 18 24 37 17 24 27 19 15 15 18 15 12 29 23 11 16 15 12 21 28 13 16 17 17 20 27 14 22 10 17 24 19 19 16 20 20 11 21 17 15 17 12 14 23 22 15 10 28 22 23 21 18 21 14 15 24 23 19 15 17 25 24 16 24 22 7 15 19 18 23 24 18 23 23 20 21 12 18 19 25 19 22 12 17 17 18 20 15 17
16 19 20 14 15 34 16 13 19 20 21 19 23 20 18 30 16 23 19 25 13 21 15 15 13 11 22 25 15 20 21 21 21 22 36 27 12 17 23 23 21 24 23 23 15 21 14 16 24 28 19 20 25 28 18 28 28 14 18 27 27 29 25 27 17 22 21 17 28 22 16 31 21 24 15 9 14 10 21 15 15 12 15 15 14 17 19 20 19 16 17 19 8 15 16 14 13 15 17 20
12 11 28 18 17 7 13 26 17 18 13 22 23 24 16 16 17 17 21 18 21 20 19 15 13 17 21 16 19 21 13 17 14 18 11 25 20 17 12 19 16 15 16 24 9 18 17 12 20 11 19 19 23 19 12 10 23 12 18 21 15 12 17 16 24 19 22 28 12 17 16 22 17 15 17 8 26 8 19 19 21 11 14 20 20 23 15 22 10 16 20 28 15 21 18 23 17 20 15 22
19 14 22 22 23 12 24 22 22 19 23 27 11 15 17 19 12 18 16 14 16 23 24 16 13 20 13 15 19 19 17 20 13 19 15 12 27 27 9 20 19 20 15 10 18 15 23 22 21 16 15 20 17 17 18 14 27 19 19 12 13 20 20 16 22 18 10 17 13 19 14 20 20 19 17 23 22 13 19 10 19 21 13 13 21 12 14 28 12 19 22 15 12 13 21 15 16 14 18 20
10 18 16 19 17 12 14 21 15 21 18 16 11 18 13 16 14 15 24 20 17 24 17 24 19 17 13 15 17 23 13 13 18 19 20 20 20 21 27 18 26 17 15 18 28 30 25 23 10 20 24 22 15 13 21 25 27 32 26 21 31 13 18 15 18 19 18 24 23 19 18 19 25 16 24 21 17 20 20 18 14 20 9 17 21 14 21 26 20 23 24 17 14 26 17 18 23 20 23 44
9 18 16 14 10 28 15 21 25 16 22 9 15 21 12 13 19 15 17 13 10 14 9 16 19 21 16 17 19 13 17 21 17 22 30 25 23 19 11 16 8 24 23 29 8 15 16 23 15 18 18 20 19 23 23 19 23 18 13 21 28 24 21 14 17 22 23 18 19 15 23 20 19 24 19 19 21 23 18 16 13 16 15 17 16 10 22 12 18 24 15 19 26 12 20 11 17 9 15 14
18 21 27 26 14 16 14 16 15 15 22 13 24 17 21 18 10 18 13 20 21 18 22 20 19 22 15 18 14 23 19 20 13 21 19 27 22 18 16 17 23 16 17 19 22 14 17 16 21 14 11 13 16 19 20 12 23 20 18 17 15 16 20 22 28 18 20 11 22 23 15 18 21 21 25 14 18 19 12 15 11 17 10 12 14 24 15 20 19 14 16 16 14 13 17 14 21 17 20 18
17 13 12 8 11 16 13 27 12 18 18 14 15 15 11 16 17 13 12 22 21 17 14 18 17 10 14 18 21 14 14 13 18 20 19 18 21 17 14 10 17 16 16 14 15 18 14 22 20 21 16 25 19 21 8 19 10 19 11 16 21 11 25 14 17 13 17 16 16 22 12 13 15 15 18 19 17 19 16 13 20 18 26 16 22 21 13 11 18 17 22 25 18 15 18 16 13 20 13 18
15 18 17 20 19 15 13 17 17 20 18 24 19 12 14 14 13 22 22 8 30 16 13 16 13 21 17 14 21 19 23 19 14 19 22 17 23 23 15 15 19 14 18 13 22 12 14 22 29 20 16 14 12 17 12 28 15 6 12 12 21 20 16 21 16 20 15 18 17 14 18 12 20 15 27 29 17 18 10 21 22 17 42 16 27 25 16 19 13 17 13 12 13 16 15 16 15 15 9 12
11 14 20 20 20 11 11 14 18 16 22 18 14 21 25 19 17 25 19 26 13 19 13 16 10 14 21 16 15 26 17 21 16 18 13 18 21 12 17 12 10 23 11 8 18 18 13 15 17 14 16 17 18 18 13 21 10 8 17 16 14 17 11 16 13 11 20 5 12 13 9 11 15 16 21 28 8 16 19 20 17 10 15 11 16 18 24 22 24 12 7 22 20 13 20 11 9 21 20 15
11 13 16 11 16 17 11 11 20 10 11 14 14 12 17 18 17 16 15 23 20 20 18 14 17 20 10 17 17 17 26 18 19 20 15 26 14 12 21 15 17 21 24 17 12 18 21 18 18 15 22 20 12 30 21 14 22 25 14 23 18 18 13 21 27 17 13 15 21 18 24 23 16 17 18 12 14 13 18 19 14 8 13 27 17 16 20 13 16 20 18 18 16 12 18 17 9 9 15 19
18 14 15 17 24 12 20 15 17 17 30 17 15 26 11 23 25 22 19 23 26 25 14 16 25 20 16 14 22 16 15 21 17 17 18 19 14 9 19 13 14 17 21 22 22 13 11 16 19 17 14 14 20 17 13 23 18 24 15 18 13 15 20 13 18 19 10 12 17 12 12 17 19 22 18 23 12 15 18 12 20 24 11 22 17 11 24 18 12 22 16 21 18 13 10 19 23 14 17 24
20 18 20 19 22 13 14 14 16 17 13 14 12 18 18 14 18 15 17 25 11 23 16 23 18 22 18 15 23 21 21 11 19 22 25 20 16 10 20 20 14 16 16 28 16 15 20 22 22 13 20 29 26 18 13 14 13 16 21 16 16 17 15 29 19 21 16 20 11 19 14 25 13 29 22 19 19 15 14 14 19 19 28 10 21 23 15 14 15 22 24 22 19 15 21 13 18 18 20 17
13 22 17 17 24 14 16 20 17 12 22 10 17 14 15 25 21 15 12 18 17 17 15 20 18 10 14 13 7 21 18 19 22 17 16 18 13 13 18 21 17 12 18 14 16 14 14 27 16 23 11 19 15 18 29 16 17 17 23 16 26 17 14 12 19 12 13 17 14 19 14 24 12 18 15 12 22 8 14 15 20 17 17 28 15 17 13 15 14 7 15 18 16 18 16 12 17 17 16 15
10 14 26 22 20 22 15 15 9 17 22 26 11 19 13 13 18 17 14 22 17 10 25 10 22 10 11 13 21 17 24 15 19 22 20 13 29 11 20 22 14 17 11 29 22 16 24 21 24 18 11 22 17 16 11 18 19 15 28 15 20 22 17 22 25 16 15 18 15 18 14 19 13 14 19 17 19 14 20 17 14 33 20 21 17 15 21 14 25 28 20 11 16 13 12 17 22 17 15 11
23 24 21 18 11 16 12 26 22 15 16 18 17 21 21 18 9 17 12 28 7 20 14 21 16 19 11 21 12 19 19 12 17 14 13 16 16 13 20 11 20 18 21 18 16 17 14 20 17 15 13 15 22 29 23 21 24 19 19 16 14 12 14 20 25 17 21 19 27 18 20 21 16 11 17 15 15 21 15 18 16 19 18 16 19 19 12 21 15 25 17 19 20 19 12 12 11 7 26 15
18 19 22 20 22 44 16 11 13 24 15 12 13 10 17 17 18 19 33 29 16 17 18 16 17 15 15 6 21 10 27 22 18 22 19 12 15 27 16 16 21 15 19 20 24 14 20 18 21 8 21 21 16 18 14 16 19 9 17 14 15 21 16 18 12 17 25 19 22 17 17 9 20 18 13 13 17 16 19 17 14 14 19 16 11 13 18 13 18 35 15 19 22 15 14 13 19 18 14 22
10 16 18 23 19 26 19 14 11 15 16 23 14 17 15 17 24 15 17 18 20 10 9 18 19 21 33 25 13 22 20 28 23 18 10 15 27 18 15 18 13 15 16 16 25 15 22 27 15 11 23 14 18 12 11 24 21 21 23 24 17 23 15 16 15 24 21 14 12 16 17 20 12 17 15 10 18 19 14 24 12 14 29 31 19 22 22 23 20 16 11 26 15 14 22 14 21 17 14 18
14 13 18 21 18 18 16 21 17 19 12 15 22 15 22 22 21 17 14 14 16 12 16 11 19 9 16 21 22 25 23 25 23 25 29 23 7 10 36 19 20 16 21 11 10 17 26 22 20 26 15 15 25 14 25 15 15 18 21 21 10 15 18 17 19 19 18 18 18 24 20 16 28 14 12 18 17 14 24 10 22 18 11 11 18 14 16 11 16 21 29 21 19 18 24 24 17 12 21 20
20 12 17 19 17 23 16 13 23 21 15 15 19 17 27 14 22 17 19 20 26 16 8 23 21 25 13 15 6 21 21 22 12 17 22 18 22 18 17 22 15 15 17 14 12 21 11 25 18 20 19 13 17 20 16 18 23 21 13 17 18 9 11 14 20 16 20 15 21 19 18 12 16 23 13 14 13 13 22 17 8 23 17 16 18 14 23 19 16 27 26 18 24 25 14 20 27 16 23 29
18 22 24 14 20 16 25 15 14 13 17 24 10 21 19 20 22 19 24 15 20 20 16 14 19 13 11 19 16 21 17 12 16 21 11 16 17 14 20 18 22 16 16 16 19 20 15 21 14 26 19 21 18 9 9 15 22 25 11 14 17 15 17 19 20 18 7 16 18 16 24 24 20 16 18 17 17 17 23 21 20 21 18 18 19 24 21 23 35 26 23 14 18 21 18 23 19 20 26 21
22 19 13 19 21 18 20 20 17 21 14 16 25 16 22 15 16 16 15 26 25 20 29 12 13 12 29 17 12 22 16 19 10 16 13 17 14 23 17 14 8 22 20 18 10 14 15 14 20 26 13 17 18 24 29 20 22                                           
