0.45 1727 22 18 24 16 21 10 16 16 19 11 17 15 19 14 20 14 17 13 13 19 19 20 17 15 15 9 18 19 14 13 14 20 19 11 17 15 18 15 16 8 18 11 14 18 19 33 13 13 15 23 14 13 12 10 15 19 8 18 7 25 16 16 20 23 10 9 14 9 13 15 8 10 7 14 13 15 15 17 10 14 11 11 19 14 16 9 16 11 8 9 11 17 9 18 10 22 16 13
17 21 13 15 13 18 17 10 19 14 8 12 14 9 10 12 18 10 9 12 12 20 14 15 13 9 19 16 9 14 25 9 10 17 12 18 12 11 15 17 17 19 11 15 8 13 22 20 9 14 17 10 17 16 18 12 10 12 14 9 13 11 16 14 12 16 10 20 15 13 8 14 14 21 13 20 24 15 7 13 14 18 19 9 15 14 22 17 12 18 15 17 7 10 13 10 20 17 16 14
11 6 10 12 11 13 10 17 19 15 13 10 9 17 13 12 10 14 13 12 10 16 12 11 14 16 5 20 17 14 14 10 13 20 17 10 13 14 12 10 16 10 7 17 12 9 10 12 18 12 14 13 20 14 12 14 19 13 19 13 17 22 10 10 11 10 15 13 12 8 9 13 12 17 12 17 16 7 14 9 11 15 14 11 13 17 16 13 10 16 11 16 16 16 18 9 18 15 18 23
15 9 10 16 14 7 18 13 8 14 10 14 12 15 10 11 11 9 12 14 14 14 16 17 11 7 16 12 10 10 21 19 15 18 19 18 11 19 13 8 16 8 16 14 10 13 10 9 13 13 12 27 14 19 12 13 11 11 20 20 16 14 8 9 14 10 14 18 17 10 13 16 9 10 20 12 15 15 10 15 10 11 19 13 17 18 13 9 17 11 12 15 7 18 14 8 16 13 13 16
12 16 11 16 12 22 11 20 20 15 15 18 11 17 14 18 11 12 14 10 13 11 18 16 6 16 19 17 20 13 14 10 11 19 17 13 15 14 14 13 19 9 12 13 14 13 10 24 17 24 20 11 14 14 11 10 23 11 11 14 5 32 44 52 9 13 22 15 12 16 19 17 13 12 17 11 15 14 24 11 18 11 17 18 11 21 26 20 19 15 9 15 18 13 16 13 10 15 19 20
13 13 13 14 19 14 17 15 12 13 22 14 17 15 21 30 20 15 12 18 21 20 16 18 14 20 19 22 15 13 18 14 11 20 13 18 13 17 10 12 16 8 15 8 9 12 18 9 19 21 19 15 13 19 11 20 14 12 18 12 12 22 17 13 9 18 22 13 17 13 12 12 16 17 21 14 12 9 9 16 14 14 17 14 17 9 15 16 12 19 20 17 14 16 17 14 18 17 18 19
11 10 13 16 21 10 11 15 12 11 16 13 15 18 13 22 14 13 23 10 23 10 12 14 8 18 16 11 14 14 17 11 16 16 20 12 17 10 19 12 14 11 12 14 12 11 12 10 21 13 10 14 14 12 20 14 8 10 22 15 24 12 14 18 15 23 15 11 19 12 17 13 17 15 14 17 14 16 8 13 20 12 19 16 14 17 26 19 9 16 11 15 14 17 19 15 16 17 12 16
17 12 21 13 17 15 19 12 26 17 17 10 15 21 19 21 15 11 14 15 13 6 6 11 5 14 18 11 14 19 13 21 16 10 18 11 19 11 18 14 6 10 13 17 18 12 13 11 17 7 21 13 13 15 12 12 15 15 14 15 14 18 18 13 15 9 11 19 11 7 19 15 14 20 12 19 13 15 17 13 18 12 6 10 15 19 20 14 13 7 12 16 18 26 21 17 15 7 19 15
5 12 11 16 12 14 16 11 10 19 10 12 19 11 14 13 15 15 19 19 16 17 12 12 17 11 16 39 26 24 21 15 16 18 13 17 12 10 10 12 15 9 9 21 9 9 13 17 15 16 16 9 19 12 13 16 12 16 12 14 13 12 17 10 13 14 8 22 12 13 15 15 18 13 17 20 11 12 7 17 19 20 15 7 16 17 12 15 18 13 16 15 7 18 14 12 15 16 9 11
18 17 11 19 12 15 17 11 11 14 10 14 18 16 20 14 17 9 14 17 24 12 15 12 18 10 11 10 6 19 8 14 16 11 10 13 11 18 13 13 16 14 17 13 12 19 10 15 25 15 21 21 14 10 15 13 23 9 15 16 21 16 17 11 15 15 14 13 15 13 15 13 13 11 10 13 10 15 18 13 13 17 14 16 18 10 20 10 17 10 11 13 19 15 19 11 10 19 14 20
9 14 19 15 12 7 10 17 22 8 13 13 20 16 20 12 12 9 10 15 17 18 12 9 6 17 11 13 13 14 15 14 11 13 11 11 13 11 14 16 20 9 19 14 8 13 16 20 15 12 16 12 15 18 15 19 15 15 18 15 15 14 14 13 12 18 19 22 17 18 11 12 12 18 18 11 20 8 11 12 13 10 15 13 9 13 9 8 12 14 18 18 16 14 4 12 12 22 15 13
13 8 8 23 9 21 13 10 14 8 17 9 12 15 15 11 22 17 13 24 21 14 10 10 13 19 23 23 16 14 13 9 12 6 9 22 9 14 19 16 16 15 15 13 13 20 17 19 16 11 12 18 19 18 11 9 11 17 16 9 13 16 13 17 9 18 17 16 12 16 15 9 9 14 16 11 24 14 27 12 12 14 12 18 14 12 14 12 13 19 15 15 8 18 10 10 17 19 13 14
7 9 15 18 18 13 15 8 13 14 12 16 14 16 16 19 8 11 22 13 19 15 13 9 20 16 14 11 10 14 12 12 12 13 10 15 19 10 12 12 13 13 16 16 16 8 16 7 17 12 9 12 15 16 16 11 10 16 13 13 11 11 9 8 14 10 19 14 15 13 11 14 8 9 17 13 19 11 9 13 10 17 10 8 18 20 16 14 11 10 18 19 13 25 17 12 12 22 17 9
14 15 7 8 20 17 15 15 17 14 17 14 20 14 8 12 15 13 14 9 8 18 14 9 10 9 15 16 13 21 15 13 9 10 9 13 14 9 10 20 14 19 12 16 18 16 12 11 11 11 11 17 15 14 12 18 13 21 12 15 11 11 11 12 13 14 14 13 14 18 20 19 14 14 15 21 14 11 10 12 13 10 18 16 14 14 11 24 17 14 10 29 13 16 14 13 10 17 9 15
13 13 9 15 10 13 8 15 18 10 15 10 12 11 21 12 11 13 16 14 9 17 14 11 15 16 14 14 15 13 16 22 22 15 19 11 20 16 12 10 18 12 14 17 21 16 22 9 11 19 8 19 14 16 17 15 20 21 16 16 12 18 20 11 15 19 13 14 11 19 11 12 16 9 16 14 15 12 20 14 14 13 33 17 12 17 17 9 7 17 9 22 15 19 18 11 18 17 9 16
15 18 14 15 12 11 15 15 18 13 7 14 14 18 19 18 6 16 23 25 11 16 15 13 8 14 17 10 12 14 14 16 9 15 18 15 18 11 13 15 9 14 15 13 16 12 15 21 11 14 20 14 15 19 11 14 16 17 16 13 18 18 15 10 8 12 11 14 11 15 20 15 13 10 11 16 22 23 14 12 18 17 12 18 19 18 20 17 19 23 18 13 10 9 17 16 16 12 12 11
15 12 16 11 10 13 16 14 17 21 9 15 12 9 8 14 14 10 13 16 7 19 14 16 12 20 14 16 14 17 18 16 13 13 23 20 16 15 20 12 14 28 12 15 17 21 12 17 13 8 15 13 15 10 12 20 18 25 14 14 19 15 16 13 17 13 8 13 14 7 19 12 12 13 15 13 15 22 20 14 13 17 20 14 9 13 16 14 16 13 13 15 16 8 19 16 12 16 21 9
16 11 13 13 10 13 16 9 8 21 14 21 21 15 16 19 15 12 14 16 12 25 17 12 15 13 15 17 15                                                                       
