0.5 2136 12 15 18 11 12 12 12 8 16 17 7 16 17 23 15 13 10 15 12 16 11 15 12 14 12 17 13 17 12 9 11 15 14 10 13 10 16 10 18 15 11 17 8 12 9 9 16 13 14 22 7 11 11 16 9 11 9 12 8 19 12 12 17 13 16 17 10 9 13 15 7 16 17 11 6 14 10 16 16 32 30 31 27 12 17 13 9 14 15 14 10 13 14 12 10 11 22 10
10 10 10 11 19 14 13 12 20 17 18 17 13 15 10 15 12 18 9 10 14 16 9 12 21 14 20 12 8 17 13 10 16 18 13 5 20 10 13 14 10 15 17 15 15 15 8 15 11 12 13 11 16 13 21 15 16 17 11 13 15 18 13 9 20 13 17 15 22 9 10 11 15 16 12 15 10 29 14 14 6 14 32 12 15 12 11 8 9 16 18 15 17 14 16 14 17 19 10 9
10 16 9 18 11 14 9 10 19 22 12 13 17 17 21 12 16 10 17 12 10 14 12 8 12 9 12 9 8 16 9 11 10 14 14 12 13 16 20 20 10 18 16 16 19 15 17 25 15 17 25 12 12 16 13 18 12 14 22 15 17 12 14 16 24 13 14 17 18 10 14 13 18 21 17 11 16 12 12 21 12 13 18 19 15 11 14 9 14 16 9 18 11 21 15 8 14 9 22 6
8 8 12 7 13 10 7 11 12 10 17 12 11 13 20 18 17 14 12 16 14 9 11 12 14 18 15 18 12 20 10 9 8 11 24 12 9 18 8 12 10 15 18 11 13 16 9 9 12 16 15 14 12 8 9 11 15 21 11 13 12 14 7 16 14 12 15 12 12 16 11 12 25 16 8 10 15 16 10 13 12 18 17 8 8 9 14 7 12 13 12 11 11 7 14 14 18 10 12 24
13 11 12 12 13 11 19 9 14 10 12 15 18 5 11 12 13 12 15 8 10 14 18 10 17 21 11 13 10 16 18 10 10 10 20 18 8 10 13 13 10 9 11 12 15 10 10 14 18 12 7 11 10 16 8 12 18 21 11 21 13 16 10 21 15 13 15 9 11 13 9 16 16 14 16 23 14 9 10 9 11 21 19 16 13 13 10 14 14 10 14 8 16 12 22 10 16 20 16 16
12 15 14 15 14 18 14 17 16 20 19 13 19 19 15 12 14 9 17 12 15 19 17 11 13 15 13 13 16 7 13 8 12 10 10 13 13 10 13 14 17 8 14 10 18 16 13 14 16 18 11 8 20 6 12 10 13 13 12 13 8 12 15 22 10 15 15 10 9 9 14 21 14 7 14 10 19 12 18 24 18 9 18 19 12 34 13 8 10 12 12 13 11 14 11 24 12 14 10 14
11 13 22 14 26 12 14 13 12 9 11 12 10 16 16 11 11 13 11 14 19 16 12 10 12 13 13 7 11 20 19 9 11 14 17 8 19 14 14 15 11 12 11 13 15 17 27 19 16 14 12 14 19 23 14 14 11 22 15 13 5 20 20 16 15 18 16 12 10 17 15 19 14 13 12 19 11 9 15 11 10 8 11 10 18 9 11 13 14 8 12 14 13 9 18 15 15 18 13 12
22 22 18 16 19 12 7 12 21 24 21 16 11 14 16 10 18 11 13 19 14 14 15 10 15 17 15 11 18 20 13 11 14 10 10 10 14 16 16 18 20 17 12 13 10 11 14 15 13 20 19 13 13 18 20 11 11 18 12 15 15 15 19 10 18 16 14 16 18 22 14 17 16 12 9 21 18 10 12 13 16 13 10 10 14 22 15 14 21 8 22 13 12 13 20 14 10 15 10 16
16 15 11 9 18 9 11 13 15 21 16 17 16 14 20 22 24 23 21 14 18 15 16 10 18 15 15 17 15 10 23 20 19 14 16 26 12 20 24 22 14 20 16 13 15 8 18 12 13 12 19 18 14 17 19 11 21 17 19 16 19 14 12 11 13 19 9 21 16 11 9 12 18 19 8 14 23 18 23 8 13 8 16 14 14 8 17 14 14 20 24 14 11 10 15 9 18 9 16 10
13 10 16 18 14 14 10 12 12 11 11 22 16 14 9 10 11 18 10 14 16 8 14 8 12 14 15 12 10 12 14 14 15 14 22 13 15 14 12 8 15 16 12 14 16 19 10 14 8 10 12 13 17 8 14 12 24 24 9 14 11 11 10 11 12 11 16 10 14 12 11 15 11 14 13 15 12 11 13 12 12 11 9 14 16 12 9 10 7 8 9 10 13 11 15 12 13 20 13 17
19 10 7 14 10 9 14 13 11 19 14 11 11 18 12 13 7 17 13 14 16 21 12 9 9 17 12 14 12 13 11 17 14 17 18 8 9 8 14 15 8 11 12 17 14 11 17 21 17 13 13 12 17 16 19 13 12 20 13 13 16 9 16 16 13 12 14 9 16 10 14 19 13 16 15 19 19 16 12 16 13 12 10 9 17 24 35 17 21 13 22 16 13 17 12 13 11 21 15 9
14 21 8 21 10 18 12 15 16 10 16 15 15 19 13 16 22 17 17 14 44 31 12 12 25 11 12 16 19 10 22 14 9 20 15 24 12 8 11 14 14 13 17 15 12 9 14 12 18 9 11 15 11 10 9 13 12 9 15 11 10 12 15 9 18 17 17 8 15 9 9 15 18 19 18 15 16 18 17 19 7 14 14 15 10 15 11 17 14 14 9 20 18 18 12 9 11 21 10 14
14 15 11 14 16 9 13 12 17 16 17 14 9 12 14 13 13 11 12 13 13 13 14 7 15 14 8 16 17 18 8 9 14 10 17 12 18 10 14 18 19 11 17 11 9 13 10 10 6 14 22 9 14 14 7 15 10 10 17 20 7 18 13 18 12 13 14 15 12 12 9 11 12 15 13 16 12 16 15 14 9 15 11 16 11 15 11 12 13 16 14 13 15 10 13 14 16 13 18 14
23 12 13 11 13 15 13 13 10 10 11 15 6 12 10 13 12 9 11 14 11 18 14 14 16 13 15 15 11 12 15 19 10 16 6 9 11 10 10 12 10 15 13 11 19 13 10 16 17 14 19 17 8 17 15 9 11 9 9 13 15 18 13 12 14 8 10 13 10 8 15 15 20 13 12 10 15 10 11 13 11 11 8 9 10 11 16 6 6 9 18 6 17 8 17 17 12 8 13 12
15 14 11 11 11 14 17 9 10 21 4 8 10 11 8 9 11 10 9 12 9 12 11 13 16 15 7 8 6 13 15 16 23 14 9 10 16 11 11 18 23 9 12 14 17 14 12 12 14 16 15 14 25 13 16 19 24 20 13 13 15 16 12 20 15 12 13 23 15 15 10 21 11 20 17 12 18 16 19 15 15 16 11 16 11 12 14 12 22 12 24 19 13 18 17 18 21 10 14 16
12 13 12 21 19 9 14 14 12 12 10 11 12 10 9 13 14 10 13 12 12 12 19 9 14 16 14 13 11 13 20 13 13 12 11 12 12 13 17 21 14 14 12 12 13 11 9 11 9 18 21 13 13 15 16 16 15 13 13 10 14 11 7 14 13 11 16 17 16 14 20 20 17 8 13 9 8 18 17 15 9 12 16 10 14 13 17 15 15 16 9 15 19 12 10 19 12 13 10 14
10 13 16 11 9 21 8 17 14 9 14 12 10 15 12 12 12 11 11 17 13 10 11 10 11 21 15 9 9 14 16 15 13 15 6 12 13 15 21 8 18 12 18 8 11 13 15 14 12 16 11 11 14 9 15 9 9 15 9 18 19 14 10 13 15 13 10 12 11 14 17 15 10 13 21 10 12 13 24 12 13 14 19 8 13 17 17 14 17 16 21 13 18 21 13 18 8 16 10 12
18 12 10 15 13 15 15 15 15 24 9 9 16 12 11 13 16 12 10 13 11 14 22 16 11 11 13 11 9 13 13 11 11 7 16 11 19 17 9 14 13 8 10 17 17 11 10 13 7 8 9 14 16 13 8 9 20 12 13 13 11 13 21 14 11 10 14 10 9 12 10 13 16 19 10 11 17 15 15 11 14 13 18 11 20 13 11 17 13 13 19 15 15 21 22 11 12 15 16 10
17 8 13 13 9 18 16 16 18 16 19 13 15 9 11 12 16 12 12 11 11 15 13 14 11 8 11 12 15 14 10 19 10 13 9 23 13 15 12 21 12 15 11 8 13 8 17 14 12 15 16 18 10 16 7 18 10 16 14 10 12 18 12 17 16 13 12 12 14 10 21 16 16 13 10 16 15 14 13 21 22 11 6 15 14 14 25 17 8 10 13 14 7 11 12 9 15 17 14 11
9 8 18 13 12 12 8 20 11 12 15 9 17 12 10 19 27 18 13 16 17 16 13 9 13 17 9 15 18 10 18 12 7 16 18 15 13 12 8 10 10 11 11 13 11 9 15 25 14 16 12 15 11 10 11 15 13 12 13 10 9 21 18 13 15 11 10 19 14 15 8 14 8 20 10 13 10 13 13 18 13 10 12 11 11 11 20 15 16 10 12 9 16 17 19 15 16 13 12 11
7 11 14 12 13 9 10 13 15 23 15 9 9 7 12 15 15 11 7 15 10 15 12 10 14 23 18 11 10 9 13 13 14 12 11 14 10 10 10 13 13 12 8 11 17 19 6 15 22 17 8 14 17 14 16 18 9 13 14 15 11 18 12 10 10 12 13 15 14 9 9 9 12 15 13 16 18 11 10 16 10 10 18 12 13 16 9 13 12 8 8 21 13 9 13 8 12 9 14 12
13 17 8 14 15 8 10 9 12 11 18 14 13 10 15 10 13 14 14 9 10 20 13 13 13 9 12 14 12 17 13 18 16 17 20 12 15 6                                                              
