0.441860465116279 2400 30 29 36 28 30 31 16 43 41 31 21 35 47 38 45 41 27 36 31 47 27 30 35 36 42 33 44 36 37 35 26 34 39 40 50 27 38 43 25 53 41 36 26 33 38 29 25 42 30 34 39 31 32 33 27 29 39 25 33 31 23 31 29 30 37 29 32 30 27 31 25 33 43 33 35 29 41 35 34 40 32 36 26 31 38 28 25 32 43 40 102 37 34 26 17 31 36 24
31 37 32 39 26 35 33 38 42 23 35 41 24 47 29 30 34 25 28 31 19 38 24 30 22 29 27 38 28 26 34 33 18 34 33 44 40 32 41 37 32 35 24 29 37 32 30 32 35 37 46 33 36 36 25 31 41 41 35 36 24 27 31 43 33 27 34 40 21 43 30 32 30 45 36 39 40 35 35 24 34 35 39 42 32 39 35 37 40 40 38 24 43 27 36 32 34 32 32 43
42 58 36 40 43 40 45 22 35 34 43 32 41 36 40 26 32 45 32 43 43 29 37 45 48 38 25 31 44 36 27 28 36 45 44 33 21 51 30 39 38 43 42 36 29 27 31 21 15 33 31 43 22 26 32 40 49 42 37 33 45 25 20 39 42 46 33 34 38 25 30 37 35 17 42 24 44 38 28 21 32 40 40 35 33 22 32 45 29 34 34 43 27 26 20 22 33 40 25 29
26 34 30 50 32 48 37 44 37 32 37 43 41 29 39 28 39 37 36 28 30 32 39 41 33 29 27 34 35 31 32 53 37 25 28 25 34 27 25 32 31 29 31 35 45 45 34 34 45 21 30 38 40 30 31 35 28 28 33 36 37 43 27 35 26 29 22 30 29 29 32 33 37 29 35 30 28 39 35 33 28 44 33 35 29 34 27 42 38 28 21 46 28 28 32 24 35 14 33 26
34 36 25 32 33 39 34 39 24 28 44 25 32 37 33 31 43 34 23 11 34 28 34 34 26 24 42 32 32 32 35 63 42 28 35 29 35 34 49 30 34 39 37 40 35 40 32 25 33 28 41 45 42 34 35 33 24 37 38 33 51 38 38 30 30 24 40 30 30 33 53 48 44 36 38 33 42 70 31 24 34 29 30 24 30 39 35 40 38 39 34 11 23 37 35 21 28 32 38 27
44 40 41 40 34 28 36 47 24 25 30 42 32 35 23 24 31 27 26 21 36 26 32 31 46 23 36 33 39 49 30 47 34 36 32 33 41 29 36 35 29 43 38 31 57 58 54 38 34 37 33 25 29 31 36 27 34 40 29 32 31 31 40 35 33 26 31 36 45 27 31 34 43 35 38 34 46 29 33 28 33 34 39 33 22 33 35 43 39 42 51 40 35 46 38 27 29 34 32 41
32 37 45 32 20 30 42 38 44 33 29 30 20 36 37 48 28 30 38 39 26 37 35 31 39 30 44 39 36 35 35 37 41 46 26 28 25 79 44 36 31 33 34 36 37 45 36 36 29 31 40 36 30 48 45 30 38 31 46 26 36 37 40 26 32 27 27 23 37 32 35 38 41 32 37 40 36 45 35 36 23 26 24 34 33 27 40 28 31 54 32 30 23 20 41 39 36 33 29 35
28 31 33 32 41 55 41 39 30 37 36 31 47 41 27 33 40 37 31 26 51 42 37 41 41 36 41 39 45 40 40 20 37 37 37 39 45 34 34 30 42 32 40 43 40 33 20 31 39 27 31 34 9 40 39 50 37 41 21 28 41 11 31 32 40 33 40 33 49 42 42 44 34 35 35 40 35 43 37 23 55 36 27 39 37 30 35 36 39 35 34 35 42 31 41 38 27 26 32 54
35 36 33 38 59 30 41 32 35 42 36 32 35 26 28 34 30 44 53 31 38 42 39 36 41 29 40 40 40 37 29 30 38 24 28 31 36 35 41 39 37 31 34 35 40 32 33 36 43 39 33 32 13 36 29 24 27 37 48 46 45 40 40 34 37 30 38 30 37 30 30 36 32 21 37 35 36 42 35 45 39 26 42 37 29 54 25 26 38 21 33 35 35 22 43 29 38 28 36 14
37 45 35 31 38 35 28 9 25 36 33 55 45 23 36 35 47 29 39 36 36 35 34 28 31 33 37 34 37 39 30 30 38 37 24 34 27 32 33 26 33 34 35 44 40 34 35 46 30 32 28 38 40 36 27 32 31 25 9 41 39 38 28 19 38 31 26 29 37 30 24 20 25 45 28 22 34 30 43 34 37 30 25 46 42 30 17 37 14 31 32 33 34 27 32 30 36 28 42 52
22 37 46 24 43 39 45 28 41 47 38 37 33 27 23 32 24 34 38 30 42 29 37 29 31 34 17 19 27 32 31 33 25 37 45 32 35 36 46 29 17 41 34 26 49 37 26 53 40 33 30 34 31 37 42 28 36 38 39 32 31 40 30 24 41 23 40 29 28 24 35 38 42 37 34 30 37 8 31 33 25 42 26 30 35 31 30 25 36 30 35 49 50 42 31 30 39 35 29 40
24 28 37 35 32 38 36 30 24 32 37 34 37 39 27 25 38 38 44 38 17 32 39 44 36 37 38 32 16 27 32 35 34 35 33 31 41 41 41 26 26 26 38 32 30 36 35 31 31 29 39 47 46 35 41 36 33 32 30 34 36 28 43 40 35 39 29 36 42 32 43 102 11 59 53 34 52 37 40 42 42 33 37 37 39 29 41 41 36 30 28 41 37 44 32 30 49 26 32 36
35 30 34 37 35 27 34 31 46 36 31 33 32 27 33 43 34 26 29 27 31 41 24 22 35 20 25 29 42 27 38 35 23 24 34 37 30 25 36 33 39 38 31 39 38 31 55 27 43 22 30 37 34 32 35 36 24 22 31 29 31 32 30 27 44 26 32 37 30 23 34 21 30 27 37 33 33 41 35 40 31 34 35 25 32 39 30 31 35 35 33 27 38 27 29 25 30 22 33 23
32 32 36 38 36 22 33 36 45 25 35 28 30 49 34 26 44 40 31 26 39 29 29 31 49 32 29 29 33 30 35 37 37 30 22 36 28 41 20 30 23 34 43 26 35 29 21 32 22 19 33 36 28 35 35 31 35 39 31 29 33 36 39 42 40 38 44 30 40 25 45 32 36 28 32 22 41 38 20 35 26 26 26 23 31 37 41 24 36 21 29 30 34 30 31 27 26 27 23 41
32 34 40 28 43 33 53 27 38 40 36 35 54 43 38 29 32 42 24 25 22 20 36 39 39 31 19 31 31 35 40 51 32 34 38 22 29 39 31 16 34 33 31 41 27 39 42 20 20 33 33 35 36 24 28 31 27 31 32 27 31 38 26 36 44 26 39 22 31 20 32 29 25 27 28 27 27 28 38 45 34 26 43 37 25 27 40 27 29 32 40 38 34 29 26 40 23 29 19 38
29 31 38 27 24 37 25 30 29 31 28 25 36 28 39 33 26 35 30 23 38 18 34 31 38 31 32 29 39 39 29 24 26 35 40 26 27 43 26 31 20 38 33 31 37 24 38 30 32 32 20 34 38 28 19 45 28 35 36 36 39 22 28 32 32 31 44 41 42 27 28 24 30 32 34 24 23 45 38 37 34 28 33 33 42 41 36 35 37 31 31 33 40 28 35 33 39 35 33 27
31 34 29 41 35 33 28 27 34 29 35 33 44 29 26 37 26 37 41 35 39 22 40 42 33 34 40 34 36 40 35 30 50 29 40 39 29 30 27 30 35 27 38 12 31 36 33 31 52 29 38 38 39 25 52 32 27 24 41 48 34 26 33 38 32 23 32 33 42 39 35 35 35 44 39 28 25 29 18 59 27 31 37 32 32 41 34 39 43 56 35 38 39 36 16 44 43 32 39 39
46 35 36 30 36 39 41 35 36 49 30 44 31 35 45 25 38 39 29 33 38 32 29 43 33 33 33 34 28 45 31 30 31 32 32 39 36 28 35 29 30 36 38 31 32 37 30 25 30 42 35 27 40 44 18 33 33 48 30 37 38 35 30 43 33 37 31 35 36 24 18 27 34 34 36 39 32 38 25 52 39 24 34 37 32 31 30 42 40 30 23 41 30 45 38 35 36 49 40 31
33 34 31 32 14 43 39 24 30 41 32 29 34 41 37 41 35 26 46 42 32 36 31 34 39 37 36 30 27 42 23 39 41 30 30 34 38 21 32 41 30 37 44 37 50 31 32 29 37 16 40 31 32 29 31 34 36 35 21 36 32 41 34 42 35 28 27 35 28 34 36 36 37 49 38 31 40 39 36 34 40 35 29 33 29 41 34 24 35 27 32 29 13 27 40 46 39 24 29 30
35 33 27 41 29 33 38 39 42 29 27 36 40 31 39 40 37 38 41 32 22 31 39 39 30 41 38 32 57 34 41 40 45 33 28 35 38 29 31 36 43 35 30 32 35 39 30 33 28 30 43 35 30 37 26 36 41 38 36 30 28 14 41 27 45 40 33 26 42 22 28 36 48 36 35 44 37 33 40 40 30 45 40 24 39 33 48 25 27 39 34 29 28 22 34 35 34 23 20 25
39 34 37 34 30 47 32 40 41 25 24 30 26 38 44 25 34 47 44 23 31 20 39 38 34 30 38 37 33 29 26 24 40 36 22 32 35 39 38 15 15 27 35 37 22 37 34 44 24 25 27 34 27 26 30 30 44 32 42 23 35 29 32 34 28 46 34 31 41 26 48 26 26 31 33 33 30 36 41 36 32 37 41 32 39 34 35 21 37 29 40 30 26 44 26 27 31 22 40 32
47 37 35 24 35 43 39 32 39 35 32 36 45 36 34 30 42 35 27 28 36 39 39 39 38 28 27 24 30 33 30 34 34 40 31 31 41 38 36 31 40 28 39 26 30 33 37 35 33 32 33 40 38 30 40 37 32 33 27 28 35 43 28 33 28 39 36 41 30 32 44 29 31 44 37 37 32 17 31 48 23 40 50 31 39 26 35 30 44 39 34 32 24 36 48 47 44 35 44 32
34 28 27 40 35 25 23 36 28 32 30 36 26 22 32 38 25 32 39 39 38 33 25 29 29 33 33 30 38 27 18 41 51 25 31 27 32 29 37 32 37 30 31 29 41 29 41 33 41 27 41 35 37 35 42 32 34 33 33 37 38 34 35 42 29 35 26 33 47 42 34 42 34 32 29 38 37 39 34 38 21 37 33 25 34 40 30 40 30 33 46 34 31 36 29 43 41 37 32 30
23 33 28 30 20 23 43 42 31 35 32 25 24 28 23 14 31 36 37 34 28 45 41 37 43 33 40 33 22 35 25 30 38 32 31 33 31 31 36 50 39 34 44 38 37 42 28 40 37 32 37 22 32 34 32 43 34 27 32 32 22 37 28 37 35 44 37 29 39 42 34 46 34 30 34 28 35 32 15 42 19 25 33 48 34 26 25 36 19 31 32 38 25 41 33 45 27 40 37 36
29 37                                                                                                  
