0.428571428571429 2370 15 16 19 29 21 16 22 22 23 15 23 17 23 22 20 20 18 24 33 18 14 21 29 25 20 22 25 27 17 23 23 21 23 22 11 21 17 15 20 18 15 19 18 18 18 25 22 20 14 15 22 14 14 14 16 31 25 15 24 14 22 12 17 15 21 22 16 14 18 13 22 12 15 18 12 16 20 15 13 15 17 68 9 20 31 18 41 13 21 22 14 21 24 21 19 19 24 22
24 15 20 15 26 18 13 23 17 18 25 24 15 18 34 33 23 14 15 20 18 22 11 27 14 13 23 10 25 17 15 24 19 26 23 15 27 21 25 23 12 9 22 11 18 21 20 13 17 15 15 18 27 15 15 11 24 13 16 14 13 15 24 19 22 20 22 26 19 21 25 10 22 29 30 26 11 13 15 23 19 11 20 14 19 20 39 19 23 17 17 22 17 7 27 15 14 28 19 17
13 15 24 16 16 19 29 16 11 20 26 16 17 19 15 17 14 10 20 22 20 36 29 30 21 25 19 21 14 21 17 8 25 21 21 15 20 16 24 26 23 15 29 15 33 18 24 27 31 19 21 21 25 17 11 29 21 24 19 30 28 19 18 22 23 27 21 21 19 24 26 18 24 20 23 16 15 14 26 19 16 29 29 19 21 24 15 18 17 23 26 15 15 22 14 13 17 16 23 23
12 24 18 24 24 16 35 22 29 25 14 10 19 14 17 19 18 20 21 22 16 24 20 18 17 19 17 17 20 27 17 19 24 23 15 14 19 19 16 21 10 25 14 31 27 17 17 17 17 26 19 10 16 15 19 20 14 18 25 23 20 16 22 23 29 32 26 19 17 28 26 26 22 26 25 16 14 7 23 22 22 15 31 18 21 28 16 18 15 17 25 19 25 17 20 19 16 24 17 20
24 19 18 27 14 21 22 20 18 17 18 22 25 16 13 25 20 21 9 29 25 22 14 20 22 25 14 15 14 19 12 14 26 21 12 24 15 30 21 18 24 18 24 23 24 14 19 26 14 12 27 19 15 21 27 24 23 14 22 23 15 17 19 28 19 18 18 26 13 14 17 17 26 29 16 17 23 21 15 19 20 35 20 27 27 25 28 14 19 19 14 20 14 23 27 33 18 19 30 14
17 24 12 20 15 16 22 14 17 16 15 23 20 13 18 15 14 23 18 29 20 13 21 26 27 23 23 17 16 19 12 19 17 13 20 15 19 17 24 23 22 26 19 29 14 22 15 18 15 20 24 28 19 23 24 17 21 16 24 22 26 28 9 16 23 18 19 15 16 20 14 27 14 20 16 26 18 13 21 28 26 17 18 12 17 18 27 19 23 25 17 22 10 14 29 22 22 18 21 14
21 16 26 17 17 24 23 16 30 26 26 26 18 25 19 22 26 17 17 19 20 10 16 23 18 10 19 20 12 21 15 25 25 18 22 29 21 23 21 24 24 15 23 22 23 23 20 27 51 53 18 22 23 18 16 18 23 24 16 25 26 23 10 15 19 27 19 17 24 26 13 26 14 18 26 20 30 37 27 25 24 19 26 18 17 20 19 28 22 19 16 18 15 24 24 22 19 17 31 23
28 29 26 16 30 20 24 21 22 15 13 29 29 27 30 18 30 22 21 17 29 26 15 26 24 25 20 26 26 22 15 19 19 24 30 20 21 17 22 19 23 28 23 20 21 12 23 22 18 25 17 23 15 14 35 18 15 21 14 33 34 21 21 23 18 22 19 18 30 14 14 38 19 20 14 16 32 22 19 29 20 16 29 22 26 12 28 21 14 23 14 21 17 23 22 18 25 17 20 26
17 18 23 20 23 21 31 15 20 16 20 19 20 29 15 26 27 19 26 18 25 23 17 24 21 17 18 12 23 15 22 16 19 24 26 22 23 16 21 24 17 21 15 25 23 24 21 23 17 21 19 19 23 23 25 19 31 26 24 17 21 24 13 17 12 11 21 30 20 18 22 25 18 21 21 14 18 25 31 16 21 14 28 15 27 24 19 15 13 17 22 20 16 20 20 21 16 12 17 27
17 18 15 25 30 15 21 12 17 34 21 26 17 19 21 14 9 30 25 15 19 21 24 25 26 28 12 17 11 23 19 18 26 14 19 24 26 18 16 22 21 13 16 17 17 22 16 22 28 27 22 19 33 26 22 22 23 28 25 19 21 22 26 30 18 22 16 24 23 20 19 16 7 16 19 24 22 19 26 21 16 15 26 24 26 22 26 25 14 19 18 18 19 26 28 30 16 22 24 24
22 24 16 18 29 24 20 20 25 12 14 30 30 22 16 21 13 16 19 20 14 22 20 27 23 18 11 26 21 26 18 24 24 22 22 21 16 26 16 31 16 25 27 20 27 27 18 20 18 15 20 20 18 20 18 27 31 21 21 22 22 29 21 26 15 25 24 26 25 19 25 15 18 25 13 20 18 19 18 21 18 20 19 14 14 19 17 28 25 25 24 21 27 15 19 16 16 17 20 25
22 15 22 30 15 18 32 24 21 10 16 12 25 21 23 18 14 17 21 25 17 18 29 23 21 9 25 29 23 33 21 19 26 20 25 24 23 18 21 17 32 27 21 21 18 28 23 23 21 26 14 43 17 30 23 21 18 16 27 19 12 26 19 18 22 23 15 19 10 25 24 22 20 21 21 26 19 27 30 24 27 20 25 21 27 26 20 18 19 26 18 19 17 15 20 17 27 22 24 20
16 17 22 20 16 19 14 23 20 22 28 20 17 18 25 18 16 22 21 20 13 15 18 16 20 19 25 22 19 26 20 28 25 36 18 17 25 18 14 21 15 26 24 20 22 21 18 9 21 16 19 19 17 17 17 18 24 13 22 16 16 11 22 22 19 17 20 19 21 16 24 20 24 30 16 17 19 24 18 20 27 14 21 32 17 23 24 20 22 15 14 22 24 19 30 16 15 23 27 22
24 25 24 25 14 17 22 21 12 12 16 16 21 21 16 16 30 21 23 26 22 13 21 26 17 22 16 22 18 22 20 17 26 14 18 18 23 13 20 16 18 21 32 15 25 22 19 21 27 21 20 33 25 26 21 11 16 20 21 24 18 17 16 20 19 20 22 26 24 22 21 26 18 27 21 24 17 12 15 15 19 14 24 26 25 29 11 15 23 19 22 21 21 22 25 26 23 20 14 17
16 13 15 16 18 15 20 17 19 19 22 27 22 15 20 20 19 17 19 20 14 22 33 16 25 19 23 17 25 28 30 16 17 23 13 20 14 22 17 30 13 16 14 18 16 21 24 20 23 16 27 17 18 17 25 22 21 27 20 23 20 23 22 20 26 21 15 19 17 19 23 28 18 27 19 19 18 20 17 12 21 17 20 18 25 18 22 15 24 13 23 25 29 21 22 23 23 25 14 25
17 17 17 20 22 14 14 20 28 27 18 20 21 15 20 14 17 22 29 20 21 18 18 23 24 21 31 28 23 25 23 21 22 30 23 18 20 20 16 17 23 22 23 23 16 19 28 15 20 22 21 14 16 17 17 18 13 23 12 20 26 26 17 23 21 23 22 14 15 20 15 17 17 18 22 17 14 22 22 21 22 18 15 22 17 11 22 24 15 20 14 24 22 24 21 22 15 20 19 17
18 20 18 17 26 19 17 24 26 21 34 26 25 29 25 29 28 23 34 16 23 34 15 15 24 22 19 14 20 17 23 23 15 17 20 15 20 33 21 24 16 14 15 19 18 17 28 24 32 18 17 22 17 23 16 16 25 14 9 18 21 17 18 16 23 14 20 13 20 17 32 20 24 29 19 23 29 18 11 16 25 20 27 16 30 23 18 22 15 20 27 21 20 21 18 18 25 15 13 18
21 34 17 20 23 20 19 18 25 19 24 33 16 21 18 16 28 13 15 19 20 16 19 17 24 16 11 17 27 19 14 20 18 14 17 17 22 16 12 33 24 19 22 12 23 19 18 12 24 16 15 23 22 23 25 16 16 23 16 18 14 25 17 22 17 13 16 17 17 22 15 16 16 21 21 25 19 22 23 16 11 17 13 13 22 14 15 28 14 16 14 18 27 23 11 14 16 10 15 16
23 17 19 29 14 13 15 17 15 22 27 10 20 20 9 22 13 20 18 22 22 22 13 21 26 24 28 19 18 20 21 22 17 23 22 20 13 17 32 19 19 22 23 16 26 21 22 16 18 17 14 14 27 14 20 17 14 22 21 24 25 23 13 22 20 21 17 13 18 24 15 18 46 19 19 19 18 22 17 20 20 27 17 20 18 18 13 20 21 26 22 19 13 19 22 9 14 19 22 10
23 11 25 17 22 24 19 20 10 16 22 18 23 24 28 23 24 28 23 21 23 16 15 22 25 16 28 15 33 33 17 22 30 23 25 12 28 19 19 20 19 20 22 17 23 26 32 22 12 28 21 23 21 27 21 17 13 13 25 19 22 31 19 20 17 15 23 15 23 19 20 24 28 13 21 24 22 17 16 30 15 15 22 26 21 30 21 24 24 24 16 20 20 26 31 24 10 22 15 22
18 21 18 24 18 15 14 22 29 28 17 16 33 17 30 15 16 29 23 19 17 24 32 25 20 23 23 14 28 26 26 27 26 21 25 24 17 26 22 18 21 27 22 27 23 31 14 33 20 20 17 23 20 23 28 20 23 30 24 22 35 19 21 17 17 27 15 19 22 13 18 25 17 9 24 21 18 23 26 33 21 13 20 17 15 23 20 19 23 16 18 19 20 14 20 14 26 14 23 15
22 20 19 13 23 18 24 20 20 27 24 22 19 26 14 19 18 23 15 24 16 15 22 21 30 11 28 20 18 21 30 18 25 14 31 31 18 24 11 20 16 33 16 17 15 27 21 20 23 15 19 18 21 22 29 20 21 14 20 28 25 20 18 21 21 25 19 30 26 13 18 18 16 26 19 22 16 21 16 18 23 25 14 17 24 22 28 16 26 24 23 22 21 26 26 19 20 16 16 24
20 14 17 18 22 17 14 18 17 25 20 20 22 22 24 21 24 27 20 11 18 14 22 24 28 22 17 21 29 23 23 19 19 31 23 15 24 19 27 18 26 23 18 16 27 10 15 12 17 21 22 16 12 22 24 23 27 19 18 28 22 23 15 17 26 24 27 12 22 30 18 20 17 15 22 23 20 22 25 13 19 18 23 16 19 20 15 23 28 18 21 17 21 12 23 18 17 19 15 21
22 17 23 13 19 17 18 14 12 26 13 10 21 18 20 20 8 26 14 24 12 22 28 15 34 16 16 21 17 25 29 17 20 16 27 12 13 18 17 24 11 12 19 21 17 21 24 21 22 17 15 16 18 17 13 14 17 24 18 17 19 30 20 16 19 17 9 13 19 23 25 12                            
