0.470588235294118 2650 14 22 22 16 17 16 20 32 21 26 17 20 21 21 18 13 12 21 27 28 24 19 14 17 21 20 17 25 20 21 20 27 29 15 19 24 20 17 22 15 21 25 16 14 20 22 26 23 14 15 21 29 19 15 23 20 23 23 18 20 25 24 25 23 25 16 15 22 18 17 20 18 18 25 24 20 27 32 19 24 66 20 22 54 17 15 25 18 23 15 18 19 17 22 27 15 23 23
12 27 24 12 18 26 10 13 18 16 20 37 17 17 13 26 23 14 18 13 14 20 29 17 30 18 21 13 21 18 23 20 19 20 18 29 15 22 18 11 17 13 13 13 13 19 26 14 21 25 23 26 21 16 15 18 21 22 21 15 20 24 22 12 23 14 27 16 15 21 28 16 17 23 22 22 26 20 21 20 21 22 27 28 8 27 23 22 26 16 18 22 23 18 51 18 18 22 20 14
29 16 25 15 10 9 23 15 15 17 19 31 15 17 20 22 20 15 20 20 16 18 17 20 28 22 29 10 23 30 15 22 18 17 18 11 26 20 27 15 12 20 14 16 28 20 26 31 20 23 24 32 18 24 26 18 18 33 17 18 16 13 22 16 16 16 15 16 14 15 26 18 24 21 7 20 24 15 18 18 17 22 30 17 24 19 22 27 27 17 20 16 22 20 25 22 22 17 26 32
28 19 24 15 20 19 20 28 26 13 14 18 21 15 11 13 30 18 15 21 24 14 18 23 16 15 21 21 17 20 9 25 20 31 20 26 26 29 24 23 19 32 23 20 21 24 21 25 18 27 11 15 23 26 22 25 24 27 32 29 20 23 21 12 25 23 16 29 23 25 7 18 21 21 18 26 23 17 19 24 18 13 23 26 29 21 24 31 14 13 22 18 15 12 17 13 26 29 21 16
20 26 21 26 14 28 23 18 14 22 24 20 16 26 25 26 27 22 23 26 20 33 9 21 22 21 19 22 20 29 19 20 18 32 18 21 17 16 17 22 11 17 24 27 15 20 11 24 29 23 16 14 24 18 13 26 16 16 19 26 14 19 12 24 30 15 26 26 24 17 20 29 22 12 25 25 28 18 20 12 20 14 17 26 20 22 25 18 15 14 20 30 16 23 9 22 19 23 24 23
15 22 19 13 22 28 22 27 20 21 26 22 24 13 29 22 19 23 22 16 33 16 15 19 16 28 23 15 14 16 22 17 25 24 16 12 12 20 13 21 17 23 16 27 19 18 31 10 12 16 26 30 18 17 26 21 22 23 29 22 16 27 23 21 23 15 21 22 16 19 18 12 20 15 16 12 25 19 30 25 17 22 14 21 21 17 18 15 15 18 25 16 24 17 27 24 12 11 22 19
23 20 22 13 16 12 17 33 16 12 18 23 24 14 15 23 13 30 22 9 24 25 23 18 21 23 16 24 16 19 25 18 18 18 19 19 18 12 23 15 21 24 19 16 12 15 31 20 27 14 31 10 18 23 27 23 25 21 24 29 21 14 32 11 13 22 24 21 31 26 25 17 15 27 20 17 15 14 14 26 15 21 28 29 21 15 10 23 16 17 19 13 27 16 25 22 42 29 15 22
24 26 36 20 26 23 17 23 19 15 16 23 10 18 24 15 15 26 14 22 22 22 21 28 34 25 23 19 20 16 17 12 27 27 12 16 11 25 22 23 22 16 21 16 15 19 21 31 14 19 19 26 16 20 26 28 23 13 23 22 30 12 29 19 20 19 19 23 19 27 24 17 21 22 31 18 23 17 24 23 20 23 19 15 14 18 13 44 36 9 16 19 23 23 15 28 29 26 30 22
16 13 14 18 17 13 13 16 11 14 14 20 17 19 18 22 14 16 11 20 18 17 23 24 23 26 21 18 27 15 12 20 25 31 21 15 15 18 19 33 19 18 22 27 26 28 19 19 21 24 22 19 32 23 20 21 19 25 25 18 22 15 20 18 13 21 25 14 16 20 29 26 15 20 20 16 27 22 25 27 21 23 22 24 22 21 21 9 25 20 20 16 27 25 21 17 33 19 23 23
24 20 24 21 17 26 23 18 22 19 23 25 28 24 27 30 27 19 25 18 19 21 26 22 20 23 25 31 20 16 24 22 32 30 17 16 23 14 17 15 24 26 27 28 23 22 24 21 25 16 16 24 22 22 20 19 22 31 18 25 21 18 17 17 16 15 16 25 18 21 17 27 18 20 19 26 20 23 27 15 11 24 20 17 12 21 25 17 15 22 31 13 21 21 21 19 19 37 10 24
18 8 19 16 31 14 23 19 15 12 23 25 19 24 24 21 18 23 32 23 18 22 25 23 22 27 20 22 18 22 17 14 15 19 24 16 19 16 14 19 20 10 14 16 13 22 19 22 30 18 12 13 16 17 21 18 20 21 18 16 19 20 21 19 21 22 18 24 31 28 20 22 25 10 17 16 19 13 17 17 20 17 15 19 33 21 22 24 20 19 22 23 24 21 17 24 24 17 17 23
13 24 21 21 17 14 23 25 20 20 14 20 16 18 16 20 6 21 23 30 18 20 27 20 20 15 17 17 18 31 16 15 21 17 16 20 26 22 27 23 19 22 18 22 20 26 19 21 19 12 16 14 17 22 20 17 18 21 15 29 11 17 17 18 23 17 22 20 17 25 14 27 22 16 17 19 23 30 20 16 21 18 21 23 11 18 17 18 22 20 14 21 24 21 21 18 16 25 15 18
21 29 24 27 17 22 25 19 21 18 22 23 25 14 15 18 21 22 21 11 15 26 21 15 21 17 18 20 20 23 26 8 24 25 18 22 18 11 18 19 20 25 30 25 16 18 20 25 19 13 31 34 29 13 18 15 21 20 21 17 20 21 15 15 23 20 17 16 16 25 10 17 17 22 25 24 25 23 25 35 19 26 20 26 16 38 36 17 25 23 26 28 13 22 16 18 16 17 10 24
33 25 19 18 22 21 17 25 24 19 18 17 19 20 17 21 16 20 24 27 31 21 21 25 26 12 22 16 19 20 15 25 19 13 22 17 17 11 23 24 15 16 14 29 23 13 14 35 33 21 24 25 21 15 25 18 27 21 19 19 17 23 25 21 28 22 31 24 26 12 27 32 17 33 16 18 15 21 26 28 16 17 28 34 31 22 19 22 18 29 24 19 24 18 25 31 25 25 23 18
13 17 23 29 23 30 29 21 17 19 23 29 23 24 16 22 23 21 26 24 29 27 27 21 22 17 22 20 30 24 16 17 29 24 18 20 15 17 12 28 24 35 18 19 21 19 20 28 18 23 25 19 19 25 27 16 19 27 22 22 23 16 23 19 17 15 13 33 13 23 17 17 22 25 16 16 20 16 27 13 22 26 23 18 15 25 23 22 20 21 21 18 19 20 28 18 22 22 21 22
23 21 20 24 32 31 22 22 15 20 19 19 19 24 22 18 13 23 22 25 22 25 15 16 24 21 14 29 18 14 16 23 22 19 18 17 16 21 23 26 20 16 28 18 19 23 22 16 14 16 12 27 13 32 23 15 28 12 24 17 16 19 19 24 14 25 24 17 17 15 15 30 19 19 16 27 18 19 28 22 19 28 21 16 16 8 25 27 15 16 18 18 17 17 17 13 24 25 13 24
20 20 23 16 17 19 22 23 20 18 13 22 29 32 20 22 20 12 24 12 17 17 14 16 21 19 6 11 14 22 16 21 23 18 16 17 30 25 16 25 19 22 13 22 23 7 28 21 19 28 14 25 22 19 21 19 17 15 18 28 22 22 24 26 18 19 12 26 22 17 20 24 16 25 13 16 22 22 25 27 22 20 21 20 14 19 15 18 22 32 17 18 26 18 17 21 22 16 27 19
22 14 13 22 21 24 13 25 21 14 22 18 29 32 21 28 24 16 21 21 21 22 26 11 19 17 24 30 21 19 16 28 17 24 13 22 26 26 24 14 25 12 14 14 19 12 16 17 26 26 29 15 32 19 19 25 27 22 16 23 31 23 21 12 16 20 16 20 15 15 19 26 20 25 20 28 22 14 20 23 18 26 20 22 13 21 24 20 19 18 13 20 27 25 28 28 25 20 17 25
18 15 16 22 22 25 25 16 16 17 23 18 23 15 19 31 20 17 28 15 19 28 20 20 26 21 22 18 18 17 12 26 15 22 18 25 21 19 23 7 17 23 18 21 22 15 27 23 24 13 13 21 28 9 17 27 13 24 22 20 21 18 21 20 17 19 20 23 14 28 19 23 22 21 21 17 18 26 14 29 19 21 24 13 24 18 27 18 25 22 34 17 18 19 22 23 23 19 24 28
21 21 21 26 23 24 18 33 20 22 24 30 21 21 20 24 15 27 21 27 27 17 27 21 18 32 18 20 13 15 17 27 20 17 27 25 17 26 24 21 23 23 12 21 19 25 25 13 19 13 29 28 13 25 18 25 23 24 16 22 16 22 25 23 27 18 18 20 18 24 16 21 15 24 32 26 17 19 15 17 16 17 23 19 13 19 14 18 24 20 29 26 21 26 23 14 22 14 28 16
12 17 24 21 19 29 10 20 12 19 27 15 24 17 34 16 13 23 25 27 14 18 25 17 12 21 21 12 22 22 16 14 28 26 15 24 17 17 17 19 13 26 23 27 22 12 18 21 19 20 34 22 21 23 30 19 23 18 17 22 11 23 20 24 25 18 23 15 26 16 21 17 24 12 22 26 14 21 26 22 16 17 28 19 19 24 14 21 29 25 21 28 23 23 28 21 17 24 22 28
13 13 11 24 17 11 22 19 9 18 15 19 17 20 22 15 19 14 20 23 23 16 20 23 22 5 12 18 19 18 9 31 16 18 33 17 21 12 14 15 22 18 17 25 17 27 19 19 29 17 29 21 21 22 18 22 20 22 18 23 20 29 28 13 20 20 16 20 18 28 24 18 18 23 20 18 19 17 25 23 21 12 28 14 21 22 18 14 21 28 20 18 25 23 29 20 21 18 21 20
26 14 15 21 18 16 14 17 21 24 19 25 14 23 29 25 29 21 17 16 26 21 16 19 17 19 24 19 25 21 13 21 14 21 25 25 25 21 24 22 19 18 21 21 17 17 15 21 25 13 13 24 15 23 20 26 27 22 28 15 18 15 25 25 18 19 19 21 31 22 19 22 24 15 17 22 30 28 19 21 23 23 15 16 21 17 12 23 14 18 18 20 20 16 14 17 20 25 27 20
17 8 21 14 26 19 15 17 14 27 18 20 13 21 22 22 26 22 21 19 14 20 26 22 15 16 20 24 13 18 25 18 21 13 24 19 16 17 24 18 19 16 21 25 24 27 18 21 21 17 27 29 23 26 18 29 18 21 26 30 24 21 11 26 21 19 22 19 16 25 20 23 21 30 19 21 21 19 12 20 18 18 28 18 11 14 15 19 25 14 20 19 20 12 20 7 18 60 15 12
42 20 31 18 17 18 20 21 23 21 15 10 18 24 21 17 21 16 27 24 28 12 29 24 23 22 14 16 18 20 24 23 16 20 12 27 22 17 19 26 12 21 17 25 16 20 26 24 17 30 20 23 19 15 24 22 38 14 20 24 18 22 21 23 15 26 21 27 25 28 19 21 17 25 29 19 20 19 18 24 26 15 22 32 18 16 19 13 22 14 18 18 20 26 22 17 15 21 23 23
13 23 21 25 19 17 15 18 18 32 22 14 25 20 24 15 24 21 13 27 22 14 14 15 25 15 22 21 23 17 13 12 18 20 16 14 27 13 28 29 18 22 29 25 17 13 23 15 27 22 26 16 17 17 25 21 15 19 23 26 13 21 22 17 23 13 17 15 16 14 21 14 11 22 23 14 10 13 24 19 22 20 25 29 17 15 18 29 26 21 21 25 26 22 17 24 22 23 27 24
20 29 25 30 14 23 15 25 24 24 21 26 19 18 15 20 22 21 26 25 11 26 17 26 25 21 24 21 20 19 17 28 27 16 22 25 24 18 16 18 18 17 28 27 22 25 21 22 13 25 18 26                                                
