0.448275862068966 4546 30 31 31 37 45 25 37 23 35 38 42 31 24 38 35 44 25 24 36 34 42 39 48 27 36 20 29 34 58 31 32 27 30 32 40 29 34 30 36 33 33 34 25 34 28 33 35 32 31 27 29 23 28 33 39 34 31 29 31 28 34 37 28 27 34 32 36 25 32 32 21 35 39 29 31 26 41 31 30 28 41 14 32 38 23 33 33 26 45 28 28 32 33 37 31 36 27 40
17 29 39 37 28 29 42 33 28 35 24 21 26 26 27 28 44 41 35 23 30 36 21 37 29 27 25 24 31 36 30 35 41 36 27 34 42 32 32 45 31 28 35 31 31 27 30 30 33 36 35 23 25 25 25 38 27 19 32 23 27 30 28 34 28 36 40 33 35 27 35 33 38 35 32 38 32 38 16 36 27 30 37 8 24 32 32 37 29 36 28 12 29 31 33 33 46 15 28 31
29 32 30 41 28 29 30 25 34 37 35 31 34 22 34 47 32 21 33 28 32 30 28 19 40 32 37 22 36 31 36 26 33 26 24 25 32 33 44 21 28 22 27 38 38 30 25 37 36 26 40 17 28 32 35 24 34 32 25 19 29 32 28 32 31 23 28 30 33 32 26 33 27 30 41 33 33 24 34 28 41 44 28 39 23 42 26 39 28 20 31 27 33 26 35 41 37 39 36 38
36 27 27 35 23 21 30 29 42 21 37 36 58 38 31 38 25 25 35 42 22 26 27 29 37 34 38 29 33 27 20 35 34 34 35 33 35 30 20 37 36 38 38 40 37 30 31 21 23 25 35 26 38 40 31 20 26 35 34 28 26 21 31 35 19 28 33 33 24 20 27 35 31 39 37 37 27 26 27 30 36 40 33 34 30 39 23 39 33 25 27 35 33 28 28 31 37 33 29 41
27 41 39 36 37 41 36 33 25 33 30 36 34 38 33 30 35 35 37 43 48 31 29 36 31 17 34 24 26 32 30 22 42 31 37 30 28 32 32 31 24 36 38 31 28 25 38 33 35 24 26 27 32 36 33 28 33 33 35 44 29 25 41 34 33 37 27 32 37 32 30 23 23 30 30 27 31 26 30 26 26 21 44 32 38 32 33 24 42 36 32 27 26 38 30 31 31 40 41 43
26 21 36 38 33 29 40 39 29 38 34 39 40 25 45 36 24 36 28 31 31 33 33 17 38 33 27 38 25 24 44 35 32 31 44 38 38 27 35 29 46 34 30 30 23 33 35 36 35 28 24 29 29 31 32 37 31 30 27 21 35 40 27 43 35 43 26 26 24 30 22 34 41 32 45 22 29 23 28 43 25 28 31 31 42 22 30 35 22 39 37 30 36 35 22 27 27 35 15 37
27 35 46 35 33 23 30 35 52 40 37 43 44 27 24 22 31 29 36 31 28 29 29 28 35 33 28 23 31 38 37 42 33 26 38 34 39 23 34 30 20 20 36 28 31 33 33 30 24 35 33 34 33 34 37 41 23 23 30 34 28 36 43 31 42 32 38 22 37 40 19 29 30 28 36 24 43 24 29 22 33 44 27 33 31 39 36 41 17 26 31 30 29 35 29 30 36 38 35 31
39 28 52 41 39 28 36 28 34 32 27 30 33 29 30 36 32 40 36 28 22 27 27 28 35 32 35 27 20 37 34 30 27 29 36 14 21 34 33 32 37 28 37 36 42 34 27 28 29 30 27 29 38 30 36 22 20 41 33 31 29 37 36 22 36 31 25 35 28 28 32 27 35 31 36 41 22 29 27 29 26 29 30 30 35 26 29 27 23 31 29 33 34 33 35 27 25 24 14 31
32 31 23 29 29 34 33 37 23 34 26 29 34 34 47 23 40 31 32 41 32 28 27 33 22 17 32 24 29 37 23 37 40 27 46 35 25 46 36 23 37 16 30 41 35 32 34 37 37 12 36 27 42 47 35 38 31 36 30 43 32 31 32 30 31 36 34 26 38 28 45 31 34 29 28 30 22 29 28 22 39 39 29 28 32 33 34 28 30 35 28 29 29 31 40 35 31 33 42 27
36 44 34 21 22 36 25 30 30 22 38 43 35 41 42 25 35 35 29 30 41 29 22 29 26 30 28 21 30 31 26 20 42 32 32 28 32 36 34 22 31 32 20 34 30 29 36 30 36 20 34 38 27 30 30 34 26 32 24 23 39 39 34 35 23 28 35 30 33 25 31 32 29 33 36 33 21 30 34 19 24 41 39 46 25 32 21 25 26 26 29 40 32 29 22 38 34 25 28 29
32 37 33 28 43 33 45 40 36 35 27 34 25 30 21 27 32 26 17 22 27 30 32 23 25 36 22 20 31 21 23 25 21 42 36 31 27 27 28 32 36 34 32 41 37 32 30 26 35 38 26 42 47 21 36 38 40 32 35 23 25 35 39 26 29 32 37 33 24 30 44 29 35 27 23 31 77 21 37 17 32 47 33 49 40 33 29 33 27 30 42 29 35 39 35 42 38 29 30 21
27 33 34 30 26 23 34 28 31 24 26 17 26 33 36 30 30 26 32 22 30 30 36 41 36 23 27 25 32 32 36 33 27 31 37 25 37 36 28 44 36 34 28 28 30 26 33 35 35 35 30 34 25 28 45 21 31 29 29 30 36 35 26 24 38 39 24 35 37 38 40 33 31 31 31 36 28 32 36 33 33 18 32 33 37 36 29 24 32 31 23 36 26 26 38 28 18 30 22 28
24 27 43 35 37 26 35 42 31 32 21 36 35 44 30 34 28 38 28 26 21 23 41 27 38 42 47 29 34 34 73 97 66 52 74 61 74 49 9 24 27 30 31 28 13 23 30 27 29 36 26 29 31 36 51 32 36 33 30 10 23 28 30 25 42 46 20 34 26 27 26 42 19 35 44 43 38 35 33 27 37 39 27 37 23 29 23 32 44 42 35 28 28 31 21 20 25 42 23 32
25 35 42 31 37 27 25 43 35 30 32 19 31 29 29 36 27 35 29 28 35 30 29 36 27 36 24 41 33 38 19 25 19 31 40 32 31 31 23 37 33 22 29 36 22 24 28 44 31 35 31 38 40 30 40 24 38 37 37 31 29 25 29 38 29 34 32 32 24 34 38 28 32 41 41 29 28 36 25 29 40 30 40 32 23 46 27 24 50 48 37 34 28 31 24 30 30 28 28 32
22 26 23 30 37 48 25 44 30 40 51 29 20 39 32 32 26 36 33 35 43 20 26 27 24 28 35 32 32 31 32 32 35 37 48 27 22 21 39 32 30 29 33 31 34 43 43 40 36 24 25 29 29 22 27 26 28 36 30 28 32 27 36 27 41 37 29 39 37 28 26 24 30 29 36 27 32 39 31 40 22 26 29 38 28 32 33 34 37 27 28 40 37 23 37 39 18 44 34 45
29 25 33 42 26 41 41 23 33 32 29 45 33 34 18 40 39 22 26 39 26 18 26 36 25 28 27 26 33 45 31 30 30 38 28 41 28 37 28 35 23 25 34 39 29 33 34 25 46 18 34 27 22 34 30 35 38 34 16 32 22 26 25 36 30 28 22 26 30 34 31 35 33 38 40 32 39 30 25 27 34 21 30 28 35 30 34 30 27 22 29 31 36 24 27 25 32 42 29 32
37 30 23 22 33 29 36 27 40 30 30 37 31 32 37 30 32 37 37 31 23 33 36 32 30 37 25 19 25 42 30 29 28 29 42 37 37 33 42 28 37 41 24 26 26 43 27 45 31 22 41 35 27 29 37 41 35 45 16 37 41 49 29 27 33 26 33 18 30 30 33 26 30 37 37 36 39 30 32 28 33 31 26 30 31 37 26 21 26 27 30 25 35 28 25 24 18 23 28 35
35 23 30 38 37 33 28 33 49 43 32 32 30 26 32 43 27 31 37 36 28 20 34 30 33 40 27 14 37 28 31 41 38 35 37 31 34 14 26 35 32 31 26 33 29 35 25 34 28 30 32 37 30 23 33 34 44 36 34 30 27 29 42 42 34 27 30 25 37 45 35 30 28 37 32 28 32 32 24 43 31 34 36 29 38 22 35 44 33 26 34 26 24 45 30 23 29 32 41 32
36 36 26 49 42 31 50 27 31 31 27 31 29 23 39 34 21 36 30 30 39 30 32 34 20 46 35 30 25 36 27 31 37 18 31 37 29 25 30 37 15 36 15 37 36 40 25 31 35 42 29 33 22 35 43 26 29 39 23 35 24 27 35 23 24 26 34 27 23 22 36 38 28 25 29 23 33 34 27 54 30 34 37 36 32 33 34 31 38 33 36 33 28 21 34 35 29 23 39 28
22 28 19 28 32 35 18 28 31 27 40 29 38 38 24 29 31 29 19 36 34 28 39 19 33 30 27 39 47 37 26 37 29 32 38 41 36 39 33 43 32 32 43 24 29 28 40 30 26 29 24 25 32 41 26 33 35 25 25 38 27 32 33 34 32 28 27 33 32 28 36 31 25 23 38 21 38 38 38 30 34 30 30 30 41 29 21 27 31 39 25 39 41 29 34 34 26 31 48 40
34 42 24 28 40 26 25 27 28 26 31 44 39 33 35 32 15 40 27 31 37 27 37 39 28 27 31 27 37 24 31 30 32 41 29 44 28 37 28 38 38 35 31 33 37 27 38 33 32 26 23 39 25 37 32 36 32 34 37 43 38 27 37 30 33 32 33 29 26 29 32 35 28 22 28 29 23 39 28 40 37 28 29 22 35 24 41 35 21 26 24 35 31 29 35 29 34 36 31 34
18 17 32 37 39 35 32 26 34 43 23 28 24 32 41 44 25 44 33 25 31 17 27 32 37 33 33 30 36 29 41 31 24 31 23 23 29 14 28 35 29 55 37 28 47 25 36 37 34 27 24 34 36 37 27 29 31 29 44 31 27 38 27 25 31 39 41 31 16 20 38 36 35 28 29 21 32 31 22 28 35 22 36 27 25 16 27 18 25 32 141 55 69 82 40 32 33 39 34 27
35 31 27 36 28 36 24 28 29 35 34 31 25 40 37 31 18 24 19 36 27 31 25 25 37 26 34 32 22 27 44 28 26 41 36 33 20 35 33 38 29 32 35 37 35 42 35 30 19 31 31 31 40 30 25 38 30 33 29 36 26 35 26 35 35 31 28 17 33 31 31 33 27 36 41 44 40 29 47 33 16 36 37 31 24 36 40 26 34 21 33 49 31 35 29 36 22 25 27 32
33 33 27 34 23 30 39 29 21 31 18 28 36 31 34 31 41 31 34 22 30 31 38 24 34 36 39 39 33 21 41 25 21 20 21 35 23 29 32 33 35 33 25 38 28 27 32 36 37 37 26 39 23 34 35 31 47 21 32 26 29 22 23 22 36 41 33 31 36 32 44 35 37 29 19 30 37 25 30 34 33 33 45 48 33 31 31 27 36 44 24 21 30 29 30 39 33 37 45 31
42 19 38 31 38 35 24 25 26 31 23 28 30 31 44 36 21 34 24 43 26 28 35 32 37 28 39 23 24 25 36 36 35 26 23 32 25 35 35 40 29 37 32 25 34 30 27 24 34 29 36 21 30 31 43 22 29 32 33 25 39 41 41 34 41 37 30 40 27 28 31 41 38 30 51 38 33 30 31 34 30 29 27 41 25 33 47 29 24 31 31 21 35 41 30 25 30 32 26 27
37 33 26 33 36 25 35 35 44 21 23 35 30 35 28 37 16 29 49 21 28 27 22 38 33 34 28 29 29 48 29 44 38 34 38 25 31 39 29 27 36 42 27 26 33 32 24 22 28 26 27 34 41 40 33 24 26 26 32 33 24 44 19 34 33 32 29 34 35 27 31 37 22 34 32 32 41 33 29 35 26 33 26 36 33 28 29 36 32 27 37 27 36 40 28 37 50 33 35 28
28 25 14 26 34 20 34 35 33 33 30 33 25 33 25 30 38 35 30 26 25 34 27 25 29 32 28 33 32 27 30 26 40 30 23 30 36 28 34 32 34 39 33 48 33 35 38 43 39 33 32 37 28 21 32 28 34 25 24 30 42 24 35 39 22 26 39 23 29 31 38 22 43 25 16 29 36 30 34 32 31 32 29 29 17 29 34 24 37 32 19 36 31 39 26 25 26 31 25 35
32 28 30 31 29 33 33 28 23 28 23 30 22 20 28 34 31 23 25 21 46 31 28 25 33 18 30 31 37 27 18 22 37 22 31 27 22 36 30 33 30 29 30 44 28 46 28 31 34 20 24 34 45 26 31 32 46 38 26 29 20 36 38 30 43 45 43 32 36 35 34 29 28 35 22 27 18 27 34 27 31 34 37 27 30 34 19 26 34 30 37 28 33 36 28 24 32 34 34 22
21 26 38 35 42 22 25 27 27 34 29 25 28 26 32 33 28 27 28 22 35 18 31 33 37 41 28 35 36 40 30 34 20 34 20 29 29 31 24 42 36 33 30 31 32 28 24 31 21 50 36 33 27 25 25 16 38 29 31 36 43 29 35 31 30 30 29 29 24 25 32 36 41 22 26 34 22 29 26 39 35 30 25 22 37 39 36 32 35 25 36 25 32 41 26 36 28 29 33 17
28 28 31 29 36 49 31 33 37 27 37 26 28 33 25 37 15 38 29 32 31 20 36 29 32 34 34 30 29 32 24 36 31 39 31 24 34 32 26 33 35 42 34 29 31 32 34 33 24 27 29 33 38 28 28 31 29 27 38 40 30 31 18 26 36 41 20 27 33 36 29 36 34 26 30 34 32 26 30 20 24 35 45 33 34 22 33 47 35 33 29 25 22 28 35 30 29 20 27 27
33 28 33 24 26 18 22 49 29 36 27 24 19 42 35 22 28 33 30 19 27 19 31 25 22 24 37 24 22 27 25 30 31 32 32 22 30 25 25 37 30 25 30 31 29 34 42 38 32 37 32 33 31 24 31 21 33 33 23 24 28 23 36 37 34 39 33 32 27 26 27 40 19 19 41 33 28 28 38 22 28 22 29 33 33 42 38 20 30 26 24 30 31 25 33 29 36 33 31 35
32 44 23 31 27 38 17 25 22 26 36 34 30 28 21 22 34 22 34 37 32 22 27 42 31 35 28 36 40 27 23 34 31 30 30 34 34 22 38 24 25 29 25 31 33 26 34 24 31 29 28 34 28 33 36 34 26 25 31 34 23 27 23 29 30 26 35 32 32 31 28 26 33 29 36 34 29 35 26 21 31 45 41 41 35 28 31 28 25 25 29 26 41 34 32 37 37 35 26 38
44 16 23 29 39 29 29 21 33 25 29 29 20 32 43 32 34 30 32 28 28 30 33 29 29 48 31 29 36 22 24 28 33 29 47 23 27 25 26 29 41 23 26 27 32 38 42 26 25 37 38 27 29 37 36 36 21 31 25 42 27 37 31 40 22 45 24 36 32 23 30 16 25 26 25 23 35 38 30 33 29 30 44 34 41 19 36 29 52 29 36 37 27 21 37 39 50 31 30 28
31 28 33 29 39 33 45 28 30 28 14 31 20 28 22 34 39 26 35 28 50 33 33 40 33 30 38 35 44 24 27 27 45 36 35 32 37 30 30 28 37 28 33 32 26 31 41 32 38 43 27 38 20 32 31 33 29 33 32 28 26 31 27 23 33 26 40 21 26 31 27 29 46 32 35 29 28 27 25 42 25 30 38 19 30 36 37 34 25 26 37 36 35 30 29 30 24 30 32 30
21 39 24 45 25 46 16 39 36 32 30 29 30 31 43 34 36 27 37 33 35 37 41 29 30 34 20 21 33 33 29 37 32 29 38 22 26 37 26 26 30 40 33 25 17 26 35 25 22 29 34 29 28 36 26 25 30 27 25 32 34 30 39 22 31 22 33 34 25 34 30 34 28 26 32 39 37 30 31 31 29 25 39 43 33 32 34 38 34 28 29 46 40 21 31 33 41 25 26 37
20 34 21 30 38 34 21 34 11 31 42 26 28 40 29 30 36 31 30 29 37 45 34 40 40 33 38 37 41 41 37 29 26 27 29 32 32 30 27 32 44 32 33 25 23 35 37 37 40 34 26 20 32 22 30 41 36 34 26 31 31 38 25 45 31 31 35 35 33 32 38 32 34 31 30 46 28 48 32 26 23 29 24 27 25 24 27 24 24 35 36 8 23 20 26 35 24 30 27 31
36 32 35 35 22 35 31 26 37 30 24 35 16 34 34 35 20 31 40 35 37 25 34 24 20 33 25 34 31 31 26 36 26 33 31 32 34 30 35 48 25 31 13 22 26 23 31 19 22 30 18 28 29 32 35 28 33 23 33 29 34 63 29 11 34 32 35 28 34 31 27 36 31 32 39 35 29 37 38 26 31 39 21 29 28 33 23 37 29 26 33 23 30 20 25 31 30 31 26 29
26 34 36 27 37 36 29 35 35 24 31 26 33 19 30 21 20 33 30 31 28 27 37 39 41 28 27 27 32 34 26 29 29 33 31 33 25 41 35 33 34 25 22 29 24 30 34 29 22 36 26 25 31 44 42 34 32 29 31 26 22 28 21 26 44 32 39 25 33 25 21 34 28 35 22 33 24 27 26 28 27 35 22 32 29 40 26 29 29 34 40 33 34 40 36 29 34 27 34 58
27 24 33 33 32 23 31 39 26 40 30 26 33 32 41 34 30 51 38 28 31 40 26 30 28 31 27 34 38 30 32 36 25 33 30 28 25 37 36 30 27 33 34 45 50 52 28 30 37 31 24 28 28 41 30 25 29 28 44 44 30 31 27 32 35 32 35 44 39 38 34 19 23 45 33 26 45 27 41 17 34 40 22 21 26 28 29 39 32 27 39 22 31 31 31 33 43 28 38 36
29 33 34 34 35 39 30 29 37 33 32 35 35 29 32 34 31 25 29 16 26 38 34 30 28 39 36 30 38 36 34 27 36 42 27 38 34 33 36 40 40 31 33 33 28 33 35 32 21 27 34 30 42 39 33 27 37 31 27 37 32 42 22 32 44 26 28 33 27 37 32 35 29 26 33 27 30 31 28 27 31 28 27 39 29 36 33 42 32 29 37 33 42 35 34 50 36 38 31 36
40 35 25 28 28 29 33 36 45 26 33 26 30 37 28 41 44 29 32 32 25 25 26 43 29 25 31 27 34 43 31 36 29 42 30 37 30 32 32 28 29 28 26 38 31 30 34 33 35 34 33 35 24 40 33 33 39 28 28 27 47 36 31 50 39 36 22 33 30 29 34 34 27 21 36 22 38 32 26 39 21 35 25 35 28 32 35 41 23 33 35 31 35 33 25 37 23 30 25 28
38 44 27 33 36 20 33 34 49 34 36 45 33 28 42 19 30 34 32 21 18 31 24 28 35 36 21 29 26 26 38 25 27 28 20 35 23 30 33 34 23 41 33 30 34 45 25 24 21 27 28 24 32 19 28 25 41 20 33 39 37 38 33 22 28 33 29 36 28 30 34 26 43 35 31 18 32 25 39 25 27 35 33 43 38 34 39 30 35 36 27 29 29 29 30 40 26 33 24 31
34 39 39 32 41 35 23 27 40 31 30 25 31 22 29 19 41 31 34 41 38 21 20 38 35 37 34 35 40 35 36 40 31 29 35 25 33 36 35 37 29 32 30 35 31 32 31 31 33 35 32 33 34 22 34 39 29 29 32 36 40 27 23 36 29 38 40 23 30 43 36 28 35 33 33 37 31 31 28 35 30 37 24 31 26 25 28 31 34 26 34 21 30 25 32 36 36 22 25 33
20 31 20 26 28 29 22 38 22 28 22 24 24 27 23 37 26 31 27 32 28 39 34 49 33 29 29 31 36 32 34 29 35 44 28 19 23 32 28 29 27 31 38 35 26 27 24 20 15 31 26 23 25 31 29 18 35 32 42 33 37 23 31 34 37 33 41 36 36 32 36 26 28 38 34 29 31 26 25 24 24 23 28 31 37 21 25 30 38 28 21 32 20 32 21 21 25 34 36 40
37 31 35 32 22 35 33 22 29 27 13 23 25 34 10 30 26 35 34 23 16 24 26 31 29 31 28 32 21 27 33 26 27 36 33 27 36 44 30 37 36 25 24 28 26 24 36 27 34 26 34 39 28 36 36 25 34 24 30 32 26 34 30 28 49 31 30 33 40 24 29 26 34 33 32 22 20 30 25 42 37 29 31 31 31 38 22 17 25 35 27 29 36 39 48 33 30 30 27 30
21 32 35 36 30 31 31 26 42 38 35 37 23 32 37 23 29 32 25 18 28 27 30 32 29 19 37 42 31 35 26 33 33 28 27 34 22 32 27 32 27 24 30 31 22 39 42 29                                                    
