0.404761904761905 3501 48 18 40 46 48 57 61 51 50 51 35 39 50 37 59 59 48 40 44 48 41 37 53 42 33 46 32 38 35 41 52 41 41 47 55 45 45 52 35 45 49 29 39 46 56 50 44 43 43 34 32 43 30 48 43 46 47 43 42 41 44 44 47 46 37 45 32 35 37 49 39 37 48 32 31 33 48 58 45 45 38 37 31 43 33 31 45 41 28 47 31 38 44 51 30 37 44 47
35 52 42 40 37 43 43 38 40 42 47 50 46 44 44 49 40 29 47 36 32 37 51 44 30 51 47 37 41 38 35 28 32 25 36 40 46 37 52 31 34 38 35 44 38 38 41 39 29 46 39 38 34 38 30 34 27 56 46 45 35 46 38 34 53 48 37 37 41 41 40 46 34 32 57 43 32 39 46 35 46 38 27 49 28 43 53 29 23 34 40 48 40 36 45 53 31 41 40 40
57 39 23 36 38 33 36 49 47 49 47 41 40 39 38 44 41 36 43 44 47 37 47 50 54 40 43 53 51 38 37 45 38 46 42 41 43 35 36 59 51 35 45 35 43 43 37 41 46 41 45 52 42 39 50 49 32 52 32 47 40 49 40 53 54 42 48 34 49 33 39 41 50 36 42 42 43 52 34 39 44 39 50 48 50 36 41 37 36 37 75 30 41 47 53 40 56 41 25 41
41 48 40 30 32 38 34 33 35 49 45 47 39 49 44 34 62 45 46 60 42 45 39 41 53 39 53 42 40 50 35 35 39 53 37 40 40 30 46 49 48 51 46 47 47 45 49 45 40 51 37 36 39 55 38 36 20 53 46 34 42 39 44 45 35 42 45 49 50 24 43 44 43 33 46 40 54 44 23 41 45 43 38 47 32 37 33 46 36 50 43 32 52 44 44 47 41 41 55 38
18 47 47 44 27 42 40 26 42 50 40 47 44 52 33 36 54 43 47 37 38 34 27 37 38 46 37 32 43 43 33 42 41 46 37 51 23 39 31 40 29 48 27 22 28 39 45 35 38 44 46 49 49 41 36 41 49 31 36 39 34 24 48 55 41 47 29 39 39 55 31 41 40 41 55 44 47 45 44 56 46 48 48 41 56 31 38 45 41 37 46 44 42 35 35 38 36 44 40 39
38 49 41 52 36 36 37 39 50 39 41 42 29 43 33 49 43 44 40 33 44 40 38 40 29 45 42 44 45 26 46 50 52 36 42 40 34 53 45 39 46 41 42 44 45 55 46 47 55 57 49 46 36 40 42 47 34 39 52 45 52 41 44 43 36 39 38 30 37 36 41 45 35 36 48 41 40 34 45 40 43 37 33 34 40 38 41 31 44 39 32 49 43 42 39 38 43 33 37 41
38 41 39 36 38 45 42 44 48 39 40 31 46 34 36 45 32 47 40 39 37 41 36 47 54 44 58 41 42 39 37 38 42 31 30 42 42 46 28 48 30 38 42 37 44 42 48 44 22 44 42 26 35 43 48 53 40 45 44 29 19 36 38 44 34 47 54 42 44 51 38 51 47 42 55 55 42 14 33 36 39 41 40 35 40 30 37 45 37 47 37 35 41 42 50 50 38 46 41 41
57 49 61 43 37 48 37 39 60 39 34 28 46 47 53 36 43 52 44 52 45 48 57 48 54 43 23 44 45 35 41 46 29 44 40 45 48 41 40 37 31 42 44 37 44 35 46 35 40 46 48 46 38 39 47 40 37 29 45 44 43 40 54 42 45 51 33 34 36 50 41 30 44 32 43 39 45 41 59 28 38 44 43 32 41 55 48 29 33 44 44 37 41 34 29 38 26 40 39 32
38 38 31 38 37 37 32 31 51 44 38 35 40 37 47 45 45 35 44 44 44 43 54 38 33 40 56 47 51 35 46 34 43 36 44 30 42 52 40 43 32 20 46 56 52 23 34 65 53 79 10 23 37 142 41 39 40 42 44 44 47 39 34 35 37 40 38 31 35 53 33 47 53 50 26 46 40 46 40 36 43 48 38 21 27 41 47 44 35 42 43 38 34 37 43 51 30 41 34 34
48 34 40 35 37 46 56 16 58 30 42 49 51 47 43 37 27 50 58 50 40 47 45 40 44 52 60 46 37 47 47 42 30 38 41 40 42 38 50 39 35 44 38 37 27 33 40 41 35 37 47 29 37 44 44 33 55 41 43 40 59 37 54 53 42 46 41 47 36 39 55 29 38 32 64 36 48 26 36 31 33 43 31 39 45 42 41 60 46 44 46 36 51 43 36 43 43 44 40 40
57 46 41 49 42 53 40 29 49 40 35 40 31 41 29 47 37 51 45 39 33 44 38 36 45 39 48 49 49 44 29 42 41 48 50 45 53 41 41 55 46 37 29 37 31 57 50 44 38 38 35 39 45 60 44 40 53 19 59 48 29 42 36 35 45 31 36 37 33 46 24 54 48 31 35 43 39 44 48 36 49 53 40 40 44 34 58 37 25 34 32 47 40 48 54 32 39 42 63 56
63 58 45 38 34 45 38 50 52 37 41 39 35 34 51 52 46 36 38 43 48 31 50 35 35 33 34 40 38 46 36 37 40 38 55 33 41 34 35 42 42 50 53 45 40 45 30 41 33 45 49 48 53 45 42 47 42 58 23 34 52 40 35 40 63 44 43 42 53 45 47 41 41 36 27 51 39 44 42 28 44 42 71 106 39 40 40 46 41 41 60 45 43 35 40 33 57 40 50 25
58 39 33 40 47 39 41 34 46 63 44 45 45 44 32 49 44 48 43 57 37 50 37 30 49 37 38 32 46 42 42 44 47 15 40 39 43 34 42 44 22 48 40 39 15 51 42 39 35 47 42 37 50 44 36 36 47 45 42 53 36 33 36 32 42 31 48 49 45 37 32 34 45 39 40 36 11 49 34 35 21 40 44 48 34 42 39 37 38 35 37 47 46 10 34 40 48 31 39 32
46 36 48 43 46 32 54 51 51 48 39 59 58 28 48 44 41 37 63 46 41 34 44 53 40 41 60 41 48 51 36 36 45 16 51 56 38 38 32 32 36 42 29 44 40 44 47 36 22 58 44 34 50 59 37 33 26 52 40 30 35 44 27 43 32 38 42 34 35 48 44 39 35 33 41 33 51 37 44 32 31 29 46 54 40 36 49 54 36 50 37 44 34 33 44 31 42 32 43 27
32 58 49 34 45 43 39 45 39 32 47 41 46 35 23 43 42 43 40 41 46 37 44 32 38 43 45 34 40 44 36 32 37 29 37 34 40 38 31 38 52 46 57 30 48 46 43 59 46 40 31 37 45 38 42 40 37 38 47 47 50 34 37 31 48 38 41 29 39 40 29 36 40 46 55 44 13 23 30 50 43 37 44 45 36 47 41 29 50 31 42 43 38 40 23 44 45 50 32 36
38 37 48 32 42 38 44 41 44 44 62 49 47 40 46 39 47 33 53 37 45 32 48 32 53 38 16 25 39 41 30 47 46 34 36 38 28 35 35 43 39 38 34 46 49 34 42 35 28 47 34 49 52 28 33 42 19 19 47 38 58 38 34 32 51 39 57 49 55 34 49 40 30 40 59 49 31 35 32 42 33 45 37 40 37 43 43 29 39 33 41 36 36 54 43 38 26 44 64 43
31 46 37 46 43 46 59 36 43 45 31 35 44 41 39 35 48 59 42 32 31 34 43 57 42 42 39 40 38 38 38 39 34 34 40 60 42 46 48 31 39 50 37 34 33 34 33 61 63 25 40 40 51 36 49 40 45 32 42 37 44 37 27 43 43 26 42 46 37 29 42 48 39 39 42 39 50 29 38 39 41 40 35 59 35 40 33 45 41 44 42 40 26 51 43 40 42 44 47 34
45 48 52 44 38 48 48 37 78 82 33 38 38 37 16 47 43 42 52 43 41 37 39 36 33 57 39 29 29 33 34 35 43 31 42 41 33 30 39 39 43 42 44 40 24 36 50 42 45 49 55 54 37 55 46 33 93 27 41 53 39 45 48 45 34 44 48 51 39 43 46 50 47 29 36 27 41 41 44 23 58 45 39 44 36 30 43 41 33 28 33 44 39 47 62 39 42 43 46 48
39 30 32 41 55 40 45 36 38 51 38 19 48 31 65 49 46 36 34 28 37 37 60 50 35 30 34 27 31 39 46 34 48 43 33 26 41 57 45 39 40 42 43 34 41 53 50 54 60 41 48 53 40 45 47 40 41 36 42 42 47 45 40 39 31 59 33 31 37 25 41 31 40 30 41 37 37 35 40 36 43 42 36 24 35 42 43 33 43 35 35 33 33 23 41 48 38 48 39 46
57 39 32 47 51 35 37 43 45 30 41 36 42 34 36 37 35 52 34 43 50 33 49 57 42 39 46 56 40 22 31 45 37 48 45 40 45 49 48 41 42 57 35 35 47 41 52 35 48 51 39 39 53 38 49 57 49 43 43 44 54 23 43 37 43 32 46 32 39 37 27 45 48 33 49 40 41 47 44 36 41 41 43 39 43 43 38 49 35 29 49 49 47 38 39 39 44 41 44 35
47 37 42 44 50 29 36 16 43 50 35 48 36 46 20 43 50 17 38 33 44 38 49 46 38 42 45 25 38 49 39 37 39 43 33 35 43 23 50 37 53 44 40 38 28 57 40 37 49 47 55 34 46 55 46 32 37 41 27 39 47 33 41 42 31 30 48 36 45 26 37 33 23 39 40 35 35 46 44 41 42 46 39 32 33 53 42 46 30 36 39 42 40 38 25 35 48 65 27 46
34 47 43 43 44 31 54 57 39 45 36 50 42 36 33 27 37 42 55 36 45 32 30 36 23 49 42 51 43 31 40 32 35 52 46 40 47 48 48 47 28 55 48 38 41 37 38 38 37 35 38 27 36 31 32 42 47 44 29 46 29 46 49 47 27 51 33 37 39 36 36 52 36 52 50 23 29 52 45 43 42 52 33 43 39 39 51 54 53 48 43 60 48 36 38 38 31 56 46 43
39 51 28 36 36 33 34 44 38 42 35 44 33 29 39 38 38 28 34 37 28 39 36 47 45 35 50 38 51 42 38 50 45 42 38 34 49 34 47 38 37 42 39 35 35 45 36 59 31 34 48 25 44 34 50 43 40 22 53 47 45 42 38 29 42 48 42 45 39 37 43 39 41 47 36 32 36 47 46 32 44 26 42 40 37 39 28 33 31 39 37 45 45 24 31 52 38 48 39 47
34 27 44 36 46 48 45 40 33 53 59 49 44 36 46 52 34 37 47 44 45 33 44 38 42 37 43 48 43 40 20 47 43 52 37 39 43 37 38 40 51 46 54 46 29 45 39 47 42 51 45 42 35 35 36 48 34 36 40 41 33 52 34 30 45 37 35 38 42 41 49 27 39 44 42 38 50 32 50 35 36 45 31 31 41 36 37 40 39 43 44 45 36 39 40 43 31 40 46 42
42 30 44 32 48 41 43 28 46 48 40 48 54 45 57 46 40 56 36 46 49 28 33 58 35 39 45 43 39 56 40 52 43 30 33 51 45 39 41 39 35 43 36 37 41 39 50 44 51 49 29 43 37 35 34 45 33 32 32 44 39 36 45 31 40 46 31 42 45 42 42 41 41 40 32 39 42 35 35 49 36 51 39 40 43 35 50 49 45 39 48 49 44 27 30 41 39 53 63 49
42 51 30 29 14 48 49 42 44 29 52 35 54 56 40 46 39 55 49 40 47 39 39 42 46 30 41 43 35 39 42 50 43 33 53 52 48 56 37 32 38 24 47 36 43 37 41 37 33 41 37 43 40 39 35 35 38 47 41 38 30 43 39 38 33 26 44 40 48 39 28 54 39 48 41 46 44 48 45 47 35 45 50 53 48 33 42 39 54 47 44 16 52 46 37 37 29 50 34 44
32 47 41 55 57 43 49 35 42 37 42 43 46 43 38 42 40 26 38 26 49 36 35 40 45 48 39 28 47 40 37 43 47 49 49 45 42 44 46 44 34 41 48 56 36 45 54 31 50 37 33 35 27 25 41 39 40 39 55 44 31 35 37 46 43 45 41 40 31 38 42 45 39 40 46 39 47 36 38 45 55 37 45 43 48 35 33 48 46 43 31 30 45 62 40 45 36 43 50 54
42 38 52 44 45 37 39 38 49 49 34 44 38 27 47 26 30 48 35 47 43 43 44 48 32 38 27 49 37 46 46 27 39 29 43 58 46 45 44 31 41 36 51 47 36 37 39 51 41 38 36 41 31 44 41 21 45 40 43 38 43 50 46 62 38 42 49 44 39 27 41 46 43 42 31 50 41 33 35 36 28 27 34 42 42 47 42 37 51 44 41 46 39 44 50 40 36 36 46 28
37 39 47 38 44 44 44 38 36 50 34 45 41 35 36 37 39 35 28 52 34 33 31 42 28 41 52 40 39 46 51 42 46 37 32 43 45 38 40 37 23 42 49 42 39 41 45 23 43 41 40 37 23 39 38 38 45 53 43 43 51 38 27 36 43 48 38 32 29 54 36 43 26 46 38 41 52 36 43 36 47 38 29 41 38 32 39 55 30 30 33 35 40 50 11 33 37 42 18 50
51 41 42 44 44 43 46 41 39 30 44 45 36 45 38 46 52 53 49 42 44 32 29 42 55 35 41 41 44 59 38 46 36 31 37 36 33 58 42 34 30 34 38 42 41 40 43 32 44 42 44 45 34 49 32 43 42 44 40 43 24 29 43 47 57 40 31 38 45 30 27 49 31 54 50 34 45 39 35 48 46 39 43 42 40 44 34 33 46 28 44 36 31 44 46 37 41 36 30 37
34 47 30 32 51 44 32 25 38 44 35 39 38 35 44 47 34 50 34 52 48 46 42 31 43 36 46 40 45 30 54 40 38 35 32 51 36 39 35 41 36 41 46 40 43 50 44 42 33 39 33 39 41 38 43 46 44 36 48 47 37 31 38 51 48 41 36 31 53 66 35 32 52 46 36 51 47 36 35 38 45 32 46 39 36 43 33 51 33 34 41 57 40 48 52 45 46 56 47 27
40 37 34 42 34 40 38 38 46 34 43 32 38 45 48 42 41 44 38 43 38 53 48 40 42 41 30 32 40 48 33 31 41 37 42 36 40 39 33 40 38 50 46 50 34 28 40 22 35 42 41 42 37 46 33 40 41 33 39 41 43 33 53 48 31 49 27 32 42 25 38 59 44 29 51 39 44 36 40 27 36 40 40 44 42 44 45 24 53 47 52 36 33 33 52 35 39 44 44 37
43 32 52 48 31 37 52 50 43 51 38 47 34 49 49 42 29 36 49 52 42 27 62 34 39 30 48 34 44 52 41 47 46 36 48 39 36 39 48 53 39 43 46 36 12 45 21 49 35 44 35 29 48 46 38 30 50 38 44 42 29 50 41 30 45 27 48 42 44 37 52 50 50 42 44 37 37 25 45 38 34 46 31 42 46 40 44 32 59 38 39 31 46 40 37 40 34 47 38 26
46 36 45 39 49 44 34 42 38 36 32 34 43 44 39 40 43 45 39 40 59 37 37 40 28 29 49 47 48 34 51 26 49 37 33 58 37 46 49 39 46 46 43 38 45 38 41 40 42 36 39 48 35 40 33 29 37 41 41 51 38 46 32 37 41 42 27 23 43 48 39 37 50 34 32 40 39 45 36 39 54 32 32 36 37 42 31 49 46 41 37 39 44 36 35 39 35 24 27 40
41 20 42 53 38 30 37 47 49 44 36 41 37 27 47 28 28 37 46 30 37 42 37 43 34 37 56 51 37 33 31 36 57 40 33 31 29 50 50 46 42 59 42 37 38 32 48 54 49 34 36 53 48 46 32 43 40 31 32 40 37 34 32 36 46 47 42 31 46 50 33 31 33 40 52 25 32 45 31 32 26 35 39 32 40 46 36 55 37 43 48 47 36 36 35 51 57 44 35 42
42 38 58                                                                                                 
