0.466666666666667 3453 48 40 43 47 34 43 39 36 29 38 38 58 38 56 46 56 47 34 50 45 40 43 35 47 39 31 43 40 58 25 41 36 32 33 44 38 48 52 60 50 44 43 48 42 42 36 53 53 41 50 43 42 52 46 50 36 50 32 41 36 46 33 41 49 46 44 47 34 39 40 44 35 40 31 33 48 36 35 39 46 35 42 43 35 36 48 35 33 40 34 41 41 38 45 32 43 39 35
47 42 38 38 42 42 40 39 34 47 33 47 31 42 20 31 42 31 43 31 29 38 39 30 34 45 50 42 33 29 44 39 34 50 43 26 30 47 54 44 44 53 42 46 42 40 44 53 34 35 33 39 51 39 43 45 39 43 37 37 34 44 50 31 35 47 49 31 34 36 29 33 36 47 37 34 22 23 46 29 42 35 40 45 37 42 26 41 41 44 43 46 42 42 43 52 38 37 28 41
25 37 40 30 37 41 48 47 35 50 46 33 41 38 46 53 40 41 39 42 37 53 37 45 52 33 40 34 38 43 32 36 45 36 40 35 41 50 46 41 47 40 51 43 45 38 44 38 44 42 39 42 36 34 34 41 57 40 38 48 34 58 35 41 38 43 31 49 40 44 63 51 38 42 31 39 40 43 44 28 26 39 38 48 41 53 102 26 17 42 14 40 39 43 45 45 34 44 44 39
45 41 31 52 28 42 50 48 30 41 47 47 56 37 32 53 41 60 45 44 31 47 34 32 26 31 41 39 33 24 30 42 39 55 53 44 48 37 46 40 43 48 41 37 30 44 53 39 33 47 37 28 37 41 40 31 41 44 50 28 48 47 26 45 44 47 48 39 52 46 42 44 57 39 44 37 42 44 44 40 56 28 42 36 31 52 32 36 39 40 48 30 51 54 45 44 44 49 51 51
37 52 38 47 43 41 44 29 33 28 37 33 40 27 30 45 32 53 39 35 45 43 32 34 47 30 37 35 36 46 38 37 33 29 44 37 38 35 31 45 56 35 35 45 31 25 39 37 39 33 42 40 64 53 54 56 37 62 44 7 28 40 50 49 34 34 44 17 38 36 37 47 46 36 42 38 37 34 45 44 44 46 25 38 38 37 31 46 39 32 32 36 48 27 31 59 33 43 34 35
31 40 52 44 33 50 47 47 34 49 42 45 46 38 43 45 44 42 27 34 50 42 44 45 53 43 37 52 44 51 56 20 43 39 37 41 39 33 48 36 44 45 34 24 26 47 39 33 49 55 45 40 38 39 33 28 33 25 33 37 51 44 39 54 37 47 51 36 54 46 39 38 40 39 33 35 31 44 35 33 39 44 40 47 45 32 53 36 36 39 36 47 48 44 42 30 38 47 21 26
38 40 42 32 36 40 41 36 49 40 49 41 37 45 37 39 41 45 43 45 42 47 43 51 42 31 38 49 38 35 41 45 32 50 33 53 34 47 40 47 41 39 42 41 33 52 42 35 34 44 33 43 48 40 38 41 48 34 34 36 30 42 39 51 36 34 42 48 31 36 37 37 26 40 42 45 52 58 40 43 44 43 46 47 27 44 31 42 34 39 36 31 44 43 34 39 28 28 39 32
34 28 48 38 52 42 24 35 37 39 38 37 39 39 35 28 28 34 31 45 15 35 39 26 37 25 29 34 36 33 37 35 30 29 36 36 42 45 47 46 44 32 30 37 27 40 26 38 39 22 49 40 30 37 36 45 30 33 39 35 47 26 33 29 32 29 34 22 32 36 27 41 47 37 41 47 40 36 40 32 43 41 44 42 31 53 43 39 33 47 38 77 36 50 35 44 50 37 37 47
33 40 38 33 39 41 42 43 32 36 37 26 40 42 36 41 54 41 37 31 40 41 34 33 39 38 20 34 44 39 47 37 35 45 35 27 36 29 40 34 43 30 44 44 28 41 36 39 49 44 41 36 42 43 60 37 34 51 39 41 52 32 39 30 37 46 51 34 42 30 50 47 35 39 47 42 30 39 43 39 27 31 26 39 38 35 38 27 29 39 27 33 33 31 46 40 47 35 38 51
55 23 44 32 37 37 42 26 37 116 44 35 29 25 50 47 41 39 31 41 47 52 49 58 44 50 45 49 33 39 42 40 53 37 36 36 57 40 30 40 35 55 38 35 47 42 38 39 28 36 57 48 44 35 48 45 55 38 47 43 46 45 40 61 40 47 41 42 33 37 47 37 44 50 43 42 40 49 47 24 39 47 35 43 35 41 40 22 42 50 31 35 47 31 42 44 49 34 49 51
23 37 40 38 46 50 44 25 42 33 37 45 36 34 52 43 45 44 37 52 37 43 43 49 51 40 27 48 40 51 46 53 45 49 28 41 36 33 37 27 47 36 22 40 42 12 21 51 34 36 35 48 44 47 48 38 20 43 39 38 35 41 34 38 27 31 43 37 27 37 44 51 46 42 37 39 54 41 47 41 46 39 22 60 19 37 41 42 35 54 46 55 31 29 48 40 50 53 28 41
45 37 43 55 44 49 39 38 39 36 49 41 47 52 32 37 27 49 42 40 38 35 38 40 46 40 47 38 52 40 35 43 45 44 36 43 37 50 49 42 45 55 41 47 42 47 16 33 43 54 51 40 38 40 54 40 39 43 44 50 35 42 39 32 33 35 27 41 33 42 41 50 49 39 38 43 30 47 33 12 43 30 41 40 48 42 46 50 52 31 50 45 33 28 40 38 35 38 26 38
26 38 34 42 38 50 36 51 44 35 36 41 47 50 47 43 43 41 34 46 34 30 46 48 38 38 37 50 42 51 44 30 34 51 42 33 46 43 47 35 50 34 44 61 36 41 35 39 43 50 37 42 48 33 52 22 44 40 49 37 44 41 39 42 36 34 40 42 32 48 31 46 43 36 43 35 60 49 23 44 40 36 34 46 38 43 45 43 36 43 39 49 46 40 46 35 40 39 43 30
40 42 40 36 44 55 36 32 37 54 36 34 49 46 37 39 44 30 41 39 44 52 37 52 41 30 43 25 17 44 43 40 39 39 49 41 30 39 38 32 45 46 50 54 33 45 33 42 46 39 41 35 30 32 44 34 40 46 34 36 41 29 34 52 46 46 36 42 39 37 49 50 49 44 36 29 57 42 42 33 37 47 37 39 46 32 42 33 39 38 44 35 24 48 33 56 43 19 40 44
27 38 53 39 37 46 48 40 54 49 58 22 46 19 34 32 31 31 23 36 43 28 34 35 45 41 43 40 41 32 38 39 45 40 35 35 46 39 49 56 42 47 38 31 25 45 32 42 48 44 41 31 38 40 40 42 32 32 33 39 37 29 41 43 36 35 41 31 25 33 36 46 47 55 47 32 30 47 37 50 30 38 43 42 37 40 36 39 55 41 39 42 41 35 44 29 29 30 33 34
30 38 33 32 28 36 24 48 22 34 46 30 33 43 35 33 44 50 38 47 37 40 24 40 32 43 29 13 25 34 35 26 32 40 41 35 39 50 50 44 32 45 36 38 42 41 50 48 44 48 42 46 25 37 39 51 45 42 25 34 49 37 49 41 42 37 50 43 38 43 44 48 36 54 36 46 34 33 49 44 36 40 48 42 44 54 39 35 37 28 38 38 54 38 36 55 41 54 43 40
38 38 40 47 31 33 33 51 35 55 36 44 43 32 29 35 42 43 38 40 39 39 52 45 46 48 41 25 68 35 24 48 39 45 40 36 32 40 46 52 35 33 37 30 44 36 35 29 33 33 43 36 44 47 54 33 47 42 44 34 50 34 57 46 44 8 33 53 47 47 43 50 48 38 51 37 30 46 32 44 51 34 49 46 50 41 33 31 37 40 40 42 29 41 37 55 52 34 41 32
42 41 38 38 34 39 40 48 37 45 29 44 29 37 38 46 55 33 29 29 42 64 38 28 38 27 31 46 41 35 33 37 41 40 41 49 34 49 34 39 40 29 37 41 47 44 35 39 46 38 32 39 35 46 29 61 41 36 46 37 34 42 40 46 38 36 41 54 61 52 42 29 36 44 36 31 30 37 42 40 34 30 39 39 31 36 33 46 38 42 34 31 27 41 31 40 38 43 42 41
32 25 55 33 32 35 46 40 34 22 37 46 44 32 41 42 29 42 33 45 46 47 34 34 41 47 39 38 30 29 40 43 27 43 53 55 41 36 52 39 44 49 54 57 14 26 39 44 45 28 44 60 42 43 58 48 30 35 41 41 27 38 38 33 40 43 43 38 40 41 27 34 17 48 37 40 30 32 46 35 41 44 30 40 35 41 37 42 41 41 34 24 45 46 34 34 32 33 37 37
38 42 41 47 42 39 35 47 35 47 57 52 44 42 37 32 43 36 41 53 39 40 23 51 40 39 43 35 28 43 52 43 41 43 43 31 39 29 35 51 33 45 41 37 35 33 25 44 25 32 37 32 31 52 44 42 44 27 40 53 40 42 29 54 41 30 44 48 47 42 40 44 49 47 30 20 41 36 33 33 37 41 30 32 31 43 34 33 22 29 42 29 39 37 36 28 38 32 41 33
28 45 45 55 33 48 40 62 45 48 46 37 29 47 38 34 48 38 38 26 42 38 51 47 41 31 40 47 31 32 30 33 47 49 40 44 40 26 49 43 49 50 28 41 39 31 37 34 41 31 33 25 44 42 51 24 44 40 38 28 28 26 33 31 31 42 31 51 30 27 33 40 35 30 21 35 29 39 37 38 34 28 30 42 40 37 40 43 46 46 35 44 36 42 36 34 31 43 33 43
35 32 42 33 36 40 31 42 48 43 27 33 48 44 38 36 33 49 38 45 36 28 35 30 38 35 43 42 52 36 45 31 39 31 33 38 25 45 43 45 41 37 48 41 52 48 33 41 35 39 42 31 43 33 37 36 43 34 39 43 43 34 39 45 55 27 57 34 44 33 21 43 47 39 39 33 36 15 32 44 40 48 35 46 26 36 54 54 47 41 47 46 46 37 49 47 45 43 45 25
45 32 34 35 35 35 32 36 30 37 43 25 38 29 31 42 25 37 44 29 29 39 42 53 33 46 29 29 33 28 37 22 32 34 37 44 38 26 23 37 26 41 37 56 35 34 29 44 28 54 42 22 47 43 33 33 41 48 33 40 46 52 44 42 46 51 50 38 44 27 39 34 33 49 45 40 39 36 46 54 55 35 43 42 47 38 37 27 37 42 41 36 36 40 46 35 33 36 40 32
36 39 52 32 23 41 33 43 42 48 45 35 31 42 31 32 30 38 35 27 28 34 41 31 43 43 38 48 30 41 35 31 39 36 37 26 34 38 44 43 28 38 37 42 41 52 32 32 33 40 35 37 43 42 46 46 49 47 50 40 48 47 35 25 35 31 39 49 36 44 23 35 40 35 30 33 38 36 40 25 45 41 36 10 39 45 37 33 41 36 35 48 50 35 36 28 49 30 27 40
35 45 32 45 47 49 40 45 58 46 47 56 39 42 39 26 38 36 34 54 43 43 59 35 39 44 50 33 23 32 61 41 42 37 47 37 50 41 33 28 34 44 57 44 44 51 42 37 27 51 53 41 47 43 40 42 47 38 29 37 35 30 38 42 42 35 46 51 29 41 32 33 35 47 41 39 48 31 36 33 35 35 42 39 33 47 36 24 38 43 33 40 45 29 34 40 40 47 45 31
50 38 32 40 29 47 44 36 48 38 45 30 32 35 42 46 32 33 34 34 53 42 39 39 41 38 41 33 43 37 36 40 38 37 41 26 34 32 43 36 42 40 47 37 37 50 38 34 29 43 34 30 33 33 54 35 49 37 36 30 39 26 36 38 28 30 48 37 42 48 36 35 41 44 40 39 34 36 44 32 54 44 39 41 31 27 30 40 37 57 31 43 33 49 47 37 45 47 40 41
34 36 36 31 31 46 39 39 47 36 37 46 41 55 46 48 45 42 28 38 38 45 30 43 42 27 35 32 44 51 60 33 42 35 46 49 53 39 42 42 39 40 46 27 39 44 39 50 47 42 46 47 41 47 45 40 51 39 56 43 42 37 48 51 40 32 35 42 32 38 35 44 38 34 51 34 36 48 37 42 43 20 26 23 8 45 44 40 46 54 34 53 45 38 35 33 29 29 49 48
36 46 38 47 33 32 48 35 26 31 51 32 45 39 43 38 40 39 40 29 53 48 34 41 40 45 39 57 34 47 36 35 33 45 40 52 46 39 47 29 32 30 28 40 41 38 43 38 43 48 38 37 37 59 45 39 34 44 43 37 39 44 30 38 42 43 35 32 48 41 49 37 42 41 29 38 51 35 55 41 52 44 45 45 45 34 38 32 46 41 39 23 47 37 28 46 39 50 36 38
38 28 42 46 50 49 45 49 33 40 34 39 24 42 49 36 44 45 45 40 45 40 42 33 39 42 47 45 49 37 43 34 41 39 54 31 43 37 43 31 33 29 38 31 43 43 38 37 42 48 44 33 56 27 35 46 41 30 36 52 42 39 34 29 38 33 26 37 45 33 25 26 38 40 37 50 38 56 40 44 24 43 49 36 36 46 29 36 38 45 38 38 30 29 31 46 28 41 34 43
40 47 40 24 41 35 35 35 34 29 34 38 36 34 47 31 29 35 39 38 32 40 45 29 45 42 33 30 35 38 41 42 50 39 34 48 40 41 36 37 43 33 35 27 38 37 28 42 41 29 49 36 42 47 41 29 28 29 26 34 42 33 47 32 24 40 36 39 40 28 44 32 41 25 29 37 48 38 47 23 47 42 33 35 35 35 32 39 35 47 42 27 32 40 29 30 40 38 35 31
47 45 38 12 42 47 55 48 42 44 37 28 34 37 27 38 36 29 46 34 27 32 36 44 39 56 29 35 40 41 48 46 44 28 35 48 15 38 42 41 31 30 33 34 30 41 35 39 38 33 29 37 42 36 37 31 48 47 28 41 36 25 34 46 41 34 37 32 41 45 60 46 34 34 19 32 38 41 46 31 35 50 33 48 29 31 32 47 40 35 41 37 35 31 44 35 34 44 46 38
41 54 42 37 24 41 43 33 34 40 41 35 41 31 26 39 29 46 33 50 39 45 39 42 41 32 33 47 50 35 33 53 35 46 34 41 43 44 22 47 53 43 42 30 51 41 48 42 52 53 43 48 43 18 36 32 25 38 38 37 36 24 35 30 31 43 37 45 32 35 34 47 50 52 28 50 44 53 33 33 37 35 30 40 32 34 42 41 31 32 26 29 39 52 36 37 40 26 40 37
33 27 41 32 31 32 33 45 41 36 51 34 42 34 32 25 43 32 23 26 36 32 38 49 34 32 27 46 48 51 44 48 41 38 49 47 29 34 48 32 38 32 36 44 29 32 38 37 43 41 44 53 38 37 32 43 24 41 33 39 31 26 44 27 32 38 42 42 32 59 56 46 35 41 21 50 44 31 28 30 43 36 43 23 34 41 28 28 40 21 30 30 33 39 40 45 37 34 31 57
40 28 31 25 36 25 32 36 23 33 29 27 34 30 33 23 33 15 19 38 36 29 36 41 33 35 31 26 38 42 39 42 33 41 30 35 38 40 38 38 29 36 46 49 35 27 39 34 44 17 26 33 40 33 38 30 36 45 49 39 42 32 50 59 39 40 44 26 39 31 29 35 48 41 36 42 34 40 30 33 37 29 32 42 29 37 23 29 31 34 30 34 40 39 38 34 44 36 33 30
26 37 36 31 61 56 31 30 38 47 23 41 36 34 32 39 34 37 27 24 48 38 34 45 32 27 28 32 34 30 43 23 29 34 27 41 46 38 39 32 37 35 31 29 34 40 34 50 44 27 35 34 39 35 38                                             
