0.428571428571429 2246 9 12 14 10 15 13 13 9 16 16 12 14 14 12 4 14 14 14 13 14 16 11 8 18 17 17 15 15 10 12 32 13 17 14 18 22 19 12 24 11 17 21 14 20 13 22 13 18 19 15 16 18 15 16 18 14 20 20 11 16 15 15 18 16 11 16 14 8 16 20 21 19 23 16 14 15 14 16 14 13 13 15 16 27 17 15 13 12 16 19 8 17 11 15 8 15 16 10
13 19 23 23 13 10 14 10 16 18 19 17 18 23 25 12 14 22 12 20 24 13 20 13 20 13 18 19 17 15 17 12 15 22 11 14 15 28 18 13 16 18 16 24 19 17 19 17 15 19 18 15 17 15 9 11 17 17 23 16 20 18 14 23 18 16 20 16 18 16 21 19 29 15 14 10 16 17 18 15 11 23 18 18 10 12 23 17 19 23 11 13 11 16 15 16 30 12 23 18
20 31 21 18 21 30 20 13 18 19 14 20 21 16 22 13 20 12 14 14 28 13 15 18 19 11 16 12 11 19 26 13 6 18 18 20 18 17 16 11 17 17 18 20 20 20 19 16 14 19 12 13 12 18 14 17 17 24 19 22 14 19 14 17 17 14 21 18 15 13 14 17 16 9 18 15 15 24 21 15 15 21 19 23 13 21 16 18 21 22 22 8 29 23 16 11 20 24 17 22
18 19 15 24 8 12 12 15 17 15 15 22 17 22 14 21 23 13 22 20 16 21 19 14 13 18 18 13 20 16 17 16 29 29 15 20 16 14 18 12 12 14 15 13 19 17 28 16 17 16 14 15 20 12 16 10 13 13 20 15 18 19 18 16 11 19 14 19 25 15 15 19 17 13 9 18 19 18 21 16 18 10 12 24 18 15 27 21 18 17 13 11 21 16 17 14 16 22 17 10
17 17 17 17 24 21 19 18 20 10 17 11 15 16 21 13 22 17 12 30 12 20 16 20 26 18 20 15 14 15 15 18 22 19 20 15 16 23 21 19 21 20 17 23 12 15 14 11 14 12 17 21 15 21 20 14 16 25 17 17 17 18 25 13 12 19 22 17 16 14 16 17 17 26 16 18 14 20 24 20 18 20 19 22 18 20 16 19 24 22 22 20 16 16 17 21 17 14 24 16
12 20 16 17 19 23 21 24 21 20 25 18 21 21 18 21 16 27 21 21 22 14 20 13 19 12 18 21 15 13 23 14 17 19 17 11 6 11 46 16 25 16 19 9 15 8 14 11 14 15 29 16 12 20 16 17 15 17 24 20 20 15 21 24 19 19 17 20 13 19 14 17 12 19 18 20 24 12 19 20 15 15 9 15 14 16 21 24 22 21 17 17 21 24 21 27 20 13 14 16
17 16 12 11 11 16 13 15 20 19 18 13 17 21 15 13 13 11 17 18 12 19 13 14 13 13 10 12 19 13 17 21 13 28 25 20 22 19 12 14 19 18 8 16 24 21 14 9 19 21 12 9 15 21 13 16 15 8 10 23 17 13 25 14 17 11 15 15 20 18 13 15 11 21 15 12 29 22 16 15 17 18 16 14 12 32 22 20 17 30 16 15 18 20 19 19 19 24 20 21
24 14 23 15 15 14 18 16 16 14 20 12 11 11 26 16 14 24 24 12 18 9 18 19 16 13 14 10 11 16 22 13 19 9 17 17 17 13 16 13 10 11 13 11 20 11 16 14 15 9 12 11 19 17 23 21 19 18 12 14 15 17 14 14 17 20 29 19 15 16 21 18 23 21 20 22 25 26 11 29 20 15 16 10 14 24 13 24 17 20 13 20 31 19 23 19 22 19 9 11
25 15 19 22 22 15 22 16 14 19 23 17 25 15 15 17 14 20 12 10 10 9 11 13 22 15 19 27 19 17 21 17 19 19 21 16 17 11 14 19 13 14 9 16 13 12 16 10 12 9 17 16 18 24 15 16 18 9 15 18 16 14 27 13 22 19 15 20 15 20 15 8 14 15 23 15 12 16 13 20 20 16 11 19 15 23 14 17 12 15 17 17 13 17 11 15 22 14 14 18
16 19 27 17 22 17 19 17 13 19 21 15 20 19 20 11 13 17 8 13 14 16 17 22 21 14 20 23 14 12 20 12 11 16 17 16 28 24 15 16 21 19 12 17 18 15 13 19 16 14 14 19 18 20 14 19 21 13 21 17 14 17 15 13 13 24 21 15 15 17 26 16 15 22 18 15 15 13 14 14 10 25 16 13 19 20 22 21 8 15 14 16 17 19 12 9 19 18 22 20
15 19 21 22 13 17 22 11 17 20 17 20 18 22 17 15 15 15 17 15 10 19 22 15 17 15 11 16 10 7 15 11 13 18 17 26 14 15 10 12 20 15 22 19 11 21 11 13 22 18 21 20 18 12 8 20 16 16 18 10 14 13 15 18 15 19 17 18 17 18 20 14 18 19 17 85 49 39 20 21 16 15 22 18 10 14 21 16 27 19 22 20 21 13 21 21 18 22 23 22
15 16 13 6 13 19 19 27 22 22 24 21 18 15 16 12 17 19 14 12 7 16 14 14 15 16 12 15 25 25 12 13 17 11 13 16 23 13 25 25 15 23 20 19 16 14 26 13 18 18 19 13 16 13 22 19 20 17 25 17 15 19 22 19 15 14 17 19 10 17 12 20 12 20 17 16 21 23 19 18 14 22 12 18 22 26 26 20 26 24 24 15 31 24 14 23 17 23 21 24
18 13 17 16 17 15 16 22 21 14 10 19 14 9 27 20 25 15 19 19 17 12 15 15 21 24 18 17 17 21 18 13 17 10 17 15 20 17 24 16 28 22 21 19 17 17 17 20 12 28 10 7 17 14 14 21 16 14 12 11 26 15 12 22 21 20 13 21 18 14 17 14 23 13 12 25 18 16 17 26 11 13 12 14 22 25 18 16 21 20 26 13 16 19 22 11 9 13 15 19
18 21 19 13 20 18 19 18 16 18 19 28 14 13 16 21 28 20 15 22 22 23 20 20 19 19 14 15 20 20 14 12 10 21 18 21 15 22 14 14 19 17 28 19 16 21 12 24 18 20 24 21 27 15 22 18 17 16 14 19 19 8 20 20 21 21 19 20 20 12 14 13 18 20 18 18 12 13 17 16 16 14 13 15 17 17 20 19 23 17 16 19 17 20 17 15 15 14 17 18
28 18 18 29 16 14 23 28 22 14 18 17 23 19 21 19 18 16 14 11 15 16 18 19 12 18 16 16 10 16 14 16 20 21 23 15 17 18 13 14 30 21 21 15 17 22 10 18 9 9 14 14 14 16 17 18 14 14 23 17 17 18 17 17 14 23 22 23 15 14 18 12 23 20 13 19 16 18 22 21 17 23 19 20 19 17 13 13 14 16 11 14 18 16 25 21 16 17 18 17
20 28 11 24 19 15 15 22 19 21 18 19 19 17 11 23 22 16 21 22 17 22 16 16 24 27 25 29 20 16 15 25 20 19 19 13 13 22 16 11 21 26 14 21 23 18 21 15 12 16 21 24 19 11 16 16 17 18 16 14 15 17 18 21 20 10 21 17 11 19 23 21 14 20 18 24 21 22 18 34 17 13 15 20 13 18 21 19 27 17 22 12 19 22 23 25 22 27 17 17
16 17 23 16 18 14 27 23 21 29 11 19 15 19 11 14 17 19 17 20 12 18 17 16 18 20 12 12 14 11 21 20 11 14 14 17 19 18 15 18 11 14 19 15 24 20 21 23 14 21 18 30 23 15 16 26 12 20 12 14 12 21 12 14 21 19 18 17 27 16 20 12 14 22 13 14 14 17 17 18 15 21 18 13 20 17 17 13 24 15 18 18 27 16 17 18 22 17 22 18
22 23 20 29 20 20 19 26 19 23 24 17 18 20 13 18 15 18 15 13 20 16 28 20 18 19 17 16 19 16 16 22 22 23 14 23 13 26 16 20 15 20 20 14 26 19 16 18 19 16 21 20 19 14 11 19 18 14 20 17 19 17 12 12 18 20 13 15 16 19 14 27 22 11 13 19 28 12 19 19 30 19 13 15 16 14 9 16 12 26 15 25 11 18 29 22 23 28 13 14
22 10 6 11 23 16 18 15 15 22 12 16 15 19 17 9 15 16 17 28 20 19 14 16 16 19 13 14 18 14 23 17 8 11 21 16 16 21 14 16 23 15 19 17 15 21 19 13 18 28 19 14 29 18 13 22 14 20 12 14 15 18 16 16 9 7 17 14 16 17 21 22 11 21 16 12 16 16 18 9 21 22 16 21 21 13 21 18 22 14 17 13 12 17 17 14 15 14 18 17
14 17 23 14 17 16 10 17 11 10 10 16 13 11 20 17 12 22 18 22 16 12 14 27 13 15 14 18 12 17 17 14 22 14 19 12 19 16 23 15 15 20 16 20 20 15 17 13 24 13 12 20 18 12 11 17 16 14 17 16 19 15 21 14 19 19 20 17 25 18 23 15 14 20 15 14 15 17 18 20 16 19 15 14 11 13 17 15 15 17 18 20 18 9 15 16 13 24 14 11
18 28 17 11 20 24 14 21 25 14 14 19 17 24 15 13 11 14 15 20 11 15 20 25 22 14 15 20 23 20 17 26 20 15 17 13 18 19 15 14 7 19 15 12 13 17 15 10 14 14 22 15 14 13 7 20 20 19 19 13 14 16 22 15 12 16 16 14 12 18 18 17 13 20 21 20 14 20 20 11 10 11 17 14 19 23 14 12 9 15 17 11 16 15 19 22 15 21 14 15
18 20 16 24 17 19 18 7 16 17 21 14 19 23 15 19 16 19 20 19 14 11 17 13 11 13 11 10 20 12 14 21 18 17 21 13 8 11 10 17 16 11 7 5 9 5 5 10 8 9 14 7 5 12 11 6 10 10 11 10 9 6 9 9 7 7 9 6 16 7 9 12 11 17 5 9 14 7 12 5 9 14 11 11 8 16 9 9 9 12 6 7 10 6 5 13 8 7 8 12
9 8 7 9 10 11 12 7 9 7 10 11 8 6 10 9 8 10 12 14 9 5 11 8 6 10 10 10 8 11 10 8 10 11 13 11 6 7 15 9 11 10 6 5 7 8 6 8                                                    
