0.5 2949 18 28 18 13 25 20 15 20 17 22 16 13 16 10 16 25 17 23 19 13 14 17 14 21 19 20 18 25 17 20 17 15 13 26 31 12 15 19 14 32 14 15 16 24 17 25 20 14 14 12 11 19 11 20 14 10 10 15 16 9 22 12 14 15 12 11 10 14 17 9 21 10 23 15 16 13 17 16 17 25 7 17 13 16 25 11 20 13 14 18 18 14 18 12 12 10 25 16
30 23 20 17 58 16 13 11 17 18 22 19 13 16 21 14 14 19 18 21 23 16 11 16 21 17 12 14 12 16 12 11 16 23 13 13 25 15 18 12 18 13 14 12 10 17 11 28 17 22 11 15 18 14 15 23 17 16 9 18 11 19 15 18 10 19 14 12 21 17 14 14 20 17 15 16 15 9 16 16 23 10 15 15 12 13 13 24 12 18 13 16 14 14 8 23 14 12 18 13
16 14 9 18 19 13 17 8 19 13 17 20 19 23 18 19 14 29 19 14 14 11 20 31 13 14 27 10 13 13 19 19 19 19 11 15 10 10 18 15 16 12 15 20 13 16 14 19 17 21 13 19 18 12 13 15 20 22 18 12 14 16 23 23 16 14 19 18 21 13 18 13 13 18 18 13 23 15 20 17 19 25 14 17 15 13 10 17 18 16 12 14 14 12 15 15 19 16 13 11
19 9 23 12 13 18 13 17 20 16 30 11 15 15 14 22 15 11 14 23 17 18 17 18 18 20 17 14 17 14 17 17 24 16 24 16 13 9 11 16 11 15 20 13 20 9 17 16 13 18 16 16 18 16 20 18 13 9 15 7 18 21 23 21 8 16 20 21 12 14 18 13 15 11 15 21 7 15 8 14 16 15 19 24 12 31 19 16 18 9 21 20 28 20 11 17 24 10 18 16
13 9 8 10 14 18 20 14 14 13 12 18 18 18 7 18 12 14 17 15 17 19 15 18 12 11 8 19 14 16 18 19 10 20 10 23 17 16 13 19 17 14 16 16 18 15 24 14 18 12 11 25 15 17 13 23 17 17 21 17 26 16 18 13 16 22 14 21 16 21 12 12 18 22 24 20 18 15 27 23 13 12 15 21 10 17 16 15 19 12 19 20 21 15 14 15 21 19 18 14
16 16 14 22 14 14 16 14 14 20 15 12 19 16 9 22 19 21 13 10 14 10 19 14 13 18 20 15 18 24 18 19 13 13 12 21 20 11 18 19 11 16 15 22 19 22 11 20 16 15 15 22 22 25 17 12 21 17 23 21 23 25 12 17 23 17 18 18 23 18 23 25 33 11 17 17 13 13 10 16 15 21 15 12 12 15 15 16 18 23 8 21 14 13 12 11 11 16 11 14
21 15 9 18 20 17 15 9 17 16 13 22 19 17 15 14 13 12 22 16 15 13 13 19 20 13 17 20 9 16 15 25 18 15 16 17 14 25 8 16 18 14 16 21 9 10 14 11 14 16 22 10 20 16 17 15 21 19 15 17 12 15 9 18 19 15 13 16 16 10 16 14 9 21 21 13 13 16 12 13 11 16 17 13 11 20 17 10 20 21 17 23 15 19 15 16 15 14 25 13
18 16 13 22 15 17 14 11 13 26 19 10 18 20 16 13 20 11 16 21 18 21 9 19 26 12 15 10 11 22 19 17 15 18 14 13 17 10 11 15 16 18 21 20 20 23 20 19 14 20 20 18 12 11 16 22 21 20 31 15 11 17 9 15 15 19 17 19 9 13 17 10 13 15 11 16 15 11 12 14 19 20 20 16 15 18 15 8 19 22 17 47 25 15 8 40 33 41 45 17
18 16 18 9 16 11 16 16 18 17 17 16 23 20 18 11 17 15 22 25 22 24 19 15 21 9 17 20 16 24 15 21 7 20 16 24 14 17 19 11 27 18 16 15 17 22 9 21 19 22 11 15 26 12 16 13 18 14 19 14 11 19 10 19 14 16 17 19 25 11 18 16 21 20 17 11 18 15 13 11 26 19 18 12 17 23 25 16 20 22 10 14 19 8 23 15 29 19 18 22
20 14 19 13 39 16 19 14 17 15 18 24 21 21 13 21 17 16 20 17 16 13 22 16 16 23 13 13 9 15 17 15 14 10 13 13 20 18 15 17 20 10 20 40 19 21 14 15 12 9 11 22 16 22 11 15 26 20 17 24 11 22 18 17 16 17 13 15 20 14 21 17 15 13 16 12 22 25 16 23 58 20 13 23 16 13 18 19 20 14 15 18 23 14 17 16 25 15 10 22
19 15 14 16 17 22 17 24 12 20 14 17 14 19 13 16 14 22 17 23 10 12 18 18 20 18 17 19 23 8 20 10 12 17 12 22 20 17 13 19 10 15 17 13 13 17 19 16 21 11 14 11 12 13 17 26 19 11 9 21 13 13 22 17 20 14 13 17 17 19 14 14 12 14 15 11 9 10 10 20 21 15 12 12 10 8 17 14 20 18 11 16 24 13 12 22 20 15 29 22
19 16 14 16 22 17 11 23 10 15 20 20 21 18 12 11 10 18 12 27 15 13 13 27 23 23 14 18 11 19 16 14 20 18 13 15 14 17 12 16 17 15 13 20 18 15 14 10 14 21 14 15 11 17 13 14 19 13 12 16 17 14 12 17 18 21 28 17 21 21 19 17 9 32 24 22 24 22 12 9 10 15 11 13 11 13 22 15 22 13 9 16 22 25 15 19 28 14 32 8
14 16 10 17 9 15 16 16 14 14 26 17 20 13 15 13 17 14 28 11 20 16 17 17 12 15 24 22 19 23 11 20 12 11 12 19 22 21 14 20 15 20 9 20 12 14 25 18 16 12 21 19 15 23 10 17 12 15 14 11 19 11 15 11 9 17 24 16 12 20 14 13 16 13 16 12 19 22 12 28 20 13 10 13 17 13 13 15 18 15 14 21 13 17 14 13 14 14 17 16
17 16 18 13 12 9 13 15 15 17 13 16 25 17 12 14 13 13 18 7 17 9 20 14 9 20 21 15 22 14 15 20 13 20 15 15 22 13 20 17 18 11 12 14 8 17 14 14 17 15 15 21 15 20 13 24 12 24 15 14 16 23 19 15 29 20 20 17 19 20 19 17 13 20 21 14 19 17 13 8 17 14 25 19 13 16 20 21 19 16 21 11 19 27 16 15 24 15 18 14
19 19 16 19 7 19 22 14 13 20 20 15 17 25 15 17 24 17 58 33 27 30 11 15 12 22 17 27 11 10 15 23 19 17 15 9 16 17 16 12 17 15 11 12 26 20 18 12 18 15 16 13 16 27 13 18 20 19 22 16 18 18 19 19 20 26 16 21 13 15 14 26 19 20 16 13 12 17 18 12 19 25 15 11 21 22 21 11 9 13 11 15 14 10 13 20 24 15 25 20
27 17 18 17 16 13 12 20 17 11 23 20 17 12 19 17 20 12 9 14 18 28 19 20 11 16 16 16 16 20 20 21 25 23 14 20 16 22 25 21 12 25 17 15 18 16 14 12 17 18 15 17 10 27 7 14 17 17 15 17 15 26 12 12 14 15 17 17 16 20 21 19 11 14 18 15 24 16 15 13 13 14 15 21 11 15 10 11 10 19 14 17 19 16 12 14 17 12 21 20
18 10 19 12 17 17 9 22 12 15 18 17 15 22 16 17 23 17 16 11 12 19 18 25 26 26 20 13 12 12 15 12 13 18 18 17 18 20 14 14 17 13 21 19 8 16 16 24 20 16 13 23 13 17 16 6 19 22 19 19 15 11 17 15 13 16 12 26 19 11 18 16 12 20 14 12 17 13 26 8 24 17 17 21 15 24 13 13 12 21 11 18 10 18 16 16 11 14 13 13
15 17 19 20 12 22 16 15 20 12 12 8 14 17 19 16 18 15 10 20 10 14 20 14 15 11 20 26 22 19 16 12 21 23 16 24 19 17 10 17 16 31 13 22 10 15 23 13 10 18 13 18 10 13 19 16 15 8 10 13 11 9 13 18 17 16 18 24 19 13 9 14 16 13 15 9 15 11 9 15 19 20 15 20 14 19 12 8 7 17 18 11 14 21 21 15 20 20 17 17
16 12 9 8 18 16 15 21 13 13 16 20 13 12 17 16 11 22 10 17 19 20 15 15 24 28 15 9 22 20 16 17 14 13 16 13 16 14 17 15 14 11 9 17 15 8 11 16 20 10 13 12 18 15 10 13 20 11 18 16 22 18 14 13 12 12 27 11 16 9 16 14 9 19 7 26 11 19 12 13 12 13 18 11 16 12 17 13 14 22 14 18 14 12 10 19 12 18 22 14
12 20 15 16 16 16 20 11 10 16 15 9 19 13 17 13 12 15 20 16 15 14 20 12 22 17 9 19 19 14 23 13 15 19 8 16 11 11 20 21 16 16 10 21 10 10 18 16 13 22 13 12 20 13 15 17 11 12 9 15 18 18 19 13 13 14 8 12 16 8 12 22 17 12 14 13 19 10 19 17 19 20 19 9 17 12 18 18 14 18 13 16 15 12 13 11 15 8 20 10
14 12 20 19 21 12 22 19 11 14 19 13 21 13 16 14 22 12 20 17 14 13 23 13 8 14 13 16 10 13 13 11 14 12 14 22 13 8 8 15 18 10 9 19 21 26 19 14 10 19 18 8 11 15 20 20 15 10 14 18 19 18 22 18 13 14 14 16 18 23 10 16 8 14 12 14 14 17 11 7 18 15 24 20 13 21 13 12 21 24 17 21 16 14 11 16 16 18 13 16
20 15 13 8 12 17 12 10 14 19 21 17 20 19 17 13 24 21 10 21 16 23 20 24 23 20 26 18 18 17 19 15 16 15 17 18 20 16 18 17 17 16 26 18 17 9 15 14 22 18 19 21 9 19 16 11 20 20 12 23 18 15 14 11 11 15 9 14 14 17 10 11 12 14 10 14 20 12 34 19 16 14 12 18 12 13 15 14 15 21 10 16 23 21 15 13 18 23 12 26
12 14 10 19 15 16 12 15 14 25 26 17 18 12 13 23 12 7 15 13 14 12 12 17 15 14 17 20 20 7 15 15 19 12 18 20 17 19 9 17 15 12 15 18 20 13 14 13 21 14 20 7 12 11 13 18 18 11 13 14 19 26 25 12 18 18 14 20 15 20 15 13 21 10 16 11 23 15 13 14 12 22 9 12 12 16 14 15 15 16 10 16 21 16 19 18 27 15 18 19
14 17 9 11 16 15 20 9 13 12 13 21 17 17 15 15 25 17 18 13 19 9 11 19 10 23 23 17 17 22 17 13 15 11 20 19 13 11 15 20 15 16 18 10 12 24 19 19 14 11 20 18 13 19 12 14 18 18 12 21 21 19 15 10 9 11 18 11 15 28 17 16 15 22 20 16 15 19 18 14 18 13 17 13 18 26 14 15 13 14 18 15 24 16 11 18 12 12 8 14
12 16 17 18 12 11 15 7 14 13 7 18 12 17 20 21 14 16 11 14 15 10 16 19 11 23 16 16 18 15 20 18 21 10 14 22 11 13 11 16 25 14 16 10 13 14 18 10 14 22 23 22 16 15 14 27 15 27 19 9 14 28 20 9 20 19 15 13 11 15 17 12 20 10 12 25 21 15 14 20 20 24 16 16 20 11 13 21 12 11 19 19 20 17 19 21 20 26 13 17
12 15 11 19 15 15 18 16 16 18 14 21 14 15 13 19 16 14 21 15 10 11 19 26 7 7 14 13 14 14 16 17 19 13 19 13 14 18 11 15 18 19 14 26 19 10 9 10 13 9 22 16 19 23 17 9 14 22 9 11 19 12 19 15 18 18 12 15 11 12 16 21 19 15 19 14 17 9 18 17 16 16 10 17 15 24 8 9 13 16 12 12 9 10 17 10 15 20 18 15
27 22 19 17 12 21 16 17 13 20 16 17 25 14 15 8 11 18 11 14 19 8 8 15 16 12 8 16 15 22 15 17 14 16 15 13 17 11 18 18 10 16 19 19 11 13 15 17 19 19 14 12 7 21 21 25 20 17 16 14 13 20 10 14 23 21 18 19 14 14 17 18 14 9 15 22 11 17 20 12 19 18 11 20 12 20 15 10 10 11 9 23 17 20 23 17 22 20 26 15
14 15 22 17 19 15 14 13 19 15 17 21 24 28 19 24 29 15 19 7 12 17 24 16 25 14 15 19 23 15 23 14 17 21 18 15 20 21 18 24 19 16 9 18 16 16 12 17 18 8 11 12 25 17 15 15 13 14 15 19 17 17 22 18 13 17 22 20 15 16 19 14 16 16 15 12 17 16 26 21 16 12 15 19 9 15 16 8 13 14 14 23 19 11 15 15 17 13 11 20
18 16 19 13 14 21 20 15 16 9 7 17 17 24 22 9 23 15 17 13 14 24 15 16 23 20 18 8 18 19 15 17 14 10 12 16 17 10 14 17 10 12 12 18 10 19 8 15 16 12 20 18 23 15 12 17 12 13 15 14 16 10 23 23 16 14 12 15 18 16 18 15 17 15 20 9 12 15 20 10 12 15 18 16 23 15 22 16 12 21 11 19 15 13 18 20 13 6 15 12
17 19 20 20 9 19 17 12 13 11 20 16 19 13 17 14 16 8 9 13 23 18 22 15 9 9 13 12 14 19 18 10 10 9 15 17 13 21 15 17 10 9 16 17 10 24 19 15 21 15 19                                                 
