0.4 1906 31 24 25 32 29 34 35 33 44 41 33 29 35 22 19 31 28 29 22 32 27 36 29 35 27 25 40 31 23 34 28 28 29 23 37 31 32 24 38 28 35 41 33 24 31 25 29 37 32 36 21 34 28 27 18 17 30 25 25 25 24 31 27 33 25 30 24 26 28 26 34 38 29 33 39 33 36 39 33 21 27 25 26 27 36 25 36 20 28 32 28 40 32 17 24 31 36 25
22 28 40 30 33 25 41 28 21 35 28 23 22 25 24 27 33 36 37 32 28 25 26 24 26 32 22 22 24 35 27 30 28 30 24 34 29 42 35 21 18 32 29 37 36 24 37 39 32 38 35 38 36 28 26 20 25 29 32 66 38 25 31 30 31 24 32 37 27 23 27 44 28 23 28 28 26 31 28 35 28 27 45 32 48 21 28 30 32 34 32 28 38 37 30 27 23 25 25 24
35 30 37 28 24 23 45 37 34 24 32 21 42 42 49 26 27 32 26 30 28 33 27 22 29 38 26 36 23 20 25 23 24 39 37 28 25 43 27 25 28 28 28 29 33 23 21 20 31 35 25 33 22 30 25 37 28 36 26 42 44 29 31 34 33 32 33 36 41 29 30 23 32 33 35 25 34 28 38 34 28 26 30 43 34 35 34 16 26 31 26 21 27 42 41 28 33 20 31 28
30 34 29 27 40 35 31 29 37 46 30 28 29 34 21 24 33 27 31 22 23 37 27 25 26 22 21 35 32 34 32 47 41 31 37 30 29 24 33 28 29 28 21 21 37 38 25 35 32 34 28 24 41 33 29 15 40 27 22 22 24 36 34 25 24 36 23 21 27 24 45 35 34 18 31 22 28 35 28 28 25 28 26 30 32 32 28 34 28 25 34 29 17 31 22 27 27 27 28 10
28 33 44 24 23 14 26 28 36 23 30 29 33 37 24 26 28 37 30 31 31 30 20 39 44 13 28 30 27 36 44 29 20 42 28 31 39 27 32 28 42 39 25 33 31 27 30 23 27 46 34 30 31 41 36 29 40 35 54 45 24 34 26 32 30 39 33 29 30 40 32 32 32 42 25 40 34 31 37 39 35 18 43 25 30 20 26 28 35 35 26 27 33 38 33 47 23 33 30 26
37 25 36 25 31 30 26 23 44 34 29 23 31 38 34 31 37 33 31 33 31 42 26 17 30 42 28 38 27 27 34 30 41 30 25 45 34 30 30 41 48 29 33 23 33 38 37 22 40 46 46 26 24 29 30 29 32 35 30 22 26 33 34 46 28 37 26 24 33 27 36 34 37 30 31 68 109 31 39 25 29 29 35 42 35 30 40 32 24 22 26 32 38 32 34 28 36 40 21 29
24 34 18 35 34 28 18 28 41 26 32 36 21 30 29 16 34 30 25 40 36 39 24 37 42 24 21 36 29 34 31 33 28 29 36 27 23 21 29 42 34 30 28 27 25 28 37 37 28 42 28 27 27 26 35 40 45 31 35 38 39 35 32 28 31 36 42 21 33 26 28 35 33 32 22 36 29 20 45 17 33 29 20 31 43 29 33 19 26 24 29 35 30 30 41 25 24 34 26 32
32 34 30 37 24 31 35 31 34 42 31 33 29 23 28 31 19 32 32 27 28 27 35 33 20 26 29 30 39 41 28 42 25 23 26 28 22 27 26 47 44 35 31 30 26 31 30 36 30 25 33 24 30 26 29 38 33 42 26 22 31 29 32 32 29 31 37 39 32 32 39 26 25 32 37 27 38 25 27 30 31 28 46 35 31 35 40 33 29 38 24 37 23 24 34 34 45 24 30 31
27 37 29 36 33 29 41 29 24 25 29 34 27 46 23 32 30 22 33 35 37 42 45 24 27 19 31 31 27 37 40 29 18 28 34 28 30 29 29 22 38 33 36 34 34 27 30 25 35 19 30 40 29 41 39 28 36 37 34 39 31 26 22 27 31 25 26 29 35 29 28 35 29 36 34 30 43 22 35 32 24 49 35 37 42 12 39 32 22 28 36 31 33 29 34 26 38 22 33 33
33 39 25 26 31 38 28 36 32 33 40 26 18 26 35 34 36 33 32 32 23 32 33 37 24 23 29 31 28 33 36 45 29 28 32 29 15 39 24 41 31 31 24 32 22 32 24 29 33 18 32 33 28 33 29 33 27 32 29 25 35 31 32 18 46 30 29 21 33 31 36 31 39 26 25 23 31 29 27 23 19 30 33 34 32 33 57 24 24 30 28 26 32 28 41 30 34 43 31 21
25 31 34 22 39 29 20 31 21 29 26 38 27 26 32 29 24 35 25 28 38 33 13 37 27 34 24 39 32 24 26 33 29 31 31 34 29 34 45 31 18 32 23 25 24 28 31 25 24 33 29 26 24 29 41 32 22 38 34 26 26 21 34 24 30 26 32 13 41 42 28 18 38 29 26 26 26 35 38 26 28 25 31 20 19 27 32 24 30 39 39 29 31 24 22 20 23 21 21 32
32 38 35 33 36 34 26 31 34 39 42 34 35 37 42 35 11 32 25 39 34 30 28 26 41 24 31 21 19 21 27 34 23 34 21 19 27 26 30 37 13 29 36 24 17 37 27 29 36 26 29 38 44 29 36 26 32 25 30 29 40 26 36 33 28 43 41 27 32 35 28 24 30 32 26 32 28 30 23 37 30 30 23 29 29 43 28 22 35 30 22 22 21 31 27 26 37 26 33 31
24 38 39 30 26 44 29 34 34 29 29 21 31 32 35 30 33 30 34 46 27 26 27 26 24 16 31 31 25 24 15 28 35 32 26 32 17 32 34 44 37 39 31 20 33 21 24 27 43 33 25 32 38 25 26 36 18 29 25 21 34 35 35 25 31 40 38 36 37 32 23 45 29 41 28 29 30 41 31 27 32 28 25 40 21 29 25 30 37 30 22 33 28 22 30 30 25 32 28 19
36 31 27 18 23 37 26 29 22 32 31 38 26 38 30 28 30 26 30 32 28 31 33 21 37 39 36 34 23 37 30 33 29 17 33 37 34 31 19 39 24 34 31 20 26 39 25 26 31 40 40 25 39 26 18 27 22 32 29 29 22 23 35 27 32 34 28 28 32 30 36 28 30 20 33 27 30 32 29 35 34 35 36 21 33 34 30 27 36 34 27 28 32 27 31 31 26 28 29 35
26 21 27 33 32 20 40 29 40 30 22 27 25 28 30 28 13 21 34 26 19 18 30 34 30 36 43 34 25 26 25 29 21 35 24 38 27 36 32 30 30 30 33 35 29 36 38 31 36 41 25 26 33 34 34 25 27 29 21 23 30 35 28 24 25 24 26 39 48 31 13 31 22 33 43 37 30 34 37 23 27 24 30 29 40 12 37 34 37 20 23 35 19 30 27 31 31 28 34 34
13 30 35 39 29 29 36 41 35 38 38 28 23 27 34 26 21 31 15 29 26 37 30 23 45 13 40 32 28 25 31 33 33 32 27 36 27 19 26 22 31 23 30 28 33 26 22 25 27 30 37 33 47 34 38 36 25 35 25 38 31 33 31 31 26 31 29 35 18 26 31 31 20 33 24 17 30 24 27 40 27 33 29 36 33 31 38 23 31 26 27 34 33 39 18 30 38 27 36 35
26 34 25 20 38 39 38 32 32 32 31 36 24 35 27 26 25 40 27 16 27 27 35 27 14 25 31 25 31 31 29 34 32 39 32 43 27 36 36 27 31 33 47 42 43 28 35 31 26 29 26 33 28 32 26 34 30 31 31 40 29 34 33 24 33 27 31 22 28 26 21 31 23 38 19 24 34 17 28 27 28 34 26 29 24 24 42 28 43 31 36 32 32 33 23 36 25 29 34 33
22 29 42 37 28 18 33 35 34 34 35 35 24 26 17 14 32 37 18 22 28 31 30 20 19 28 25 34 40 25 43 14 33 25 25 22 29 39 24 31 28 36 36 35 30 31 23 30 26 31 33 40 35 29 35 26 26 36 36 40 42 24 17 18 33 37 32 27 39 24 44 22 27 24 35 34 28 28 45 30 25 26 25 30 27 22 36 32 21 26 34 34 28 21 35 30 28 28 25 29
31 30 15 21 43 12 26 26 26 36 29 24 29 41 31 31 32 17 24 25 38 34 33 33 26 32 38 32 33 30 30 22 22 29 24 27 29 27 42 30 27 26 30 25 29 30 21 21 34 32 34 32 22 32 28 34 26 39 21 34 31 29 24 40 28 25 34 24 47 27 23 27 38 22 30 30 22 31 17 18 29 31 19 31 15 32 27 22 31 19 33 24 39 24 23 21 27 37 23 30
24 34 34 18 32 35 33 36                                                                                            
