0.476190476190476 904 14 17 21 22 12 11 17 17 16 24 11 23 24 18 14 17 17 17 14 15 13 19 14 25 13 17 21 20 21 17 15 22 12 15 20 14 16 18 21 15 23 18 14 18 20 20 20 17 24 16 24 19 35 24 19 23 19 29 17 17 18 27 17 18 22 27 14 21 33 23 18 17 30 21 26 20 20 21 19 27 21 15 24 18 29 23 24 21 20 21 14 25 23 22 17 19 9 27
15 21 19 19 15 27 13 26 13 17 19 23 24 24 22 22 25 23 17 15 14 19 12 15 30 18 24 17 22 23 15 28 18 15 24 27 19 20 18 23 21 21 19 21 22 18 32 15 13 15 25 20 20 22 17 15 26 26 19 19 28 18 14 21 17 17 17 28 17 22 23 13 26 26 21 21 24 22 18 24 16 24 22 18 29 26 21 28 19 14 25 19 20 21 23 21 20 22 13 17
14 17 22 16 24 21 21 13 21 22 24 11 17 16 27 17 22 13 15 25 25 22 25 21 18 16 33 28 20 21 19 13 31 17 14 18 20 20 18 17 23 29 19 21 19 27 18 23 13 23 22 17 20 24 19 19 24 35 22 22 37 10 22 19 28 16 25 17 25 29 27 17 20 27 20 15 21 20 6 19 30 22 25 15 28 23 24 22 22 14 17 13 28 21 26 18 20 17 19 19
25 22 16 18 25 26 20 19 25 21 21 23 22 19 23 29 20 19 17 17 25 29 29 18 18 21 15 25 17 20 19 31 18 18 22 22 20 20 21 20 15 21 20 20 19 18 17 19 17 25 31 33 35 23 29 21 22 21 18 16 32 21 13 22 21 18 13 21 19 21 16 22 19 22 23 23 17 20 23 24 23 17 20 25 25 15 14 17 16 14 20 21 18 21 19 21 22 22 36 22
22 21 13 19 39 22 20 29 17 19 17 23 15 20 20 14 16 15 22 22 18 18 18 20 21 24 20 16 27 16 21 19 26 26 27 27 19 21 19 14 22 27 21 15 25 13 23 17 24 23 16 11 14 29 22 17 18 13 12 20 19 21 19 22 23 20 15 18 23 24 16 27 25 21 25 19 25 26 18 12 24 20 12 14 23 14 16 17 16 22 12 14 19 17 16 19 24 20 18 18
22 24 20 14 16 19 21 18 21 24 30 20 15 20 12 21 17 24 16 17 24 20 19 17 22 12 34 17 21 17 12 21 14 27 13 13 14 15 16 21 22 11 16 23 20 14 23 16 19 21 20 22 25 16 19 20 26 18 17 19 27 28 21 20 17 22 17 14 26 20 18 28 17 11 22 18 23 23 19 21 23 20 25 21 25 23 13 17 24 22 17 30 21 20 21 20 21 18 19 26
27 18 22 22 23 26 26 28 20 22 25 31 16 20 28 21 17 20 22 19 17 16 16 18 17 10 19 25 16 17 23 25 15 27 17 17 23 21 18 18 16 18 28 22 21 19 21 20 23 24 15 26 19 25 19 18 19 22 18 22 19 22 20 21 23 14 28 23 23 18 19 18 23 26 18 13 10 17 25 14 14 18 17 24 21 21 21 19 32 25 26 22 21 25 12 23 18 27 18 23
23 24 26 26 18 22 16 14 25 24 21 25 18 23 24 18 16 14 21 19 14 14 20 20 25 18 27 24 23 25 19 27 25 24 22 21 21 20 22 12 15 23 21 19 21 26 18 22 20 23 20 30 27 20 9 15 13 26 28 22 19 22 19 15 14 21 25 20 23 16 20 17 24 9 22 21 19 16 14 19 19 19 25 19 17 18 28 27 32 23 18 25 16 14 25 18 21 17 20 20
28 19 34 19 18 26 29 19 25 22 21 25 17 25 22 18 21 24 25 19 18 19 16 14 12 10 21 23 18 21 11 21 17 20 20 18 16 21 17 19 19 26 19 22 23 17 17 16 24 13 17 13 26 21 22 29 26 25 13 22 28 31 9 29 16 22 15 13 23 10 12 15 15 10 10 10 7 5 9 11 10 7 5 4 11 13 9 4 15 9 9 16 11 12 8 10 13 12 15 12
9 12 10 10 7 4                                                                                              
