0.458333333333333 3016 29 26 28 24 16 32 30 16 22 19 24 32 31 15 18 26 27 22 28 27 29 32 21 19 23 21 28 23 18 25 21 19 17 21 22 21 20 27 24 23 25 28 22 27 26 22 23 20 22 20 15 20 21 24 11 26 25 19 22 22 23 23 18 19 21 34 23 24 23 22 23 22 23 31 17 27 22 21 26 18 24 23 22 21 35 26 24 24 16 15 20 13 48 18 13 19 21 26
22 14 22 19 23 21 23 23 30 19 27 5 35 30 23 16 21 30 20 17 19 25 13 19 23 19 28 16 22 23 17 18 28 20 20 16 22 24 38 24 20 27 16 14 20 24 14 24 24 28 38 29 21 28 23 26 27 23 20 24 17 14 24 23 12 33 23 11 21 16 21 24 28 22 19 13 20 26 17 15 19 29 25 23 26 28 20 21 21 35 15 22 21 27 29 26 17 22 33 16
26 26 30 25 20 20 29 23 23 22 38 25 21 18 32 30 23 20 32 23 26 19 20 22 26 15 20 22 21 38 27 21 26 23 27 26 17 15 14 27 17 20 18 26 25 17 28 38 22 21 25 22 33 31 16 33 23 29 23 17 22 23 26 23 19 19 19 19 22 20 34 23 19 32 29 13 22 20 30 27 16 27 15 18 24 20 25 24 21 21 26 26 28 21 33 20 26 14 27 24
28 19 21 28 22 36 24 23 19 20 19 27 21 20 21 26 25 29 22 26 28 26 31 22 22 15 23 32 29 25 30 33 20 25 23 14 24 27 25 35 20 27 35 32 25 27 27 23 12 29 23 25 17 16 22 28 22 31 26 29 24 17 18 21 20 16 18 20 12 11 18 33 25 14 19 13 27 27 29 26 21 13 15 16 21 28 22 18 25 19 27 22 19 24 25 19 21 29 27 21
28 15 36 23 11 24 33 26 19 21 17 22 27 18 18 25 24 14 22 29 33 22 25 28 17 27 28 18 24 27 22 23 34 23 17 24 23 22 29 25 39 15 26 20 16 14 17 25 24 27 21 23 22 26 21 22 18 27 26 15 20 17 19 17 16 31 23 24 20 13 20 24 20 33 21 26 27 24 26 18 34 23 20 24 26 28 24 35 22 24 27 29 24 32 25 27 21 24 24 23
19 25 24 22 27 25 24 18 17 29 10 23 20 19 23 19 21 30 15 18 15 14 23 14 21 26 17 18 20 25 35 27 21 27 11 18 18 16 14 18 20 22 30 26 33 16 21 25 21 21 24 18 21 18 24 23 30 27 22 19 29 24 21 22 12 18 27 16 20 25 25 19 19 33 17 36 24 18 19 22 16 26 20 16 25 23 23 18 24 24 22 21 19 25 22 18 18 23 20 19
19 29 18 30 29 31 21 26 26 20 27 15 16 21 23 17 16 37 24 21 26 15 26 15 22 30 24 17 22 18 25 14 28 19 26 23 23 16 28 32 34 22 18 22 32 21 20 30 29 26 29 14 29 28 23 26 17 24 19 18 31 18 15 25 18 15 9 14 20 18 20 26 23 25 30 20 26 20 20 22 27 21 24 18 22 23 19 26 18 14 31 15 24 19 23 24 26 33 26 22
12 19 23 17 29 22 28 19 27 18 15 21 20 21 17 17 17 30 17 16 22 21 29 28 18 31 20 26 21 27 26 30 23 34 25 24 17 15 19 22 25 29 29 15 18 26 26 15 27 20 23 21 25 23 25 21 28 16 27 26 25 25 24 26 22 19 29 35 19 24 25 18 27 24 21 21 19 19 20 25 17 18 21 19 19 16 20 25 24 22 23 20 25 24 29 27 27 23 19 19
23 27 19 27 25 25 13 24 33 23 32 20 16 23 18 29 21 28 27 16 22 13 19 23 18 29 22 23 24 27 22 31 18 19 23 23 19 20 27 27 19 30 23 22 45 9 42 24 21 20 15 24 20 24 19 20 16 22 29 16 21 28 17 15 15 29 34 34 23 30 25 17 15 27 19 31 16 19 21 22 29 20 11 22 25 19 27 12 34 26 32 26 23 26 25 28 26 20 27 23
19 21 16 28 16 23 15 19 20 25 23 23 22 23 27 36 21 19 26 20 15 26 25 25 23 15 34 21 27 26 20 32 20 33 18 31 32 28 17 22 19 31 16 33 16 24 21 14 24 20 16 21 22 22 15 30 22 27 34 25 21 25 29 25 24 17 25 24 14 18 22 27 21 36 25 16 21 23 14 25 20 20 19 20 16 23 22 20 15 15 16 23 14 19 18 24 20 23 16 16
26 5 22 30 27 16 23 25 19 17 22 25 18 29 34 16 24 22 20 14 53 31 22 23 24 23 24 25 27 14 27 30 21 20 23 30 24 20 21 25 30 23 20 25 16 26 25 20 26 23 18 34 18 21 26 27 19 30 36 27 28 21 27 20 34 16 29 16 31 28 21 16 25 28 22 31 35 34 21 23 25 18 23 37 18 19 16 38 23 21 24 24 22 19 15 25 28 24 28 31
26 22 18 24 27 23 23 23 23 16 28 21 18 25 36 30 22 27 17 17 40 37 27 22 19 26 20 15 31 24 22 27 16 22 15 24 26 21 29 22 30 15 27 21 17 17 26 20 23 26 16 23 23 36 33 32 38 19 34 37 30 20 25 22 24 29 28 16 20 16 22 24 30 32 23 31 32 25 20 34 12 20 22 17 31 28 23 28 15 14 24 17 18 29 32 23 24 24 28 25
32 25 19 16 23 35 29 21 25 22 20 31 22 19 29 21 21 16 36 16 26 20 18 25 30 24 26 23 26 22 16 27 31 32 30 16 20 24 23 21 20 22 24 21 20 15 25 15 24 20 27 32 25 16 24 20 25 27 31 17 12 22 19 26 24 22 17 17 21 21 20 19 19 21 25 25 23 33 23 30 21 30 14 21 17 18 30 21 16 38 17 26 14 20 7 14 11 24 26 22
20 17 16 31 22 22 16 18 17 27 27 12 22 33 13 21 20 20 22 18 22 30 20 19 26 29 20 20 23 26 20 20 21 31 23 16 28 26 29 26 20 30 19 28 23 23 11 29 24 23 28 21 34 21 20 13 17 23 15 28 29 31 29 19 20 20 20 19 32 26 23 23 29 25 23 20 23 26 23 25 11 24 14 17 32 21 23 17 31 25 13 28 24 29 29 17 26 30 27 31
27 19 21 22 20 23 27 15 24 14 22 27 24 31 30 17 30 24 28 20 19 23 26 26 28 18 42 28 18 27 22 26 17 33 23 23 20 25 28 11 21 25 32 20 27 21 22 25 16 23 29 27 34 24 25 17 35 18 28 27 22 16 22 21 22 27 29 25 19 21 28 24 26 20 28 22 24 22 22 29 16 22 20 26 25 20 22 22 22 27 57 22 16 28 23 17 19 28 28 9
22 19 22 17 21 14 27 33 23 22 26 25 21 30 23 19 14 22 23 23 33 21 25 32 35 13 22 28 23 27 29 28 23 23 21 27 26 32 30 14 25 17 32 19 18 29 21 29 32 22 17 24 21 15 18 16 16 20 13 22 27 28 16 20 18 25 19 18 22 20 21 19 22 19 26 28 24 18 33 30 29 19 11 18 21 16 18 21 20 29 29 21 29 12 36 27 30 13 20 25
19 26 18 19 24 16 20 32 17 21 17 20 15 16 16 28 18 22 23 17 16 25 22 22 26 21 23 16 18 21 11 23 24 31 14 18 20 16 20 15 20 22 26 22 28 24 24 16 21 20 17 16 28 24 21 15 29 25 17 23 24 20 21 28 17 24 25 30 18 25 19 20 27 24 27 26 25 25 19 32 17 25 17 23 21 16 29 23 26 27 15 21 26 21 21 25 20 18 22 24
23 22 17 22 27 20 22 28 18 16 19 22 28 25 25 17 14 24 24 17 21 14 22 20 27 25 24 25 37 31 23 14 26 26 18 18 18 29 28 19 22 19 23 26 22 16 16 15 22 19 22 20 24 33 20 17 25 17 23 21 24 21 18 22 30 35 21 25 16 38 17 13 19 32 25 17 29 16 24 29 22 15 13 13 17 15 25 24 20 26 26 21 30 25 22 10 22 25 29 32
22 22 19 19 20 16 19 23 19 22 25 12 21 18 26 22 22 13 21 20 27 16 18 20 18 29 29 32 24 20 13 26 26 14 24 21 15 23 20 25 28 14 17 29 21 32 19 20 28 23 20 19 26 26 22 19 15 13 29 19 13 21 19 23 20 23 10 18 30 24 20 14 21 23 26 12 13 20 20 19 20 19 14 35 28 14 22 24 19 14 15 26 23 20 28 24 36 25 18 24
23 20 21 22 25 27 22 29 25 31 14 25 19 23 15 17 22 24 23 24 18 20 22 29 11 19 22 20 18 25 19 24 17 27 15 26 22 21 9 25 23 33 29 15 23 15 27 13 26 12 25 18 18 24 25 12 18 27 23 23 15 18 21 27 25 21 17 11 22 23 16 21 21 18 19 29 33 24 22 23 19 19 19 24 22 33 20 15 19 23 24 25 13 19 15 16 24 23 28 18
18 18 20 32 35 38 29 27 20 22 20 22 25 31 15 22 28 17 20 17 22 21 12 27 29 19 27 23 17 20 33 28 21 21 21 23 23 33 21 17 21 20 28 22 24 25 31 17 29 22 16 30 23 30 21 16 27 25 23 24 28 21 24 30 31 19 15 29 23 23 21 20 22 19 25 29 27 20 21 21 18 23 32 26 11 19 16 29 21 24 27 22 18 21 25 13 24 13 32 18
25 14 22 17 37 22 18 27 21 28 24 25 34 32 32 22 30 21 30 24 31 27 27 16 21 28 15 27 25 28 16 30 26 31 19 20 18 22 16 20 25 20 21 32 26 25 22 25 26 30 18 28 19 15 34 22 21 26 24 23 36 27 33 20 28 14 20 27 21 26 24 27 24 20 30 17 25 26 22 16 26 22 18 22 17 18 34 26 19 28 27 33 18 24 25 23 30 31 29 30
20 20 17 29 17 17 19 24 26 34 23 23 33 33 17 28 21 21 26 20 21 18 21 20 28 19 23 28 21 18 22 26 22 9 27 26 30 23 18 16 29 43 10 18 25 19 20 18 17 19 18 19 18 29 19 18 25 20 22 22 19 29 23 32 18 21 29 28 20 19 24 21 25 27 23 16 30 30 24 28 25 21 22 11 25 24 28 18 29 25 17 16 14 32 27 23 27 22 25 19
23 22 15 25 33 25 25 16 23 24 27 29 23 29 28 27 28 19 17 29 23 20 29 15 21 29 24 24 23 24 31 23 28 19 32 30 29 19 19 12 13 20 23 21 28 33 19 21 27 23 18 16 25 26 25 24 17 22 27 25 30 28 22 30 30 18 23 26 19 25 17 8 22 27 21 16 18 36 20 48 23 18 29 20 22 19 11 23 19 27 14 20 36 31 25 24 31 25 25 23
17 27 21 16 26 24 18 26 20 22 29 32 21 20 18 12 21 26 25 23 27 21 18 18 22 26 22 27 23 16 25 18 17 26 20 23 23 13 29 23 20 23 28 22 17 32 14 15 29 26 21 21 27 21 18 20 36 22 25 22 16 28 23 13 29 22 19 19 24 18 19 25 10 27 27 18 15 29 22 23 22 17 13 21 19 25 22 22 34 24 28 25 25 19 20 24 27 20 19 25
27 22 19 20 30 22 21 18 19 26 18 25 22 32 21 24 15 20 20 26 21 22 27 26 20 19 20 26 35 28 24 13 25 22 15 22 25 28 27 22 18 21 20 18 21 29 27 20 23 25 18 29 18 23 25 24 21 16 20 26 20 18 19 12 28 20 12 20 18 28 25 28 32 13 26 18 22 34 28 25 18 15 24 18 20 24 15 19 22 18 25 20 22 20 15 23 13 20 20 31
19 18 20 26 29 19 14 26 20 20 23 30 16 33 26 23 14 22 21 29 21 26 18 9 11 33 28 19 17 21 24 21 23 18 26 22 18 34 19 15 19 15 21 17 23 26 24 20 31 27 19 23 16 17 27 27 22 34 29 25 25 15 22 19 26 27 19 26 28 23 25 17 22 26 22 21 25 23 19 17 28 19 14 23 20 16 10 23 20 20 23 12 18 24 21 19 25 13 25 18
15 16 24 28 25 18 15 20 24 13 20 22 22 20 14 12 25 15 17 21 27 27 9 10 28 26 20 22 37 29 33 14 24 13 20 32 26 30 31 30 19 19 21 18 20 17 23 22 25 23 28 24 38 27 11 19 13 19 26 26 27 28 24 17 18 26 20 9 21 29 15 21 18 26 20 24 25 28 29 20 24 32 23 33 24 21 17 18 23 26 22 17 22 24 16 21 12 23 35 21
27 15 22 14 32 15 26 14 21 31 22 16 19 22 23 20 17 19 17 20 28 34 24 26 15 27 17 16 28 16 19 18 13 11 13 28 29 19 15 24 19 27 21 25 18 18 27 21 21 24 20 25 28 24 26 11 21 23 18 18 21 14 28 17 19 24 18 27 32 21 20 19 26 21 29 20 23 17 19 18 12 20 20 17 20 31 13 27 24 13 14 17 20 37 15 24 22 19 19 28
19 23 19 20 29 17 28 20 22 22 27 19 27 25 25 17 22 27 27 31 17 29 30 27 26 16 29 21 26 20 23 18 14 15 26 22 24 22 21 21 13 22 23 20 23 23 20 19 17 21 22 10 16 27 29 24 19 21 18 23 22 26 21 20 23 22 22 28 29 21 22 19 24 23 23 25 22 24 23 13 26 19 27 19 26 16 27 19 24 21 28 20 27 19 15 25 12 19 21 19
29 9 17 36 26 24 34 30 16 27 28 15 33 12 19 22 25 17                                                                                  
