0.425 3550 46 29 28 33 29 30 37 28 42 28 50 32 28 40 34 33 37 36 36 39 57 37 27 41 43 36 38 23 25 24 24 33 29 31 35 42 38 39 41 20 40 33 42 33 42 38 26 34 34 37 28 25 33 40 27 24 32 39 25 36 36 27 27 22 21 19 30 26 21 34 26 41 33 25 35 25 28 27 27 37 32 26 30 29 30 31 29 32 39 46 41 34 21 40 30 34 36 39
41 30 29 29 25 35 41 32 33 38 35 37 26 32 34 19 39 30 31 39 19 26 35 35 37 29 36 32 38 24 29 38 31 36 24 32 22 32 33 30 24 49 22 32 37 37 26 30 32 24 38 33 37 40 29 36 37 30 25 35 30 30 39 31 27 36 40 36 24 28 26 20 27 28 33 29 23 22 25 24 32 39 29 24 26 25 18 28 29 37 32 29 26 28 24 33 35 39 31 32
36 38 30 28 36 40 37 35 41 43 41 39 34 20 31 32 40 41 29 36 31 33 35 40 25 41 28 31 31 37 30 41 45 30 28 37 36 34 37 39 28 28 34 34 33 22 40 35 38 32 38 32 35 28 31 33 30 26 27 39 40 30 28 48 24 37 37 39 41 37 35 30 32 23 48 35 30 24 32 35 32 34 31 29 33 44 29 37 27 22 33 23 37 33 38 39 30 39 22 69
36 42 29 34 24 36 32 35 32 41 26 25 45 34 30 31 34 37 41 24 36 33 30 35 44 30 34 37 36 26 24 19 30 40 39 37 29 32 36 33 28 31 35 30 41 32 40 47 43 37 36 35 39 33 34 31 31 29 36 39 33 36 34 27 35 27 29 44 26 24 26 37 37 42 31 35 38 42 33 40 27 37 29 27 22 40 27 40 42 32 23 36 40 40 31 20 40 38 30 45
34 39 45 38 33 31 39 35 41 34 36 30 33 33 37 27 22 23 36 30 45 32 30 34 31 22 52 35 33 42 41 30 26 34 42 31 36 36 27 36 22 28 31 32 37 20 32 23 25 30 31 29 35 37 42 34 28 28 35 41 30 32 27 35 36 43 25 27 32 33 30 38 32 48 39 26 44 36 27 39 36 31 39 55 36 55 37 39 32 30 35 29 21 37 47 34 42 17 31 31
29 19 30 15 22 11 35 38 29 32 37 27 29 24 21 29 39 33 28 27 30 44 50 30 27 34 36 33 28 29 25 32 32 29 44 25 32 36 29 40 33 39 45 36 33 25 23 35 33 31 41 26 32 39 34 36 53 32 39 24 28 28 35 31 33 33 35 26 26 39 19 30 49 15 45 33 28 37 32 47 40 41 30 37 32 29 30 37 41 36 27 34 40 32 43 34 38 43 24 43
27 46 37 33 29 37 39 36 36 30 38 42 35 30 32 33 37 45 37 25 27 28 35 33 37 45 29 24 33 27 47 33 38 43 33 30 47 34 27 38 22 37 28 37 28 33 37 29 15 35 27 36 31 30 37 35 32 30 30 33 30 28 41 30 32 34 41 38 27 42 37 35 36 32 26 44 35 39 32 35 31 30 36 39 48 38 41 34 37 30 36 26 31 41 37 49 46 41 37 22
30 26 31 49 25 39 41 33 28 29 27 27 30 26 40 41 39 31 43 44 34 19 33 27 30 48 27 31 33 38 31 26 29 40 19 23 28 29 34 29 29 31 30 38 28 28 37 35 29 32 36 17 30 33 32 27 31 37 33 38 22 37 33 27 36 36 38 31 31 30 30 37 46 39 44 31 31 31 31 24 38 34 27 31 43 36 41 31 27 19 34 24 22 32 29 24 34 19 31 35
32 17 36 28 24 33 33 26 30 24 30 23 30 37 25 29 40 31 30 56 55 51 42 47 38 28 36 35 33 48 39 29 34 37 24 42 32 31 29 37 18 25 24 28 32 31 43 13 29 39 33 29 25 38 23 32 20 35 30 31 32 35 35 29 38 36 31 38 34 38 30 20 31 34 29 31 35 22 41 31 39 25 30 34 48 35 34 38 20 34 34 29 35 12 36 27 39 37 25 43
29 39 25 35 25 35 31 31 28 19 33 43 23 60 97 75 56 62 20 32 33 34 39 30 41 11 22 24 36 26 39 30 23 27 27 29 28 28 40 26 29 26 47 26 45 43 30 36 32 28 26 37 37 28 34 38 26 31 36 31 33 38 32 31 44 37 40 27 38 40 29 46 38 39 34 40 36 21 37 33 35 34 30 32 35 34 26 17 30 28 31 27 30 31 32 37 43 39 37 42
31 41 31 30 27 35 34 23 44 48 38 44 44 41 34 57 29 12 23 41 27 38 35 47 30 50 43 35 30 42 45 21 28 45 45 39 21 40 29 47 39 25 42 46 44 39 30 36 37 32 40 35 39 26 33 29 36 35 27 36 19 21 37 24 38 29 31 27 24 41 29 21 32 45 40 26 40 30 16 16 32 42 34 47 25 27 20 26 35 34 39 46 38 30 23 42 37 48 25 30
22 31 23 27 32 38 30 40 30 28 39 29 28 38 43 27 24 31 25 30 28 44 32 39 42 26 45 25 37 36 29 35 29 32 40 46 33 32 32 33 33 39 30 31 37 35 24 35 19 45 25 39 36 20 35 42 42 22 38 32 30 23 33 42 28 23 36 37 38 35 24 26 19 44 37 33 38 34 35 41 31 27 35 32 28 42 30 36 37 27 34 25 28 27 25 10 23 27 12 25
26 29 30 25 34 35 34 44 44 34 31 29 34 34 38 25 32 40 29 26 30 31 41 24 32 21 37 29 46 39 46 33 38 39 38 30 31 37 31 28 22 24 37 32 29 32 33 41 30 30 40 27 42 42 23 31 38 34 40 31 28 24 37 34 43 30 40 30 35 42 26 32 29 20 25 31 39 35 30 32 32 18 37 46 26 33 44 35 37 22 39 41 26 42 43 38 34 34 33 22
34 43 34 29 34 39 34 39 37 37 41 36 37 49 46 50 33 34 37 45 35 28 40 35 32 32 23 24 26 46 38 41 33 28 33 46 43 38 28 31 36 39 25 31 28 28 36 28 38 33 33 41 29 31 27 35 27 44 45 41 29 38 27 29 35 26 25 45 28 27 40 32 32 29 28 23 33 35 26 34 36 28 34 32 40 42 41 38 33 32 39 31 46 37 40 34 33 37 27 28
39 33 33 40 42 39 21 36 31 36 33 39 32 22 30 32 30 22 25 25 40 42 35 28 36 43 27 30 30 23 45 28 24 42 40 41 33 26 31 36 34 31 43 36 44 32 38 38 23 28 36 37 41 20 29 30 30 21 21 28 27 29 14 39 16 46 29 38 37 33 27 24 29 25 31 42 21 44 35 38 32 21 31 47 32 30 35 27 31 30 23 28 25 38 26 25 32 21 26 29
42 37 34 31 40 32 35 37 28 32 43 38 31 41 35 27 20 29 44 34 28 38 21 38 37 34 28 35 28 38 31 36 42 24 24 32 27 30 26 26 36 35 39 33 28 28 27 44 33 31 26 36 43 28 34 41 25 26 35 57 33 33 31 25 42 36 38 34 33 35 29 33 33 39 31 39 46 28 36 26 34 29 40 42 31 23 32 43 46 39 33 31 41 36 33 38 38 33 28 33
33 37 26 20 16 27 26 34 34 32 31 37 37 36 17 38 37 24 33 40 22 31 26 32 34 22 40 29 28 32 38 35 25 40 27 32 32 41 46 39 27 40 46 37 48 33 30 29 34 39 40 30 34 25 23 38 50 43 31 42 31 30 31 33 46 17 33 33 37 45 28 43 58 43 32 32 43 30 22 42 37 35 36 37 34 30 38 32 37 30 34 26 28 39 29 33 43 28 36 26
28 32 42 36 42 34 31 18 72 81 85 39 49 11 24 24 19 25 27 37 44 30 27 26 35 31 27 27 31 22 24 35 20 28 33 32 33 25 30 33 26 25 26 27 39 41 30 32 25 31 19 26 32 37 32 33 41 38 23 34 43 25 39 28 31 22 40 37 38 42 39 35 43 5 11 25 27 29 30 46 29 32 41 37 34 35 33 27 29 38 45 26 40 36 30 45 34 35 39 50
46 34 31 28 33 41 32 33 31 36 24 37 36 22 40 34 41 32 33 46 36 34 33 43 47 29 41 45 25 31 41 26 29 38 27 29 31 32 36 28 46 20 41 35 26 34 28 33 24 42 35 37 47 47 35 29 40 34 54 47 39 25 35 28 34 35 35 27 37 36 37 33 25 32 18 41 37 26 45 28 34 19 35 37 30 37 32 36 27 23 32 31 23 25 37 25 38 30 23 46
31 27 32 40 29 34 40 20 28 36 31 33 33 25 33 22 40 26 41 22 31 29 40 37 38 40 33 39 35 24 29 26 33 30 35 42 35 38 22 40 31 43 31 37 41 23 44 27 30 32 43 40 46 48 33 36 12 38 29 33 33 32 39 32 39 34 35 29 33 38 36 26 26 37 33 33 34 31 30 39 32 30 33 38 34 17 36 35 37 20 30 32 17 31 32 35 34 31 51 28
30 35 47 31 25 38 25 31 31 30 23 25 33 26 25 41 36 22 51 38 37 43 49 29 35 33 39 57 37 33 29 35 41 33 24 35 38 30 42 40 43 47 29 32 22 40 39 31 44 29 31 38 49 28 32 31 46 25 37 42 27 38 37 24 40 39 44 43 23 26 39 33 39 53 40 34 29 18 39 31 45 31 28 31 29 22 27 35 34 24 28 32 28 31 30 31 37 34 27 40
35 21 27 34 38 36 34 27 37 32 29 33 44 36 42 27 27 25 34 23 22 28 47 17 32 43 32 34 40 41 32 35 30 30 37 37 29 39 33 27 34 35 34 41 37 39 39 37 31 38 33 44 48 22 33 39 34 33 24 31 16 34 44 39 35 25 35 36 42 34 37 28 32 39 35 25 33 37 35 39 29 32 36 41 32 42 37 37 36 39 40 23 24 36 31 31 36 34 31 38
36 39 31 26 32 36 41 32 38 42 21 30 27 35 35 33 25 29 39 25 39 30 37 33 38 20 38 31 24 21 35 34 38 35 37 30 28 37 31 33 37 40 35 26 36 27 17 26 34 42 19 37 30 41 32 38 29 40 45 23 32 29 27 28 39 46 40 38 32 40 22 28 36 33 48 40 35 23 25 28 29 31 26 38 36 29 45 30 38 21 32 29 31 40 36 36 28 44 44 34
45 37 29 26 30 34 35 52 35 34 18 34 40 39 33 42 33 36 39 22 35 25 29 32 31 31 40 34 32 38 39 35 31 36 31 22 33 30 38 32 34 48 30 23 36 37 29 32 32 38 29 21 29 38 30 25 26 28 36 32 35 27 37 35 22 35 30 37 30 36 32 28 40 37 37 33 25 22 44 32 25 35 40 31 36 33 36 34 23 35 33 29 33 38 39 37 38 38 35 39
32 39 45 34 29 35 28 30 29 40 37 34 27 23 40 38 30 24 39 41 33 32 31 41 38 28 34 29 30 38 29 35 40 39 33 33 29 40 29 30 30 31 26 31 25 23 38 32 28 21 14 27 16 32 32 31 30 30 37 31 52 33 23 34 26 34 33 38 35 37 44 18 43 29 28 30 44 36 30 29 41 41 34 25 43 43 28 28 21 38 44 39 35 41 30 35 37 24 30 34
35 43 42 33 37 46 30 41 38 29 39 26 39 33 29 40 34 35 37 41 32 43 32 24 30 40 42 37 28 39 37 46 46 39 20 29 31 24 38 24 26 39 32 34 47 45 18 29 33 21 36 39 36 37 43 37 49 40 32 35 36 23 26 33 41 48 44 24 32 49 32 31 48 29 34 40 28 34 22 36 23 31 32 40 41 45 43 38 32 42 45 38 38 34 15 25 29 33 35 18
35 36 22 28 32 33 23 38 30 39 26 28 31 30 31 34 35 38 27 31 35 39 44 38 30 34 33 33 29 29 36 20 33 26 45 37 30 35 37 29 27 38 39 27 37 37 34 24 24 21 35 34 44 39 36 40 35 31 32 38 38 42 42 34 34 31 37 35 33 42 31 33 34 27 29 40 32 34 36 32 35 29 22 37 41 34 30 34 31 31 31 22 34 25 29 28 16 30 44 33
27 30 42 29 31 31 26 33 48 25 41 37 31 41 39 40 38 36 38 36 35 50 24 24 47 32 28 32 46 28 35 34 32 37 37 55 36 34 39 20 38 33 31 37 36 29 35 40 59 22 30 27 23 28 19 35 30 30 25 33 33 44 36 30 42 44 28 14 36 35 47 28 45 41 35 32 32 29 44 30 34 31 40 21 24 37 33 31 37 35 32 28 25 21 35 44 33 32 38 26
31 11 34 35 41 41 32 35 35 30 25 38 24 24 40 35 36 45 20 30 29 39 29 34 26 26 40 39 29 36 35 29 27 36 26 28 40 43 32 44 42 23 34 16 38 32 30 35 41 36 31 31 39 22 7 31 26 31 37 58 37 17 29 20 39 35 30 36 38 33 24 42 17 31 26 39 28 33 28 28 37 36 32 19 27 34 30 33 31 36 33 34 29 36 36 36 31 30 27 44
35 37 32 35 31 36 40 38 35 22 28 44 44 21 35 30 32 36 4 37 45 37 21 29 34 35 44 37 29 35 26 42 29 26 24 28 27 41 46 24 37 37 32 23 27 35 25 29 29 33 36 34 35 26 27 39 21 32 35 29 38 34 37 35 10 34 34 27 34 36 31 31 34 39 27 29 27 28 20 42 33 26 45 38 31 32 35 28 22 26 33 30 28 35 44 45 36 36 40 37
34 37 43 40 29 37 37 37 23 35 35 33 28 42 27 32 30 41 28 47 29 18 29 45 42 34 32 46 42 38 26 30 27 22 24 21 34 47 39 27 30 34 31 31 24 33 31 23 41 44 26 24 27 40 37 44 49 32 25 34 26 23 52 27 39 38 39 38 30 40 35 31 40 40 37 40 32 33 32 37 41 38 39 37 28 34 16 30 27 37 31 26 39 28 44 26 28 30 33 27
25 27 37 35 35 27 41 31 30 31 32 33 21 46 32 36 29 34 49 42 30 23 22 31 29 33 24 29 27 24 33 35 34 36 21 30 30 30 28 30 28 25 32 34 41 28 31 27 27 31 40 34 18 28 42 31 36 34 27 39 55 33 35 29 32 44 28 26 40 37 19 28 43 32 40 24 45 28 41 27 31 34 27 32 22 39 32 26 17 27 30 38 27 31 42 34 37 30 24 33
33 32 37 32 36 32 43 39 27 33 27 50 35 45 32 27 8 35 35 35 29 24 30 44 35 38 33 23 34 37 33 41 29 40 33 36 30 45 53 44 35 37 40 27 24 32 35 41 27 27 32 30 28 44 24 20 23 35 39 27 24 25 41 34 34 31 35 27 42 33 39 48 29 32 35 34 32 35 48 42 30 38 17 34 20 41 40 22 23 33 19 24 31 31 49 32 42 33 38 30
25 29 32 28 40 41 33 42 33 33 36 36 32 30 31 35 19 39 35 25 34 41 35 28 36 42 30 16 28 30 29 20 25 31 39 33 28 37 31 43 37 38 32 32 41 40 34 20 40 37 40 19 32 37 36 37 31 41 36 41 31 31 36 41 42 19 32 33 29 30 40 41 37 30 32 33 36 29 40 32 36 40 27 39 44 39 44 38 37 23 31 34 28 33 28 33 35 32 30 39
34 39 35 28 29 31 31 28 23 30 33 34 35 33 32 27 22 36 28 51 29 33 28 23 38 35 23 38 24 36 39 29 32 26 24 26 24 29 25 36 49 36 27 20 29 23 24 30 31 34 25 30 37 37 41 25 31 38 30 27 40 42 25 22 31 29 32 32 34 36 38 26 37 28 32 37 29 43 38 26 26 33 36 28 33 33 29 38 35 35 24 24 33 37 32 32 27 28 30 25
16 36 31 27 31 31 32 27 33 32 30 30 27 33 36 32 32 26 29 17 26 20 27 35 36 21 39 32 30 26 31 20 34 34 34 19 30 35 39 22 23 37 40 32 44 42 37 40 37 36 22 29                                                
