0.444444444444444 2734 33 37 24 27 38 22 24 30 32 23 31 27 30 30 35 25 33 29 25 41 25 30 25 32 27 28 36 36 20 32 19 30 34 23 27 27 26 24 27 25 31 21 25 29 23 24 25 28 31 27 23 11 31 24 30 17 23 34 25 25 28 24 23 20 34 25 29 26 24 33 21 26 24 29 22 19 16 27 32 37 26 22 43 26 36 32 33 27 37 14 12 30 35 33 22 28 30 25
26 33 31 24 28 30 23 34 26 34 36 24 26 25 31 26 16 23 14 29 24 32 15 28 16 31 31 18 14 24 22 28 32 28 28 30 30 27 32 33 24 35 16 15 29 29 18 29 35 16 25 30 19 20 19 17 17 20 23 19 32 18 28 36 27 35 24 30 27 28 38 26 18 27 26 24 36 15 19 22 26 29 22 35 29 30 31 32 27 23 24 15 24 34 17 29 30 31 38 25
26 34 28 30 26 49 41 31 22 30 24 23 35 26 26 29 18 19 23 16 34 25 15 24 29 22 28 25 34 28 36 31 24 25 24 22 31 25 26 22 31 36 29 27 26 27 26 31 29 19 32 31 18 23 18 38 30 24 31 30 22 30 16 30 27 34 34 33 29 33 22 29 25 22 24 30 31 32 14 25 15 24 23 23 26 30 37 22 29 38 24 23 26 23 23 22 24 23 34 21
31 25 27 27 27 35 24 17 30 34 32 17 36 25 26 21 13 33 22 26 14 29 22 19 32 22 25 16 19 11 32 24 28 25 27 30 31 33 42 34 34 35 23 30 24 28 29 25 26 29 25 23 25 30 29 28 25 37 23 38 29 24 27 26 28 39 26 25 25 41 17 40 26 34 21 22 27 31 20 32 25 27 29 37 30 34 38 27 33 28 26 35 32 26 34 25 26 89 38 30
33 28 29 31 27 29 24 22 22 28 22 32 31 26 26 22 32 21 28 26 24 24 23 26 30 35 16 32 26 24 32 17 33 19 31 23 33 39 38 19 29 22 34 33 32 27 18 31 30 45 30 29 24 20 18 24 33 27 20 29 28 34 28 24 13 24 21 34 36 32 24 24 28 29 21 25 26 22 25 27 32 31 22 14 21 23 29 23 14 14 24 32 27 30 24 28 33 33 34 22
32 27 38 41 36 30 24 21 18 25 27 37 30 34 25 24 29 30 28 24 23 31 17 36 34 25 30 27 28 26 18 30 32 28 32 26 28 21 17 28 24 27 23 20 29 30 26 39 26 24 14 16 23 25 25 29 28 34 20 29 25 21 15 27 20 30 19 26 23 31 24 24 28 19 21 30 29 27 26 24 22 36 30 18 22 31 25 23 24 23 24 26 21 34 29 23 32 19 18 26
32 31 27 35 22 23 20 19 21 20 16 25 17 27 20 32 19 14 20 16 32 22 21 29 21 20 43 27 13 19 24 34 28 31 27 24 23 24 34 30 28 26 26 22 27 22 33 13 37 21 16 27 20 37 33 28 31 29 27 24 33 24 31 22 33 24 28 25 27 21 30 28 31 28 22 30 27 23 23 22 24 22 24 28 18 18 32 18 31 26 32 27 23 27 33 29 25 26 33 24
42 22 25 23 26 26 21 21 29 26 28 30 31 29 26 14 30 26 22 16 22 34 27 34 27 33 21 30 24 21 29 24 134 74 32 37 26 20 30 24 22 31 25 40 27 27 20 32 20 29 28 34 20 21 25 32 32 9 30 25 23 32 27 26 33 29 24 26 31 24 33 26 23 31 15 27 29 37 26 27 34 40 35 35 22 37 35 33 29 25 20 42 25 22 31 23 32 25 25 25
24 20 22 29 27 19 25 28 30 19 28 29 17 35 26 29 30 33 18 36 25 22 41 28 37 32 11 23 29 25 32 29 47 8 30 30 27 16 24 18 26 30 20 25 27 20 31 17 30 26 37 23 13 17 23 14 24 23 25 28 29 25 33 24 26 24 30 23 21 21 18 28 22 28 26 30 34 17 28 30 19 21 40 31 25 25 35 33 24 28 25 27 32 27 31 30 17 23 35 32
29 34 35 30 27 29 39 48 27 25 31 31 30 35 25 29 36 28 29 24 31 38 34 23 34 29 39 35 31 23 35 30 30 37 22 24 32 27 20 31 29 22 30 21 21 24 29 29 27 18 30 34 25 26 22 30 19 24 39 23 30 24 21 23 20 17 30 17 23 24 29 21 24 33 26 31 30 17 30 21 35 35 26 29 24 29 25 33 26 27 27 34 33 30 30 30 19 27 40 28
19 28 27 21 21 15 22 29 41 28 36 21 25 15 30 25 33 25 28 30 25 22 32 28 24 29 24 32 28 30 29 28 17 27 30 27 28 25 29 21 30 23 30 19 21 20 25 23 30 33 29 33 32 18 37 24 31 28 28 32 31 34 34 26 24 22 19 36 44 32 39 25 32 27 28 21 18 21 22 27 27 22 24 25 28 18 20 24 23 26 25 34 34 17 21 39 24 28 26 23
30 35 22 17 20 22 36 29 35 39 16 27 34 18 29 28 24 40 22 26 36 33 18 31 31 27 27 27 23 20 26 29 32 25 25 34 36 22 27 23 29 31 44 35 25 28 31 14 32 36 23 30 24 27 24 23 22 15 17 20 24 23 31 33 31 46 24 37 35 17 29 21 29 31 29 21 29 24 25 23 38 14 27 25 32 31 26 28 32 18 6 31 24 32 23 29 30 31 21 29
18 30 23 29 29 31 24 35 28 19 24 33 23 32 16 27 25 11 27 37 26 27 31 33 28 22 21 32 22 29 25 31 35 27 16 21 31 23 36 27 23 25 28 28 23 22 23 30 27 15 23 28 24 25 21 38 28 37 22 37 29 27 21 35 18 16 23 21 36 30 24 20 30 25 23 24 33 25 30 37 27 32 30 35 31 29 26 33 31 23 21 43 27 27 40 35 25 27 19 28
29 22 31 44 17 29 32 28 30 34 26 41 33 23 26 44 27 36 21 24 39 27 26 33 31 27 12 23 21 26 33 56 28 26 22 31 28 23 34 27 29 28 24 17 21 17 20 25 30 15 34 22 20 24 26 45 34 33 35 32 28 25 35 36 17 35 32 43 30 32 34 30 36 25 19 25 31 30 22 42 34 29 31 26 21 37 22 21 32 31 32 43 25 18 29 31 22 16 23 17
26 24 35 24 31 22 31 28 20 33 14 24 18 18 27 25 14 22 23 29 19 33 23 29 37 22 23 27 29 39 40 27 23 23 35 44 30 32 23 26 29 28 29 29 28 33 31 31 18 24 25 16 26 26 32 24 22 26 35 14 22 30 36 15 35 19 23 29 35 32 28 29 24 32 24 25 32 32 21 29 33 19 16 18 38 28 36 28 27 29 32 16 30 34 33 36 29 31 27 17
35 33 29 37 23 32 33 27 23 25 23 19 36 21 31 30 28 19 23 24 32 22 25 20 26 26 29 24 22 30 17 20 31 29 31 25 33 47 26 26 29 13 16 27 31 31 30 32 24 32 32 16 36 25 23 67 40 27 27 27 38 31 34 25 31 23 36 28 26 24 23 31 26 38 36 29 19 30 32 35 25 32 30 35 25 25 27 29 22 24 20 34 42 36 26 14 19 29 22 27
38 30 32 34 25 20 33 31 30 26 41 23 23 20 23 12 35 33 29 30 20 27 33 35 32 32 27 24 28 21 36 32 22 19 27 26 36 31 29 28 41 31 32 33 17 33 26 40 30 28 34 26 23 26 30 29 32 27 32 28 26 28 29 34 27 28 39 28 25 30 31 32 33 27 30 18 36 33 27 21 27 38 41 27 31 36 28 39 34 20 32 26 26 26 9 26 22 20 30 30
28 25 24 38 19 29 27 32 19 24 29 36 24 18 28 25 42 25 19 22 22 22 31 29 27 30 35 29 17 22 22 27 35 35 39 26 23 18 26 17 34 34 22 33 24 26 26 30 37 26 29 24 30 28 32 20 31 28 29 33 29 30 35 28 37 29 39 39 33 39 31 27 22 32 25 26 32 24 30 19 32 28 26 27 25 24 19 24 23 24 23 24 20 23 22 25 21 25 31 24
27 34 20 37 30 32 27 23 29 27 34 28 28 21 32 26 29 37 27 28 29 23 26 22 20 23 30 21 28 25 37 21 28 23 32 28 30 18 30 32 29 21 27 27 24 27 30 26 33 21 32 29 20 20 27 23 24 26 40 39 28 26 26 35 42 31 23 35 20 22 35 41 35 24 36 21 32 25 25 26 33 38 30 29 22 26 29 28 27 33 28 40 30 23 25 27 30 25 22 28
23 18 27 20 35 28 34 34 30 27 23 25 22 28 29 23 27 27 26 38 34 39 16 27 28 27 23 30 27 29 35 32 47 30 18 16 30 33 39 30 15 28 32 32 44 34 30 37 22 40 34 42 36 28 34 23 24 17 32 35 27 40 35 36 29 33 37 27 27 35 28 30 31 37 24 31 35 28 24 36 20 28 30 40 44 33 31 41 33 38 53 42 50 37 30 19 17 35 44 28
33 38 28 19 27 24 22 19 30 30 18 21 30 25 36 33 18 32 28 29 45 35 19 24 29 27 34 24 21 34 26 24 20 30 29 26 23 21 36 24 35 24 28 23 26 27 17 8 33 31 30 15 25 30 25 25 24 21 30 18 22 26 24 29 21 26 24 24 19 31 19 15 25 23 17 36 28 24 30 28 15 26 24 19 26 16 27 28 17 35 32 26 28 21 31 24 28 28 31 28
28 26 38 14 30 33 23 30 29 32 13 34 22 34 24 23 31 34 31 30 35 26 22 26 25 31 33 19 32 19 16 27 31 24 26 34 33 30 16 31 30 29 22 12 35 30 30 31 26 31 22 29 30 26 19 26 26 27 19 32 28 24 37 23 35 25 32 25 21 25 27 37 29 22 25 28 30 28 30 31 27 27 24 31 15 21 25 22 24 34 40 22 25 26 26 35 24 20 24 21
28 19 17 25 14 31 22 33 23 18 19 31 32 30 27 28 13 21 26 20 25 24 28 20 23 24 25 19 32 21 24 27 19 22 33 17 18 32 24 28 34 30 26 21 24 27 16 28 24 25 25 31 25 27 36 29 19 25 23 29 24 37 38 27 27 26 22 34 31 32 35 25 26 26 24 31 28 30 23 26 27 20 28 25 30 34 32 30 19 24 23 24 25 22 23 20 41 24 21 21
31 30 34 16 26 29 27 24 23 24 26 28 24 32 20 32 32 22 35 24 33 28 7 26 31 32 19 22 29 30 21 22 30 16 34 29 23 24 26 24 32 29 27 17 23 22 27 28 25 20 24 42 22 13 19 28 30 25 23 20 26 33 25 19 30 22 22 33 27 42 30 28 23 25 24 25 27 25 35 35 22 21 33 30 32 26 27 23 33 23 19 21 29 23 18 23 22 29 23 19
27 28 27 26 25 18 27 12 27 27 36 29 27 21 13 23 31 30 31 30 32 22 31 29 44 28 27 28 27 28 15 27 23 31 27 25 29 34 16 36 24 34 25 28 25 23 24 37 23 43 21 21 27 19 28 28 24 25 22 13 29 30 31 28 26 29 24 27 26 20 13 38 16 32 31 34 29 41 31 41 25 25 33 11 13 19 23 37 19 14 22 32 26 25 30 32 28 33 38 21
31 29 17 21 24 17 32 31 23 40 26 33 27 33 28 32 18 27 34 30 23 22 30 41 34 30 33 39 31 25 32 35 41 26 28 16 31 20 28 32 15 29 28 20 29 27 28 29 33 40 31 32 32 33 42 33 25 33 23 22 28 36 32 21 28 20 18 13 16 33 27 33 24 16 27 36 34 24 26 30 22 20 21 33 18 24 31 30 29 32 31 32 21 24 22 17 21 29 30 28
21 24 30 34 25 32 28 35 28 27 31 37 19 34 31 23 28 26 23 33 35 35 26 31 29 34 24 30 26 35 37 21 32 35 32 20 17 29 28 24 16 28 34 36 24 30 29 28 25 26 37 25 32 18 32 18 28 20 21 34 18 30 29 28 30 23 31 32 35 27 35 31 38 42 20 23 31 26 24 26 30 27 29 17 33 34 26 30 23 22 30 37 37 32 48 37 26 31 33 27
35 31 22 25 25 19 17 26 25 26 24 25 30 31 25 24 27 20 21 20 28 18 24 20 25 30 25 37 26 17 30 28 27 39 36 27                                                                
