0.466666666666667 1823 50 44 37 41 37 44 66 39 52 33 36 35 34 39 32 42 47 41 48 22 46 34 45 42 12 33 27 47 27 24 39 45 33 34 44 46 31 42 31 20 38 25 27 30 30 29 48 44 37 49 45 37 37 52 45 32 32 28 46 28 34 36 37 41 42 32 36 48 42 42 41 50 42 31 43 29 28 40 31 44 26 33 29 41 44 9 34 37 28 29 35 40 42 40 37 35 39 33
25 24 32 30 30 34 34 29 35 34 29 37 39 38 38 31 30 34 33 36 42 27 32 33 45 38 39 45 27 38 43 35 41 33 35 44 33 33 40 38 31 32 30 46 28 34 36 36 92 70 46 34 39 40 47 40 35 26 40 41 39 27 35 39 45 41 34 45 37 28 47 28 35 45 43 43 37 41 40 30 49 42 31 36 29 41 29 34 37 30 49 42 37 37 32 44 48 24 36 41
34 39 40 52 42 30 44 30 30 44 52 32 39 37 26 40 39 34 32 46 36 19 40 40 32 29 40 39 30 39 29 32 34 39 56 26 35 34 42 39 18 32 30 29 43 34 44 42 36 39 32 43 46 31 32 39 41 34 40 46 43 38 34 35 35 38 35 24 48 47 23 35 42 34 40 33 41 30 47 25 42 32 30 37 25 33 27 34 31 38 43 29 48 30 47 42 38 30 30 30
39 31 21 40 36 33 22 22 32 36 42 40 29 33 40 24 32 41 42 35 38 31 37 37 34 36 34 28 42 40 42 35 43 39 40 36 23 52 33 35 26 35 25 38 35 27 34 37 47 41 35 28 45 39 35 35 35 43 42 30 38 33 34 34 28 28 50 38 39 29 32 33 43 37 39 33 31 40 37 45 42 37 30 42 27 32 31 44 36 25 45 41 43 39 34 30 26 26 32 32
25 29 42 27 31 33 27 33 31 33 37 43 27 37 12 39 35 28 33 37 41 45 36 41 40 33 31 33 36 36 33 33 26 31 36 24 41 39 36 43 32 44 37 42 23 29 31 31 14 35 39 37 21 31 37 37 34 31 20 31 46 39 39 38 34 39 42 52 51 35 50 44 32 39 37 43 30 30 19 19 33 26 30 42 35 33 23 26 38 35 21 34 36 25 31 33 30 53 28 41
28 38 44 46 31 29 31 46 33 36 34 27 40 33 37 30 34 34 45 29 44 36 33 43 38 48 39 46 35 34 32 28 30 42 29 40 40 33 31 21 33 34 34 31 42 32 30 46 30 32 37 41 42 33 36 19 60 39 50 38 33 35 35 23 38 50 36 38 32 44 83 60 38 38 36 32 32 37 41 30 37 36 36 31 20 46 25 28 18 26 34 38 37 35 39 75 20 34 22 33
39 33 35 23 43 34 53 28 29 31 32 39 32 30 29 27 31 35 54 33 40 42 48 31 44 34 50 39 38 35 45 32 39 23 44 51 38 31 33 42 29 38 41 38 31 33 43 35 39 46 28 39 38 57 37 42 45 31 40 16 34 28 27 27 36 19 42 47 48 31 29 33 31 37 43 50 40 27 39 33 46 34 36 35 35 31 34 38 50 38 32 38 38 40 49 35 34 44 39 31
36 37 45 32 55 48 43 48 35 45 33 32 39 37 33 26 18 25 44 19 45 38 44 33 47 39 39 45 36 54 29 33 39 34 47 35 35 52 50 35 42 32 41 48 34 33 38 38 27 29 39 28 30 32 44 28 27 27 48 37 37 38 34 39 42 25 37 33 38 31 45 42 32 55 37 42 41 34 33 35 43 46 43 41 41 29 38 40 43 41 26 27 39 33 45 40 40 40 46 25
34 46 32 36 38 45 48 42 43 32 20 39 41 38 34 40 37 35 30 37 36 41 40 41 35 37 26 36 48 38 30 36 30 32 41 29 24 33 41 36 44 36 30 29 28 30 37 26 36 38 41 33 35 41 29 36 24 49 35 36 26 38 44 33 38 30 25 40 36 37 45 50 38 42 27 34 39 44 34 30 40 25 34 35 37 33 36 36 39 44 39 17 28 31 34 28 32 33 36 50
38 41 31 33 38 41 43 50 46 44 48 49 29 39 41 33 30 63 37 34 40 35 27 46 29 38 37 42 40 33 51 45 30 44 48 30 33 44 29 27 39 27 21 33 38 22 22 36 41 32 35 37 35 40 29 28 37 38 28 30 36 45 42 39 35 29 25 33 43 38 36 35 23 29 29 29 22 28 34 31 32 33 40 41 37 28 28 29 28 29 33 21 42 37 31 43 27 37 30 23
42 35 33 42 49 37 48 30 33 33 34 27 31 31 37 34 36 30 37 35 40 22 29 26 36 40 47 34 36 38 49 35 37 26 32 29 42 49 35 35 29 38 32 31 31 30 27 42 41 27 44 39 32 50 46 40 52 44 58 41 52 27 38 36 35 36 41 41 33 34 44 29 17 47 31 29 26 34 34 41 46 18 44 27 38 40 40 48 40 37 38 29 31 32 38 41 33 41 36 35
44 47 38 55 38 30 22 47 38 29 45 47 28 37 40 36 47 43 36 47 37 33 38 27 51 41 42 38 38 38 35 39 30 52 42 32 34 36 30 38 24 30 35 33 42 34 35 30 24 40 30 33 43 33 35 42 29 33 27 35 29 40 36 45 33 30 35 32 52 43 32 42 25 34 37 29 46 28 42 49 36 41 33 43 36 34 46 34 34 35 23 45 33 42 29 36 25 34 42 27
35 33 31 36 29 28 33 36 41 27 29 30 32 34 41 33 33 35 35 47 28 36 30 38 29 37 43 42 45 49 33 26 29 37 40 31 35 44 34 30 21 25 26 33 33 42 34 38 31 29 26 29 27 37 31 48 33 43 31 33 30 39 33 42 20 46 40 34 39 32 39 43 27 32 40 34 33 40 40 46 29 37 32 45 29 36 36 31 37 40 32 36 32 31 25 40 35 32 40 36
38 46 34 42 34 38 44 38 34 34 42 39 49 49 37 29 35 35 42 41 32 30 36 32 49 36 45 40 35 27 31 39 27 47 38 35 73 38 32 43 41 39 29 37 39 26 45 30 33 25 22 42 37 38 36 26 34 34 24 27 36 44 56 36 39 37 34 24 42 38 37 41 41 39 35 39 28 35 30 37 31 23 26 29 43 40 38 38 35 28 40 32 40 37 36 37 42 40 35 40
44 33 45 38 46 37 38 42 33 44 47 34 40 35 27 37 37 46 48 51 37 33 41 43 42 41 40 25 52 38 40 41 41 46 48 32 42 44 32 24 44 34 25 32 35 42 42 33 31 35 36 39 23 30 34 36 31 25 36 16 13 49 26 26 35 34 42 22 33 25 33 29 35 42 34 35 32 45 42 34 33 26 27 43 29 47 32 41 37 45 29 42 42 34 28 41 33 44 34 33
34 41 43 31 48 30 45 32 29 38 23 46 33 38 46 25 28 20 40 41 42 27 36 39 28 47 49 39 45 24 31 41 33 36 37 33 29 42 35 41 46 27 39 38 41 47 41 41 39 24 40 36 34 35 35 33 36 39 40 36 41 29 23 44 24 39 23 39 55 31 27 33 30 30 42 48 35 27 37 35 40 38 35 30 37 36 44 38 35 29 36 36 42 36 35 41 38 32 36 34
36 34 33 32 40 35 32 43 35 42 44 48 32 33 24 27 41 42 38 38 31 57 51 30 44 40 33 37 32 37 41 33 40 28 33 32 42 38 37 33 33 42 34 31 47 41 20 42 34 37 43 22 27 32 29 31 26 30 30 44 47 41 35 49 37 34 32 36 28 42 29 36 27 38 40 50 39 47 34 36 27 43 27 39 38 49 38 43 32 32 34 35 42 37 39 26 25 37 34 40
39 151 41 36 34 44 39 35 38 32 39 31 39 28 38 31 36 39 39 33 41 35 32 31 36 40 32 44 31 24 33 43 40 28 39 29 42 42 41 46 34 29 33 31 32 39 32 32 32 37 34 33 39 49 45 38 41 40 37 31 21 25 34 41 42 35 34 42 33 36 42 38 35 48 42 42 42 47 32 42 45 32 44 38 35 22 35 42 34 39 38 44 33 34 25 38 31 30 35 43
35 29 44 24 13 34 31 43 26 46 30 48 43 30 26 50 30 29 30 47 29 33 26 34 39                                                                           
