0.5 2256 21 18 17 17 20 20 22 20 12 19 23 18 19 11 17 20 23 19 24 16 13 21 19 21 16 24 10 18 21 22 16 15 16 21 14 16 6 21 18 12 21 17 14 12 22 14 21 15 19 18 23 15 14 15 15 13 19 20 21 9 11 16 20 10 11 18 11 17 13 17 19 11 21 17 28 13 17 15 24 32 11 19 14 14 17 21 7 17 20 17 13 17 25 21 18 13 20 17
17 17 22 15 13 16 16 22 14 12 13 11 17 8 15 11 27 31 13 22 13 14 13 12 21 15 19 12 10 16 12 24 21 16 15 16 16 18 14 21 20 25 12 16 9 17 10 13 18 12 28 22 23 18 10 11 18 23 26 12 12 6 15 16 11 17 20 15 20 13 23 17 20 13 24 17 14 13 17 9 15 12 23 10 10 13 12 15 27 20 11 10 18 17 19 18 19 25 15 19
16 18 10 12 15 15 21 19 19 17 12 27 12 14 14 18 16 16 18 18 17 13 12 21 15 20 21 17 6 12 17 14 20 19 16 20 16 15 12 27 21 18 12 14 16 15 24 28 19 17 14 17 26 20 18 16 19 15 18 18 17 9 19 19 19 12 13 19 15 11 20 22 16 17 19 10 13 17 15 13 13 16 17 17 14 11 21 14 8 12 20 20 19 14 13 17 13 15 19 18
21 15 21 13 9 19 15 15 10 14 24 14 15 13 12 9 17 19 19 12 17 17 11 16 21 17 19 12 26 20 9 14 18 19 20 17 8 12 11 17 19 13 19 14 22 19 21 21 17 18 20 23 22 14 7 17 18 22 18 18 18 15 19 26 23 18 12 20 18 13 18 19 18 14 20 19 17 14 18 25 18 19 18 12 16 12 17 21 17 22 20 18 10 9 9 21 19 20 14 7
19 10 15 20 22 17 15 14 15 17 14 11 8 16 29 14 23 22 17 15 19 20 12 21 24 17 16 20 18 29 14 16 11 19 12 13 13 20 14 27 21 14 25 13 21 16 23 21 20 13 16 16 23 19 19 12 19 16 16 13 13 22 16 12 12 16 20 10 20 18 16 13 17 23 11 14 12 9 13 11 19 18 11 24 18 14 17 12 13 19 24 12 15 10 16 9 11 17 14 23
20 18 17 17 17 21 28 10 14 19 19 18 23 20 17 25 25 19 19 25 16 22 26 20 14 18 26 16 18 17 15 14 19 14 20 29 10 12 13 11 8 21 21 15 17 20 14 12 23 20 18 20 22 18 10 22 27 18 23 25 22 22 16 18 19 11 13 13 18 15 29 19 10 20 25 20 20 20 17 22 19 17 21 17 10 11 22 28 62 50 42 49 18 17 19 17 19 25 18 16
21 16 13 14 20 23 24 13 20 15 24 11 18 23 21 8 19 13 13 14 21 15 17 19 19 12 20 12 25 17 24 14 36 19 18 14 11 25 23 22 18 30 17 19 26 17 22 14 11 16 20 14 16 15 21 27 21 14 21 21 22 21 15 14 20 30 18 22 14 16 25 10 26 13 15 23 23 17 18 20 13 22 27 19 14 11 19 18 24 18 20 19 13 30 16 15 20 13 17 15
14 22 16 22 20 13 13 15 29 20 25 20 19 16 24 14 17 17 29 30 17 18 24 21 12 18 17 16 14 10 16 17 29 23 28 16 22 25 15 18 18 14 25 16 21 18 21 17 27 20 15 15 17 10 15 16 14 18 18 30 20 20 26 14 21 14 11 15 24 21 23 12 19 22 16 18 13 16 17 8 15 16 12 20 16 18 12 16 14 13 22 19 19 19 13 18 18 22 21 19
23 11 13 15 20 13 16 16 20 17 15 15 19 15 14 19 19 13 10 17 11 15 13 17 23 21 16 18 24 17 13 20 20 22 20 19 18 18 19 20 18 19 20 19 21 17 32 23 16 11 9 17 22 16 9 12 16 13 28 18 29 27 17 13 17 21 15 19 15 29 28 22 23 22 19 24 9 13 11 16 17 20 12 11 20 16 19 16 12 12 17 17 9 16 13 20 24 22 22 20
13 7 8 21 16 14 15 18 19 19 20 24 12 13 15 19 12 17 24 21 21 20 13 13 21 20 21 16 21 14 14 18 13 15 22 14 12 10 28 19 12 14 20 18 24 19 12 14 13 16 15 12 23 18 25 17 20 24 16 20 14 18 17 14 18 14 22 16 17 12 17 19 23 14 14 14 28 14 16 27 25 11 20 22 13 8 10 11 15 20 13 11 15 17 19 16 16 14 15 23
17 22 20 16 18 19 22 19 18 15 10 16 17 15 7 11 15 14 16 18 24 12 16 22 15 24 8 9 12 15 13 24 14 22 19 14 8 23 16 17 14 17 12 16 26 27 17 19 17 17 16 18 18 16 20 15 16 17 21 21 18 18 18 9 9 16 12 17 14 17 14 16 25 20 14 18 27 14 18 14 16 21 11 23 16 12 20 20 17 20 30 18 21 23 13 20 21 19 18 30
16 16 18 16 19 14 11 12 15 15 18 12 19 8 19 21 11 14 19 14 20 17 12 21 24 21 13 19 18 28 11 22 20 67 19 24 28 16 18 13 17 22 23 16 15 21 27 17 14 16 23 19 21 16 23 22 20 18 22 13 19 28 14 15 12 20 25 18 20 13 13 21 12 12 9 21 10 13 11 29 19 16 16 12 17 10 21 20 12 17 18 13 15 14 24 11 19 26 19 21
20 17 12 19 17 25 11 21 17 16 12 13 12 19 17 10 18 18 13 8 16 13 14 16 22 18 17 18 19 13 18 23 26 20 24 16 13 16 13 17 15 15 17 10 21 13 27 19 10 18 28 22 18 10 12 21 16 20 18 14 11 18 19 13 13 15 17 17 15 14 13 16 15 15 19 19 24 17 10 17 19 14 15 18 14 21 16 11 10 15 9 15 15 15 21 21 10 17 17 19
12 13 18 20 26 24 17 19 17 16 20 15 12 20 12 19 20 21 17 14 21 14 18 15 27 27 12 15 19 12 22 17 16 17 21 18 13 19 15 16 19 11 10 21 21 20 11 14 19 19 18 14 16 15 29 18 9 21 12 18 21 10 18 18 16 15 18 16 14 16 12 18 21 15 18 11 11 16 20 23 14 15 18 20 14 18 17 15 19 18 21 12 24 17 16 17 20 20 16 11
12 16 16 15 12 15 15 14 22 17 15 22 23 9 21 16 14 18 13 13 6 25 24 12 17 16 14 17 16 13 21 20 11 15 18 17 13 19 16 10 16 19 12 16 19 22 21 19 22 17 18 26 17 13 19 12 18 21 18 19 12 19 17 28 11 18 17 11 9 14 24 24 17 12 15 13 10 18 20 15 11 18 7 20 15 21 11 17 7 8 14 14 26 18 24 19 14 18 12 21
23 31 17 14 15 16 14 13 18 21 21 16 10 25 30 19 10 12 14 14 19 14 22 19 18 18 18 17 10 18 16 16 14 18 18 20 18 14 22 12 24 14 12 14 14 11 16 13 16 16 13 22 11 14 13 21 16 12 22 16 25 12 10 21 18 13 23 12 8 9 18 19 15 17 20 15 7 27 24 14 16 16 17 14 12 15 22 20 17 15 23 13 21 22 12 19 20 15 23 14
20 15 18 13 15 19 24 15 16 21 22 15 17 21 22 20 24 10 15 14 22 23 15 18 27 13 18 13 30 16 18 27 16 7 10 17 16 18 18 15 14 14 12 12 20 12 10 16 24 15 25 10 16 13 19 18 14 23 9 24 18 11 25 15 12 14 7 13 13 15 19 25 15 15 15 17 13 20 19 16 16 24 24 11 22 16 16 19 16 21 14 15 12 10 17 11 9 13 14 25
17 16 14 10 15 14 28 13 19 17 9 18 15 14 19 23 22 21 14 27 17 20 9 19 19 14 13 17 13 22 13 19 24 17 18 15 18 15 19 16 11 25 16 18 16 14 22 20 13 16 20 18 17 13 20 20 20 26 16 14 17 21 12 12 20 14 13 18 16 18 20 27 18 15 16 13 17 16 23 20 20 18 15 16 11 18 18 14 20 8 23 9 20 18 16 19 19 21 16 28
17 21 19 12 17 15 17 19 22 15 19 21 17 16 14 14 8 14 19 22 14 19 19 9 13 15 17 13 29 19 21 10 16 20 14 21 10 24 15 24 12 17 17 11 13 23 21 22 14 18 10 19 17 23 19 20 24 16 20 14 21 22 30 20 15 14 8 23 19 18 13 15 21 21 19 25 16 18 24 23 14 19 29 14 22 14 12 18 14 17 13 10 25 12 20 19 18 23 14 12
15 22 11 9 26 22 18 15 28 15 19 12 17 10 20 16 15 14 24 15 12 16 19 10 14 13 14 18 18 11 15 18 14 15 21 14 12 19 19 14 19 26 14 15 16 18 15 27 27 18 16 22 17 12 10 20 16 17 20 14 21 16 15 13 18 23 11 17 16 16 23 13 18 20 20 21 16 14 26 20 22 21 16 25 16 25 17 12 16 15 16 19 17 15 25 16 18 16 19 22
25 12 10 12 15 17 17 11 13 19 10 19 16 19 15 11 14 19 14 10 16 37 27 19 18 25 14 14 17 21 14 22 22 22 17 19 18 23 15 20 18 13 21 24 20 20 14 20 13 18 27 20 13 14 19 23 24 25 22 10 18 22 17 13 18 17 20 20 19 22 18 20 18 12 11 15 20 13 11 21 10 15 8 20 14 13 14 10 22 16 15 16 17 17 10 16 14 18 10 14
15 12 10 16 10 16 15 10 15 15 12 21 20 10 19 17 16 12 14 17 20 22 23 17 16 12 16 18 18 13 12 13 18 18 18 12 16 19 16 10 23 12 14 15 16 13 12 10 17 19 14 11 18 12 9 12 24 15 15 13 14 12 13 8 9 14 17 10 13 8 11 15 10 13 18 12 15 15 18 19 13 23 14 19 7 15 17 24 22 9 12 15 10 15 34 15 21 10 19 21
15 13 10 13 13 24 14 12 16 11 11 19 20 19 14 12 13 17 11 10 19 15 14 12 18 17 20 21 19 14 12 22 12 18 13 10 20 18 19 18 10 13 14 19 12 16 18 12 16 14 11 15 16 19 16 17 10 17                                          
