0.387096774193548 995 34 31 23 20 34 39 41 42 34 24 29 34 38 38 44 42 34 33 37 36 31 31 39 34 29 31 35 36 29 35 30 31 24 31 36 36 29 31 26 36 35 36 42 35 23 34 38 27 33 29 25 28 42 25 31 26 32 33 35 28 16 41 35 33 27 48 32 46 43 27 33 31 30 20 26 31 21 27 28 25 34 29 35 33 21 23 25 30 32 43 22 27 29 31 37 26 23 31
22 27 19 27 30 25 22 39 21 35 37 30 31 33 23 36 30 38 21 37 29 23 39 29 36 31 26 28 34 24 28 33 35 35 27 29 35 31 36 28 27 29 31 30 32 25 36 34 34 29 30 36 22 47 35 37 28 46 32 31 42 33 34 24 31 24 38 29 23 31 20 32 20 45 30 29 33 32 29 30 25 41 32 38 27 23 49 30 37 38 35 30 25 36 33 37 21 38 41 32
29 35 24 24 43 44 33 21 36 37 28 34 28 34 38 33 29 26 22 39 28 31 27 35 30 31 28 31 28 29 41 32 22 31 28 29 37 29 19 30 30 33 31 35 23 34 34 31 36 24 36 36 34 36 30 34 39 31 28 18 19 31 28 35 36 26 23 29 30 26 34 35 31 28 31 25 23 31 25 17 23 27 38 38 37 51 34 32 28 33 79 37 26 30 38 35 17 35 32 37
26 35 34 33 34 36 36 39 36 27 33 28 36 22 33 37 22 26 34 28 28 26 26 33 23 24 42 36 30 31 44 25 56 44 36 32 18 43 31 32 33 29 27 36 37 30 31 45 22 35 30 32 33 24 27 24 33 27 35 28 37 32 40 27 29 28 25 41 52 41 39 17 25 31 32 33 31 36 35 43 38 39 46 28 25 22 34 29 31 31 21 36 36 31 27 29 43 23 34 33
31 32 42 24 18 39 51 24 40 32 40 42 38 30 32 25 37 30 30 34 34 39 39 20 42 40 38 40 34 31 50 26 36 27 43 29 30 34 24 30 40 36 29 31 31 33 28 27 37 33 26 32 33 42 29 34 31 37 41 54 22 19 30 35 27 22 28 30 26 20 24 34 36 37 21 30 38 35 40 24 17 30 30 36 31 35 33 33 23 39 29 40 31 40 33 34 42 33 34 27
36 34 27 37 42 35 28 20 40 33 26 40 31 29 29 38 34 35 46 67 32 19 39 32 31 34 29 30 34 25 32 37 38 30 36 33 18 45 29 29 29 41 30 40 29 18 36 23 23 36 37 35 33 34 34 34 33 35 34 22 26 39 27 39 32 29 29 32 36 32 38 39 30 26 25 40 31 27 33 32 31 32 24 31 34 35 32 29 24 29 33 28 35 37 40 34 31 29 26 34
23 30 31 29 28 35 35 31 23 35 28 26 39 32 33 34 30 33 27 34 39 32 27 31 36 41 36 34 27 39 32 29 35 29 22 27 30 30 36 21 20 38 27 31 23 23 34 34 30 23 36 31 26 30 25 28 32 43 26 39 29 44 30 31 39 37 25 29 30 32 35 34 25 31 36 28 20 26 33 43 34 29 29 21 37 28 35 23 29 35 22 35 29 30 25 39 21 25 38 29
23 34 19 30 31 34 38 31 44 33 37 25 21 52 30 33 36 31 25 33 29 31 41 35 38 39 28 35 22 26 30 37 28 24 36 29 26 33 27 34 36 31 23 30 38 34 37 46 31 36 27 27 39 43 40 47 32 26 35 35 37 29 32 35 32 28 42 30 25 36 29 23 26 36 37 22 31 37 48 31 37 27 48 32 28 30 26 41 45 33 34 38 30 25 33 20 42 23 39 43
36 29 31 39 34 34 25 26 38 32 39 35 35 36 42 41 27 27 34 29 33 30 32 26 31 26 28 32 25 43 29 31 24 31 36 31 26 21 36 40 34 37 37 23 25 13 32 32 36 17 29 28 26 24 28 39 33 28 32 43 42 23 36 28 34 43 32 23 32 18 40 23 27 29 44 40 42 37 29 31 34 30 23 30 29 26 25 25 31 30 34 32 15 35 25 33 33 36 25 38
29 29 34 39 27 37 34 32 30 31 23 33 21 28 36 31 24 25 29 36 35 22 32 44 34 32 21 30 35 36 24 22 34 43 29 30 31 35 36 29 47 36 29 15 43 32 44 36 9 14 15 9 14 18 18 14 15 18 18 11 16 16 18 23 15 19 18 22 11 23 18 9 15 17 13 17 19 9 12 12 16 23 21 13 19 15 14 18 9 13 17 11 13 17 10 20 20   
