0.448275862068966 2105 75 31 32 33 36 39 39 30 45 75 31 30 49 40 31 47 50 41 38 25 35 36 39 30 24 39 39 40 24 30 25 41 49 25 29 30 25 20 22 28 16 21 41 32 36 31 25 31 24 33 34 37 27 20 18 28 27 35 39 37 32 29 32 33 36 39 29 36 29 30 34 34 30 24 60 35 35 38 29 31 41 39 49 34 22 29 23 29 34 26 40 35 31 25 32 41 34 36
29 32 35 23 36 21 39 45 30 27 34 23 29 38 30 29 31 27 32 31 44 35 43 28 30 33 30 21 48 45 34 29 18 33 30 43 32 32 32 27 41 30 32 33 48 42 38 41 32 37 41 33 30 41 27 28 35 24 31 28 34 35 30 29 26 19 29 27 33 24 39 41 27 27 40 28 38 32 31 48 38 30 34 25 23 33 33 34 80 65 66 20 22 32 34 31 31 24 36 30
33 35 33 36 42 41 36 33 19 33 30 21 35 29 26 40 30 28 38 30 42 33 28 36 30 42 30 35 28 45 31 21 35 37 34 23 28 48 28 30 29 33 34 32 27 18 39 29 26 42 27 31 34 32 35 26 38 25 36 35 25 31 25 29 28 26 29 37 39 24 33 31 30 27 22 29 41 22 35 43 39 32 38 33 36 32 31 28 33 41 32 39 30 35 30 17 36 25 35 32
32 33 28 27 32 28 33 35 34 24 24 35 26 37 30 34 32 32 24 41 33 38 32 42 30 38 34 31 25 25 21 28 36 36 39 34 30 31 42 25 31 32 29 50 38 26 43 26 30 26 26 51 23 31 39 32 30 40 41 32 34 33 42 31 30 27 24 25 35 31 36 29 34 39 42 30 36 26 45 32 27 37 26 31 32 35 33 32 35 21 24 31 31 31 36 37 28 26 33 31
29 39 41 37 20 31 32 29 35 31 26 31 18 35 30 26 38 27 37 38 28 24 31 34 33 23 24 33 30 32 42 37 30 29 26 25 34 36 42 43 33 32 39 36 29 35 14 19 28 42 27 27 45 33 32 36 33 29 27 24 28 28 30 26 29 35 19 45 33 28 37 36 37 34 17 29 34 41 28 29 25 30 40 38 33 30 25 21 23 36 37 35 40 41 37 31 29 31 23 40
30 42 35 25 28 41 18 44 30 29 28 35 25 35 42 26 26 33 28 35 26 33 29 35 27 22 21 32 25 24 30 38 43 30 27 35 48 40 35 27 11 38 34 40 42 39 30 35 21 24 33 36 30 28 37 23 34 28 31 40 22 27 35 31 31 40 23 34 39 43 35 38 39 46 30 29 33 28 25 20 25 37 37 33 42 39 37 42 51 46 26 24 25 22 22 27 36 35 33 31
37 24 31 35 28 40 25 29 26 38 42 37 27 26 34 38 30 44 26 38 34 31 43 29 30 33 34 30 34 31 31 27 20 32 45 52 36 31 36 43 34 35 30 36 25 18 27 41 34 45 33 36 38 31 35 27 35 37 25 26 38 41 19 50 30 32 42 33 25 27 39 37 43 46 27 40 31 33 34 27 26 77 54 30 22 31 24 46 42 38 36 35 24 36 40 31 29 37 29 36
33 32 33 39 25 37 24 35 40 20 13 21 44 21 29 25 31 22 26 42 41 37 37 38 39 28 27 31 36 37 23 27 37 22 42 19 27 32 29 38 30 36 36 38 28 39 18 41 39 42 21 27 40 30 40 38 24 40 46 34 35 28 32 20 42 26 36 33 37 35 34 25 27 39 34 27 39 21 35 39 21 36 28 15 29 33 25 34 31 32 33 26 27 33 22 30 28 38 39 41
35 33 34 32 33 43 31 32 33 36 29 35 22 34 36 41 31 35 34 49 34 28 32 26 37 43 48 36 34 41 23 33 28 24 36 46 22 33 29 35 43 35 38 36 39 43 45 29 34 32 38 26 27 23 27 23 36 28 20 27 37 28 38 22 46 35 28 29 33 41 25 32 36 28 40 26 22 35 32 29 33 24 27 32 22 25 29 19 37 28 35 37 24 30 41 36 27 34 23 37
35 22 34 30 23 38 29 36 21 36 26 44 32 31 24 25 27 19 33 23 29 31 28 31 34 43 27 23 35 37 26 23 35 37 28 26 39 27 37 34 24 29 28 38 42 28 23 30 28 11 27 46 35 26 31 26 32 42 28 26 23 20 27 28 38 24 35 30 26 41 36 37 34 36 33 29 26 32 31 24 37 31 25 36 31 44 24 31 27 32 33 33 37 26 31 41 34 23 30 22
32 24 32 34 39 27 42 31 26 25 24 36 28 33 38 39 41 36 31 26 33 38 24 34 38 38 29 32 38 32 30 34 34 39 32 29 28 28 46 36 36 36 33 40 29 42 29 32 42 35 34 27 27 43 21 38 33 29 33 36 33 82 32 39 25 34 31 38 31 39 26 29 30 28 41 33 37 37 27 41 40 46 36 40 37 43 34 43 38 41 29 28 27 31 35 34 23 33 30 42
33 47 25 31 34 27 35 32 31 24 39 31 31 29 26 29 31 33 42 41 31 26 23 30 39 26 30 39 26 50 38 31 42 34 23 23 28 30 19 29 30 20 37 43 38 35 25 38 34 41 22 33 34 35 35 35 24 28 27 41 23 32 35 24 36 26 32 34 44 32 34 36 33 29 24 37 35 35 32 34 31 33 35 32 29 22 31 41 32 29 20 39 22 33 28 31 30 37 27 28
32 37 40 26 26 36 29 39 28 35 38 22 34 29 28 22 29 32 27 24 24 23 33 32 33 39 32 24 23 25 29 35 10 41 24 42 42 29 34 22 19 31 21 31 33 34 35 27 34 47 25 23 28 34 36 37 29 24 35 36 43 39 38 37 29 34 26 29 34 34 25 27 39 42 27 34 34 34 29 27 28 31 38 34 35 37 41 13 31 27 30 33 33 23 21 28 30 37 33 29
29 30 29 42 28 32 37 28 40 40 36 33 29 41 30 26 41 40 45 34 39 30 35 40 25 32 30 30 35 26 24 25 35 31 41 39 29 27 30 31 41 42 27 29 23 25 29 28 31 36 28 47 33 34 43 39 35 35 28 38 36 26 36 23 21 31 24 36 19 37 33 23 19 34 24 34 42 40 30 33 30 29 39 37 26 21 34 41 31 30 24 39 34 43 40 34 32 30 35 20
42 37 27 36 42 32 29 35 28 32 36 42 28 25 36 35 38 51 35 37 43 21 27 26 30 46 25 32 27 43 30 33 41 31 38 31 31 28 30 27 26 30 41 24 17 28 33 37 39 31 35 24 27 28 30 27 34 42 32 46 30 30 34 31 28 44 28 31 35 27 34 33 26 43 34 31 27 37 47 17 35 29 34 30 40 28 34 31 36 32 33 27 31 29 18 23 33 28 35 29
35 24 32 30 32 37 21 23 20 41 30 32 34 31 33 31 30 42 31 37 37 34 42 28 22 21 19 25 42 26 31 34 32 35 36 26 63 32 36 40 36 25 32 32 35 26 36 26 27 35 25 28 35 23 40 33 37 40 34 46 32 31 36 22 25 22 28 33 39 26 19 32 33 25 35 32 34 32 35 35 26 27 28 24 39 28 30 32 33 32 31 36 25 31 34 32 32 21 30 29
27 22 25 31 35 34 30 23 40 29 37 37 40 27 39 21 36 33 35 48 27 30 39 34 28 27 41 32 24 25 41 28 40 26 27 26 35 34 28 38 31 46 44 37 24 42 30 16 31 35 27 31 28 37 34 31 34 28 24 29 40 34 47 46 32 42 34 31 21 31 34 24 27 26 36 18 41 21 26 35 29 37 26 33 16 33 35 39 29 28 30 12 23 28 26 32 39 29 26 29
38 25 35 39 25 36 34 31 28 27 34 38 43 31 33 27 36 40 50 40 37 37 28 33 20 21 28 42 46 28 45 33 28 28 34 25 31 34 34 34 32 23 37 39 78 30 37 30 41 36 38 47 27 33 66 30 37 24 33 31 35 32 38 38 36 19 35 27 37 32 26 29 24 24 28 31 30 21 28 35 44 21 28 41 34 32 28 31 28 26 34 27 26 30 37 27 24 35 22 27
36 37 32 33 22 30 37 21 33 32 38 32 29 43 32 46 24 30 35 27 38 26 29 31 30 22 29 38 26 31 29 34 22 32 34 35 36 26 40 36 45 26 32 37 26 27 26 34 27 30 25 31 31 32 32 31 42 38 34 38 33 34 35 44 30 26 30 43 32 39 36 30 37 35 33 34 32 36 37 31 30 38 30 33 31 28 34 24 17 20 31 24 20 36 29 27 38 31 40 33
26 33 26 28 27 30 27 29 25 30 28 44 33 31 35 44 47 23 43 40 25 31 29 31 28 36 26 27 36 24 28 33 37 39 33 30 42 34 27 31 36 35 25 38 38 35 41 41 37 35 32 43 33 51 32 39 34 33 40 32 43 35 31 35 24 38 38 26 38 37 32 32 36 31 34 24 39 36 30 31 28 27 33 34 27 36 20 26 33 30 32 37 26 21 36 27 30 31 18 35
31 32 27 41 34 38 24 29 25 36 33 32 27 31 33 30 37 44 29 7 36 39 32 31 40 34 29 28 28 30 35 23 29 38 31 44 30 37 37 33 30 32 41 28 38 26 41 40 33 41 33 29 32 37 22 25 27 26 32 27 28 41 31 30 32 27 19 33 32 33 39 30 28 32 27 39 20 28 33 38 34 28 25 36 19 18 32 24 31 29 33 36 37 26 27 32 31 35 27 25
26 31 37 28 33 39 41                                                                                             
