0.40625 2476 30 38 28 32 29 32 39 47 17 20 39 32 40 30 27 34 27 34 22 31 34 37 20 32 39 24 38 34 27 37 32 28 44 32 36 44 30 44 39 39 38 24 20 26 23 33 24 31 40 29 28 34 36 37 34 28 26 24 20 22 42 32 18 34 20 26 29 24 34 28 24 28 40 26 30 28 25 29 29 16 30 23 31 23 34 32 10 29 13 35 27 24 38 28 26 24 30 20
29 30 26 30 27 26 36 36 27 23 36 38 15 26 41 18 18 37 26 27 26 26 26 28 36 42 24 21 35 27 32 38 11 35 31 24 19 25 24 27 36 30 27 42 33 34 27 26 26 27 31 24 30 26 32 41 27 25 31 16 32 21 27 33 34 31 29 9 20 40 18 29 32 29 33 17 27 17 27 26 25 31 31 31 25 16 35 31 24 25 32 31 22 36 22 24 35 40 35 37
22 22 31 30 32 38 30 24 25 32 29 32 31 35 26 22 40 28 35 26 38 31 30 23 35 25 26 24 29 26 28 26 32 24 32 31 31 26 36 25 26 29 28 41 26 33 27 31 33 32 29 40 51 40 28 33 36 30 30 28 41 29 28 33 28 29 27 29 43 30 36 37 28 28 18 22 28 32 22 18 34 26 29 28 39 30 22 29 23 25 19 32 42 26 29 25 32 42 34 39
33 31 41 39 36 38 32 26 30 27 25 25 23 39 27 33 37 32 30 29 28 33 23 18 26 18 32 31 21 31 24 24 22 36 27 25 32 39 30 39 22 34 22 37 32 24 38 28 26 39 23 29 25 30 34 31 27 34 35 33 38 18 37 34 23 21 34 26 32 26 28 26 38 30 29 39 30 40 32 19 40 29 21 16 42 34 28 32 12 30 34 31 19 34 33 30 21 37 31 25
19 39 16 26 27 26 32 11 23 18 30 32 27 26 31 35 27 28 39 30 19 30 21 23 29 29 31 36 44 30 28 23 30 29 24 31 24 25 28 28 29 26 32 26 11 35 32 30 12 29 28 29 38 26 23 26 33 32 33 41 25 21 25 29 27 19 33 33 30 27 24 43 35 37 25 20 31 31 29 32 26 43 23 28 34 33 24 27 20 24 28 38 22 26 33 33 38 19 19 25
18 29 26 33 33 21 23 21 24 28 25 30 19 33 22 21 35 31 24 28 38 30 36 25 26 24 26 23 30 23 29 26 30 27 21 24 41 17 30 26 38 28 41 34 22 33 36 27 26 36 29 30 20 23 27 43 37 30 40 27 24 31 32 25 28 30 22 31 20 23 35 25 30 28 30 26 35 18 29 35 20 27 26 14 24 30 29 28 25 16 33 37 21 34 6 30 27 24 18 31
32 27 28 29 28 37 24 30 30 12 45 33 32 24 30 27 36 18 36 27 23 18 21 25 30 23 25 32 25 35 21 17 20 30 34 28 39 31 24 22 27 33 39 36 25 15 36 29 32 25 27 20 35 23 24 26 24 29 28 27 27 26 29 26 29 32 27 34 27 24 27 27 32 31 24 36 36 19 20 27 33 33 44 21 26 38 27 29 32 30 27 31 34 32 28 32 28 24 37 29
29 20 26 29 35 25 15 28 20 25 20 37 30 17 23 18 30 15 46 27 43 35 27 31 31 26 36 31 48 28 43 47 55 36 37 45 25 27 17 22 36 36 23 25 29 31 29 29 28 31 32 25 24 36 23 28 30 36 29 32 30 23 26 22 15 17 21 36 33 37 39 26 25 29 26 13 25 24 23 23 33 36 29 41 24 31 36 32 34 40 32 29 22 28 39 37 25 32 28 44
35 35 20 32 33 31 29 31 21 34 35 38 35 30 21 30 25 28 32 30 27 26 20 34 30 39 33 31 31 29 28 28 35 20 23 39 23 24 40 31 27 31 23 31 28 28 30 26 13 26 30 37 35 28 27 27 28 35 27 19 27 29 33 29 42 35 33 27 33 27 28 32 22 26 18 46 27 33 21 28 34 29 27 37 27 29 28 16 32 32 28 38 29 33 29 37 27 38 27 31
15 39 34 26 21 30 27 37 21 28 32 26 27 36 44 31 29 27 24 27 26 35 24 24 34 28 26 31 28 30 26 30 35 30 28 29 26 29 31 25 29 32 25 28 25 32 24 26 41 29 21 21 33 22 27 38 30 28 38 30 29 33 40 34 34 30 25 22 39 27 30 24 40 26 38 28 23 23 28 31 23 25 15 21 31 33 29 20 31 23 34 20 23 36 24 26 30 41 28 21
22 36 21 30 34 29 29 36 30 32 28 27 25 27 34 32 26 31 29 29 27 25 26 21 26 34 26 16 32 36 18 26 34 29 28 30 28 26 35 21 25 33 6 24 25 32 34 22 31 26 29 34 22 34 31 33 24 26 22 41 25 18 44 27 23 27 33 31 28 29 25 28 25 24 31 25 18 31 22 22 32 23 26 30 25 23 24 32 26 31 28 30 21 30 29 30 16 32 26 41
13 28 20 30 29 30 30 25 28 31 26 36 38 37 33 32 30 39 35 39 29 24 25 24 23 22 26 32 27 31 28 23 36 28 29 24 35 33 30 29 25 31 21 24 29 28 29 39 25 16 36 40 31 23 25 28 31 27 33 21 26 40 29 21 27 26 19 41 27 42 33 21 29 23 28 39 24 24 28 30 36 25 34 29 40 34 30 29 27 29 33 27 31 21 19 25 41 32 34 32
28 26 34 34 29 27 19 23 20 31 34 34 20 36 42 35 31 15 35 24 39 36 55 81 67 43 33 23 27 32 31 35 31 25 31 29 34 25 32 29 25 27 31 26 28 33 30 22 17 26 30 25 21 30 29 37 24 31 46 35 24 29 32 24 29 48 22 30 39 23 33 30 24 27 44 24 13 39 34 29 29 32 36 35 28 21 26 27 26 33 29 32 20 31 24 34 19 22 33 33
29 26 29 31 29 28 33 24 34 29 27 25 28 24 25 37 30 38 34 28 34 30 24 50 23 39 28 34 32 26 41 16 25 30 27 34 28 28 27 24 28 33 34 29 23 22 34 30 22 29 24 29 32 39 26 28 27 16 25 24 29 32 22 23 28 13 30 30 26 17 33 30 26 21 23 22 25 31 35 34 31 20 32 23 26 37 32 34 32 30 16 24 25 25 28 31 33 22 25 22
26 33 30 26 24 23 27 25 29 30 34 17 18 24 25 27 25 39 36 33 26 36 23 30 33 36 37 24 24 32 28 41 28 29 33 33 28 38 47 28 26 27 25 16 24 20 28 20 31 35 38 34 23 32 30 29 31 24 31 35 25 38 42 22 28 44 25 36 42 28 30 38 27 38 34 36 26 31 22 28 29 28 30 29 30 24 31 27 27 42 32 28 28 25 17 31 18 24 28 18
28 33 25 23 33 26 24 23 20 33 35 15 26 20 25 35 28 29 29 22 42 31 30 38 30 23 33 33 36 25 21 24 33 30 33 28 35 22 32 36 27 36 32 20 34 21 28 17 32 24 25 28 27 19 27 30 27 36 21 28 35 29 38 29 23 26 25 26 22 24 27 29 24 20 25 35 20 25 22 26 23 25 23 25 20 32 27 20 36 23 28 31 25 21 43 29 27 30 34 30
26 25 20 31 27 35 32 35 30 27 34 31 32 15 33 21 35 24 23 22 30 18 30 26 32 26 32 24 30 27 28 24 38 36 31 33 27 24 37 34 21 31 26 29 17 29 24 35 22 33 30 28 22 37 16 27 31 43 33 19 32 30 24 32 21 18 29 24 28 23 29 27 43 35 25 17 29 35 31 33 37 27 19 31 25 17 29 44 22 24 36 21 23 23 31 27 22 21 36 25
29 26 25 37 16 28 28 40 32 21 27 41 41 36 23 25 28 30 25 36 42 38 31 26 27 37 28 24 34 32 25 30 23 41 20 34 30 25 33 24 25 20 21 26 12 29 19 32 17 32 27 32 20 41 17 22 31 18 31 30 31 33 31 24 31 21 26 34 41 30 28 30 35 31 26 21 24 36 24 31 28 33 32 32 20 23 26 23 25 24 30 33 25 27 29 18 34 34 52 26
20 35 36 37 50 34 23 23 33 19 36 23 24 38 27 37 24 38 39 36 22 15 32 29 23 38 21 33 15 29 22 31 33 37 24 24 25 35 41 35 34 30 20 25 20 40 26 25 27 26 38 29 24 24 35 27 26 32 30 30 26 29 37 27 22 35 28 20 17 26 23 25 35 22 27 27 28 33 34 30 23 28 27 23 40 37 28 11 35 34 35 30 24 24 26 27 35 22 27 27
32 30 29 34 26 28 23 21 27 42 32 26 36 21 27 26 33 22 28 27 26 25 23 29 32 37 28 49 37 33 20 30 28 16 25 27 34 24 35 27 35 22 29 36 28 24 34 32 12 24 18 24 25 27 37 21 27 26 22 33 35 19 16 30 29 23 27 43 32 34 29 21 23 34 35 30 25 29 34 30 27 10 25 28 28 27 30 41 29 32 32 31 28 27 34 24 21 24 24 31
24 24 30 23 33 19 36 25 23 30 19 27 28 27 23 35 28 29 28 27 28 21 32 39 24 34 28 26 33 29 28 28 29 41 28 23 29 32 22 28 32 21 21 35 28 25 36 42 35 37 35 35 31 31 16 28 30 28 22 21 37 23 31 26 29 36 33 30 29 25 29 24 24 22 24 27 30 50 20 24 18 32 28 29 24 27 41 25 32 28 32 26 29 38 28 16 31 24 27 33
28 18 31 22 26 23 29 31 26 24 14 31 29 23 31 23 35 36 23 21 24 23 36 31 23 33 23 23 30 34 26 33 31 26 35 21 26 31 26 27 25 27 27 32 23 26 33 28 17 23 18 34 39 31 27 26 27 37 27 27 24 22 31 25 19 34 34 28 37 36 26 32 37 29 25 24 18 22 34 28 27 33 20 34 29 29 26 30 24 31 33 17 28 34 19 30 21 28 28 27
29 22 17 21 31 36 17 32 25 31 31 26 20 25 25 42 30 32 28 24 34 32 32 21 24 31 30 35 29 25 29 25 27 24 39 28 32 26 29 26 31 33 30 27 31 27 30 27 21 25 24 44 32 37 21 30 26 20 32 32 35 31 47 28 33 16 30 37 29 34 24 28 40 28 22 35 37 26 22 29 21 24 28 25 32 42 26 33 33 37 38 24 23 41 37 35 28 42 42 41
27 28 32 33 12 38 40 25 27 30 20 28 20 25 31 32 34 32 22 40 31 26 18 35 26 35 30 33 28 34 16 32 24 28 26 40 27 25 19 32 37 26 21 25 31 22 38 36 28 32 21 36 26 20 28 23 31 41 15 28 28 25 19 29 45 17 29 24 27 39 25 30 25 10 24 38 35 13 23 20 25 20 23 31 24 23 26 24 29 30 35 35 39 36 36 39 35 40 29 15
19 25 20 28 34 15 22 26 29 35 29 23 29 35 24 29 23 30 24 20 28 38 23 35 28 26 29 34 30 31 33 26 30 23 31 30 30 37 21 36 28 26 28 24 29 25 25 26 36 30 26 28 27 32 25 27 35 31 23 23 27 29 27 31 31 27 27 26 25 22 37 32 31 30 30 31 29 26                      
