0.368421052631579 3038 16 21 32 27 30 25 20 24 23 14 20 19 22 22 39 10 26 13 26 20 24 17 17 19 23 21 30 26 30 26 26 24 22 25 23 25 32 21 31 29 38 29 29 31 32 32 25 22 28 37 26 32 29 26 27 25 26 27 32 31 26 29 18 31 32 27 26 36 26 22 28 34 26 27 27 26 23 18 21 29 23 23 18 19 38 36 22 17 33 23 22 16 25 27 33 40 30 26
25 19 24 33 29 35 31 30 31 31 25 25 17 24 27 28 14 23 11 24 56 17 22 51 20 37 22 27 27 19 13 19 32 25 29 16 30 32 22 24 28 26 21 39 24 39 25 26 18 25 36 17 24 32 24 35 34 17 23 30 24 32 36 35 26 22 23 39 30 26 26 32 36 39 21 33 22 23 17 17 18 24 11 36 17 25 26 28 26 29 27 22 25 29 16 22 29 28 18 10
24 15 18 28 20 20 18 23 31 24 21 34 26 24 29 29 29 17 38 28 28 30 18 22 36 20 23 25 24 20 31 34 17 26 26 31 22 34 22 22 18 27 24 22 15 25 21 22 23 31 31 35 17 18 17 23 27 20 22 36 24 25 19 26 29 45 25 27 32 18 28 32 24 30 31 27 26 32 27 28 33 32 25 20 21 32 24 28 40 23 32 16 25 11 20 23 15 13 32 21
32 20 20 22 27 18 23 28 31 31 16 11 16 21 17 17 27 27 20 43 12 20 23 25 31 22 31 28 28 24 26 34 19 32 26 30 15 15 28 38 29 21 20 26 29 34 25 23 17 22 26 19 16 23 23 19 22 11 25 30 29 34 20 59 29 20 36 32 23 35 24 34 34 31 29 26 20 22 25 34 20 29 26 27 34 21 19 30 33 29 34 17 18 11 23 33 20 29 22 34
33 29 21 21 13 18 17 19 12 23 22 10 16 13 16 19 25 28 26 26 25 41 29 27 32 23 27 31 29 24 17 25 30 16 33 26 23 28 24 35 30 22 24 31 39 33 23 14 26 34 32 34 26 37 26 32 37 27 28 34 28 29 21 35 30 15 18 11 15 29 32 41 12 25 24 24 36 18 34 8 25 37 23 26 22 15 25 15 25 41 22 14 25 27 25 29 25 42 26 37
30 20 25 20 34 22 34 18 49 22 21 19 40 25 28 40 31 21 24 20 25 28 9 20 19 23 17 24 28 21 19 26 21 20 33 30 27 31 31 26 32 29 28 24 30 30 29 26 33 27 39 28 34 26 21 38 26 35 32 25 20 44 32 37 29 27 30 28 28 31 21 23 28 31 34 22 36 36 15 17 19 20 36 28 20 34 30 27 23 27 18 23 22 26 22 24 23 24 19 18
15 26 33 35 29 23 10 36 28 24 22 22 21 24 18 27 27 20 17 19 28 24 18 33 19 32 30 20 19 24 24 19 29 37 25 16 21 26 21 20 20 20 19 25 27 37 30 34 30 33 23 40 29 33 24 27 32 34 36 33 27 34 39 23 29 28 28 33 33 32 25 30 38 24 28 32 32 41 30 25 22 23 27 36 16 36 31 23 33 39 33 28 23 37 24 26 27 20 43 25
30 34 36 37 34 29 30 20 35 23 41 32 27 28 22 29 31 29 18 28 25 27 31 27 23 23 19 28 20 39 29 19 28 36 29 30 24 33 10 23 35 40 23 19 13 30 20 16 24 31 24 37 35 35 31 40 34 28 35 28 30 31 27 34 29 36 20 32 25 42 29 19 25 26 24 39 29 32 38 35 41 25 14 22 21 25 31 23 33 23 29 30 26 35 32 30 34 29 28 20
20 22 20 13 39 26 29 29 30 35 27 26 27 31 25 31 27 20 29 17 32 25 29 31 23 33 15 29 21 19 21 34 50 38 26 30 27 30 28 18 30 21 20 24 24 40 27 24 24 21 32 26 18 31 28 38 17 17 27 26 33 36 36 21 18 31 31 22 23 36 36 29 34 27 26 27 38 20 17 18 23 24 28 19 35 16 29 24 22 28 19 19 20 20 19 32 33 18 24 21
36 26 17 20 35 28 24 27 33 27 33 32 20 18 24 14 11 32 31 29 25 25 23 18 11 17 18 26 26 46 13 26 32 22 29 22 26 29 26 13 17 19 63 43 70 39 45 34 33 24 13 15 27 21 37 31 34 20 26 36 36 28 28 30 29 32 28 25 22 21 27 26 15 17 30 20 21 16 18 21 29 34 23 20 18 27 26 22 29 22 29 23 16 21 21 22 20 24 19 23
31 20 17 14 15 15 26 20 11 25 12 17 33 20 21 21 11 22 16 14 35 15 19 31 27 22 24 30 30 27 19 28 18 22 14 25 22 23 18 21 21 20 14 20 20 21 16 18 32 24 30 30 39 26 20 42 16 23 23 27 31 19 14 34 21 19 28 27 21 29 29 35 42 29 19 25 27 27 30 22 32 21 27 30 29 21 38 22 13 32 22 25 31 31 23 24 32 26 30 26
29 29 23 17 16 21 24 26 23 23 24 28 27 42 39 37 34 30 36 30 32 26 35 22 29 25 32 30 25 28 31 34 21 32 19 27 23 18 14 20 12 15 21 28 28 18 17 13 21 14 16 28 22 22 21 21 20 28 21 26 39 29 23 21 16 22 26 35 33 13 20 16 17 11 15 15 13 20 13 24 20 48 17 12 12 15 22 13 23 19 14 20 22 18 19 27 24 22 13 28
30 14 21 19 30 31 26 19 33 17 30 23 31 21 22 18 15 26 23 29 25 25 25 33 26 31 37 16 30 29 29 24 29 25 23 36 37 13 20 42 15 21 28 30 20 36 37 30 31 25 29 25 37 33 27 22 24 27 28 29 24 32 30 31 34 14 32 31 12 23 23 23 24 20 13 24 26 33 39 37 48 41 29 28 30 12 20 61 18 32 27 29 30 30 22 31 27 35 23 39
28 28 19 19 15 25 27 23 23 19 38 30 26 27 21 29 18 25 30 15 26 36 17 23 21 24 23 24 38 21 30 22 35 21 26 23 33 28 28 24 40 22 35 26 25 34 31 24 15 18 28 16 33 21 27 28 39 28 25 26 24 27 38 33 27 31 24 21 24 21 28 27 23 28 26 20 17 19 26 25 25 26 23 35 28 19 27 31 26 34 28 23 27 40 32 28 34 21 32 20
27 44 28 38 28 21 29 27 27 25 25 13 22 26 31 28 22 25 12 26 29 15 19 45 25 28 29 20 19 22 33 36 23 24 25 36 26 29 30 22 22 25 28 41 23 27 27 20 26 21 22 29 31 21 18 18 38 17 15 14 22 16 31 24 28 19 29 24 32 27 49 28 18 25 26 20 27 22 18 22 21 18 20 21 25 36 15 19 25 35 24 33 33 35 32 22 18 19 24 36
21 13 21 27 18 56 22 33 32 26 29 31 32 35 22 41 34 32 23 37 36 12 35 34 30 24 34 37 25 35 25 33 32 32 23 20 23 19 17 12 29 22 29 23 25 26 9 20 18 26 19 19 25 15 13 25 22 25 29 28 27 20 31 30 22 20 14 28 30 28 35 19 33 19 33 28 27 35 26 23 24 22 26 30 26 21 15 11 22 22 15 14 12 23 17 28 31 27 19 33
29 30 25 21 24 31 30 23 19 26 28 24 12 11 18 34 22 18 21 27 24 21 20 24 20 25 25 20 39 26 28 31 26 25 27 21 31 22 31 25 21 25 25 35 28 25 28 23 22 20 35 21 34 19 24 28 32 23 30 28 25 31 34 15 33 39 28 36 27 27 28 23 9 29 29 22 28 27 34 32 18 26 31 26 20 23 37 15 29 28 26 26 35 30 27 25 24 29 27 21
28 16 23 21 14 16 16 33 26 16 20 23 24 12 28 38 33 34 27 32 37 30 34 27 34 31 21 32 31 17 24 38 20 26 27 32 18 17 28 29 24 26 31 44 23 21 32 30 27 19 24 23 18 25 20 28 21 17 14 21 19 17 25 26 25 22 14 21 31 20 26 21 33 19 27 32 18 25 28 21 28 23 41 23 31 26 26 18 25 15 22 33 28 25 37 32 37 36 27 33
28 29 26 28 32 27 28 35 29 34 40 22 33 38 22 26 27 22 21 33 24 28 20 26 30 36 30 29 21 24 28 37 36 30 36 28 32 35 31 36 38 31 33 31 22 25 29 30 27 38 33 27 36 45 41 21 39 42 41 25 27 28 35 27 20 30 30 28 25 21 40 33 26 29 26 19 35 26 33 28 22 23 27 34 32 30 32 38 26 21 22 34 25 27 17 26 30 38 24 37
42 38 33 18 36 37 23 25 34 28 26 20 23 19 24 27 13 30 31 26 29 28 28 30 31 38 22 26 34 29 36 36 33 21 26 35 22 32 38 17 35 24 29 26 46 26 27 12 22 35 26 30 23 29 31 25 27 23 24 17 24 38 18 22 28 22 23 31 36 26 27 35 37 34 42 31 25 28 23 26 32 36 31 19 42 24 35 37 19 22 30 21 49 30 34 31 22 26 36 38
28 34 29 17 25 29 28 34 32 30 26 27 31 28 20 28 34 34 34 29 40 26 40 36 21 24 18 23 28 33 28 22 30 31 20 26 20 17 23 23 22 22 34 21 23 26 17 20 26 19 27 21 31 32 18 23 28 24 25 25 34 22 37 22 24 19 30 34 26 25 25 29 29 27 26 27 36 20 23 33 31 28 20 20 28 28 28 27 30 29 37 27 22 21 22 29 12 30 26 30
30 29 27 20 18 24 20 19 23 20 21 34 34 28 24 27 23 41 33 18 21 24 24 14 24 16 17 28 40 20 25 20 35 32 29 31 30 30 29 18 32 31 35 28 40 24 24 25 27 24 34 37 31 31 31 32 43 38 36 32 36 45 34 32 23 33 26 21 35 28 16 25 27 24 39 28 28 37 37 24 35 26 30 30 16 17 21 23 30 31 27 26 26 29 18 24 19 29 24 37
23 15 32 24 34 25 17 17 32 25 22 30 28 23 34 24 25 35 20 22 31 32 24 26 32 20 29 21 22 24 27 29 29 29 32 23 23 15 16 26 14 18 26 19 23 25 17 19 16 22 19 15 29 26 22 33 28 18 25 27 22 17 35 24 33 13 27 23 23 16 21 18 24 16 20 20 38 15 19 16 21 25 20 24 24 22 18 22 25 25 25 24 39 28 21 25 26 24 33 26
27 32 28 23 31 15 42 25 24 28 22 35 25 24 24 16 23 32 22 25 31 26 25 28 38 26 27 27 29 30 29 22 22 26 22 34 27 22 42 15 22 19 22 24 24 28 30 28 32 17 21 35 22 22 27 25 31 25 28 17 30 26 27 32 30 38 32 30 33 25 20 23 23 21 39 32 40 24 18 31 20 24 19 33 23 36 35 30 25 32 24 33 28 35 26 25 28 19 25 26
30 31 26 18 27 33 32 36 23 17 28 39 29 39 25 31 29 20 29 30 28 22 26 27 25 20 26 17 24 22 25 19 30 22 18 11 26 16 26 23 19 37 30 39 22 36 27 26 30 29 32 29 25 26 24 36 34 30 22 27 33 30 26 25 27 32 22 26 20 26 18 23 22 23 30 22 22 24 29 25 19 33 35 24 33 26 22 21 29 32 26 14 19 19 19 17 27 29 20 28
19 24 27 26 20 32 21 16 28 26 23 20 25 29 41 34 36 25 29 25 18 27 45 30 23 30 16 30 40 27 26 40 24 24 24 33 27 17 16 12 18 17 17 22 19 28 21 17 12 27 25 25 26 23 24 26 26 26 40 28 20 35 26 16 26 24 20 27 18 22 67 34 29 28 29 23 17 27 31 23 28 16 21 33 23 26 33 28 29 18 21 20 26 31 11 17 25 37 28 17
15 28 32 33 22 22 24 33 30 32 26 34 23 24 15 24 20 21 25 20 30 32 24 24 19 30 41 32 34 17 22 27 14 31 21 16 40 24 20 34 20 16 23 18 21 23 36 34 26 30 27 26 28 27 15 31 23 20 31 25 23 25 25 25 28 15 16 23 22 38 24 23 35 17 28 22 26 28 18 29 31 36 26 23 28 43 25 25 29 26 25 20 29 27 22 23 38 27 28 20
25 14 30 21 19 32 27 26 29 21 19 24 33 30 29 24 34 35 41 30 28 17 25 31 32 33 24 26 33 20 30 26 14 27 27 17 26 24 32 16 21 33 34 23 27 33 27 21 24 22 18 24 30 37 30 29 27 31 27 20 20 29 24 40 28 30 27 30 28 22 29 26 37 29 20 31 34 23 29 21 29 26 24 28 20 23 22 34 28 19 16 35 28 22 19 23 26 22 31 17
14 20 30 25 19 23 22 24 22 30 21 28 30 25 26 26 34 20 24 33 28 33 26 25 19 14 21 35 26 26 23 25 27 30 32 27 26 22 26 34 19 24 11 23 14 37 18 34 34 27 31 22 22 33 30 33 36 30 27 30 23 22 21 24 22 27 25 17 48 28 19 10 31 29 20 27 23 21 26 23 30 26 31 25 23 24 22 25 25 37 36 21 23 30 32 27 24 25 26 38
27 23 30 19 13 16 17 19 14 11 24 16 16 19 8 12 16 16 16 11 14 15 25 18 12 10 10 9 9 13 10 14 23 16 14 15 13 13 9 11 13 14 13 10 15 17 11 8 16 12 11 10 10 12 18 11 15 10 15 18 17 20 8 16 10 11 15 15 14 10 11 12 14 10 8 13 11 11 11 10 19 13 16 16 18 14 8 16 10 8 20 10 10 10 11 13 13 7 12 13
8 15 17 22 10 8 12 15 11 6 11 15 16 17 21 18 15 13 16 13 14 11 10 9 7 11 21 15 14 11 11 5 23 6 13 12 7 12 18 8                                                            
