0.32 2159 17 24 21 35 27 21 25 24 31 22 28 19 23 29 19 22 31 22 24 33 29 24 27 21 23 17 21 24 39 27 29 21 15 19 27 20 13 17 17 28 25 20 26 21 24 24 23 19 23 25 26 26 22 19 15 24 24 20 15 13 22 24 19 14 16 22 25 23 29 18 19 22 17 27 32 30 27 15 39 15 25 30 22 31 17 33 24 31 18 26 20 27 15 17 27 30 22 22
21 17 21 13 25 21 22 17 16 25 19 30 30 34 17 18 32 16 22 22 24 25 20 17 25 21 23 36 20 21 31 18 31 26 16 22 29 34 24 22 27 16 17 25 25 27 27 25 15 16 26 21 21 21 22 19 21 18 15 28 20 17 18 24 21 10 21 20 20 17 15 17 6 22 19 26 22 20 19 14 18 22 21 25 25 23 19 20 12 22 17 12 25 17 23 21 23 19 20 28
27 22 24 27 20 24 28 14 23 31 18 21 33 24 28 22 29 16 18 23 14 25 19 22 27 17 26 30 20 19 22 29 24 20 16 24 24 18 21 18 13 29 22 19 25 19 28 14 26 15 18 24 17 12 13 24 19 18 20 26 20 22 16 23 24 28 23 16 19 19 25 17 33 25 25 27 28 29 21 15 22 22 14 20 18 28 23 19 22 19 20 27 34 19 13 25 28 16 21 24
17 26 17 17 25 23 22 27 24 22 19 17 19 20 26 18 20 16 22 17 12 23 18 17 19 12 14 19 24 16 21 18 16 25 17 19 25 13 19 16 15 24 17 25 18 26 13 21 28 17 19 22 12 22 14 17 24 20 26 23 26 25 20 18 22 17 25 21 18 20 18 24 20 23 25 15 22 30 21 24 26 19 19 9 20 32 17 29 19 16 18 22 22 21 26 26 24 23 22 23
17 18 23 14 23 34 21 8 15 17 26 22 17 18 21 19 27 27 14 22 24 15 20 26 12 17 19 22 23 17 22 15 18 20 21 13 21 21 18 13 12 27 18 18 21 20 16 26 18 24 19 21 24 19 22 21 18 22 23 20 31 19 20 16 17 30 27 20 25 21 28 23 19 14 24 34 21 20 19 17 15 22 23 18 19 30 22 20 16 13 12 22 17 7 24 28 22 8 21 26
19 20 24 25 17 19 10 25 55 21 20 17 19 23 14 13 18 14 16 22 25 26 19 13 17 22 23 25 23 18 30 17 24 20 26 19 18 13 24 18 25 22 28 23 19 23 24 18 14 17 29 21 14 12 20 24 19 22 13 19 16 17 23 21 20 27 16 22 23 16 25 62 15 29 14 21 20 20 23 23 28 16 25 26 17 18 19 15 31 28 22 27 22 27 20 22 20 17 23 22
18 21 14 18 18 19 16 14 17 23 29 17 14 19 21 19 21 29 20 35 24 20 24 22 28 19 16 27 19 28 21 16 25 17 23 37 17 14 25 18 18 19 26 12 25 14 24 27 19 15 18 22 18 14 19 15 20 15 29 22 25 20 25 40 15 23 20 17 17 27 19 18 18 24 21 11 28 22 13 16 22 19 23 16 32 27 27 21 22 24 28 26 25 29 16 16 15 18 18 32
21 25 17 11 16 19 23 13 26 27 22 30 24 30 23 21 21 20 18 15 29 16 11 17 33 23 23 21 23 18 28 13 16 19 26 22 19 15 18 21 24 12 16 21 22 19 24 26 18 24 22 19 15 23 18 19 18 21 22 26 23 23 19 19 18 22 13 26 27 15 22 10 22 16 25 19 21 21 24 17 26 18 29 24 15 25 15 31 21 21 31 25 18 15 27 25 28 17 15 24
21 15 19 28 25 32 16 22 18 16 19 23 31 21 16 25 21 24 18 22 21 21 24 21 14 19 22 19 16 24 19 17 9 27 20 16 22 20 13 15 28 17 21 20 28 29 25 20 24 18 18 17 17 28 14 20 22 23 14 27 24 25 25 13 21 15 25 27 16 23 21 22 17 17 11 25 13 23 13 30 23 20 20 18 19 16 20 20 20 26 20 17 16 23 21 27 21 19 19 21
18 19 24 21 20 27 20 20 18 23 21 17 27 28 13 14 22 25 27 24 20 21 20 21 22 22 20 22 15 16 19 26 17 26 24 26 25 21 23 20 30 24 20 19 25 18 31 24 17 28 26 12 27 24 15 14 27 14 12 18 22 24 15 18 26 24 26 33 16 25 29 23 15 16 17 21 18 21 25 16 21 24 20 21 14 22 17 21 20 17 21 21 26 24 22 29 15 29 28 29
19 26 19 17 20 23 17 18 17 19 19 20 18 12 21 17 17 22 22 23 15 29 18 23 22 14 18 21 19 22 22 22 27 13 24 13 15 28 16 21 29 27 24 20 25 34 23 14 24 20 32 22 26 15 27 21 18 33 30 18 20 19 16 25 21 33 46 18 27 25 28 15 21 26 14 17 16 28 14 34 27 25 22 28 21 20 25 24 29 33 26 22 25 21 27 15 23 24 26 32
19 18 15 21 30 23 17 17 25 24 15 30 27 26 38 20 26 19 29 21 24 20 20 22 19 23 15 24 22 18 23 22 25 19 17 21 22 36 23 20 21 24 40 22 26 20 23 21 18 22 29 27 16 30 20 23 19 29 28 26 24 20 16 22 26 19 26 22 24 26 29 22 21 25 18 26 32 22 25 26 20 21 20 23 34 21 19 21 17 21 22 17 17 24 28 26 13 19 18 21
23 26 21 21 19 22 17 22 13 34 17 23 32 11 14 23 19 29 14 22 28 20 19 26 24 19 25 18 15 27 17 22 16 26 33 16 17 25 16 19 27 16 16 15 24 22 23 23 18 21 17 20 21 22 18 19 20 22 14 18 14 13 23 11 25 20 15 20 17 18 25 16 19 28 14 22 15 23 24 18 22 15 14 17 27 24 18 13 14 20 20 16 19 16 23 24 25 22 26 21
21 14 19 32 27 15 19 18 15 18 20 13 19 16 16 20 20 13 25 19 16 23 19 27 13 24 19 18 24 21 28 20 19 21 29 18 13 26 25 20 18 18 14 14 20 24 23 13 21 17 19 24 20 22 20 21 23 27 18 20 18 22 18 24 19 23 27 22 26 25 28 37 14 16 13 20 18 23 12 20 20 14 21 22 7 24 12 11 20 23 18 16 24 24 20 29 14 23 23 22
17 28 17 25 26 29 22 25 22 21 17 19 20 26 22 24 21 20 11 25 20 20 15 18 26 20 28 20 20 15 22 12 25 19 26 29 26 12 29 22 19 21 19 16 21 20 30 22 15 18 16 24 18 21 22 15 31 18 19 23 24 25 28 28 22 21 21 20 30 17 19 17 25 23 23 20 22 17 22 24 19 25 31 21 17 21 24 18 18 16 24 26 21 21 21 20 25 16 20 15
23 18 27 23 22 20 17 13 22 15 24 23 21 23 17 23 13 20 19 18 21 21 23 22 17 21 17 22 24 14 25 19 19 15 18 24 27 18 24 29 25 25 16 23 28 22 23 26 26 15 19 23 29 15 21 26 25 18 32 26 19 11 21 23 24 20 22 28 25 27 22 20 21 22 22 29 18 17 14 23 17 23 22 26 24 25 18 20 22 31 24 18 22 17 22 18 14 24 22 20
20 23 28 14 19 19 15 19 15 20 17 20 18 16 23 21 14 19 21 12 18 21 24 17 14 24 17 20 23 17 18 19 21 15 26 31 21 15 32 19 24 19 18 19 15 11 17 25 10 23 18 15 16 16 12 22 20 15 23 24 21 15 17 24 21 19 20 18 21 22 15 18 20 21 28 16 24 13 35 14 21 19 22 16 16 21 19 26 24 17 23 18 16 27 24 16 20 13 15 13
27 24 13 22 24 21 25 18 14 23 16 26 18 23 14 17 17 16 20 20 20 20 29 18 20 18 21 31 15 23 18 22 19 19 19 17 19 24 22 16 19 27 18 22 26 19 15 24 26 20 23 25 15 26 20 19 29 18 16 26 13 22 6 19 17 17 17 20 19 22 11 22 18 21 22 24 18 18 26 20 21 24 16 22 19 15 23 21 21 26 19 11 26 23 19 16 22 20 17 12
14 22 22 30 18 25 22 32 19 17 15 21 22 25 19 23 20 19 26 21 22 25 27 23 20 22 21 27 20 13 22 22 23 18 16 21 19 21 11 27 32 18 21 16 21 18 26 15 23 30 23 25 22 20 19 16 15 22 24 17 22 39 11 16 23 21 19 18 21 17 24 20 17 16 21 15 23 16 12 16 24 14 19 22 27 21 23 21 20 17 17 17 21 16 20 16 16 23 20 19
23 16 25 24 16 17 22 19 17 19 23 27 20 20 16 16 25 24 12 18 21 26 16 20 23 16 18 23 13 23 22 19 20 15 32 18 28 25 22 16 15 23 17 22 20 12 20 27 18 23 20 25 23 33 18 25 18 27 20 20 22 22 18 27 26 22 11 14 33 21 26 30 18 26 30 19 26 26 21 26 19 20 27 18 19 22 22 19 20 18 21 22 20 18 19 18 21 14 26 27
24 28 23 19 21 26 10 18 22 14 28 23 22 25 17 25 17 13 19 25 17 20 22 23 21 29 25 17 29 18 16 22 35 21 15 13 19 20 21 28 15 17 24 24 25 26 20 25 26 19 29 18 20 22 23 22 23 23 28 17 24 19 16 19 15 36 24 12 16 18 24 16 20 17 16 19 24 19 16 21 28 16 22 17 26 19 16 18 24 18 27 24 19 18 23 21 18 15 19 16
15 18 21 14 21 21 20 17 26 18 22 21 21 15 26 19 15 33 18 35 23 28 23 23 24 22 16 16 13 16 26 24 20 32 19 28 20 20 22 32 25 28 16 22 12 16 21 15 29 23 18 21 22 12 16 24 27 25 25 22 21                                       
