0.5 1797 13 7 13 16 13 8 10 15 7 16 7 10 14 13 11 15 11 11 7 14 11 16 14 10 7 7 7 6 11 8 11 11 11 10 9 15 6 13 13 9 14 9 13 8 10 14 17 14 10 12 7 8 6 7 10 11 14 9 10 8 16 17 17 12 14 14 8 7 15 19 12 10 10 12 13 13 10 8 9 16 13 11 14 8 9 9 12 8 11 10 9 12 13 10 7 9 10 13
13 13 20 14 13 12 15 9 9 8 13 13 13 8 17 16 10 16 11 15 14 9 11 14 12 10 16 12 9 12 12 9 7 15 8 16 8 9 12 16 27 13 7 13 17 11 13 11 10 11 12 8 14 10 11 10 11 10 8 14 17 10 11 16 9 12 6 9 14 17 15 9 9 16 14 13 10 16 12 11 10 7 13 12 16 9 9 11 14 12 16 14 10 7 14 16 14 15 12 6
18 10 11 10 11 11 11 11 6 14 15 10 11 12 9 14 15 11 15 20 7 7 16 10 12 9 15 11 20 18 12 8 11 10 15 13 17 13 14 12 9 21 11 10 7 9 11 16 9 14 16 11 13 18 11 11 9 9 10 9 7 10 12 13 10 14 12 13 11 9 5 18 11 14 11 13 13 10 8 16 14 14 13 11 13 18 18 14 10 12 8 12 10 6 9 10 17 12 14 9
6 11 11 16 7 13 14 9 6 16 17 11 12 9 10 10 11 11 9 14 10 13 9 13 19 9 17 17 14 14 16 13 14 11 14 8 12 9 8 8 15 17 9 11 18 11 9 13 15 14 13 17 10 12 8 17 6 19 10 10 14 10 13 15 12 10 15 16 18 16 5 13 8 9 8 8 10 7 13 13 14 9 12 8 11 12 14 10 8 14 7 11 12 13 13 9 10 11 11 12
14 14 13 17 18 16 18 10 12 12 12 9 11 10 17 12 11 16 6 11 10 12 14 10 9 10 13 13 19 11 15 13 12 11 12 13 11 27 15 14 12 9 12 15 9 10 13 14 11 13 12 10 9 11 14 11 9 6 13 11 8 15 12 10 18 18 13 11 8 9 22 8 13 12 10 8 13 14 17 18 13 17 12 11 18 13 16 14 41 38 34 12 9 8 9 13 13 20 13 13
11 11 5 10 11 15 14 7 11 10 15 13 16 13 14 8 13 11 9 10 10 10 15 17 12 16 16 12 14 13 8 13 6 10 10 7 19 8 14 14 16 13 8 10 8 16 9 13 14 8 15 21 14 15 10 16 11 12 13 9 20 13 10 20 12 14 16 8 15 15 16 17 10 19 14 14 13 10 17 11 13 10 9 10 12 12 14 15 8 15 15 5 16 13 11 15 20 14 10 15
14 10 8 11 12 12 13 11 15 16 15 9 10 13 17 8 15 12 10 14 9 13 12 11 15 8 10 18 9 16 12 7 11 21 15 18 10 14 17 12 9 12 8 17 13 8 17 6 14 10 11 6 10 16 18 19 15 12 13 10 14 10 12 15 14 9 11 18 16 12 11 13 10 15 10 11 10 10 5 15 15 9 17 8 13 11 14 27 14 10 9 12 28 11 12 12 10 11 10 13
14 9 12 16 9 19 11 13 10 16 16 16 12 13 13 11 14 14 13 12 8 9 13 13 18 15 12 10 14 9 15 12 16 17 16 16 13 9 21 17 14 22 6 14 14 20 17 8 11 11 14 14 15 8 16 12 10 15 7 17 13 10 14 8 11 15 13 15 13 10 10 12 9 6 20 12 13 10 13 17 11 26 13 11 9 13 12 7 12 11 11 11 18 12 11 7 18 11 8 8
11 8 15 6 12 11 10 13 5 11 9 8 14 13 14 11 9 11 10 7 13 13 14 11 9 18 13 10 15 12 8 11 8 15 10 9 9 10 19 10 7 13 9 10 10 13 15 8 7 6 14 10 11 14 16 9 13 11 13 13 9 11 13 15 12 12 16 15 18 12 8 16 14 4 15 16 11 8 12 10 11 13 15 11 10 14 8 7 8 14 20 13 17 12 11 14 15 8 10 11
17 12 11 18 14 14 8 12 17 10 8 8 11 16 18 14 17 10 6 14 14 11 13 13 13 14 11 19 14 12 14 16 15 13 16 19 18 9 12 15 13 14 11 12 14 9 11 13 12 9 8 10 8 14 16 16 6 12 10 14 12 12 12 14 6 16 10 14 10 11 9 15 11 13 13 13 8 15 10 10 12 9 18 11 6 18 9 12 8 8 11 6 16 14 11 4 8 11 15 13
11 14 12 15 20 10 10 13 16 7 19 6 9 6 10 10 17 7 9 12 11 11 9 8 8 9 11 12 8 11 16 15 12 16 11 9 11 10 8 18 10 12 13 10 15 12 11 13 9 18 13 9 12 12 15 13 12 13 11 12 17 11 10 10 13 7 9 11 9 7 11 12 17 12 10 7 11 9 10 8 13 17 13 13 7 8 15 10 9 9 11 6 12 11 11 11 18 10 11 18
12 19 11 9 12 7 11 14 12 8 10 8 10 12 10 9 12 12 8 12 7 9 12 8 14 9 10 11 13 11 5 10 11 14 4 9 12 8 14 9 6 12 10 9 11 5 10 8 14 14 11 13 11 12 15 10 12 10 7 18 19 13 15 11 6 14 10 11 15 16 11 16 13 13 15 7 11 14 14 11 9 6 9 13 7 9 6 6 9 11 8 8 14 7 11 7 9 15 8 9
9 7 10 6 15 12 13 11 9 14 15 9 10 17 13 9 6 12 12 22 13 16 9 15 9 13 15 11 7 12 8 8 10 9 10 6 9 10 15 13 8 8 10 14 8 12 10 10 13 9 14 5 11 7 9 17 13 8 11 10 8 12 7 11 9 8 13 11 23 7 17 13 13 18 17 15 10 12 13 15 15 10 19 11 11 14 14 11 14 10 12 9 14 17 8 13 9 14 6 20
8 7 13 8 11 9 7 14 14 12 13 9 19 15 13 14 14 14 7 11 8 13 15 12 14 10 9 9 10 9 7 8 14 13 15 11 8 12 7 9 10 11 10 13 8 14 11 7 14 9 13 13 8 10 15 13 7 8 7 11 17 10 14 8 9 4 13 20 15 10 10 13 14 11 14 14 11 11 10 8 8 9 13 8 19 10 9 13 17 8 11 11 10 9 12 8 13 9 10 9
11 17 11 16 13 15 14 13 11 10 10 11 12 7 12 13 9 11 12 10 10 19 10 10 7 12 11 16 10 18 10 9 16 16 11 9 15 12 12 8 13 10 15 10 8 13 15 17 17 8 16 11 12 13 8 13 10 10 8 9 14 12 12 12 8 7 9 11 11 9 12 16 9 11 11 17 17 11 9 18 12 12 8 8 9 18 13 10 19 12 13 13 18 13 14 21 15 13 10 9
25 13 10 6 12 15 11 12 16 12 20 10 15 13 11 13 12 10 22 10 13 16 12 12 11 12 9 6 10 15 10 19 17 7 14 11 10 10 6 10 10 12 8 13 8 12 8 15 16 9 7 8 14 13 11 8 11 14 11 10 14 8 15 11 14 8 10 14 12 17 9 16 11 16 25 7 9 12 10 9 15 8 9 12 11 7 11 14 11 13 17 18 19 9 13 13 10 13 14 6
8 12 12 13 13 8 10 12 5 12 7 14 12 14 24 12 7 13 13 9 13 7 11 15 14 12 12 5 7 14 14 14 13 11 10 10 13 13 11 14 13 9 9 16 8 7 11 13 14 16 11 10 12 14 13 13 9 12 10 20 10 10 14 12 15 13 20 19 11 16 9 8 6 12 15 7 15 11 12 11 7 9 9 11 18 14 13 9 8 16 7 14 14 6 11 18 9 9 12 14
13 11 6 6 8 9 14 14 14 12 12 9 12 12 17 12 12 10 17 11 12 11 11 10 10 4 13 14 14 10 11 10 11 8 12 9 10 13 9 11 11 12 9 12 9 11 7 6 12 9 9 14 10 7 15 14 11 8 9 10 16 12 11 13 9 8 10 14 12 9 14 5 12 11 11 15 14 13 14 13 13 16 11 13 11 8 7 12 9 7 8 12 11 11 15 7 8 6 9 
