0.454545454545455 4092 48 30 37 32 38 39 28 25 45 37 41 48 35 46 41 38 30 45 32 25 45 31 29 38 26 34 41 34 27 32 35 50 42 37 41 39 34 32 40 45 39 31 33 41 27 37 37 31 37 34 39 43 28 30 43 47 43 41 35 28 32 29 26 35 30 49 39 41 39 31 42 51 27 40 33 35 29 38 34 33 30 33 28 29 26 39 34 35 41 34 28 38 39 42 54 38 30 41
33 35 38 33 37 32 41 41 35 34 41 36 29 44 38 39 29 47 42 44 38 38 31 28 36 30 38 34 27 28 42 37 37 25 34 37 22 29 30 26 32 38 32 47 39 31 26 37 39 33 47 28 43 40 39 41 28 45 30 42 37 32 41 33 8 39 35 45 35 29 33 30 39 42 25 34 28 30 34 42 25 40 39 41 39 35 31 30 37 33 40 37 27 29 50 42 30 43 35 34
42 49 38 25 39 31 47 29 40 33 43 30 22 41 25 28 34 46 36 27 37 27 40 42 31 26 42 42 45 37 33 48 25 39 32 34 32 44 35 21 41 35 29 30 43 39 34 40 44 43 37 37 31 24 28 33 37 30 32 30 41 33 35 37 51 34 28 41 39 47 39 35 35 30 39 22 38 34 34 32 44 34 30 47 50 36 39 33 35 36 30 33 49 21 42 38 32 41 33 39
36 38 24 36 32 22 38 31 27 32 39 25 36 36 35 30 29 22 32 36 33 40 33 33 30 29 30 36 32 55 24 31 37 47 42 25 33 28 48 32 29 37 30 25 31 41 36 29 27 24 15 32 43 44 31 28 38 20 30 22 22 29 27 29 32 37 35 32 31 28 28 23 27 30 36 28 42 42 29 35 35 35 32 42 20 30 34 34 17 30 33 37 37 23 36 33 30 37 37 33
29 37 35 49 36 34 44 30 35 35 31 36 38 34 31 27 34 24 27 26 23 37 25 35 42 35 29 35 46 37 27 29 41 32 42 27 30 39 26 29 33 47 36 45 33 40 27 27 32 29 36 27 25 36 42 33 38 34 38 50 44 31 33 30 46 36 37 45 30 39 32 27 43 32 34 44 25 28 29 33 22 25 35 38 36 38 32 38 27 34 34 26 35 32 47 42 33 36 35 34
31 31 22 32 35 42 29 33 26 34 23 36 34 24 31 28 34 37 32 38 30 43 40 32 36 48 36 44 28 41 37 34 39 34 36 44 46 39 38 40 34 43 40 40 9 42 48 28 46 31 29 26 22 41 34 35 34 29 34 41 44 30 26 36 36 38 41 32 43 46 38 34 37 36 31 43 28 32 31 47 23 35 37 32 35 39 43 26 33 34 43 42 26 40 41 35 36 26 47 53
30 38 33 24 38 30 36 41 45 34 50 37 39 22 39 28 28 29 24 40 31 45 37 30 37 37 38 44 28 54 39 29 38 48 36 49 17 22 48 34 46 27 40 45 29 36 37 43 31 34 36 23 43 26 38 29 40 39 26 36 35 39 29 40 33 29 41 40 17 22 33 44 43 32 33 45 36 33 32 29 38 58 45 44 26 44 43 33 43 41 47 33 37 38 21 34 44 28 38 34
38 28 32 29 26 35 37 29 38 38 50 34 29 26 38 29 43 39 29 35 38 36 33 38 47 40 57 34 43 41 30 39 43 35 45 40 32 29 30 50 34 54 36 27 38 36 33 47 37 29 38 31 35 38 38 42 41 46 43 41 32 38 29 28 41 50 30 40 32 31 41 38 26 35 40 35 48 28 38 49 39 31 35 35 37 40 49 48 38 39 32 26 29 32 36 40 26 36 26 38
34 46 34 52 26 35 20 38 37 41 44 25 38 39 22 43 29 41 30 41 35 30 32 36 31 42 32 21 39 40 40 40 22 41 34 38 31 27 19 30 37 37 40 36 30 31 25 25 26 36 35 26 21 31 35 37 29 30 32 26 38 28 21 40 42 44 22 40 37 33 21 31 41 37 34 26 27 33 39 35 25 29 27 18 36 31 36 33 36 40 46 37 26 39 36 30 30 35 31 43
36 37 23 44 31 39 32 46 42 31 46 19 35 30 52 42 33 16 31 29 32 38 35 30 30 39 34 31 32 47 41 36 41 34 22 51 28 26 24 40 25 29 26 31 29 26 29 31 26 34 35 36 40 33 40 30 26 37 50 35 34 28 37 36 39 37 43 39 32 30 24 39 37 40 37 34 27 63 47 37 51 38 53 28 34 29 29 34 34 20 32 32 25 30 47 29 37 44 35 30
37 40 25 39 36 50 40 36 33 29 48 32 34 46 37 40 32 29 28 39 27 29 35 36 41 29 39 20 31 50 30 30 44 45 37 31 41 33 18 36 31 51 34 39 25 28 27 42 45 32 52 47 35 51 35 40 35 35 38 37 40 27 41 41 25 47 33 33 22 36 30 37 27 24 36 33 37 48 30 40 39 37 25 35 37 34 43 33 47 38 37 33 42 30 43 37 32 26 48 27
44 45 35 45 32 98 94 39 25 44 24 40 26 33 34 38 28 42 37 22 32 38 26 31 45 22 27 31 38 57 27 24 33 42 45 41 40 44 34 39 32 47 39 49 32 51 26 46 24 31 36 39 36 30 45 25 31 35 33 36 38 23 33 48 40 28 27 48 28 39 38 49 25 42 39 30 29 34 46 44 40 44 47 41 37 27 51 46 39 33 40 33 44 34 33 33 39 23 29 33
40 34 46 31 47 42 34 31 36 45 57 25 29 46 46 25 30 43 45 28 24 31 33 34 33 33 44 35 23 47 46 34 39 34 23 28 37 38 29 32 33 29 43 49 31 30 35 32 32 30 42 35 43 28 38 36 30 77 35 70 79 75 57 30 22 29 29 39 31 30 43 41 33 39 38 23 39 32 32 37 30 42 42 25 36 40 26 37 35 32 42 43 36 29 25 33 29 28 31 28
46 32 31 28 37 23 39 47 19 37 36 51 35 29 27 26 33 40 27 33 37 43 35 27 42 44 34 38 34 34 32 46 45 36 41 32 28 40 36 32 31 43 42 33 34 49 29 44 45 44 38 30 39 56 42 39 36 45 27 39 44 42 11 41 29 44 40 51 45 40 40 33 40 34 33 40 36 36 36 26 28 35 30 29 33 29 40 38 37 35 46 28 36 29 55 24 39 43 35 21
44 34 21 43 20 40 48 26 42 35 35 50 35 40 35 28 30 35 48 38 47 25 42 29 45 32 34 27 28 27 34 42 37 28 27 37 38 37 31 22 21 38 39 25 30 28 27 28 32 31 38 23 22 21 31 27 21 33 28 37 33 24 37 35 29 40 34 24 23 29 37 37 47 31 39 37 33 27 31 35 17 34 36 32 32 31 27 25 29 27 23 23 46 35 34 40 38 26 42 25
28 29 32 36 41 28 31 27 16 36 31 29 26 40 34 38 37 29 28 33 27 27 38 27 39 41 25 35 36 35 36 28 31 36 30 21 32 31 37 18 36 38 36 39 32 28 31 35 35 32 29 26 45 26 34 38 39 35 44 28 51 40 41 30 53 27 45 42 32 46 37 46 42 40 38 41 31 38 32 24 33 40 40 39 35 36 48 31 40 31 33 29 41 34 30 32 34 42 40 40
41 51 44 30 37 36 49 43 27 41 23 54 46 32 35 45 25 38 39 37 30 38 42 33 39 36 42 46 43 42 43 32 26 40 21 46 42 28 31 28 27 24 33 34 30 29 33 42 49 51 44 36 27 35 38 30 26 33 24 23 43 36 45 21 39 33 39 42 62 32 40 36 34 35 30 37 41 41 40 34 36 40 24 34 24 35 31 38 30 25 26 39 33 32 42 31 32 31 34 41
34 27 36 37 29 36 25 39 37 40 27 35 27 35 34 35 24 30 40 34 23 40 38 44 36 28 30 31 43 22 38 33 27 25 38 30 33 36 35 34 41 37 29 24 32 60 29 30 40 26 43 26 30 50 30 34 31 33 26 32 30 25 34 36 31 32 27 27 28 29 28 41 29 35 27 30 44 35 46 41 29 40 23 40 34 26 36 47 22 37 32 35 23 37 28 50 38 45 29 28
34 44 36 31 31 28 29 32 15 30 25 26 28 35 22 27 35 21 43 36 39 36 29 46 29 38 29 25 23 49 34 30 32 37 24 36 29 20 37 24 38 37 32 41 35 41 23 35 29 37 37 35 36 41 32 43 37 31 33 34 30 35 21 31 32 37 24 35 39 31 32 34 31 38 28 19 27 44 29 31 35 28 29 43 32 42 47 35 44 37 34 34 37 37 33 35 35 48 37 32
25 29 46 33 35 28 39 31 32 45 32 39 36 33 33 35 38 38 33 25 42 32 23 40 42 44 33 52 43 49 34 33 41 36 40 25 33 41 31 48 34 29 32 36 26 32 30 33 27 33 29 36 37 39 41 36 27 36 25 35 37 35 49 31 40 44 44 38 31 29 16 31 38 16 44 30 47 39 36 24 29 27 38 35 28 29 40 36 37 42 35 42 29 26 36 32 28 17 30 33
25 33 37 40 37 28 32 42 72 36 34 40 28 36 21 37 17 36 30 30 40 26 44 34 34 36 39 33 33 28 33 32 31 25 23 25 26 17 34 29 24 29 32 26 32 29 39 26 31 30 34 36 28 29 32 50 36 24 36 40 52 46 48 30 40 22 22 41 36 29 14 25 46 30 47 40 31 36 29 43 40 40 39 40 43 38 51 44 41 28 25 27 28 30 26 26 36 37 45 32
28 30 31 29 36 28 41 18 34 20 33 35 44 27 32 28 37 40 36 31 28 38 35 23 41 38 36 41 40 53 33 45 34 46 32 39 32 31 32 24 40 23 38 26 27 47 32 31 40 36 27 28 32 48 31 27 42 25 32 31 34 38 33 25 33 45 39 31 45 35 44 32 33 33 36 37 27 30 34 31 35 36 41 33 28 20 34 43 20 30 29 25 36 36 38 33 33 26 23 25
26 27 28 42 41 33 35 35 40 35 30 40 42 36 38 30 29 32 36 27 35 32 34 29 30 41 31 27 29 34 31 25 28 26 42 20 30 36 22 36 40 22 37 23 25 37 36 37 21 37 25 27 36 33 29 39 29 29 31 43 33 28 33 37 27 31 28 34 24 29 32 33 43 32 45 35 32 42 53 34 37 46 12 32 24 31 44 36 29 24 29 34 43 40 43 40 29 12 31 21
36 31 42 24 24 30 33 30 45 37 32 35 42 30 39 45 45 34 50 33 37 43 28 19 29 29 36 28 45 38 30 41 42 31 26 38 33 29 19 20 42 43 34 31 41 38 32 47 28 27 35 25 30 37 29 25 24 33 37 44 41 37 34 35 41 38 21 51 30 34 36 36 34 29 48 38 32 25 45 53 36 32 44 49 38 29 31 44 49 28 50 30 32 35 33 33 19 35 38 34
38 37 40 32 47 34 39 36 28 23 36 26 33 37 31 34 30 42 26 27 30 31 39 30 45 26 30 25 35 36 24 33 33 37 31 34 26 18 32 32 36 44 37 39 42 37 32 23 32 33 36 26 24 27 32 32 35 32 39 24 30 41 24 40 35 33 49 26 32 38 31 36 32 39 37 41 41 21 32 38 31 37 18 22 31 33 36 27 39 41 25 24 39 34 39 30 46 41 46 44
33 34 43 30 35 31 31 29 38 36 24 32 30 31 28 39 29 42 28 35 41 35 25 37 35 48 49 34 32 48 44 21 38 39 37 18 38 27 35 36 48 33 34 38 26 49 43 51 49 36 36 35 36 36 33 22 33 31 34 36 33 31 31 27 41 28 29 47 35 39 32 21 44 31 31 17 35 33 32 38 36 42 39 24 31 41 38 33 34 27 29 34 29 33 40 26 31 31 31 24
35 34 28 36 35 38 39 24 38 29 31 33 32 25 36 47 35 42 40 26 46 33 34 32 33 44 43 34 42 27 34 41 46 32 37 31 32 40 30 32 23 29 38 24 29 27 41 34 30 34 41 42 36 38 42 45 29 30 47 37 23 21 26 30 33 26 33 21 40 41 37 21 44 36 39 45 18 28 38 27 46 26 38 42 22 40 38 30 32 33 26 26 28 38 29 33 28 42 33 45
32 32 28 30 23 39 34 30 27 22 37 30 34 31 24 41 35 25 41 26 45 19 26 29 19 32 34 34 30 37 25 29 28 26 31 38 29 30 28 35 35 34 36 19 31 37 41 51 38 22 32 34 33 35 33 31 39 25 28 34 36 40 29 30 22 39 24 42 31 26 33 47 23 38 42 43 44 48 16 35 28 26 28 38 32 40 39 22 30 36 36 30 36 36 34 41 27 32 26 30
35 20 37 32 24 44 49 35 22 31 38 40 34 22 42 41 29 28 35 43 36 20 43 30 40 33 36 38 26 26 42 35 23 30 38 29 33 39 27 36 30 34 41 38 37 32 29 47 29 30 25 38 26 38 31 49 34 38 35 33 36 33 33 33 37 33 29 32 42 44 29 19 30 25 39 32 44 41 39 38 35 32 46 35 33 33 29 39 35 39 35 38 35 35 32 25 32 38 29 29
28 30 26 41 36 31 36 39 31 29 39 39 31 33 37 33 38 34 38 40 34 43 35 30 36 38 43 31 22 33 36 36 26 33 33 45 45 43 36 26 43 41 42 34 36 43 41 39 41 29 18 63 39 27 24 28 33 31 34 35 34 42 43 43 40 47 36 18 31 36 39 44 32 45 39 32 32 35 27 47 37 18 51 31 46 49 32 21 39 21 44 32 42 32 36 21 30 29 29 32
39 24 48 31 32 60 39 42 26 29 27 37 24 29 40 26 28 31 37 25 31 26 32 50 32 41 34 42 34 46 25 36 51 35 34 35 50 25 36 39 42 21 45 34 38 35 46 40 33 39 40 50 33 41 38 32 28 34 36 28 33 28 26 33 38 37 27 37 29 38 33 40 45 34 32 44 30 33 26 36 29 37 29 36 29 27 39 31 42 36 42 41 38 35 36 28 42 39 32 32
42 37 40 38 45 48 42 39 33 38 43 38 15 36 45 30 26 29 34 20 29 24 30 33 38 34 21 32 42 42 23 37 38 31 31 30 36 26 32 35 48 36 42 13 35 38 36 43 45 32 27 34 28 31 43 33 31 34 31 30 41 32 32 38 35 31 40 35 31 29 37 38 31 33 26 25 33 26 38 49 39 42 48 37 30 32 37 46 26 35 23 26 49 23 43 24 44 39 31 32
42 35 36 38 41 42 37 36 34 36 17 35 39 33 30 28 36 36 40 37 25 44 33 40 33 34 43 31 34 28 53 40 28 39 45 42 39 31 37 28 37 34 46 44 25 30 42 33 30 32 33 41 34 21 37 33 27 42 49 33 43 49 35 35 35 23 42 32 32 42 38 33 37 31 18 22 35 37 40 38 23 32 34 35 24 36 36 40 44 25 28 32 37 27 41 30 33 33 34 26
34 32 42 38 41 33 41 40 36 40 40 40 16 26 40 40 43 23 38 32 40 35 42 35 29 23 38 25 40 48 38 25 38 34 37 38 32 36 25 41 27 40 30 28 30 31 39 36 38 35 37 29 42 36 41 39 33 32 25 28 27 40 29 36 27 34 32 32 30 33 44 36 29 36 36 33 38 33 35 37 43 29 39 56 35 43 26 36 35 36 42 33 31 23 33 43 42 31 37 33
32 24 23 34 33 24 34 19 31 32 24 39 30 34 34 33 16 27 37 29 37 26 31 25 40 27 38 39 46 40 35 27 24 45 30 30 38 35 41 35 34 27 29 38 40 24 42 30 28 30 26 31 26 33 37 33 41 36 39 30 36 29 21 30 36 32 24 29 30 40 40 34 38 18 34 34 34 37 23 40 23 32 28 28 34 35 26 31 36 28 41 31 13 28 25 31 30 28 38 49
30 30 37 33 32 34 28 36 36 22 24 36 22 35 31 34 32 32 41 22 30 22 34 26 33 37 30 34 33 26 41 21 25 35 31 30 21 37 17 26 31 22 25 35 34 39 27 25 28 29 30 29 36 25 41 43 40 38 47 35 42 33 32 27 29 40 29 41 24 37 33 33 35 30 32 35 37 39 26 32 24 37 21 43 39 32 32 34 36 33 35 31 39 28 39 24 31 52 31 25
41 35 24 43 29 42 23 29 25 25 26 26 37 26 35 38 37 30 32 44 23 33 34 38 32 37 29 48 47 27 35 44 29 23 38 31 30 32 31 33 34 36 36 45 40 46 37 27 35 25 35 38 31 34 32 31 29 44 25 33 32 34 38 27 35 36 35 29 23 37 39 36 30 27 28 39 39 36 39 31 29 37 40 45 39 36 22 36 33 22 38 24 48 33 21 16 38 31 28 40
27 36 31 32 30 46 33 41 40 30 34 26 32 29 41 31 42 33 37 29 34 33 38 45 33 41 41 31 46 35 33 36 33 24 36 33 30 38 36 46 35 27 38 44 33 29 31 35 33 44 37 28 37 34 31 37 26 39 31 52 33 32 27 45 46 54 31 24 42 30 29 52 43 42 44 29 41 26 39 29 36 32 36 33 26 39 24 33 31 28 43 34 32 27 34 49 42 32 37 36
39 39 25 33 20 36 26 31 34 37 29 32 37 37 25 33 30 36 43 31 41 31 34 27 32 37 31 39 40 29 33 26 35 43 31 38 36 38 23 28 33 28 42 37 36 32 25 44 26 29 35 36 43 34 46 42 39 20 27 35 46 35 34 45 25 18 38 39 29 29 34 25 29 39 31 30 20 30 33 35 26 27 43 38 33 39 42 27 38 33 33 44 31 33 44 29 37 31 42 32
29 26 37 28 34 35 42 36 44 30 38 33 23 35 31 23 30 31 38 23 41 30 32 25 34 25 23 24 29 34 16 24 34 30 24 14 37 35 38 18 38 34 34 24 31 29 39 30 46 40 29 35 32 34 29 37 34 27 34 32 20 36 28 33 39 30 33 40 32 49 42 41 18 34 33 30 31 29 38 37 35 45 42 28 42 24 51 39 37 33 40 44 23 38 32 38 26 32 37 31
46 31 27 33 26 36 28 24 31 22 39 37 36 48 33 36 40 43 25 33 28 35 35 26 38 29 33 28 36 40 26 31 33 37 32 37 33 33 37 45 29 55 40 41 29 32 38 30 38 33 25 42 34 27 25 26 21 29 27 42 27 36 42 28 25 25 28 23 41 25 40 29 14 33 40 35 37 29 33 31 23 26 41 37 39 35 32 32 36 33 16 33 36 42      
