0.5 2075 13 19 17 15 21 14 26 25 13 16 13 17 16 15 11 14 17 15 16 12 16 14 25 13 21 14 10 18 18 11 20 16 13 15 16 23 13 14 21 16 19 16 19 9 19 13 17 18 10 15 15 19 19 12 17 24 16 17 16 17 16 14 20 19 18 13 13 21 15 8 21 17 19 27 19 40 21 13 16 18 17 18 13 20 14 11 9 18 13 14 17 17 31 11 20 18 11 17
16 24 11 13 23 25 21 14 15 22 12 10 15 20 18 16 15 22 12 13 15 19 11 17 16 10 15 13 15 19 14 21 14 16 13 22 18 17 15 17 14 11 18 11 25 19 19 18 22 16 27 25 24 18 26 21 23 23 22 14 22 16 13 15 19 18 22 13 12 13 17 17 22 11 14 14 19 11 16 16 14 22 16 17 15 22 18 15 23 17 12 12 17 16 24 22 19 21 18 15
13 11 16 14 20 16 15 14 14 16 18 10 17 18 21 18 21 18 17 17 12 17 23 12 18 15 16 18 10 20 12 12 22 15 13 16 17 15 12 13 16 9 14 23 19 19 17 13 11 6 22 21 14 19 26 18 14 22 15 27 14 17 18 16 14 12 11 18 12 14 26 16 16 11 25 21 15 17 13 16 17 9 17 15 9 17 16 16 18 19 17 16 14 16 28 11 17 15 13 30
22 17 15 18 16 13 15 13 15 23 19 14 25 18 13 25 20 19 22 14 15 20 14 12 12 22 16 16 16 18 31 15 22 20 19 20 16 16 20 15 17 19 18 15 12 16 19 16 14 15 16 18 24 15 15 12 17 19 19 16 25 12 22 31 21 17 18 17 14 17 20 22 12 19 26 10 17 19 11 17 28 18 23 17 21 18 12 18 14 20 22 18 19 18 19 20 19 20 13 16
16 14 15 15 24 12 15 18 12 18 19 8 12 14 15 22 17 14 20 12 13 15 22 15 10 16 17 14 16 17 28 18 16 15 13 14 13 19 18 19 18 16 9 11 16 11 22 17 13 14 10 13 19 12 11 12 16 19 17 17 16 18 14 13 19 13 12 17 26 13 14 11 18 15 12 16 23 17 14 18 19 20 15 28 17 22 13 14 27 18 24 17 16 14 20 12 20 17 9 14
15 16 21 11 15 19 23 23 20 13 24 10 21 13 14 18 15 14 12 12 18 18 22 24 15 11 14 17 15 15 13 19 11 20 18 21 15 15 12 12 9 64 45 52 16 18 13 17 15 16 20 11 15 14 10 12 11 15 10 17 17 20 14 17 16 20 11 18 17 13 18 18 18 20 13 19 22 21 14 22 17 13 18 19 15 23 15 22 12 22 16 22 13 12 16 15 13 16 22 12
15 19 18 19 11 13 22 14 16 25 19 17 14 22 19 9 8 11 14 10 21 20 6 40 15 27 10 9 17 23 15 16 15 15 20 26 13 13 19 19 13 16 18 16 16 15 15 15 14 17 21 18 14 19 20 16 18 20 12 20 17 18 16 13 13 20 17 15 20 16 16 10 13 18 17 14 21 43 16 21 24 18 17 21 13 14 12 23 14 17 13 15 19 10 25 13 13 15 15 24
12 17 12 13 17 22 17 17 17 12 13 19 10 12 27 16 8 21 15 15 14 21 13 14 18 18 13 17 18 15 18 17 18 12 20 15 14 18 20 23 19 27 16 30 19 19 12 11 19 22 14 9 18 10 17 14 10 21 22 23 13 19 29 16 13 20 18 21 18 11 19 15 11 12 15 14 13 14 15 15 20 13 13 12 18 24 18 23 13 26 22 16 21 17 19 18 19 10 30 14
11 18 22 23 21 21 23 19 17 15 16 20 19 23 19 13 22 22 11 17 16 17 21 15 19 16 23 19 15 20 15 10 23 10 16 13 17 13 15 15 19 21 15 9 18 16 26 18 21 24 14 14 19 12 18 15 18 15 22 13 11 22 18 18 12 22 12 18 23 16 21 15 25 13 21 22 12 10 25 17 15 22 17 17 19 19 20 32 16 10 9 15 16 16 19 20 22 16 12 16
15 16 13 16 16 12 17 15 15 14 15 16 10 16 24 14 25 14 15 14 18 10 10 17 12 15 19 22 12 18 22 17 21 18 21 17 16 19 16 14 21 15 21 17 18 13 13 15 10 11 14 22 13 20 19 16 20 17 25 8 15 15 18 12 19 21 24 24 14 22 16 27 18 19 20 17 20 10 19 16 15 15 16 19 22 19 15 18 21 17 17 20 14 21 16 11 13 11 15 16
21 15 21 21 22 14 13 14 22 14 22 15 23 22 23 17 13 37 26 17 15 10 15 18 13 25 25 19 19 17 14 12 11 17 12 20 14 14 18 19 10 20 17 17 27 23 17 27 20 13 10 20 11 23 11 17 14 18 19 11 15 24 20 9 14 17 13 10 15 16 18 7 18 11 15 25 17 20 18 24 19 12 14 17 18 14 18 22 13 20 16 17 14 19 19 21 9 17 21 14
9 14 15 18 12 14 18 16 19 10 17 8 18 15 21 15 13 13 18 14 14 17 17 22 16 14 16 28 17 16 10 20 23 7 18 17 17 8 24 17 26 17 14 13 21 18 20 18 16 15 19 20 6 16 20 22 12 17 9 14 15 25 9 19 21 15 11 15 16 18 17 18 27 17 13 15 17 16 20 20 12 13 14 15 20 17 19 15 15 17 17 14 15 24 22 14 17 17 13 16
12 16 17 12 15 14 22 20 17 20 17 21 15 18 16 16 16 15 19 14 16 15 14 9 23 17 17 16 17 20 17 15 10 9 16 16 18 15 14 11 14 22 21 18 14 9 15 16 13 17 11 20 22 13 17 12 16 12 14 18 11 15 19 20 11 21 12 13 17 22 13 15 13 19 25 15 12 12 11 22 10 17 17 16 8 19 16 18 12 18 17 23 19 12 18 15 16 15 17 9
24 16 14 16 19 13 19 14 16 17 20 13 14 9 14 7 15 20 11 13 16 23 21 19 11 15 18 15 14 12 11 14 15 21 15 10 18 12 15 15 15 16 16 12 15 18 18 15 14 12 13 11 18 9 16 15 9 15 13 24 19 22 10 17 21 10 15 21 17 8 16 20 14 14 12 16 16 12 22 20 19 12 21 11 11 9 14 14 19 15 22 20 13 20 13 16 13 15 18 23
13 16 22 17 18 20 16 18 15 19 20 13 15 13 17 15 17 20 10 21 12 24 21 22 13 19 16 22 15 13 11 18 13 14 20 15 16 12 27 15 17 17 12 17 11 20 16 12 24 22 17 14 19 10 27 18 19 16 13 21 25 15 20 19 16 16 24 21 26 18 14 22 14 12 16 18 18 15 12 19 13 18 11 7 21 14 12 24 23 15 14 28 16 21 19 17 8 15 10 10
9 15 17 16 9 11 18 14 19 26 12 13 21 15 11 17 16 17 18 12 14 15 16 21 12 16 18 16 16 18 40 15 14 18 16 18 19 12 24 8 11 23 21 19 27 17 23 22 35 13 19 16 13 19 25 15 21 25 15 13 17 15 17 23 12 9 16 15 15 23 14 18 15 15 15 14 22 18 11 10 22 13 25 14 12 20 15 9 17 15 20 21 13 17 14 23 16 14 16 19
12 19 15 16 14 20 10 22 16 15 13 15 19 24 9 20 15 18 20 11 10 13 15 12 16 9 16 11 13 20 19 15 14 16 16 14 19 13 21 17 21 19 13 16 18 18 19 11 13 8 19 12 13 14 15 21 9 10 13 14 17 13 15 22 18 22 20 14 16 10 9 13 18 12 18 16 16 12 14 17 19 10 15 12 12 16 12 10 12 15 16 12 8 14 13 14 7 21 19 11
14 19 14 22 8 24 18 17 10 9 18 20 11 23 17 21 14 13 15 20 15 22 14 10 15 19 24 14 15 9 13 21 16 13 11 13 25 16 8 16 14 18 21 22 11 16 14 17 21 19 16 13 20 16 13 20 22 20 10 13 16 17 13 22 12 21 16 19 17 12 23 13 11 21 22 14 16 15 23 9 14 11 14 19 10 11 9 19 14 18 14 15 17 15 12 16 18 11 11 14
15 16 16 13 14 19 14 11 12 11 16 13 19 13 10 21 21 14 12 15 17 14 12 19 12 15 14 14 11 16 13 16 11 14 9 18 16 15 12 10 21 16 14 22 23 19 20 17 7 17 14 12 22 17 17 18 15 16 8 10 14 17 19 14 15 15 19 19 22 14 19 19 18 10 21 17 14 18 15 13 14 16 15 25 14 12 23 8 19 14 14 18 13 18 16 16 13 20 13 14
17 7 21 15 13 14 15 23 14 32 24 17 20 11 25 13 16 17 21 18 14 14 22 15 22 22 18 17 22 25 12 19 22 9 14 19 18 17 9 13 14 18 14 18 14 13 11 17 25 20 20 16 21 24 25 21 14 12 28 23 20 16 16 15 11 18 15 18 13 11 12 9 18 18 15 13 14 12 13 14 14 15 9 9 15 17 13 18 10 14 15 12 15 22 15 21 23 13 11 15
14 11 12 15 17 14 12 12 9 15 12 15 11 14 13 18 11 8 11 21 17 15 13 11 11 16 11 17 15 15 16 13 17 14 9 14 16 17 21 18 12 15 11 14 12 16 16 16 19 21 16 12 18 20 17 14 15 18 13 11 14 15 8 20 16 11 18 12 13 13 18 19 17 11 12 16 19                       
