0.391304347826087 3035 24 29 20 21 24 19 30 27 27 22 25 33 26 25 23 28 24 34 27 29 23 16 22 24 23 20 22 28 33 26 26 29 24 21 42 22 27 23 27 26 20 23 25 30 24 26 26 23 26 19 28 21 30 34 20 27 21 21 29 19 12 22 18 24 20 20 21 18 29 30 16 14 28 18 25 20 24 20 19 23 27 23 26 22 25 20 23 14 25 17 15 26 21 24 30 18 25 20
20 26 23 33 36 50 36 22 11 20 30 37 20 29 24 20 18 29 23 28 26 20 18 21 26 21 30 14 26 32 37 29 20 30 24 25 16 28 25 29 27 20 20 27 18 30 20 17 25 26 24 21 36 18 16 33 20 25 24 28 24 29 27 19 21 20 25 22 21 27 21 18 22 17 21 20 14 26 29 26 17 26 22 19 24 22 38 31 27 22 22 18 29 23 24 24 23 23 28 32
24 23 29 24 26 20 31 32 14 17 28 29 26 21 26 20 23 27 31 31 30 30 29 29 39 26 31 21 26 23 25 30 22 26 29 23 22 18 35 24 30 19 19 18 26 25 38 34 24 30 27 27 17 32 24 19 24 27 28 25 23 31 26 30 24 23 20 33 31 31 26 19 29 18 21 24 32 9 37 19 20 17 25 26 29 20 25 33 25 27 24 28 28 25 20 14 22 30 19 16
20 31 27 22 28 24 26 35 28 27 31 32 31 24 22 29 23 27 21 31 30 21 23 16 30 24 25 22 18 23 26 20 20 26 26 23 30 39 15 31 23 20 18 32 23 32 26 27 26 30 29 25 16 24 32 32 32 38 27 30 21 28 22 23 28 31 26 24 23 29 27 19 23 17 15 35 19 18 34 24 35 28 22 20 28 25 25 23 21 22 27 22 28 28 22 35 17 39 38 31
15 23 10 21 33 33 24 23 35 36 26 29 15 25 14 6 15 16 35 28 22 22 25 15 15 13 29 31 35 21 27 23 25 24 23 21 17 24 16 26 11 22 18 23 23 18 23 22 25 17 17 23 24 25 24 30 32 36 37 29 32 38 22 25 22 29 22 23 26 21 4 28 20 18 24 22 22 18 21 27 13 44 19 26 25 11 14 25 23 25 30 29 34 22 30 26 33 30 17 22
27 31 23 24 28 28 24 24 25 23 19 22 21 15 30 28 19 27 36 20 20 35 39 34 14 17 23 31 24 28 17 13 28 24 25 16 23 29 22 31 28 23 29 25 23 25 26 40 34 16 24 23 18 20 17 26 21 21 23 20 28 24 22 26 27 21 33 16 30 29 26 26 23 18 24 21 29 17 26 19 19 27 25 23 21 32 18 28 34 34 35 23 29 31 20 32 28 20 7 26
22 20 13 20 26 30 30 16 22 27 29 24 19 16 26 27 25 18 25 25 21 19 22 26 27 22 20 31 14 28 21 18 24 27 19 21 22 31 21 23 30 26 24 25 26 28 20 27 24 14 17 18 17 24 30 30 23 26 26 18 31 28 22 31 21 17 26 25 24 30 25 28 33 14 31 30 30 25 25 30 21 24 33 26 17 18 34 35 32 28 21 24 26 17 24 25 18 26 27 19
24 38 27 18 19 21 22 19 20 31 32 16 30 22 26 26 24 21 22 26 28 21 18 25 27 26 26 34 32 21 25 25 27 22 17 34 50 24 25 33 20 24 20 16 27 19 17 32 25 27 25 21 19 21 26 28 21 29 30 21 19 24 24 21 28 22 21 22 17 25 25 23 23 19 41 28 33 22 26 25 29 28 32 20 27 29 25 16 24 37 39 30 34 22 19 21 32 24 21 21
23 26 18 24 18 30 25 18 23 32 27 20 20 24 17 31 17 26 27 25 17 24 26 19 24 17 25 30 34 28 12 31 22 140 38 16 18 25 19 25 28 31 19 19 24 30 18 23 43 29 27 18 22 34 32 18 20 26 21 19 32 26 25 22 20 28 16 15 22 23 25 22 27 16 23 28 14 20 23 30 26 32 31 38 27 16 19 20 23 25 24 31 23 35 20 40 24 29 21 20
19 31 24 21 39 36 41 33 20 25 30 18 29 32 31 28 32 51 36 27 23 34 23 30 23 18 20 23 26 29 24 26 27 27 34 41 27 20 25 30 24 17 20 28 27 32 17 29 31 20 30 11 22 30 22 18 21 29 26 29 16 19 28 37 27 25 21 19 33 20 13 33 24 17 23 22 28 31 38 22 21 30 23 27 24 28 22 38 24 27 23 23 29 28 31 14 20 31 22 21
27 38 20 22 25 11 39 22 42 25 23 21 21 27 28 21 17 36 18 24 24 32 30 32 24 24 35 27 27 38 35 27 35 20 28 34 25 12 23 34 33 30 23 15 22 15 22 24 22 25 28 28 25 16 29 22 14 22 20 26 15 28 23 21 22 26 19 21 24 29 26 27 41 23 26 21 24 16 37 31 28 17 30 17 29 27 31 27 24 19 18 24 34 20 30 36 28 30 21 35
32 24 27 26 22 14 17 16 32 23 31 23 19 29 21 21 25 37 31 23 19 21 22 29 23 23 24 23 21 34 15 24 32 23 29 30 21 34 38 26 18 26 29 29 24 24 27 25 17 33 32 24 22 22 24 29 16 33 33 20 30 26 30 29 20 31 19 22 24 25 27 30 25 24 28 31 28 29 30 17 25 17 25 27 36 34 35 24 28 31 28 24 19 24 25 25 23 16 22 22
20 22 28 20 18 20 26 27 23 25 26 31 18 20 27 25 28 34 24 27 28 33 24 21 28 23 14 20 23 21 27 35 31 36 26 22 30 23 24 29 25 27 21 25 20 19 30 30 32 25 14 22 22 27 25 24 30 27 29 13 20 18 27 29 34 22 21 26 27 24 13 18 19 26 17 25 19 29 22 28 31 33 19 20 14 23 16 17 31 23 22 36 17 21 25 27 31 25 23 30
30 22 18 21 21 18 34 30 31 25 32 18 29 15 25 23 25 19 30 28 37 27 31 24 25 31 24 18 27 26 25 22 14 23 27 14 18 20 19 32 22 24 34 28 21 27 33 24 28 33 38 22 17 24 26 30 26 23 30 33 24 25 31 28 29 24 18 27 26 35 29 32 21 20 24 30 28 29 18 27 30 23 25 27 24 21 32 28 29 18 28 17 23 27 26 21 18 27 18 25
16 27 25 25 23 29 29 26 27 23 26 24 32 24 23 37 28 21 33 20 36 29 30 26 21 24 28 32 23 17 23 24 25 27 27 22 23 23 15 36 16 31 27 25 32 34 31 22 23 24 40 33 29 27 40 24 18 25 28 29 25 24 27 29 22 18 23 21 30 20 28 20 16 23 37 29 39 28 21 58 53 19 34 31 22 39 27 25 31 32 20 24 26 17 24 17 21 20 21 31
22 28 26 29 22 26 17 18 13 27 27 26 26 27 17 23 24 28 13 26 28 25 29 23 33 22 25 28 26 18 31 34 34 25 29 28 29 30 17 17 25 28 12 18 33 36 16 18 21 21 24 26 33 22 26 27 30 28 26 31 24 27 24 27 23 27 24 19 21 22 22 26 31 26 23 18 28 26 23 27 13 18 19 27 25 22 18 13 20 32 20 30 23 25 18 18 17 21 25 24
28 21 26 21 25 23 21 32 27 24 18 18 17 41 24 18 27 14 25 28 25 24 21 21 17 26 25 24 31 26 13 27 26 29 21 25 24 21 30 19 34 27 28 21 21 22 22 24 19 18 21 30 27 34 22 28 28 27 12 35 18 23 32 27 28 17 17 21 28 29 27 20 18 23 26 30 19 26 31 31 19 15 23 16 12 28 28 16 18 28 27 22 22 23 23 21 18 7 29 25
31 22 28 28 27 29 31 29 34 21 28 30 39 23 24 19 28 26 21 22 31 29 32 28 17 22 28 23 25 19 28 31 30 21 35 26 28 25 32 15 22 26 21 23 22 23 22 20 22 30 20 21 27 30 25 27 44 21 20 22 22 18 32 14 23 24 13 30 24 19 28 23 22 15 18 28 27 32 48 18 24 22 24 23 43 20 21 38 30 16 33 28 20 23 27 24 14 15 39 33
37 22 17 26 32 17 31 27 22 26 18 25 30 18 24 21 28 19 14 20 21 29 23 27 28 36 14 33 25 26 18 25 27 17 22 25 24 28 23 25 27 22 30 15 28 28 21 20 17 9 20 25 22 19 24 22 25 25 28 16 15 24 19 22 27 26 22 26 35 14 20 29 22 29 34 37 25 34 21 21 28 20 22 21 24 18 22 20 23 31 25 18 36 26 29 30 32 24 27 31
31 30 19 22 24 25 21 29 29 26 19 18 23 20 24 21 25 24 27 26 27 20 26 30 17 20 36 20 26 28 30 26 21 16 23 28 30 25 23 12 24 26 24 20 23 21 28 32 24 15 30 27 15 20 22 22 21 21 21 31 33 22 28 15 23 26 23 31 17 28 18 27 37 21 21 18 25 23 29 28 22 26 31 28 22 29 27 33 23 20 34 27 21 24 18 22 34 25 23 15
17 19 16 18 22 28 27 20 30 25 24 26 27 23 20 21 13 20 21 23 28 28 20 19 14 30 30 23 18 25 10 22 18 28 25 18 26 35 32 39 31 31 32 26 19 22 34 26 14 32 40 30 23 27 20 17 30 20 30 19 14 19 18 20 29 25 25 18 20 23 20 16 23 27 24 36 33 23 15 24 23 24 25 22 30 29 29 25 24 27 26 29 30 24 19 15 34 23 16 21
17 24 28 24 24 33 30 19 22 28 30 30 15 22 21 18 22 32 17 18 25 30 24 26 30 30 24 21 25 21 18 30 23 22 21 25 18 28 24 32 31 22 29 19 22 27 24 28 18 29 24 27 20 22 20 27 23 38 20 21 37 15 23 25 17 26 27 19 19 20 20 22 22 19 22 18 25 21 23 36 31 26 27 22 23 25 27 19 29 34 28 23 16 17 21 23 27 34 23 30
20 21 30 19 24 16 19 25 23 34 36 19 18 25 23 34 31 27 17 29 27 23 23 29 12 23 22 29 21 29 27 19 19 28 22 22 32 25 23 28 26 15 17 17 28 29 17 25 17 28 26 17 31 34 24 25 16 24 26 29 24 14 28 22 28 29 19 24 25 23 23 27 21 32 28 37 22 28 25 28 18 26 19 28 22 19 30 26 27 23 24 32 23 30 31 22 31 21 21 29
27 32 21 47 19 25 25 19 15 31 29 30 26 25 28 27 17 29 22 31 22 19 22 26 23 28 21 44 25 29 25 29 23 24 31 31 22 23 26 25 29 22 35 26 20 14 25 24 19 20 19 26 18 27 20 21 27 19 32 24 26 24 25 24 20 26 18 33 20 26 18 16 27 17 28 28 22 27 29 19 32 17 24 29 23 28 18 30 22 23 26 24 21 16 22 26 28 37 24 34
28 26 28 27 24 22 18 16 26 26 26 24 16 14 32 25 23 22 29 21 22 22 35 28 23 20 35 15 32 22 27 22 25 33 25 27 16 18 31 23 29 29 26 34 25 22 31 27 19 24 20 27 19 22 33 18 22 19 14 21 23 26 23 22 19 31 15 26 19 18 19 27 19 39 24 25 26 26 32 23 26 28 22 22 33 20 22 29 26 18 28 23 22 19 25 17 20 22 28 28
13 28 17 17 16 31 26 27 35 31 24 20 18 14 22 25 22 20 26 23 21 34 17 22 28 23 26 24 25 22 15 22 22 28 27 25 26 21 19 26 29 16 25 23 27 24 28 42 31 21 26 20 27 25 18 27 31 14 23 28 21 29 23 27 13 27 17 21 31 32 20 21 23 26 19 19 18 21 29 32 33 24 18 23 23 21 26 24 22 29 23 25 20 26 19 27 20 32 19 31
31 23 24 20 22 32 24 20 22 60 21 21 29 24 23 15 15 28 30 22 32 18 24 32 31 23 14 28 18 24 20 24 28 22 24 25 29 33 27 27 38 28 20 15 33 42 28 26 22 27 30 21 24 24 32 24 30 12 21 24 22 31 42 47 31 26 19 28 30 23 33 26 32 33 26 24 24 29 31 30 26 35 22 19 28 19 26 21 29 21 28 25 25 21 27 26 19 23 28 26
31 16 28 29 29 20 26 25 22 33 25 21 21 39 24 23 25 30 20 30 23 18 19 18 25 17 20 25 16 25 22 33 31 18 22 25 18 15 13 37 23 26 20 26 29 27 15 21 18 20 26 25 14 12 27 46 24 30 31 28 29 20 25 28 24 20 29 22 24 19 31 23 30 29 32 13 25 21 32 28 21 27 29 22 32 31 34 19 22 24 19 15 20 16 32 28 28 21 27 18
31 13 36 21 23 17 27 17 15 28 19 23 15 24 25 15 30 34 19 26 29 18 34 16 21 25 26 28 25 34 32 24 23 17 30 26 20 26 7 18 27 24 24 40 22 29 33 27 18 21 20 20 33 25 20 23 13 23 22 29 18 24 35 20 25 27 37 29 26 28 8 18 22 22 25 31 32 23 14 30 20 27 20 28 23 26 24 26 27 19 26 24 29 21 31 18 30 32 28 26
20 29 27 20 35 33 33 12 32 24 19 31 11 16 19 12 19 12 4 11 12 8 8 13 11 11 11 15 17 14 10 8 7 15 11 18 9 10 18 6 11 14 14 18 10 5 11 8 15 18 18 16 12 10 9 13 13 12 8 14 12 12 13 11 12 10 7 9 5 17 11 13 12 12 9 13 8 12 12 16 15 15 9 6 7 16 8 15 13 13 7 17 13 13 14 14 13 17 12 11
14 12 14 6 10 17 9 9 7 5 9 15 14 18 12 14 16 12 16 16 8 12 18 12 16 9 26 14 8 9 9 13 16 13 15 5 8                                                               
