0.451612903225806 3057 31 20 33 19 33 45 32 41 39 34 43 29 42 31 38 32 43 28 18 36 33 36 32 36 36 35 31 38 24 29 29 26 29 35 37 23 40 38 30 33 34 37 33 34 44 38 26 38 29 21 31 32 22 30 28 23 24 28 25 27 29 33 24 23 29 31 21 29 30 29 27 31 21 31 18 34 25 25 38 29 37 28 34 38 36 30 21 25 26 35 30 30 38 18 31 30 26 18
34 27 33 31 6 24 35 29 38 22 26 28 48 25 27 57 50 39 42 42 29 26 34 14 29 22 30 36 31 29 33 35 25 27 24 32 34 20 29 30 34 28 41 39 29 30 36 27 28 30 34 22 23 21 25 29 31 22 23 30 23 27 33 22 33 28 29 25 31 29 39 28 30 34 22 26 38 24 21 33 30 28 32 32 29 31 29 28 25 29 37 25 49 36 43 39 30 29 39 31
22 15 28 29 29 25 37 30 36 25 40 31 29 25 33 33 30 17 17 26 38 34 37 23 22 32 25 23 31 30 21 30 27 27 34 20 30 32 28 40 30 24 25 28 33 26 33 30 22 33 22 33 18 20 21 27 18 31 21 31 27 40 31 33 31 19 43 32 27 40 34 23 24 30 21 33 25 21 28 39 28 30 37 35 17 43 35 28 36 31 20 26 31 28 27 31 34 30 27 31
31 32 36 27 34 20 32 29 29 34 30 30 27 37 30 31 32 33 27 34 28 34 39 36 27 30 30 31 21 24 26 34 27 35 37 36 34 33 37 25 31 30 29 22 26 23 22 34 41 41 34 38 36 37 42 35 26 40 20 29 24 22 23 24 24 38 44 30 18 27 27 30 36 32 15 33 36 27 32 37 46 46 34 30 28 29 34 32 30 39 30 22 27 28 38 38 35 24 35 26
36 44 26 28 27 28 23 32 29 27 34 32 29 36 25 25 27 29 36 30 12 30 37 30 32 31 31 30 26 31 22 25 30 31 37 33 30 29 33 20 42 33 31 23 34 30 25 29 32 29 40 40 35 26 26 43 30 23 29 31 33 34 29 37 40 30 27 31 30 21 40 32 29 29 28 30 29 30 19 37 29 33 23 19 32 30 31 42 28 33 39 32 41 21 33 24 27 27 32 36
35 31 28 30 19 14 16 30 33 31 31 25 23 32 28 21 27 30 28 24 23 27 25 27 33 31 38 28 36 36 21 39 35 29 36 20 34 33 38 33 20 17 18 30 24 39 34 31 28 31 42 31 25 31 33 27 34 52 19 28 48 20 19 32 43 34 42 27 35 27 24 35 23 32 26 37 22 41 32 32 23 29 23 27 27 30 25 24 41 26 31 28 24 35 26 29 29 34 30 24
32 30 31 33 33 20 31 19 29 31 25 34 18 27 27 39 31 26 35 37 29 25 36 35 32 30 27 31 32 25 19 26 33 24 26 30 26 26 30 31 32 25 19 28 27 23 46 40 26 32 29 31 17 25 31 26 24 36 34 17 23 34 19 28 29 28 32 22 33 27 19 26 27 15 26 34 17 30 31 28 35 27 36 23 30 29 32 28 36 18 33 29 24 35 31 41 30 32 43 27
21 36 36 23 32 21 24 73 19 46 39 28 35 33 31 34 32 28 19 25 22 26 23 24 23 30 25 28 26 44 21 24 20 29 43 25 33 19 25 35 10 28 27 28 24 24 26 24 26 20 40 33 31 42 24 26 24 19 24 27 32 28 29 29 32 34 28 33 31 28 23 33 37 35 27 24 35 32 24 27 27 32 24 33 21 23 32 34 25 19 31 32 35 26 30 29 23 43 29 32
24 37 32 64 54 31 33 32 32 36 26 25 29 26 32 30 25 22 24 36 37 21 17 20 23 30 30 33 31 27 30 31 29 28 28 29 38 25 32 35 25 33 40 30 31 20 30 30 13 24 36 32 32 31 42 30 30 40 32 29 28 32 34 24 30 33 35 24 29 23 32 32 34 25 30 34 21 27 24 29 29 28 34 35 28 8 43 38 33 28 35 23 33 23 41 23 26 26 30 30
39 35 45 40 31 26 24 27 45 33 38 30 34 33 31 34 32 35 27 22 35 33 28 25 30 24 28 23 20 34 32 34 42 39 36 27 26 28 31 26 35 33 21 36 25 35 29 37 32 24 29 34 27 31 24 28 27 28 35 30 25 37 24 20 39 21 28 34 35 30 37 32 41 36 35 22 33 41 40 32 24 27 31 33 28 23 23 35 35 33 26 27 34 26 27 26 30 39 20 32
39 36 33 26 33 33 25 27 40 31 27 31 27 36 27 27 24 18 36 33 29 40 31 23 32 34 26 27 24 35 34 27 22 21 17 31 24 22 28 37 24 28 29 36 27 26 35 35 27 29 46 30 28 26 25 36 24 29 39 44 23 13 18 28 30 41 38 26 30 33 20 34 29 27 40 29 29 20 30 38 40 17 32 27 31 34 24 23 27 25 28 29 23 31 31 23 29 22 40 21
31 24 28 35 25 34 30 24 27 32 31 29 35 38 31 25 30 26 26 25 34 38 38 26 26 30 32 28 36 30 36 28 31 24 31 28 30 26 35 36 31 35 36 31 29 31 16 42 29 35 29 51 29 22 18 24 33 30 35 32 39 25 32 33 41 44 31 32 25 26 35 29 34 35 38 37 33 25 31 31 26 32 30 24 43 32 31 45 17 37 37 27 34 29 29 26 36 32 37 46
29 29 36 34 34 31 26 26 24 25 34 34 28 29 28 43 30 31 27 42 26 30 38 36 36 26 39 25 25 31 25 30 30 29 22 33 28 13 30 16 36 27 36 32 38 28 33 27 35 40 26 42 31 34 31 31 28 35 24 38 42 30 27 28 25 32 25 26 31 27 33 32 30 30 32 30 25 48 27 34 30 27 35 26 35 33 42 25 23 36 20 22 29 30 28 26 36 32 42 32
35 28 41 29 35 29 23 29 34 27 30 30 35 35 38 26 18 35 36 41 31 27 34 25 43 26 33 29 39 30 24 36 33 40 26 32 12 34 41 25 31 30 19 26 33 33 34 27 20 39 20 28 38 24 34 29 38 35 31 41 14 27 25 31 26 33 32 31 29 37 37 30 25 33 33 29 32 28 28 36 27 32 33 28 39 31 36 27 27 34 35 37 24 32 28 29 31 23 24 38
24 37 19 30 31 35 25 28 33 27 28 44 29 29 33 42 33 37 34 30 26 37 37 33 17 31 24 36 20 23 36 35 36 18 28 30 27 35 36 52 77 85 51 25 32 29 31 16 24 29 35 31 16 27 27 26 17 27 30 30 32 33 25 17 32 28 23 14 27 25 39 22 32 26 26 41 28 27 35 35 31 30 25 30 30 25 35 30 35 23 30 38 37 34 41 23 11 41 35 29
39 30 34 21 38 26 36 29 22 28 37 21 35 27 26 23 36 29 31 33 29 23 26 28 28 32 25 20 27 24 32 28 32 42 27 43 29 32 30 31 28 34 32 27 41 26 30 31 38 22 30 15 42 24 18 39 36 31 37 28 37 28 36 33 31 29 24 38 29 34 33 28 36 38 18 29 37 22 36 35 24 26 30 27 33 9 28 26 31 31 30 20 26 27 37 22 35 25 34 18
30 30 23 30 28 26 20 39 33 25 39 38 33 35 38 24 33 35 27 43 23 21 24 26 35 25 26 30 27 35 30 33 30 26 45 29 37 38 38 31 45 22 43 25 25 29 33 30 29 25 33 25 38 43 30 39 29 34 29 40 29 37 20 34 31 30 31 31 38 33 24 30 23 29 25 31 25 30 37 32 34 27 24 24 35 29 35 33 25 31 26 29 28 35 35 41 40 26 27 25
37 28 41 27 29 27 23 25 30 29 29 26 38 30 30 42 33 19 24 28 17 26 31 23 34 29 36 36 23 38 27 22 34 29 27 30 40 30 33 22 28 36 37 53 33 30 31 48 29 28 34 26 34 33 30 30 44 37 15 29 31 30 34 32 29 32 29 24 22 28 39 33 21 27 33 32 31 21 36 29 34 35 32 33 32 36 27 18 32 37 31 31 28 18 26 35 36 41 28 23
25 30 30 31 22 27 29 25 30 40 31 34 24 40 25 25 22 27 31 23 34 20 26 24 19 29 26 29 34 28 24 17 32 28 34 33 23 24 21 24 30 29 25 29 34 36 20 30 23 21 20 27 33 21 20 41 27 30 25 28 19 31 24 35 19 41 43 33 52 35 34 48 24 25 27 30 35 40 32 23 35 35 28 22 35 27 25 28 21 25 40 33 22 48 27 29 26 27 25 26
29 29 28 38 28 10 29 27 31 37 24 40 33 30 23 19 26 26 31 28 33 33 38 32 24 32 26 27 39 21 27 30 23 28 43 42 31 28 35 27 28 38 35 32 25 22 29 39 24 29 28 35 24 33 34 38 31 33 30 22 24 45 26 32 43 23 22 29 32 32 31 26 24 31 22 18 33 38 20 34 29 20 32 23 37 32 37 25 42 22 27 18 28 33 25 25 25 24 22 19
32 34 34 29 20 34 25 28 36 34 24 21 25 22 31 31 38 43 27 39 24 24 21 33 26 28 36 30 33 17 27 31 35 35 36 28 25 37 20 21 35 30 37 29 37 38 30 32 33 28 30 24 37 35 38 28 29 36 34 43 27 26 19 28 35 33 39 22 24 21 34 32 29 34 40 31 16 26 31 29 35 25 36 40 44 20 37 28 29 32 34 29 29 35 35 32 21 25 31 38
36 27 39 32 27 38 50 30 38 30 27 35 31 30 40 26 38 23 36 25 24 26 22 30 42 39 34 33 41 19 23 34 28 37 32 34 26 30 30 29 25 32 36 36 26 23 33 35 27 26 24 25 33 37 38 41 37 29 31 46 29 19 39 26 41 44 25 34 33 29 33 31 22 22 32 31 38 32 26 33 36 40 35 25 27 22 34 27 37 17 44 21 24 40 37 40 24 23 41 32
34 26 33 31 35 46 25 23 34 22 31 31 33 31 24 28 24 20 38 26 23 25 27 31 39 18 32 32 22 35 28 29 33 35 30 35 37 26 26 28 26 35 28 33 34 20 22 37 23 24 28 28 22 36 28 38 36 33 21 36 39 41 26 23 21 26 30 23 27 26 22 28 19 26 23 34 32 46 30 25 30 21 32 34 35 26 28 40 29 30 30 32 40 32 29 39 26 33 30 31
13 36 41 34 36 29 30 30 32 32 42 28 28 27 20 29 26 39 31 36 35 38 37 38 39 34 37 28 32 34 20 35 38 29 32 24 21 28 35 30 27 25 31 32 38 37 31 39 31 31 34 23 33 31 38 26 31 30 31 37 25 35 39 22 34 38 39 43 36 34 35 37 41 24 29 39 39 33 39 28 30 33 33 37 37 33 35 23 19 38 32 39 26 37 31 30 22 39 31 28
31 33 36 32 29 31 30 32 25 20 33 28 27 36 20 21 24 56 31 16 26 33 30 26 42 32 28 24 38 27 25 30 40 34 38 29 27 27 33 33 31 27 33 30 25 22 30 31 41 20 25 38 27 29 29 47 35 34 40 30 32 28 30 30 32 36 35 42 29 24 35 32 33 26 25 45 41 29 23 36 29 24 35 21 25 35 48 25 36 28 30 29 34 32 38 30 25 46 11 37
25 29 26 40 23 22 25 30 28 20 35 32 20 34 37 44 30 23 39 34 38 31 36 28 32 27 37 28 32 32 32 27 23 12 40 31 31 38 24 31 33 29 26 22 28 30 34 26 40 36 32 34 26 25 35 38 31 40 23 44 27 31 26 27 34 22 36 29 33 37 32 29 39 28 38 38 32 29 29 26 23 34 40 37 25 30 38 28 25 32 36 32 26 23 34 27 23 21 37 32
34 37 30 30 30 25 32 35 39 31 38 35 32 30 34 19 32 50 25 36 30 26 28 25 25 34 32 37 33 36 30 18 26 30 31 21 28 28 37 39 36 36 31 24 33 39 25 32 26 24 30 23 39 20 32 31 30 37 18 29 22 22 30 34 25 28 29 37 31 18 32 26 38 23 25 33 27 24 33 29 31 41 25 35 30 37 31 18 31 22 37 29 35 31 19 31 22 30 39 24
37 36 20 22 24 34 38 25 36 27 20 31 29 36 30 23 28 35 36 43 31 33 30 29 30 38 29 21 29 29 21 17 36 20 24 32 29 14 17 40 26 29 20 26 32 36 40 24 41 27 35 40 27 28 33 19 45 24 17 32 32 34 29 37 41 22 41 28 31 29 34 28 33 35 25 26 27 32 39 34 27 38 35 35 31 28 29 24 22 27 26 24 26 33 37 24 32 10 32 23
24 35 31 33 41 33 31 33 45 32 37 25 32 40 33 21 40 31 29 27 33 31 28 29 30 46 39 37 21 21 34 28 34 37 36 31 22 32 43 30 30 31 23 31 38 30 30 37 26 24 25 23 39 43 25 24 31 29 23 15 31 27 24 26 31 35 24 31 36 24 27 13 44 39 47 39 31 25 26 37 21 37 31 27 24 34 31 28 26 31 39 38 34 21 33 40 37 33 38 36
25 29 39 23 39 25 34 29 24 34 33 32 29 27 26 31 23 30 27 24 30 30 10 32 39 33 21 27 35 47 26 29 28 31 32 31 23 30 27 28 24 32 27 16 18 27 6 21 36 37 32 24 18 20 29 27 31 33 32 30 32 27 31 23 37 31 26 43 32 29 32 28 32 25 40 38 25 33 39 39 41 41 34 22 31 29 35 34 36 29 25 36 32 32 20 35 34 44 36 28
37 25 45 25 25 25 28 28 19 28 24 32 29 31 39 28 32 25 24 35 36 37 38 40 22 48 28 41 44 23 24 36 35 30 28 22 42 24 33 31 33 23 21 16 35 28 23 21 32 43 39 34 30 20 38 33 40 45 29                                         
