0.529411764705882 1680 11 14 17 15 14 21 13 18 17 14 20 16 13 10 14 15 18 19 14 14 18 10 15 17 15 13 16 19 20 23 16 13 11 13 19 19 19 13 14 20 13 21 19 13 16 21 19 20 16 21 6 13 14 14 12 14 16 16 14 14 20 11 13 15 14 18 17 15 16 13 18 16 18 17 11 18 11 20 15 12 20 15 17 14 12 20 16 10 15 12 22 8 10 12 9 16 14 17
15 15 13 14 11 12 13 19 21 12 8 14 19 17 8 12 12 14 9 10 11 17 17 13 12 13 23 13 22 11 15 12 9 9 8 13 16 15 11 18 14 19 10 11 10 11 15 12 5 18 13 16 13 15 17 18 21 9 12 12 14 21 8 12 19 14 16 12 6 14 14 12 11 15 15 7 13 11 10 17 11 8 11 12 10 19 10 13 13 9 10 16 15 19 17 12 12 16 21 13
11 10 11 13 9 19 14 10 13 16 12 15 11 14 13 20 12 13 13 7 7 17 11 12 14 13 22 13 12 11 12 12 14 17 14 10 16 18 15 6 16 16 14 7 14 20 8 11 12 11 15 11 11 12 14 12 11 13 18 17 18 9 20 11 11 15 12 11 13 13 13 9 13 19 13 16 9 4 18 11 11 11 10 20 20 16 15 12 15 19 18 22 20 13 16 15 16 11 12 12
19 12 12 11 18 13 8 16 20 20 12 11 11 17 14 15 21 17 9 9 14 18 18 11 12 21 13 6 13 13 10 14 17 15 16 21 14 15 12 13 13 16 9 13 15 15 11 15 17 13 15 11 22 15 6 11 12 11 21 10 17 17 15 16 11 15 21 14 15 19 15 13 12 24 14 17 19 20 16 17 17 7 15 22 11 15 12 11 20 11 15 15 23 17 11 10 18 19 15 22
12 20 10 11 16 13 17 18 17 16 15 19 14 15 11 16 13 12 23 18 16 13 28 15 12 17 13 18 26 12 12 21 15 10 19 13 13 13 17 18 14 11 21 14 17 18 21 9 13 15 16 15 12 12 17 9 14 18 10 16 14 13 18 20 14 11 17 23 15 15 22 13 16 17 14 12 17 13 6 10 16 13 12 12 10 8 13 8 18 14 19 13 14 17 21 13 19 13 17 15
19 15 14 16 17 11 14 15 14 24 15 11 11 17 12 11 8 11 8 15 15 11 13 17 15 9 14 11 16 9 10 19 18 12 20 12 17 11 9 12 15 23 8 15 40 38 15 16 18 12 12 15 19 19 22 21 20 13 13 17 13 16 9 19 14 18 19 7 7 13 9 16 19 20 9 16 15 16 17 16 18 12 9 13 10 15 12 10 9 13 8 14 10 18 22 12 13 16 16 12
16 11 12 9 12 11 13 11 14 17 13 11 13 18 11 13 12 14 11 12 8 10 20 11 12 11 18 9 11 15 12 14 12 13 11 23 13 10 14 14 15 11 21 8 10 14 13 10 11 13 11 12 17 11 16 10 18 12 20 10 13 23 24 8 14 14 12 11 16 9 12 9 11 15 17 24 14 16 15 17 11 9 16 13 10 16 9 14 15 10 15 17 9 26 19 17 16 16 15 14
13 16 16 16 16 21 20 14 11 7 10 16 11 14 12 13 15 16 11 13 12 19 18 13 15 12 12 15 16 14 15 15 13 14 12 24 33 21 13 17 13 11 16 7 17 20 13 13 15 14 13 12 16 8 11 10 13 16 14 17 12 14 14 28 14 12 16 9 17 16 11 15 16 19 20 15 24 17 14 8 15 18 12 19 16 9 16 21 9 13 20 11 16 15 13 18 15 18 15 15
14 20 12 15 14 9 14 12 9 15 21 19 9 13 17 14 12 11 12 28 16 13 10 9 16 12 12 11 20 17 15 14 19 9 14 15 18 10 14 8 21 11 10 11 17 9 14 53 51 30 19 15 17 9 9 14 18 16 18 9 16 14 16 21 19 14 14 12 14 17 9 15 17 15 14 17 12 8 6 6 7 15 19 15 23 9 12 16 14 13 12 12 8 9 10 9 16 13 12 14
16 14 18 21 17 15 19 11 13 12 16 15 14 18 11 14 11 14 12 19 11 17 14 16 8 15 21 14 15 13 13 18 12 18 14 11 10 19 16 16 17 10 11 19 16 15 16 13 14 13 6 13 10 22 17 14 19 14 14 10 16 20 16 27 17 19 8 14 15 14 9 17 18 18 17 13 17 11 11 8 16 16 16 15 17 13 15 20 13 14 18 11 11 9 14 12 12 5 10 11
12 15 20 20 19 18 19 14 17 8 13 9 17 15 18 10 19 16 20 19 20 19 18 14 13 12 17 20 10 28 14 7 12 12 14 14 15 18 18 20 20 17 13 20 12 20 18 12 12 12 17 23 13 10 19 18 18 6 15 19 20 14 9 17 10 12 19 15 13 15 9 14 13 13 18 18 9 18 17 15 12 8 11 19 11 10 14 17 25 13 16 21 13 22 12 17 13 12 18 18
17 16 16 17 10 18 19 13 10 17 12 17 19 13 11 9 15 15 14 21 12 17 20 17 11 6 9 17 13 14 21 16 17 23 17 13 9 13 15 14 20 12 14 11 12 11 19 13 12 12 11 10 17 10 17 17 10 10 11 9 16 11 17 16 13 14 6 13 9 14 10 11 12 13 15 14 12 15 11 10 14 15 16 17 10 11 9 5 11 11 10 12 16 15 18 13 8 11 17 10
15 8 8 15 20 21 11 13 12 16 30 18 21 10 16 11 10 17 9 15 12 14 14 6 22 7 8 14 18 16 10 16 13 16 16 14 12 11 16 10 9 12 8 13 8 6 21 21 11 9 13 12 10 13 11 11 12 13 14 16 13 23 12 14 20 17 12 13 10 12 14 12 11 13 15 15 15 11 14 9 10 18 11 12 19 14 11 12 18 9 12 11 13 5 16 12 12 16 17 16
11 11 15 14 12 15 12 17 9 13 17 13 15 12 13 16 13 19 12 14 15 13 12 11 12 20 14 15 12 17 16 20 15 11 18 9 15 15 13 14 13 15 20 16 13 11 13 17 13 12 14 13 14 11 12 15 12 11 14 10 12 19 21 13 18 22 13 14 16 10 13 14 14 16 9 9 20 14 17 18 12 14 13 21 15 7 12 8 10 16 10 17 10 15 17 10 7 17 18 13
16 15 16 14 17 15 14 8 11 13 15 19 24 12 15 16 16 10 9 13 15 13 17 15 28 14 9 12 13 17 9 19 14 13 6 12 14 13 16 7 14 5 16 12 14 13 12 15 9 8 19 11 9 11 10 13 13 19 13 16 14 20 16 7 20 11 13 13 11 11 16 10 15 16 14 19 7 19 11 18 14 24 18 14 17 22 16 12 15 18 14 17 12 16 23 19 10 21 14 18
12 22 20 14 18 9 12 18 21 8 13 18 12 9 10 15 19 20 19 20 11 14 10 12 19 12 16 14 16 14 17 14 18 16 10 7 9 14 17 24 13 20 19 17 15 9 19 15 20 10 11 10 14 20 21 20 25 19 16 11 14 11 16 13 9 9 21 12 8 13 8 9 13 15 16 13 21 11 12 24 14 11 18 9 9 11 11 7 16 14 16 9 12 8 17 17 13 14 7 7
4 7 6 5 6 9 12 9 10 8 7 8 5 10 11 8 8 5 6 5 7 7 11 5 6 7 6 6 8 10 6 7 5 5 7 4 7 5 6 8 5 7 5 5 8 7 5 10 12 4 6 10 4 6 4 5 5 9 6 9 6 8 8 7 4 5 8 5 6 4 6 6 17 23 10 5 5 10 9 4 6 8                  
