0.413793103448276 1134 30 38 31 37 24 34 14 20 35 35 31 33 33 33 27 28 27 31 21 25 31 28 32 15 30 23 27 24 29 27 29 17 37 25 37 26 31 29 29 28 32 36 25 31 30 34 28 22 40 25 28 17 25 33 26 19 37 29 32 25 30 22 34 36 32 22 37 36 31 29 27 27 29 28 21 29 23 22 24 30 22 26 30 22 17 23 26 28 28 37 26 20 30 18 26 26 28 21
26 32 30 26 29 32 26 34 34 23 23 27 26 27 26 26 27 29 27 34 32 25 27 28 28 29 30 27 22 24 24 26 25 33 26 16 19 24 28 25 30 20 25 31 11 27 35 28 16 28 21 25 22 29 32 30 26 22 17 25 14 36 33 35 40 28 18 21 36 20 24 19 21 30 26 28 23 38 22 25 29 32 30 27 24 17 28 25 31 28 22 35 40 38 27 27 27 26 24 31
21 30 27 28 22 32 32 28 26 33 24 20 17 22 22 21 21 32 28 25 24 15 26 30 26 24 23 21 22 31 37 27 27 23 26 23 24 17 31 25 32 45 28 27 22 32 25 29 24 27 23 21 29 27 17 33 17 27 30 22 34 16 26 23 33 19 31 24 23 23 30 21 29 26 13 17 17 37 22 27 22 32 21 17 23 27 18 25 30 19 31 26 35 31 19 32 33 21 32 69
68 17 23 23 23 27 28 37 31 20 21 29 24 14 33 25 33 28 21 23 28 27 27 29 24 29 26 26 28 31 32 23 37 32 23 30 20 24 26 23 24 14 18 37 18 44 21 21 33 22 30 21 24 21 22 27 29 21 23 26 22 31 16 28 37 21 26 40 25 19 25 27 24 24 26 29 19 36 22 33 22 29 26 30 25 29 32 29 26 23 30 26 40 27 33 26 17 25 20 21
21 22 24 33 23 29 28 23 26 27 17 33 17 25 29 42 30 22 19 28 39 30 28 13 20 25 27 25 27 24 29 22 20 29 25 28 20 39 31 25 32 30 26 19 33 28 25 29 24 19 28 12 33 23 17 22 27 25 26 9 26 30 32 25 24 26 29 28 25 22 28 32 32 22 27 16 29 27 37 31 21 31 22 39 33 20 25 21 20 21 23 27 21 26 20 24 24 32 22 22
23 16 22 30 35 19 19 24 20 26 26 23 23 30 22 16 24 28 21 28 23 28 19 23 31 32 27 22 23 26 31 20 24 29 23 21 23 18 33 28 33 29 29 29 33 22 31 32 36 27 28 28 37 22 18 24 31 21 23 23 37 23 36 33 27 25 25 21 36 32 29 12 17 26 27 22 25 28 27 23 29 22 40 30 26 26 21 33 30 26 21 29 15 33 21 34 28 15 26 17
33 29 21 24 16 39 26 23 21 25 27 29 26 33 18 26 31 18 14 32 26 27 26 17 37 33 29 32 27 25 15 26 29 29 21 25 28 24 31 34 26 29 30 20 25 26 21 35 31 18 22 34 17 34 24 18 22 32 40 24 33 33 17 26 30 21 28 15 29 19 27 19 29 19 31 20 25 29 34 26 28 33 33 25 24 20 30 19 23 32 28 25 26 20 21 24 24 24 20 32
31 25 32 27 23 25 14 25 27 28 20 30 28 20 24 20 27 24 26 22 24 39 21 22 27 31 17 13 29 27 20 23 19 27 29 29 26 32 12 22 23 24 32 34 35 18 33 27 21 19 27 29 26 24 27 21 24 21 22 19 22 36 31 29 16 24 24 29 21 28 26 29 27 25 31 23 39 28 31 31 25 26 32 25 25 11 15 31 27 27 17 22 27 22 13 26 12 18 24 32
21 22 27 23 29 25 19 25 37 20 32 36 18 24 28 17 20 31 27 27 29 26 24 19 20 27 35 24 27 23 34 20 31 18 31 22 27 25 24 27 24 25 25 26 27 27 28 29 26 28 30 30 25 21 26 30 38 29 17 35 21 22 24 22 29 19 36 21 16 20 25 19 34 23 27 19 23 20 27 27 25 31 18 25 18 25 32 31 30 31 25 27 28 18 26 20 25 22 29 28
23 26 28 14 23 21 33 29 20 28 28 26 25 26 16 25 24 26 29 16 32 29 22 18 22 14 29 21 23 25 25 30 16 30 25 27 21 22 12 26 31 29 20 24 29 11 28 20 25 21 27 31 22 27 20 25 30 29 20 25 16 23 21 17 32 22 22 26 27 22 30 26 25 27 28 24 34 19 28 40 31 29 28 34 32 24 30 25 27 26 31 26 21 25 29 29 30 27 25 30
36 24 32 28 30 27 29 26 23 25 32 27 27 21 32 16 28 34 25 24 18 25 27 31 20 31 29 30 28 28 35 37 19 34 23 31 24 31 28 24 33 18 37 32 28 17 29 35 23 29 26 27 23 19 20 18 29 36 33 29 23 26 22 25 29 14 35 30 29 19 32 19 34 29 33 27 32 18 26 36 24 25 20 19 25 21 21 25 25 32 22 34 32 24 28 6 17 12 13 15
14 11 10 12 10 6 7 8 13 10 8 11 15 22 17 11 12 15 13 12 13 9 12 11 11 12 7 12 15 12 12 9 6 25 8 8                                                                
