0.419354838709677 1946 41 39 28 37 32 32 36 30 28 34 32 39 32 46 24 34 37 37 39 32 32 35 36 38 22 32 33 28 23 33 25 37 30 32 22 21 36 35 26 19 34 48 32 24 29 35 26 26 20 21 23 29 24 36 26 36 27 34 57 35 26 29 23 25 34 26 37 36 23 35 34 31 26 34 35 25 32 20 29 28 27 27 16 35 20 39 23 33 23 28 23 37 36 27 24 31 42 34
31 26 26 26 38 25 39 30 22 25 18 31 32 36 30 25 32 35 34 37 34 40 29 23 26 41 32 30 29 25 29 37 25 35 41 40 31 36 35 31 32 32 35 20 32 28 35 32 41 32 25 38 32 14 31 30 22 25 33 28 30 23 30 38 35 28 37 25 37 49 33 43 32 45 39 35 29 36 35 23 29 35 22 26 35 25 36 28 50 35 26 31 26 27 37 34 22 25 32 35
23 35 18 27 28 38 43 35 38 37 37 38 41 42 27 33 34 27 36 22 22 34 38 32 39 32 26 35 23 27 34 32 30 27 32 25 30 31 34 27 26 27 31 18 28 36 34 37 42 38 35 33 41 25 39 31 33 28 44 36 30 29 29 30 28 30 26 34 38 34 32 31 36 24 25 36 34 29 31 33 28 29 29 31 27 20 29 29 32 31 34 38 37 28 37 32 26 26 35 36
30 21 30 34 20 21 28 33 26 27 27 27 33 30 38 38 28 38 31 31 32 25 35 28 33 32 41 43 20 21 27 26 23 25 35 25 24 36 30 25 30 29 24 34 39 31 47 40 36 25 44 45 31 37 26 37 35 30 23 29 36 34 47 37 26 23 29 21 33 36 28 30 42 31 29 41 39 38 29 26 31 29 22 25 37 29 22 27 36 32 30 31 48 33 27 27 25 32 27 29
26 29 39 33 35 38 40 37 31 35 29 27 20 33 35 17 25 32 30 33 33 40 24 34 24 38 31 24 39 11 26 21 34 28 26 20 39 32 26 27 36 25 29 24 21 29 25 36 34 35 28 21 25 30 38 33 27 29 30 44 34 30 26 23 30 27 31 35 30 32 25 39 21 28 29 29 24 27 29 29 33 29 28 35 25 45 28 37 38 29 34 39 9 34 28 31 31 41 29 38
18 30 36 37 31 25 33 31 33 28 29 38 32 14 29 25 29 32 32 32 27 32 30 23 36 33 21 35 27 29 32 39 25 27 30 35 27 39 25 13 25 41 39 26 41 27 36 38 36 22 26 29 27 31 42 30 24 30 26 38 27 42 15 29 29 33 29 28 35 43 19 26 68 29 29 39 22 31 53 22 39 35 30 43 23 32 44 30 29 37 38 20 23 27 25 35 32 13 29 31
37 36 12 25 32 29 38 26 30 26 37 38 27 31 47 33 55 30 30 39 47 30 41 36 41 41 39 36 31 19 36 32 33 41 32 45 31 18 27 20 36 37 42 31 37 41 28 33 37 28 28 42 31 33 37 33 32 31 31 30 31 32 32 35 45 31 29 25 25 31 30 41 27 27 40 37 34 31 41 37 40 28 30 23 25 28 40 32 25 23 28 34 32 38 23 41 32 27 27 40
26 32 24 27 28 21 28 23 32 26 37 25 36 48 40 18 27 23 32 29 38 28 26 33 29 27 23 41 33 29 43 33 33 19 24 15 36 36 43 35 32 31 30 35 43 30 29 37 30 40 28 28 23 38 28 46 27 39 34 25 28 32 34 35 41 26 29 26 27 39 31 33 41 22 38 31 37 35 39 26 30 40 26 27 37 33 34 33 42 33 27 29 26 22 52 34 24 28 29 30
29 32 32 37 34 36 23 28 25 37 38 29 21 31 34 32 28 30 33 35 30 31 43 29 25 37 32 32 26 34 24 23 31 40 37 25 21 35 35 29 33 27 27 24 29 30 34 39 25 24 40 32 31 21 33 23 44 34 35 20 25 32 23 29 24 31 35 37 20 28 30 36 40 32 25 29 18 34 31 30 24 30 36 33 40 25 35 23 27 25 39 24 43 20 34 35 31 33 25 42
36 31 29 29 20 37 22 33 32 33 12 34 37 23 30 27 44 27 39 27 34 39 29 27 33 28 41 43 29 33 26 35 39 22 34 31 37 31 29 36 24 37 42 32 32 30 30 23 43 28 28 29 28 27 27 23 28 43 32 31 33 30 36 25 33 39 33 31 32 29 37 30 27 26 28 22 42 27 29 22 24 37 25 26 31 44 30 31 24 30 41 26 30 29 44 29 26 43 31 36
43 16 30 30 36 30 37 32 40 38 33 40 39 19 30 32 29 35 30 35 35 37 39 26 33 34 26 23 32 29 43 25 26 18 37 33 26 38 30 24 31 35 35 33 28 31 24 32 44 27 34 37 27 37 29 34 43 42 43 38 34 41 35 29 31 24 29 36 31 39 33 25 27 40 27 27 36 31 33 21 35 21 29 17 33 31 33 32 34 26 20 25 26 24 43 43 31 29 46 32
32 35 26 24 28 33 30 39 40 42 32 27 37 44 37 23 25 31 34 24 36 31 40 29 42 34 22 26 28 32 35 24 34 37 34 34 29 25 35 34 25 38 30 29 32 41 31 29 39 25 40 31 33 34 31 39 41 40 23 22 24 39 37 29 26 14 26 13 35 27 31 34 29 22 31 29 20 30 25 26 30 35 36 21 29 25 22 29 19 28 34 26 29 30 27 33 30 29 32 32
30 26 21 19 36 32 31 20 20 34 24 35 35 35 37 33 37 40 34 21 35 39 19 39 21 27 23 38 32 32 22 22 28 22 50 22 36 23 33 31 28 38 24 24 27 19 18 32 24 31 22 25 24 19 26 34 23 27 30 24 25 25 29 26 26 24 30 37 27 34 20 37 26 22 36 22 32 33 32 17 24 34 29 34 26 25 28 34 29 36 36 37 25 17 32 31 39 30 29 34
30 26 33 26 34 24 15 28 33 37 24 26 24 35 35 47 28 36 35 33 26 40 30 36 24 27 27 35 16 17 25 38 33 29 27 33 38 34 30 30 34 23 23 28 25 24 23 39 37 21 31 30 31 44 37 26 41 26 37 24 27 29 19 27 36 43 38 26 18 28 28 38 27 20 38 18 27 28 30 32 42 29 37 36 33 31 33 33 33 36 45 35 39 33 31 25 23 32 37 26
39 32 38 18 31 33 46 32 34 22 42 40 31 29 35 28 40 30 27 39 40 33 48 28 32 29 8 36 29 30 44 35 28 38 31 26 34 21 31 27 40 12 41 35 30 31 22 29 25 20 28 32 37 28 28 22 30 31 27 34 48 27 34 28 26 35 27 32 23 18 32 33 28 11 30 33 27 28 27 25 29 32 31 36 26 29 21 31 29 24 44 22 28 22 27 33 16 26 39 23
31 31 29 26 28 32 32 27 28 34 23 31 25 26 29 37 15 32 27 24 28 25 25 29 19 26 29 26 38 19 29 27 26 23 43 24 26 32 27 23 30 29 22 32 35 22 28 31 22 26 36 31 30 41 19 36 34 26 31 26 24 18 30 27 26 35 31 28 36 43 21 32 31 29 23 31 21 25 34 28 30 29 29 23 33 31 17 32 17 34 47 32 34 25 31 40 33 39 23 12
35 23 28 44 29 22 23 30 31 35 29 28 24 33 23 18 34 28 29 41 34 34 27 28 17 36 23 29 24 25 28 34 27 42 26 33 31 30 26 38 33 21 36 31 34 31 35 21 21 28 25 35 40 32 34 39 39 36 23 37 32 29 28 42 25 22 33 20 31 26 29 29 34 31 34 30 29 35 34 31 23 26 25 23 34 29 31 33 28 26 28 28 23 33 31 25 36 41 42 28
36 24 37 27 32 31 30 29 28 35 42 31 46 31 41 21 34 29 38 26 36 34 31 32 34 29 46 42 32 39 38 27 24 33 27 40 29 40 26 33 26 48 36 25 21 42 47 31 30 34 31 25 31 34 32 25 33 30 35 30 34 28 29 35 37 28 37 36 25 29 34 38 45 39 29 38 28 31 36 36 34 24 36 31 29 27 29 24 36 36 30 27 26 35 31 31 36 38 30 47
27 36 44 28 39 42 31 47 35 42 26 28 31 33 24 40 41 36 13 37 34 34 29 39 31 18 37 42 37 22 28 22 31 17 24 27 33 26 25 28 31 29 51 44 27 27 40 32 32 24 23 27 31 34 37 37 41 22 48 28 37 32 34 24 26 30 24 41 28 28 33 26 30 34 24 31 23 30 34 32 41 36 29 18 42 20 25 25 42 30 32 28 31 30 30 26 23 33 19 10
31 38 35 25 23 18 38 32 26 27 35 23 36 37 39 38 26 30 25 30 22 24 40 25 46 29 36 26 27 35 31 33 35 39 21 42 37 31 25 33 35 40 28 23 29 32 29 29                                                    
