0.473684210526316 3016 33 39 37 49 38 40 39 44 43 37 48 42 37 38 38 24 41 42 38 42 49 43 41 36 28 33 42 30 31 33 45 35 50 31 37 34 38 38 29 46 36 37 35 40 38 34 39 52 34 34 33 38 38 39 26 46 38 26 46 35 27 20 33 72 44 43 42 39 35 46 42 31 35 45 34 39 50 39 31 45 24 34 27 38 26 33 42 36 28 31 37 42 33 40 37 37 41 46
40 43 31 44 34 54 33 39 65 41 35 43 43 48 44 56 31 40 41 47 42 36 33 41 45 38 27 43 37 37 30 48 40 45 43 43 40 34 32 41 36 41 35 35 22 41 52 34 34 45 21 45 33 45 44 29 31 49 28 38 31 43 31 48 49 28 44 40 32 36 45 39 42 41 47 36 43 20 47 41 41 36 37 37 35 33 47 38 29 43 22 45 46 53 51 36 27 28 43 26
41 33 29 40 30 43 39 37 36 38 42 43 47 41 39 54 36 41 31 39 38 33 44 31 31 40 39 27 39 37 44 37 46 32 49 34 37 34 36 43 38 35 23 44 37 44 34 41 49 41 40 46 26 39 22 47 44 35 36 48 40 37 33 49 48 39 41 29 36 46 28 37 41 39 37 39 40 28 36 31 36 59 41 35 34 35 33 42 40 43 34 34 34 53 55 38 32 43 37 38
39 37 35 34 36 15 45 26 44 44 35 48 51 39 41 41 43 44 38 41 38 40 28 40 47 40 39 47 29 41 51 42 41 34 38 46 51 40 35 40 44 37 37 45 38 34 39 31 44 32 35 44 41 35 50 40 31 38 38 41 35 43 45 48 37 39 22 40 33 46 45 34 35 45 40 37 48 44 35 44 38 32 44 37 33 41 30 26 55 34 45 44 33 40 28 36 48 29 44 46
51 32 38 39 47 33 40 40 28 35 35 31 31 26 25 44 38 36 33 31 44 37 50 39 35 30 45 28 35 32 39 37 55 38 35 45 29 35 50 30 47 41 41 44 30 49 41 27 44 43 34 37 34 31 39 38 36 35 41 33 60 34 36 37 42 43 28 39 45 31 38 46 52 30 39 35 43 39 49 43 35 36 34 30 49 49 37 38 38 40 37 35 26 47 31 49 32 35 55 37
42 32 34 40 50 46 46 43 44 31 41 41 33 40 42 26 44 35 48 35 36 24 34 40 31 19 30 36 22 41 33 36 39 33 46 36 31 36 44 38 26 43 26 39 41 38 39 29 35 51 46 44 39 43 36 39 48 50 31 50 43 29 21 35 27 35 37 30 36 43 27 48 39 35 44 31 48 47 43 28 45 36 44 42 37 35 53 45 31 32 34 42 40 49 32 40 33 47 35 41
38 39 23 41 35 36 28 45 40 40 35 30 40 30 34 33 33 52 48 32 31 31 27 52 34 48 43 39 35 50 43 17 45 41 39 36 40 24 27 47 48 42 27 30 30 35 33 29 45 30 41 33 37 32 22 34 31 41 38 32 36 33 45 43 31 35 38 39 46 34 37 40 39 24 40 29 49 31 39 26 41 50 28 34 49 29 34 41 28 34 42 38 37 30 24 38 39 39 41 36
39 37 36 40 40 44 41 34 43 29 29 37 36 34 49 47 37 40 47 27 29 45 78 14 57 79 110 47 30 41 37 26 29 42 38 24 39 28 35 39 38 28 37 35 43 44 45 36 51 45 46 42 46 41 28 36 31 36 47 44 39 47 34 30 34 37 53 25 45 39 34 31 45 40 43 38 36 41 37 34 39 43 34 46 32 23 34 37 34 43 38 44 40 34 54 34 32 32 53 34
29 36 23 37 37 38 36 39 33 37 33 13 32 44 39 52 33 40 23 34 47 42 37 49 38 35 38 159 98 26 24 36 66 42 56 36 32 39 31 42 26 32 35 39 27 42 32 37 33 40 42 42 32 59 45 38 34 38 30 30 46 31 36 34 48 31 22 35 39 36 33 39 39 35 43 31 39 37 52 27 43 26 31 30 35 43 37 38 33 54 36 37 44 40 43 39 12 38 46 28
32 34 34 38 48 28 46 45 39 41 40 35 49 39 40 39 40 52 43 41 35 43 41 43 49 41 67 32 43 46 36 43 46 44 42 49 40 30 38 38 45 27 43 36 42 45 44 38 40 35 27 49 24 37 38 32 32 25 41 36 30 37 39 32 36 32 47 29 38 34 50 36 34 41 43 39 34 42 32 31 46 39 38 38 32 39 43 41 41 43 45 35 37 50 43 35 24 45 35 23
41 34 42 26 29 33 50 27 40 38 45 30 49 48 56 53 37 34 39 38 38 42 43 40 30 39 32 32 27 31 36 49 40 44 22 41 28 37 47 44 30 28 40 39 38 37 39 32 34 54 40 25 27 32 34 48 37 43 44 38 36 49 33 31 39 25 38 34 14 36 53 40 28 44 42 24 38 37 40 24 44 36 35 49 37 60 35 32 33 40 45 40 40 38 27 34 44 41 40 36
33 43 48 44 35 25 32 33 23 34 25 37 33 33 40 41 41 51 27 34 35 46 38 46 27 38 39 8 27 34 35 35 38 47 25 49 49 28 31 32 36 38 37 24 35 45 49 34 43 40 48 35 45 39 27 42 36 43 44 38 39 40 34 40 33 31 32 46 34 44 31 35 33 41 35 36 37 39 24 26 32 40 33 40 30 34 41 45 39 37 40 46 43 36 38 28 40 33 42 30
35 31 45 29 22 30 30 31 23 26 47 28 35 35 35 44 26 38 37 34 39 34 40 37 42 29 37 38 40 39 34 45 46 34 29 30 48 43 40 31 29 36 52 46 42 38 40 37 32 42 37 35 39 42 46 9 44 39 49 38 32 40 32 33 42 43 34 35 29 28 29 45 30 40 35 46 38 41 27 32 33 34 31 29 35 33 30 32 33 15 39 35 37 36 33 23 34 39 40 36
31 28 31 29 46 35 24 33 28 35 44 39 34 39 29 30 33 31 30 53 31 32 26 36 37 33 43 39 45 45 45 55 40 35 30 51 32 43 32 34 36 40 35 48 40 29 41 45 45 44 37 37 43 29 32 32 32 27 37 38 35 51 31 45 33 37 58 28 37 33 26 42 33 36 38 43 37 45 36 37 40 29 35 32 37 39 40 41 40 35 34 34 37 39 28 35 32 43 29 33
42 35 32 41 39 46 52 37 47 30 38 31 30 37 44 38 31 37 47 55 32 38 45 48 6 41 35 42 31 39 36 44 34 34 50 38 41 36 35 38 36 38 51 82 85 77 91 61 93 63 84 59 28 42 41 39 39 32 38 37 31 31 39 31 32 40 36 31 38 29 27 45 36 43 45 35 38 28 33 37 45 48 33 40 36 40 46 39 48 37 38 26 46 40 51 42 38 28 51 38
54 45 51 40 42 36 42 49 37 32 33 48 40 39 37 33 43 38 44 47 34 42 33 37 33 38 51 35 28 45 52 39 50 36 36 40 39 38 46 37 26 35 32 22 37 39 38 38 35 37 47 46 35 37 50 49 35 31 41 37 34 34 33 19 35 43 34 32 43 52 43 34 31 48 29 35 46 32 37 46 37 45 32 32 33 45 45 44 36 38 40 38 31 34 37 48 41 33 32 38
43 36 43 46 32 39 29 31 40 42 42 31 39 29 41 35 40 30 32 29 35 36 29 37 29 32 28 30 44 42 31 32 36 34 37 37 44 37 27 47 46 30 33 36 37 49 30 28 43 39 40 26 29 39 27 32 31 32 37 30 39 36 45 26 43 47 41 43 44 37 49 38 39 43 45 30 38 40 41 31 36 32 41 35 45 25 38 39 30 33 30 33 46 19 41 41 45 34 36 33
38 43 26 42 42 31 42 34 31 44 46 34 35 32 36 26 35 28 40 40 40 40 48 49 47 24 34 47 34 43 40 25 34 36 39 27 37 30 29 33 41 45 38 40 37 51 50 49 34 36 40 34 23 33 44 42 33 30 31 32 29 41 38 30 51 36 40 30 31 31 43 39 32 38 29 34 42 35 37 35 28 39 43 41 39 38 37 31 36 43 41 34 57 40 28 31 49 40 34 44
37 35 35 25 35 39 40 43 34 41 18 49 36 39 50 31 34 48 33 37 38 48 34 39 36 34 28 42 34 33 39 46 33 39 31 48 33 34 38 41 41 36 32 42 34 31 32 36 29 34 34 46 45 39 39 44 48 34 43 41 22 25 32 43 48 43 43 48 48 36 44 46 48 29 37 38 35 33 40 26 38 36 35 34 39 40 37 49 31 39 30 43 37 52 37 47 41 39 34 44
29 50 44 38 39 28 35 56 33 34 44 39 25 34 27 32 36 41 35 34 32 45 30 34 40 40 32 42 41 38 38 30 32 41 30 33 41 40 42 33 40 34 21 35 23 32 38 40 28 36 36 33 39 36 30 38 35 44 33 51 33 38 52 31 27 26 43 35 30 44 51 37 28 41 31 38 44 39 32 34 32 27 51 28 34 43 35 38 37 30 33 40 31 39 36 48 27 28 34 27
37 45 36 38 44 44 35 38 40 37 31 40 35 26 36 42 35 33 24 41 35 44 28 37 46 36 43 43 29 30 27 34 36 42 43 26 32 32 49 37 36 34 41 37 42 34 35 24 41 45 37 43 26 38 39 16 34 43 33 35 35 36 29 29 35 43 31 38 44 37 37 39 35 47 49 35 19 34 44 41 49 42 49 41 50 38 37 49 38 37 55 49 33 34 24 40 24 55 33 38
33 37 29 38 46 45 41 29 32 42 42 36 33 37 32 33 30 8 36 44 31 27 33 49 42 33 40 39 34 27 34 39 30 31 44 46 42 30 43 39 50 29 48 41 47 36 35 32 37 29 37 46 36 37 40 44 39 34 33 28 47 41 32 26 41 28 48 40 52 54 53 38 37 34 28 54 39 46 41 32 38 35 39 40 38 45 36 42 40 33 43 34 33 32 53 42 27 27 44 28
46 47 34 33 33 39 48 39 49 42 36 42 37 49 24 50 41 31 26 31 25 26 40 32 35 38 41 39 44 36 41 29 33 42 46 30 36 40 27 40 48 42 46 42 26 38 22 35 35 36 35 31 41 40 47 28 41 33 36 38 45 48 34 31 26 35 34 31 39 47 31 31 37 44 41 30 36 27 39 40 26 46 29 32 43 35 48 40 49 38 41 36 50 39 35 27 39 36 33 33
39 41 37 32 39 33 42 27 30 29 34 43 25 40 32 23 29 29 34 34 36 25 40 45 35 33 44 41 49 36 38 31 30 23 33 33 45 25 34 39 35 29 38 37 30 34 40 38 32 43 32 45 37 51 49 41 38 39 24 23 29 34 38 30 30 34 36 45 35 44 38 29 38 46 42 38 37 36 36 32 42 46 32 38 33 37 35 32 50 35 44 43 45 41 28 33 38 39 31 30
28 34 47 33 39 46 55 36 33 25 31 52 38 37 48 39 40 34 41 39 31 53 46 33 37 35 27 26 31 48 29 41 50 38 38 31 42 32 43 41 35 39 31 52 38 40 47 39 42 43 33 36 30 29 40 52 47 38 43 29 54 33 36 46 18 52 58 36 37 37 42 37 37 37 49 46 26 40 47 32 45 36 33 40 35 36 34 15 29 37 51 30 47 50 41 33 19 31 27 35
38 35 37 26 38 31 33 45 38 37 46 44 11 28 27 40 33 28 34 56 34 39 20 20 30 42 34 19 44 43 49 44 46 42 53 32 45 41 41 31 46 32 35 41 28 27 43 30 32 35 41 43 36 35 46 44 39 49 40 34 42 55 34 47 29 41 39 32 34 40 32 53 32 46 56 38 37 27 42 46 42 32 35 36 41 41 35 38 26 42 25 47 32 30 38 33 39 33 42 36
31 54 43 26 45 37 36 29 42 29 43 33 33 42 32 36 38 30 46 25 34 38 23 34 41 44 55 32 37 41 30 46 40 34 38 32 55 45 46 30 34 42 45 45 42 30 35 52 39 41 42 42 28 28 32 33 30 41 41 51 27 31 42 32 37 36 32 38 49 36 37 39 34 35 37 47 31 43 48 49 42 26 33 38 37 34 35 45 15 15 40 26 36 23 34 31 30 38 30 41
43 27 28 43 32 31 37 36 47 37 37 42 48 50 25 27 36 41 50 34 34 54 44 39 23 38 26 40 38 31 37 45 43 42 34 34 40 41 32 31 39 28 36 29 44 40 29 43 39 46 35 33 38 45 50 32 46 37 27 51 37 47 40 35 31 26 36 32 48 44 32 34 36 49 34 44 37 19 44 38 40 40 44 20 32 47 44 35 34 34 51 42 27 47 43 33 40 46 36 37
39 32 41 32 51 38 32 42 32 38 39 33 29 48 51 46 37 35 16 49 28 23 28 27 32 42 28 30 41 38 34 40 26 36 29 31 30 29 45 32 35 52 42 33 39 43 48 40 49 28 35 36 52 44 25 36 60 39 38 33 42 42 43 45 47 42 45 44 23 40 30 27 42 28 23 31 43 41 34 37 44 61 41 35 45 38 48 36 39 31 20 17 11 24 10 14 17 18 18 20
26 18 18 25 24 16 18 17 20 9 19 23 21 24 18 23 23 20 15 16 23 32 12 17 18 16 18 19 17 24 20 21 20 23 15 20 19 22 19 10 21 18 25 16 15 23 21 24 16 18 21 13 16 23 17 22 23 17 25 20 22 16 24 40 45 19 19 29 20 23 19 27 10 20 18 31 15 24 21 22 13 20 23 19 12 16 18 15 16 19 17 22 18 19 12 19 38 13 13 13
15 11 15 22 13 11 22 18 24 21 17 21 26 26 20 22 21 15                                                                                  
