0.473684210526316 3341 16 20 21 26 19 27 16 27 21 11 21 23 34 20 19 24 23 14 17 18 23 13 29 15 21 29 28 21 17 13 21 27 25 22 20 19 20 23 17 26 22 22 21 16 19 23 25 18 28 21 16 16 26 26 20 18 14 20 24 12 19 21 15 20 19 22 26 15 22 24 24 24 19 24 19 14 20 25 21 21 21 19 18 22 11 26 24 22 22 27 23 12 19 22 20 19 18 16
12 19 22 14 24 13 24 15 22 18 36 28 23 11 16 16 7 18 22 27 22 18 22 29 14 19 17 18 23 14 18 25 22 24 22 19 8 16 20 22 25 13 25 22 24 25 22 19 22 21 22 18 21 18 21 19 24 20 18 18 24 24 19 22 22 24 18 23 10 21 16 21 26 20 24 19 19 15 18 22 11 23 26 20 21 12 17 30 25 25 19 18 21 28 25 21 14 13 22 19
18 15 28 27 19 19 15 26 31 22 20 18 17 18 15 15 22 16 22 23 24 16 19 21 24 23 19 24 30 20 31 17 17 16 17 20 18 33 20 20 18 17 15 20 14 15 23 22 14 17 15 16 19 13 19 19 25 20 13 23 18 22 24 18 19 21 31 17 19 20 19 22 26 21 29 16 19 25 16 20 18 19 20 20 23 20 20 26 23 16 13 22 19 25 27 23 22 17 20 17
25 19 12 20 28 19 20 27 27 25 13 11 27 10 21 21 27 14 20 24 14 24 15 28 17 28 29 17 12 24 26 19 12 16 29 15 12 30 25 27 17 21 21 19 25 30 23 20 20 22 13 14 14 25 23 22 20 13 18 29 31 16 18 29 25 12 23 32 20 13 27 34 22 27 23 28 19 20 24 17 13 22 22 23 21 12 27 33 15 13 14 25 19 25 21 17 17 28 32 26
38 19 26 21 16 16 22 16 18 12 22 18 20 25 20 19 15 19 21 23 19 15 19 21 21 19 22 20 27 14 23 14 25 20 20 31 21 24 21 23 18 23 20 22 16 15 18 24 21 23 12 15 17 28 20 21 19 25 33 24 18 18 17 19 22 22 21 25 17 12 21 19 13 25 18 14 19 16 17 18 25 17 15 19 20 25 13 28 17 14 32 18 23 19 18 24 15 21 28 19
29 23 21 18 22 21 15 15 17 20 27 26 26 22 21 17 14 14 26 19 19 11 18 18 21 16 22 23 17 16 27 18 7 22 18 10 22 24 33 17 20 25 23 17 17 18 22 19 21 24 16 29 18 15 23 27 25 25 21 28 24 22 27 21 14 23 22 25 22 22 19 22 23 27 18 14 29 27 23 21 28 19 13 19 24 19 16 22 17 26 13 21 21 30 23 12 24 15 27 11
16 24 23 25 14 19 28 17 23 17 24 23 17 24 23 29 18 11 22 19 23 21 19 18 20 21 18 19 16 24 24 23 22 18 20 20 26 35 20 21 17 22 23 20 16 26 23 25 26 25 37 17 28 28 21 16 25 24 12 22 17 15 21 28 22 18 22 22 20 19 15 20 18 16 17 18 15 17 22 23 23 28 17 15 19 10 16 15 15 4 16 19 22 14 18 20 20 17 14 22
19 16 24 20 18 15 18 18 21 27 21 18 21 21 25 25 20 28 11 22 31 16 12 20 26 16 17 17 20 20 25 22 19 22 23 17 16 22 16 15 22 14 27 28 16 13 17 21 18 21 24 20 32 18 27 17 12 29 16 18 21 20 26 17 27 11 15 20 21 15 25 15 19 18 16 27 22 23 16 20 18 21 24 25 20 25 22 23 22 14 24 21 27 26 20 22 10 20 22 21
18 21 17 20 16 26 30 22 17 21 13 18 15 20 27 24 19 27 16 15 26 19 18 24 18 14 28 21 23 20 22 21 21 19 24 23 28 24 14 23 24 21 13 21 22 8 17 23 14 26 27 17 17 40 22 16 19 18 8 22 27 26 21 22 21 20 36 31 24 27 30 17 29 20 28 20 18 19 15 13 32 28 10 18 24 25 24 26 21 20 28 25 20 16 17 18 32 20 26 19
20 26 38 29 22 15 19 21 29 17 21 13 11 13 26 22 18 21 18 20 15 18 20 16 22 19 23 13 19 10 23 16 23 26 21 22 18 15 24 23 25 19 19 27 24 25 25 19 29 18 21 19 12 31 24 16 26 15 11 14 11 25 16 24 14 23 19 24 19 22 16 20 35 21 17 22 17 19 19 21 15 13 15 15 33 23 15 20 23 15 18 15 12 22 24 19 26 33 20 30
22 24 20 17 18 16 20 15 14 24 18 15 29 19 30 18 24 18 15 18 22 20 19 29 28 18 20 15 17 19 25 20 27 20 27 24 17 22 30 29 19 28 29 19 21 23 17 25 32 13 24 15 23 25 18 20 27 20 19 31 19 19 28 20 70 39 28 35 14 33 23 25 19 13 28 21 25 22 22 23 19 17 21 22 20 20 18 23 26 12 22 18 14 19 17 19 20 26 27 18
16 32 25 13 21 19 20 18 22 10 23 24 27 21 26 41 29 23 27 12 14 18 23 20 16 25 21 33 11 24 23 27 19 21 24 31 20 18 30 24 17 23 17 19 15 15 21 15 31 12 26 16 27 20 26 19 19 16 20 13 19 23 14 9 20 27 20 11 20 27 22 14 21 19 31 16 18 26 30 20 19 18 22 17 18 14 19 22 24 25 23 20 18 23 16 27 17 21 13 18
17 10 13 18 13 19 23 17 12 20 20 12 26 22 24 22 23 17 11 17 14 23 24 22 28 24 26 15 21 26 33 18 30 29 13 24 21 13 12 12 26 22 19 26 18 19 15 15 17 23 21 29 24 21 13 23 15 9 25 23 23 13 13 14 25 20 25 17 21 20 21 21 19 15 28 17 12 13 12 19 25 23 23 16 21 18 27 26 25 21 16 15 20 22 18 18 19 13 20 20
20 13 20 23 19 23 19 14 19 16 16 20 13 19 19 14 15 22 25 15 12 22 14 23 14 16 14 25 12 18 19 20 22 28 22 14 20 25 15 22 24 27 25 15 22 13 19 24 17 24 17 21 17 18 11 15 10 24 13 26 19 17 18 14 8 12 15 17 15 16 28 20 24 23 20 17 12 17 17 15 19 28 16 15 11 19 15 18 16 22 15 22 19 20 18 14 24 18 24 19
27 29 24 18 24 23 25 24 17 7 13 28 28 24 18 18 16 17 31 27 10 14 21 24 24 25 20 24 20 16 16 23 20 17 19 23 20 22 19 31 20 25 16 24 20 19 32 14 16 22 34 17 17 20 19 27 17 18 25 21 35 17 32 30 22 25 26 18 24 20 11 18 25 16 25 21 19 30 24 25 19 18 25 27 26 22 23 15 16 25 20 23 13 18 15 16 23 18 21 25
19 18 22 30 15 17 21 24 24 26 17 26 15 22 31 28 17 17 22 15 21 18 32 30 20 18 14 17 27 28 23 15 21 17 17 15 22 21 11 23 28 20 15 19 19 17 22 34 23 29 23 23 24 19 20 25 17 17 26 19 32 23 16 20 24 22 16 16 19 22 20 25 35 21 29 19 22 14 23 26 26 21 12 21 17 25 18 25 21 13 27 11 24 24 19 19 21 15 32 25
24 22 24 27 20 16 11 27 26 22 28 25 20 26 29 27 38 19 21 19 17 8 24 15 21 15 16 22 26 17 24 18 26 19 12 18 29 24 24 20 16 20 13 10 26 19 19 23 19 24 15 24 23 27 24 32 17 14 23 31 22 20 17 21 21 11 20 15 18 18 20 24 22 14 19 13 17 10 15 21 15 30 29 19 24 32 16 23 15 21 24 23 24 20 23 15 18 30 24 26
15 13 12 77 60 55 28 66 32 32 34 37 18 19 21 22 13 12 23 15 16 24 17 14 20 16 19 19 16 13 20 18 19 15 16 25 23 7 21 20 19 20 18 22 15 17 23 21 26 15 15 12 24 14 19 12 16 22 18 15 20 28 19 22 15 24 30 27 18 16 11 19 19 17 17 17 25 12 25 24 19 27 24 18 17 13 10 22 21 27 14 26 17 25 17 19 19 21 22 19
19 27 17 16 5 19 25 27 27 17 19 18 20 25 20 12 26 11 16 24 15 24 24 20 21 18 25 19 22 24 29 16 22 10 24 18 20 21 39 28 11 30 31 28 17 13 22 20 22 20 31 22 29 18 19 17 16 17 21 10 20 21 16 15 26 19 22 24 25 25 20 19 18 9 15 18 22 16 22 14 21 19 17 17 17 19 20 17 28 16 18 19 23 24 14 19 19 28 14 16
24 22 12 17 26 28 18 19 26 21 16 16 17 16 17 19 17 18 22 17 25 19 28 17 17 17 19 18 16 19 10 18 13 16 20 21 19 14 21 14 18 25 23 18 19 16 22 24 18 9 32 24 25 17 22 24 5 11 15 17 24 22 12 22 22 19 14 22 14 23 15 26 15 21 19 19 23 20 24 25 19 18 20 22 23 12 25 17 19 15 17 22 17 16 21 21 16 18 12 11
17 14 19 19 30 23 20 29 21 19 19 20 16 21 29 21 20 22 32 14 25 26 18 22 25 25 19 18 20 19 25 17 16 18 22 15 22 19 12 17 22 23 20 17 23 21 19 23 29 15 11 12 20 17 28 28 16 21 23 18 26 23 25 27 25 14 22 21 13 24 22 17 17 25 22 25 26 13 13 25 18 30 19 17 16 12 23 12 21 21 20 9 21 24 30 20 26 18 27 23
15 26 19 21 16 15 28 22 20 24 15 15 14 21 22 10 25 10 15 14 20 16 24 25 21 14 12 12 13 20 17 12 25 12 23 17 32 26 16 26 20 23 24 18 13 16 19 25 24 30 15 19 24 24 13 22 17 21 19 20 18 28 15 24 24 18 24 18 11 17 19 21 20 17 19 19 20 24 26 16 14 27 16 18 13 16 24 23 16 15 21 21 12 20 14 31 17 21 30 19
21 17 28 10 19 20 20 31 17 19 17 19 19 12 26 26 22 15 16 18 25 14 18 19 20 24 20 20 27 26 19 35 23 23 20 21 23 20 19 12 28 19 20 16 18 16 23 19 15 21 18 20 25 16 21 24 17 27 21 19 29 18 15 27 17 21 25 21 24 24 18 26 24 22 16 21 16 27 21 24 18 23 21 15 18 21 22 26 23 16 12 10 22 21 15 23 29 17 17 16
19 24 27 17 22 13 21 20 16 19 24 18 16 25 28 15 23 27 21 15 16 30 23 15 22 28 18 18 27 17 18 21 19 33 24 16 32 21 17 17 21 17 17 26 31 25 26 32 25 12 20 26 24 29 22 27 19 18 27 22 19 17 21 21 17 17 17 16 23 32 25 16 19 24 14 25 31 27 24 21 30 29 27 24 22 29 18 13 21 21 17 21 19 24 18 19 14 16 26 28
24 21 17 17 21 23 17 7 26 31 20 21 16 19 23 19 22 14 15 19 15 21 22 22 21 18 19 20 22 23 25 11 16 34 27 17 32 16 25 24 17 20 16 23 28 19 20 19 20 14 25 22 22 14 24 23 18 14 30 23 27 16 30 22 28 18 9 20 27 14 28 19 29 14 34 17 17 20 26 26 13 23 20 19 26 16 22 22 16 17 24 21 23 21 21 14 18 19 16 15
22 18 29 30 24 14 15 30 28 22 20 18 21 25 18 15 9 17 21 27 27 22 28 37 23 13 12 20 24 23 21 19 25 18 21 15 36 15 18 26 13 18 24 30 24 13 23 18 31 28 17 18 23 14 18 29 18 19 15 10 13 26 31 13 14 14 17 21 20 16 24 20 23 23 27 21 16 19 19 27 18 24 18 15 16 11 18 22 22 19 27 20 15 28 17 18 17 22 13 22
28 16 18 29 15 20 24 18 21 22 11 18 21 22 17 21 21 23 15 23 25 26 25 20 18 27 21 24 23 27 15 29 26 20 25 16 15 37 17 19 27 21 16 15 26 21 20 18 15 21 24 21 23 22 19 26 24 24 12 23 18 19 21 32 16 19 23 21 15 21 16 25 30 33 14 19 24 24 21 20 23 26 28 23 23 24 17 22 17 17 19 22 24 21 28 22 26 13 19 27
14 20 19 14 28 16 11 18 20 31 22 21 23 25 24 16 24 22 31 31 21 13 16 25 15 20 21 22 16 24 21 28 31 20 27 22 16 24 30 24 18 22 19 12 23 24 18 18 21 19 22 19 24 19 27 20 16 25 11 19 15 21 21 12 21 10 17 15 18 11 23 21 22 17 35 21 9 23 24 28 26 18 23 21 26 20 19 14 24 26 26 18 18 19 24 25 20 27 15 23
19 24 21 16 12 19 23 17 23 22 23 15 15 15 15 27 14 13 27 19 22 20 18 16 17 27 21 11 12 14 25 11 14 16 16 21 14 20 17 20 19 15 28 19 19 20 18 14 17 23 16 26 26 19 22 20 23 22 25 21 21 23 18 20 20 26 18 20 23 16 16 10 21 24 25 23 19 29 13 17 16 17 22 29 26 36 20 15 15 24 26 14 15 17 20 17 35 25 23 28
15 27 14 13 24 15 14 20 17 16 19 25 22 21 20 28 21 10 13 24 23 16 20 22 16 32 19 25 19 21 23 18 24 26 21 24 23 19 7 16 18 16 23 20 18 28 25 22 18 28 21 24 30 21 19 20 23 17 23 18 19 28 31 19 19 28 20 29 25 25 15 20 22 16 25 12 20 16 20 17 23 15 18 12 23 26 20 35 21 17 26 24 28 15 17 18 23 29 29 23
17 24 20 23 15 20 18 23 29 19 18 14 25 26 16 23 28 23 21 23 23 20 17 21 23 24 17 15 9 18 18 18 12 18 19 23 27 19 24 30 19 20 21 20 26 20 15 19 16 25 25 18 25 17 20 13 7 21 21 15 11 25 17 17 31 30 17 6 16 22 19 19 19 22 23 18 26 13 17 19 25 17 22 31 28 19 14 27 28 12 24 26 24 22 25 24 18 22 18 12
16 13 18 23 17 27 18 22 25 19 29 26 23 22 20 13 16 21 16 29 14 18 20 25 18 23 22 19 22 21 18 14 15 22 12 21 16 39 22 21 14 25 23 17 21 18 15 14 22 21 23 23 15 17 17 22 26 18 27 20 12 19 17 28 14 23 30 25 22 27 22 19 12 16 25 18 16 24 27 25 14 22 18 10 26 22 21 29 20 20 25 17 17 15 14 12 22 15 25 31
11 20 5 13 5 12 5 13 12 9 7 15 15 10 8 6 16 9 10 11 13 8 7 14 9 8 7 10 11 9 12 12 5 7 7 15 6 7 15 8 7 13 15 13 13 8 9 6 9 16 10 11 7 8 8 9 11 9 7 12 8 8 11 5 7 8 10 8 14 11 6 13 6 8 9 8 5 9 13 8 12 16 11 9 6 8 6 7 7 9 12 9 11 5 11 10 9 10 9 9
18 10 14 9 12 11 11 6 14 14 9 11 10 8 12 13 6 7 8 11 10 6 7 5 5 6 11 10 13 7 10 8 12 22 10 8 12 6 10 7 22 27 8                                                         
