0.454545454545455 3185 38 32 21 33 31 24 45 34 29 38 29 27 38 39 23 39 34 32 35 28 30 32 27 24 29 35 39 40 20 19 38 30 33 23 21 24 43 30 10 27 17 28 38 38 26 31 28 29 24 20 27 24 32 36 23 15 29 31 25 32 20 43 32 36 41 22 37 30 35 22 40 34 25 22 33 24 21 22 25 32 15 22 29 29 32 33 29 24 31 41 38 24 40 97 35 26 31 32
19 29 25 35 30 35 35 36 30 29 20 23 31 22 34 22 34 24 29 41 26 31 26 30 37 48 28 34 28 29 29 26 28 30 32 25 25 31 19 29 35 40 26 29 31 17 21 36 33 30 21 28 23 34 27 24 28 26 26 22 35 22 31 28 26 29 32 37 41 23 27 21 26 38 24 27 30 35 26 33 25 27 17 17 35 37 31 32 22 29 21 28 32 33 31 24 27 18 28 15
37 25 28 25 17 26 35 25 30 34 21 22 26 28 30 38 22 32 30 36 33 24 29 25 28 27 28 32 32 35 32 34 27 25 29 33 27 39 27 29 23 22 31 36 50 122 16 36 24 30 24 22 27 23 34 26 30 24 39 39 15 32 33 36 26 27 22 30 34 27 17 38 23 30 42 19 30 35 27 32 30 27 31 23 20 28 39 21 29 26 33 29 32 33 27 26 30 43 30 29
29 29 30 42 25 34 31 26 22 21 24 33 33 27 31 25 32 38 29 24 31 28 34 26 37 37 27 39 32 35 35 36 32 30 41 24 22 34 21 28 18 33 21 33 26 26 20 26 27 39 31 50 23 29 32 33 29 30 27 33 18 25 26 35 20 21 26 27 18 31 34 23 29 40 30 20 38 37 18 37 21 40 31 25 41 34 34 30 31 32 29 36 43 29 20 33 20 18 24 44
43 26 39 34 33 41 35 24 40 25 36 43 21 36 27 18 35 34 17 24 29 33 29 39 27 33 28 25 39 20 31 28 27 19 31 29 35 34 29 29 22 32 22 26 23 23 28 25 30 24 27 38 37 23 18 36 22 20 37 42 25 36 38 35 23 28 25 32 26 34 26 39 38 41 37 27 28 34 29 20 37 23 29 22 25 29 30 25 32 36 34 25 20 33 19 23 38 25 32 24
20 35 26 36 25 25 26 33 41 34 28 30 20 23 36 21 29 30 25 36 25 30 35 41 32 34 23 21 27 35 38 32 27 28 28 25 30 28 33 33 26 19 38 41 32 25 25 24 21 20 31 49 25 33 32 30 33 30 25 32 30 24 21 28 28 34 19 30 30 32 41 23 24 21 30 22 30 41 6 26 22 25 25 40 24 21 24 30 36 25 29 27 23 37 32 24 21 31 27 45
31 30 29 35 28 24 16 22 31 32 22 33 29 34 22 30 32 26 35 22 29 37 21 28 27 37 28 29 36 28 41 34 30 27 14 29 33 24 33 38 21 24 33 28 31 25 28 27 23 25 18 19 51 21 36 38 37 35 26 35 34 30 32 33 25 35 39 23 21 23 34 21 38 40 15 32 43 29 25 30 29 19 24 36 25 32 20 27 22 23 21 21 36 29 40 20 29 39 30 31
25 26 25 34 31 26 23 40 40 35 24 29 30 24 27 30 26 27 29 22 26 33 35 25 34 19 36 17 32 31 30 31 29 26 19 25 29 32 32 29 30 35 35 35 33 19 30 35 19 22 34 26 33 30 28 33 24 31 37 25 40 68 25 31 27 28 28 31 21 29 35 20 25 29 25 31 25 30 36 21 22 28 25 37 26 35 30 39 36 22 22 36 28 17 24 24 29 29 34 34
25 29 34 23 27 34 34 38 24 25 30 28 34 26 26 32 35 21 21 22 24 34 25 31 31 18 28 29 26 30 32 30 26 40 15 34 27 35 31 26 37 27 23 27 30 25 27 28 34 33 28 23 20 26 42 29 26 27 27 25 9 98 89 23 36 42 21 21 35 31 23 17 22 25 33 37 28 33 38 27 31 30 44 20 23 30 31 28 18 20 29 28 37 25 29 35 22 36 29 26
28 34 33 26 22 34 33 34 22 30 32 29 25 31 24 29 24 27 24 29 31 30 18 27 24 31 35 29 24 23 29 35 13 48 29 38 25 31 24 34 32 37 28 22 28 40 33 39 23 38 19 27 29 26 24 34 53 38 22 32 26 16 21 23 21 28 40 30 40 25 45 24 22 45 32 31 26 37 23 27 31 30 24 34 51 41 43 46 23 31 24 20 20 31 36 33 21 30 43 28
32 29 20 31 42 31 32 28 25 37 29 26 27 32 8 29 30 29 23 30 26 31 39 28 25 30 29 39 31 27 31 27 40 37 28 20 24 47 32 25 28 26 30 24 16 21 27 28 19 21 25 34 22 43 29 36 30 23 31 21 30 30 24 29 34 38 24 24 25 30 35 26 28 32 28 42 43 21 33 26 31 26 18 20 31 32 35 25 26 27 20 32 31 34 29 28 17 31 33 25
28 24 33 34 26 25 25 30 33 25 26 26 26 24 18 36 35 31 31 35 36 9 19 24 25 23 27 26 25 35 29 43 13 36 33 25 20 26 26 33 34 26 19 41 25 14 22 28 29 22 33 14 27 13 29 29 38 34 45 28 26 22 24 37 36 25 49 37 22 22 31 24 32 34 12 28 40 47 29 27 32 30 33 33 25 21 30 23 34 23 23 20 40 22 41 26 34 18 21 42
25 25 33 39 29 29 19 39 27 16 31 25 32 23 34 30 31 13 31 36 36 41 37 31 19 20 32 36 21 20 33 30 26 32 24 25 29 27 29 26 26 30 22 30 27 35 15 30 25 29 39 19 32 26 26 24 38 25 46 29 18 21 35 26 16 25 21 27 25 29 25 27 28 30 21 31 25 26 32 23 27 26 19 9 20 25 37 20 34 31 25 18 34 16 25 39 42 32 25 18
17 39 28 26 13 25 27 23 27 24 43 27 13 31 26 24 26 27 25 21 26 17 24 35 24 32 19 25 35 29 15 20 29 35 29 24 28 28 35 20 28 27 34 21 33 25 23 22 26 33 25 26 27 30 25 13 35 32 26 23 22 25 27 24 30 22 26 30 19 35 18 34 30 45 22 31 18 33 29 21 21 28 34 30 33 39 30 22 29 34 36 38 28 25 28 39 36 25 30 30
28 20 34 35 23 35 30 28 31 37 33 30 24 36 30 23 37 30 12 30 28 31 27 26 36 22 27 27 35 34 29 38 29 23 29 40 37 22 43 26 31 32 24 35 26 22 27 28 35 24 41 21 39 27 30 36 27 37 26 28 28 25 41 36 23 33 31 28 26 24 38 45 34 22 30 18 25 13 33 20 23 29 25 35 28 34 31 38 34 35 30 18 37 38 38 21 24 28 21 25
33 27 32 26 37 34 27 25 24 37 33 22 20 24 29 27 29 22 38 36 28 31 10 66 55 47 40 24 23 20 30 22 24 28 22 32 30 29 25 33 26 38 34 40 34 24 32 35 24 22 34 22 36 22 25 28 21 21 27 27 28 25 25 21 36 26 38 40 31 24 31 35 30 35 12 53 32 12 30 21 31 29 43 27 20 31 37 28 23 29 28 23 31 28 37 35 39 29 29 30
27 27 36 29 34 17 26 27 30 22 22 36 40 22 23 34 28 28 22 30 40 26 33 26 25 40 19 36 26 28 34 17 23 25 44 31 29 38 41 35 29 18 30 27 18 54 31 35 27 33 20 41 25 28 32 43 21 37 33 34 31 26 39 28 21 29 26 25 24 40 29 22 36 43 32 22 33 21 27 26 25 37 39 26 19 35 37 36 30 31 32 25 36 22 25 31 17 18 32 18
25 16 19 34 33 30 34 25 30 52 31 24 23 39 20 23 27 24 43 33 32 25 23 38 23 34 30 23 31 25 26 22 27 32 30 24 18 29 30 29 28 37 28 30 27 18 23 27 28 35 27 17 25 26 21 32 25 32 26 36 25 21 25 30 35 39 39 31 31 23 27 34 40 33 21 34 25 29 28 31 35 30 22 18 22 35 22 20 21 28 26 34 19 20 23 37 31 25 21 28
36 23 19 25 26 20 27 31 22 16 24 26 22 20 30 19 26 29 23 9 32 26 28 22 20 29 27 29 30 36 24 27 19 28 25 11 62 27 22 40 33 20 30 26 23 38 32 25 22 53 22 34 37 25 26 21 25 26 36 35 31 37 26 35 20 29 33 36 19 17 26 19 37 19 27 35 23 23 26 24 20 23 25 28 23 30 28 27 25 24 31 22 25 20 23 41 18 28 35 31
36 33 20 24 28 26 28 41 26 23 37 25 29 28 28 26 33 27 33 29 20 22 21 20 29 26 31 30 25 35 26 32 27 28 33 23 24 32 36 32 23 29 38 33 28 32 33 36 28 26 32 33 30 30 26 40 17 27 22 36 24 32 29 30 27 24 28 29 33 23 33 32 24 27 34 24 44 25 17 29 18 32 24 19 33 27 37 26 30 28 22 26 21 46 28 33 35 30 25 21
18 32 20 19 22 21 19 30 28 30 26 25 27 39 20 26 25 16 19 28 22 25 32 29 28 17 25 24 30 42 29 28 23 30 34 27 32 24 26 27 28 31 30 19 27 46 32 29 34 24 24 24 27 27 27 30 13 30 30 28 30 25 29 32 29 38 32 31 39 26 29 25 38 23 21 18 28 30 22 34 39 36 24 31 23 26 23 31 25 36 24 25 28 31 34 26 24 42 28 41
22 30 38 32 34 33 26 37 28 36 26 31 24 34 36 35 24 38 26 37 34 31 33 33 27 27 33 24 33 34 17 32 24 25 23 17 20 26 36 19 39 19 17 22 22 29 28 35 18 23 37 30 29 18 21 26 19 27 32 22 22 25 26 23 32 26 33 39 23 33 24 29 18 42 28 30 37 31 37 23 30 27 21 36 26 38 30 28 30 26 19 16 27 30 23 29 30 24 35 14
31 27 30 24 27 34 30 31 28 26 37 35 26 40 27 47 28 31 20 26 21 19 24 25 44 42 31 37 22 34 29 22 27 36 20 28 38 20 18 36 27 30 28 31 31 31 28 23 26 35 34 32 28 35 27 28 28 21 23 25 30 35 29 34 24 32 25 37 33 39 33 35 20 19 18 42 34 24 21 28 20 24 31 26 21 20 28 29 25 28 44 25 31 24 21 40 54 19 25 46
22 19 26 26 35 39 25 29 34 29 23 30 24 18 36 41 34 27 21 34 30 17 26 25 24 32 27 29 33 27 33 39 29 31 19 19 26 26 30 31 25 25 29 21 26 27 24 31 26 28 26 22 22 25 25 43 34 31 28 36 34 24 23 28 51 29 26 42 30 31 24 28 32 32 28 26 27 27 22 47 22 37 30 26 33 25 29 37 30 33 29 24 25 26 36 22 25 31 25 24
39 29 26 25 29 30 31 9 30 28 27 28 31 37 30 35 33 29 19 30 27 34 26 27 24 29 26 24 36 22 20 29 23 18 33 31 27 21 29 21 32 28 31 24 25 38 30 31 22 23 25 23 31 30 34 14 34 27 32 32 27 23 35 31 26 35 34 28 23 30 31 26 27 21 32 26 39 25 27 33 29 25 25 34 27 37 29 33 30 24 31 22 20 35 33 29 23 37 30 35
17 22 18 16 34 21 35 33 29 29 26 33 24 24 27 33 19 25 36 24 32 32 25 27 20 25 31 29 35 28 30 30 28 27 31 31 23 28 37 40 34 32 35 22 20 25 25 21 29 28 26 34 38 30 26 28 30 29 21 32 21 30 26 25 30 29 28 29 18 31 23 21 23 13 31 25 38 22 27 33 25 41 28 24 36 26 24 17 19 33 29 36 23 32 31 31 29 28 38 34
46 33 31 30 32 32 33 26 29 33 33 25 31 36 21 27 27 21 38 30 24 37 26 25 21 29 26 26 26 31 20 23 13 31 29 38 29 25 23 36 45 19 24 32 39 23 20 18 27 26 29 30 29 15 16 26 32 32 37 21 31 29 32 37 25 40 19 34 21 36 27 26 26 26 24 28 23 26 31 35 37 21 26 28 28 25 25 25 25 29 28 28 18 30 38 23 37 27 25 22
41 27 20 17 28 26 28 23 27 22 24 32 31 24 22 29 25 34 26 31 25 29 31 18 28 29 22 25 23 24 18 20 28 32 15 42 35 28 26 30 26 31 23 17 21 22 33 36 24 15 25 25 34 10 23 25 26 33 31 32 35 38 22 28 28 33 28 27 22 34 26 26 27 26 28 24 34 27 26 43 25 27 28 22 33 39 28 18 30 28 29 27 31 22 38 24 23 23 33 26
26 38 18 21 31 30 26 17 28 23 22 25 21 25 25 20 29 23 26 30 24 31 18 29 24 31 21 27 26 23 36 26 30 22 30 32 37 26 21 23 34 31 27 19 23 27 19 14 31 29 30 24 26 25 22 28 24 24 26 21 30 27 38 28 26 37 28 21 32 20 32 23 38 28 30 21 28 19 32 21 16 32 38 47 29 32 17 7 24 22 28 46 26 27 34 26 21 20 29 26
29 16 24 29 17 16 23 24 33 29 30 47 19 28 24 40 19 37 39 32 26 38 35 32 37 30 19 26 25 34 41 22 31 32 22 29 24 24 29 30 30 27 19 20 29 23 30 33 28 26 26 24 12 9 24 27 19 41 27 35 33 31 34 33 37 18 30 20 27 27 35 30 26 38 30 27 38 25 36 20 25 40 25 22 51 27 33 39 35 29 24 20 32 21 33 18 26 27 22 28
30 30 25 32 19 26 22 37 22 30 30 21 31 24 28 44 30 33 33 27 26 20 29 37 29 29 28 24 27 29 32 22 32 25 38 28 36 41 33 30 25 29 27 18 36 22 38 22 24 21 31 30 25 29 25 37 27 33 25 30 33 33 24 28 35 25 22 30 27 25 22 22 29 21 25 33 22 21 26 25 24 23 35 30 29 25 45 24 23 16 27 32 27 25 29 25 17 32 23 21
25 33 23 35 28 37 25 28 25 29 31 33 23 35 45 23 22 30 24 47 21 36 39 28 41 21 30 25 37 28 30 35 14 25 35 37 25 32 23 33 34 43 33 27 17 30 19 42 49 28 37 21 18 25 39 19 42 20 24 24 31 33 37 31 26 20 28 28 45 21 20 23 16 35 25 30 25 27 16 27 24 26 38 41 29 24 29             
