0.434782608695652 2556 19 19 29 26 32 22 33 40 19 27 17 41 26 21 34 22 29 26 28 24 31 20 17 28 36 31 37 21 22 23 28 27 26 32 28 22 32 24 35 38 19 22 23 27 22 21 28 25 30 17 27 19 21 35 38 26 25 24 29 35 22 28 31 31 28 29 26 32 32 35 34 26 32 31 33 26 29 32 28 28 20 37 33 39 29 49 27 30 31 27 31 28 35 33 31 24 23 45
19 56 29 33 21 33 26 28 30 23 36 20 33 35 36 24 29 30 19 22 42 35 38 23 17 22 31 22 27 50 28 28 28 27 35 30 34 32 24 30 33 23 36 23 27 34 32 28 34 38 36 25 29 27 23 30 41 30 33 29 27 33 25 27 25 24 33 32 30 33 29 33 23 24 32 31 29 21 36 21 34 42 32 21 32 29 28 27 27 32 42 28 26 41 33 20 36 28 42 30
29 29 33 33 31 27 33 30 28 20 37 31 25 37 34 26 31 29 22 25 27 28 29 28 24 27 21 22 32 36 20 34 30 36 27 40 26 36 36 33 36 33 17 34 22 24 36 25 25 28 41 38 29 33 33 27 21 21 29 25 34 42 37 22 19 27 22 30 30 26 31 32 27 35 28 21 29 30 25 19 24 26 31 26 28 21 30 28 30 39 19 26 20 21 34 29 31 26 19 34
20 31 24 20 19 41 28 27 21 34 25 19 23 31 30 29 29 36 35 29 20 33 32 29 24 30 32 23 25 27 23 26 24 25 31 30 25 21 31 32 26 40 24 33 22 17 22 17 26 25 29 18 23 34 37 23 21 28 27 15 24 27 18 25 20 30 29 30 43 37 36 36 35 28 35 26 30 35 22 40 31 23 37 26 41 22 39 33 34 27 24 21 33 28 21 30 23 30 27 26
23 22 31 32 30 22 27 26 25 27 34 23 24 24 23 23 34 32 34 36 19 32 39 19 37 33 37 30 31 29 35 25 38 22 25 23 28 27 21 31 32 27 35 29 33 36 34 28 25 26 28 25 27 22 33 36 22 28 20 43 29 21 23 18 22 33 35 24 43 31 29 19 31 22 23 33 30 32 21 32 26 31 28 29 26 32 36 40 25 32 22 18 28 35 26 33 37 24 21 40
31 33 30 47 27 20 22 31 39 32 35 39 30 36 38 39 39 34 26 29 21 29 30 31 34 23 31 34 32 28 30 16 29 31 34 26 25 33 35 29 26 37 26 22 28 27 29 23 36 33 39 31 26 24 34 24 26 27 21 26 36 26 20 22 33 29 22 26 31 21 23 26 28 34 30 24 30 39 32 27 23 37 26 38 30 30 26 27 23 27 38 28 32 38 30 26 33 29 24 33
33 28 36 41 27 33 17 34 45 34 34 25 31 22 30 25 27 26 29 22 29 39 59 35 51 61 34 31 31 22 19 26 30 30 47 42 34 34 21 45 23 30 23 27 29 21 32 30 39 33 40 31 31 30 21 32 27 28 33 28 48 29 25 22 24 23 22 18 26 35 30 20 31 32 32 16 31 21 24 24 37 26 27 29 30 33 20 25 28 34 20 35 28 25 26 45 29 29 29 29
32 29 21 30 27 24 41 38 22 31 27 27 28 33 21 22 29 25 21 24 20 16 15 26 25 26 37 40 17 10 77 21 29 30 30 30 34 26 17 29 36 19 24 28 32 33 19 20 30 19 22 32 25 22 40 28 38 26 29 30 33 35 30 33 21 33 26 28 20 25 32 35 34 36 30 26 22 40 36 35 21 23 22 29 28 28 33 9 23 16 29 37 28 30 30 43 25 24 22 33
25 43 18 36 24 21 20 22 21 29 36 27 34 37 31 31 34 12 36 40 26 29 32 15 36 35 36 33 30 28 25 28 22 31 35 19 35 20 36 16 18 31 25 22 34 27 22 23 19 15 22 21 34 19 24 28 30 23 27 26 23 22 22 21 32 33 28 30 35 20 30 22 24 26 20 13 21 35 22 24 18 19 38 33 29 27 41 20 36 23 26 26 19 25 24 27 35 36 36 34
32 29 21 29 41 38 27 36 25 17 29 38 37 32 33 29 36 28 25 40 30 19 23 33 30 27 34 21 32 26 31 34 26 29 25 35 35 25 39 24 23 32 31 11 27 21 23 35 28 35 21 18 36 27 26 27 30 26 29 34 19 31 20 29 35 27 29 33 19 25 22 19 24 24 30 26 16 33 21 21 24 26 25 26 39 31 29 28 27 24 27 15 25 21 21 8 21 24 26 20
28 29 25 36 31 20 34 28 20 29 24 28 27 35 39 24 14 26 19 20 27 32 30 36 33 27 22 15 25 29 26 23 23 24 37 19 45 33 22 23 37 35 29 34 19 35 40 21 28 29 26 23 28 27 33 26 22 25 33 19 27 25 34 35 32 26 19 37 24 25 33 23 34 29 23 28 25 14 29 24 29 23 31 27 31 23 26 28 32 30 30 33 26 31 29 27 32 25 39 19
25 21 33 30 29 32 43 30 34 32 25 22 12 29 24 25 25 23 37 26 28 21 23 33 27 26 30 23 30 34 39 31 34 29 20 30 36 29 28 33 33 32 22 25 25 36 22 28 36 15 28 25 32 20 22 32 26 25 25 41 29 32 28 34 25 36 22 20 26 35 34 28 21 27 36 32 23 25 21 29 23 21 31 30 32 27 29 27 32 34 25 31 34 26 28 26 27 16 27 18
27 29 19 28 16 29 24 28 21 23 36 37 31 38 23 28 28 30 30 21 31 25 20 25 24 36 37 25 22 19 15 20 19 40 27 29 30 33 26 23 24 18 21 27 29 68 47 24 16 40 21 27 26 26 33 24 24 25 26 36 23 23 26 31 35 37 33 30 21 32 32 33 28 22 30 32 43 35 23 30 31 26 42 35 25 25 33 37 33 24 33 26 27 23 30 18 33 34 24 26
23 33 31 29 34 22 36 24 39 33 29 36 34 36 23 30 27 29 29 17 30 22 28 21 33 29 28 23 30 30 24 37 19 37 28 37 27 24 27 35 33 29 32 24 30 24 35 18 24 26 26 33 33 27 29 24 26 24 29 30 39 29 22 22 18 22 25 14 25 23 33 33 32 33 20 31 22 27 23 30 28 31 20 19 36 27 31 27 32 28 23 31 22 32 27 26 30 19 29 28
39 23 32 38 33 29 33 28 30 25 29 24 24 35 37 31 27 33 26 25 23 44 26 28 34 21 36 29 32 24 23 23 29 24 26 35 32 32 26 27 34 27 29 15 31 20 30 25 39 37 38 36 23 36 25 31 42 27 25 34 30 14 26 22 21 28 27 29 20 19 29 27 28 32 28 25 26 26 29 25 30 34 30 19 20 29 37 27 28 24 29 27 16 21 24 31 18 27 23 25
28 23 26 32 28 23 29 23 30 22 27 31 13 20 20 29 18 36 39 22 25 34 23 33 27 26 25 28 20 27 19 26 37 52 30 27 28 23 25 38 32 26 38 30 32 43 28 33 25 33 26 34 25 20 33 36 25 26 30 28 44 20 23 26 38 34 28 25 46 22 31 32 26 29 32 20 33 30 25 38 19 37 33 36 23 35 28 37 23 32 34 23 14 16 27 23 29 30 32 31
32 32 34 32 31 22 30 33 41 31 29 35 35 25 25 27 31 35 23 37 37 36 32 35 30 22 21 32 38 36 38 30 21 34 22 33 34 29 28 25 28 29 25 26 31 29 28 25 25 37 33 25 23 22 32 30 30 37 42 36 23 34 29 38 24 28 32 26 28 30 20 29 22 29 21 48 34 24 44 37 20 31 36 36 32 22 34 41 29 28 24 29 30 25 23 26 23 26 33 21
20 38 20 39 30 38 24 26 24 32 23 24 23 22 33 34 31 33 24 37 36 26 23 24 26 30 28 36 32 30 26 24 38 26 31 29 20 19 20 21 23 31 27 41 29 35 38 33 25 28 30 31 33 32 21 29 28 31 32 39 26 28 41 35 27 24 32 30 23 16 33 35 28 30 28 25 20 30 23 25 25 21 23 26 34 21 27 27 41 44 26 26 25 21 22 29 28 30 22 35
37 26 44 36 31 25 33 27 24 37 36 25 31 35 27 28 19 33 17 26 32 25 26 32 30 31 20 24 22 30 24 32 28 32 25 26 28 25 33 24 18 34 32 31 26 24 28 20 37 27 52 37 29 35 38 28 33 38 28 24 32 31 31 39 18 22 26 26 22 16 27 20 33 21 19 26 35 24 26 27 31 21 21 27 28 31 18 22 35 26 27 34 31 34 26 28 24 29 17 33
30 25 31 24 30 38 39 24 34 29 39 36 39 29 29 34 36 32 14 25 34 28 28 38 27 29 22 25 33 32 30 29 27 25 27 22 25 27 29 14 28 27 33 27 24 28 32 31 37 23 33 26 35 30 39 42 40 24 27 24 33 45 32 31 25 30 29 25 35 33 31 29 14 34 26 30 25 35 25 31 34 29 20 24 28 29 32 35 31 20 31 23 17 23 40 42 29 36 39 25
33 38 29 18 29 32 30 24 31 19 30 24 44 33 28 33 27 30 35 22 29 32 25 27 34 28 25 36 29 32 33 25 17 30 21 33 38 23 22 18 30 24 32 14 25 28 33 32 30 25 14 28 27 18 36 29 30 20 20 21 28 36 31 29 35 27 32 27 25 42 26 26 29 26 31 37 36 25 32 29 35 27 24 28 31 27 28 29 31 30 29 32 32 33 29 38 27 24 24 27
22 29 25 40 15 18 31 32 32 21 31 42 32 26 25 27 24 29 13 21 6 28 23 25 26 14 27 16 25 30 26 29 31 26 30 25 31 25 33 23 25 35 22 31 30 28 33 25 33 45 33 27 24 24 22 29 39 36 26 36 39 34 27 25 26 38 36 28 31 22 29 30 29 30 26 28 29 20 30 28 36 23 41 29 32 35 26 28 19 24 24 20 31 38 30 20 35 30 16 25
33 27 23 29 39 27 28 38 39 28 26 31 26 26 40 31 22 34 47 26 36 28 32 31 27 39 34 33 27 28 21 36 39 29 33 30 34 41 20 28 31 29 29 33 33 45 30 22 27 22 27 23 20 27 26 34 28 30 24 29 29 25 26 22 22 33 15 33 29 27 26 29 31 36 43 28 28 29 22 18 19 24 18 33 23 27 28 16 29 29 37 39 27 21 44 28 26 26 36 28
20 38 36 36 32 25 20 35 24 26 25 19 26 27 33 34 29 29 23 16 42 33 28 36 32 16 36 29 30 38 29 25 31 22 29 21 28 24 38 38 29 31 31 28 24 29 20 22 31 29 25 31 29 26 27 36 32 37 41 17 29 23 27 30 36 35 31 27 32 21 34 34 17 27 28 15 25 34 30 29 35 20 30 26 21 24 25 29 21 37 21 31 24 35 41 25 28 41 20 33
29 30 28 40 19 40 33 44 29 28 37 28 23 26 31 26 27 35 19 24 30 45 29 25 27 25 28 37 34 26 27 33 29 24 37 26 31 44 28 23 37 38 24 36 32 30 30 25 37 32 32 26 24 25 33 31 30 27 17 21 26 30 33 24 27 17 29 26 25 32 21 27 25 32 32 33 40 26 33 25 36 39 26 24 27 32 39 25 28 25 29 25 23 20 32 26 27 28 21 27
22 34 32 27 23 42 22 34 33 28 39 25 22 37 21 37 22 42 27 32 25 30 43 25 39 36 26 23 25 19 29 31 29 31 23 35 39 26 28 25 30 22 23 26 34 33 36 38 31 21 28 26 39 38 36 25 28 27                                          
