0.45 2244 21 17 18 18 15 20 18 12 16 18 17 17 28 17 13 21 11 15 14 28 20 22 14 13 15 31 15 13 12 10 15 35 22 32 21 16 18 18 21 24 22 17 16 22 18 23 21 24 21 28 16 26 18 21 27 21 17 18 19 30 23 17 20 21 22 19 19 20 8 26 17 25 21 17 14 23 34 23 12 33 18 24 15 11 11 10 17 27 18 11 21 20 28 31 22 30 17 11
15 23 20 26 20 24 20 21 25 25 23 18 24 24 10 20 18 11 12 18 19 18 28 26 21 20 26 22 17 15 29 20 22 20 13 22 28 19 16 25 23 33 27 12 15 23 23 26 11 17 24 15 20 31 16 19 37 22 17 30 21 21 18 25 15 26 18 28 17 27 27 30 24 17 35 12 22 23 29 34 22 23 18 26 34 23 24 24 12 29 26 32 18 22 11 17 26 27 17 15
17 26 28 30 22 18 29 23 18 16 22 20 19 37 33 24 34 31 20 17 18 21 24 23 13 15 14 26 19 21 18 19 20 15 21 22 19 21 26 22 15 18 22 19 20 18 25 32 25 19 16 21 26 25 17 26 21 22 27 21 17 14 12 17 22 27 15 25 21 16 23 26 24 24 22 18 17 11 17 14 7 20 14 12 21 17 20 14 22 20 13 19 24 24 35 8 32 25 17 35
15 29 20 18 17 26 30 21 23 30 28 21 27 19 17 22 27 22 16 25 24 22 16 16 17 15 28 26 23 18 22 20 16 22 23 26 19 27 25 27 37 27 24 15 14 25 25 13 19 22 19 26 19 23 16 14 34 23 20 32 14 22 28 21 22 22 31 20 29 21 23 14 18 18 18 25 32 23 17 20 33 16 18 12 24 19 22 15 15 19 13 24 25 26 19 16 26 23 25 16
14 24 14 22 22 20 25 23 19 15 19 22 15 17 18 19 7 16 22 11 22 28 18 20 16 14 23 22 24 26 16 25 21 23 19 20 24 13 12 17 21 18 19 18 20 24 21 17 22 23 27 20 24 30 34 23 30 20 17 8 23 24 13 23 40 23 24 20 29 26 17 29 23 20 26 28 34 26 24 23 24 28 26 29 24 26 24 30 25 29 17 23 22 25 24 17 32 17 31 24
27 27 28 32 22 27 14 32 26 24 18 25 23 31 26 17 14 31 27 21 26 28 20 23 18 34 28 32 27 23 30 26 21 24 20 23 19 26 27 15 20 21 16 29 26 36 26 33 29 33 27 20 26 25 20 14 26 18 37 27 30 11 17 39 33 21 22 14 26 22 26 21 25 29 28 19 29 17 21 17 26 17 17 21 8 15 21 14 24 26 28 35 25 29 21 37 28 20 37 19
20 22 18 18 22 18 22 21 22 18 22 14 20 21 31 32 28 21 24 27 23 23 22 28 30 21 20 17 23 24 16 24 24 28 21 17 17 25 27 27 18 19 21 17 19 26 15 20 27 19 14 12 22 19 13 28 28 26 23 25 21 21 26 30 19 16 13 16 15 22 28 26 21 30 19 19 23 26 21 32 21 26 16 20 15 20 15 17 53 19 23 46 22 20 24 27 19 25 21 22
20 16 29 29 20 25 26 28 28 24 27 29 22 22 20 24 25 19 32 19 26 11 18 18 11 21 24 14 25 17 17 15 11 18 17 11 22 19 19 20 23 23 25 17 25 25 20 16 16 13 14 19 15 13 16 24 20 24 26 31 22 19 17 20 21 17 18 17 21 12 20 17 18 20 17 16 7 17 30 23 25 17 17 16 17 19 16 17 15 24 28 26 27 16 20 28 22 29 27 19
27 20 29 22 32 21 21 19 26 23 19 31 19 21 12 11 22 25 12 15 27 27 21 21 21 25 16 20 27 24 19 22 30 26 21 14 18 27 28 27 31 24 30 33 30 26 14 23 18 20 22 28 9 17 19 23 21 23 29 23 13 18 20 30 18 27 22 25 16 20 26 21 16 10 21 19 20 22 24 9 22 15 9 14 19 18 25 22 24 28 21 26 20 16 24 23 14 38 26 14
23 22 30 24 19 21 20 24 26 17 27 16 22 27 20 20 22 17 21 20 17 21 29 24 21 32 23 27 21 18 15 18 16 22 27 17 19 22 28 23 19 23 12 23 26 22 31 19 22 22 17 20 20 13 13 25 27 22 19 29 27 31 24 13 23 23 27 23 25 32 26 16 24 18 24 17 25 15 11 17 11 22 19 30 21 19 23 26 19 15 17 18 18 21 26 17 15 23 26 14
24 12 17 19 18 14 9 29 25 20 18 16 21 14 18 26 27 16 20 26 29 24 23 20 29 20 14 24 25 25 18 31 18 22 18 15 13 18 27 30 24 14 31 24 23 24 21 18 14 15 21 24 15 21 14 27 27 26 24 19 13 21 25 19 10 26 19 30 19 15 16 20 16 18 27 11 15 16 17 15 14 20 11 26 28 28 22 16 18 25 14 16 13 21 25 20 15 22 20 13
16 73 72 18 23 13 20 25 21 28 23 24 30 16 30 26 31 22 23 18 12 13 12 22 20 28 29 20 20 25 16 11 16 17 18 17 20 17 9 14 13 13 25 16 18 21 23 14 14 28 17 24 26 21 17 20 16 21 34 21 21 16 32 26 26 21 23 28 24 24 31 26 25 31 18 25 25 20 30 31 26 16 16 31 19 32 22 16 26 26 20 17 20 15 17 19 15 17 25 29
23 17 31 27 28 14 12 28 21 23 16 24 16 17 19 21 26 19 27 27 25 23 32 19 26 28 33 30 28 21 20 25 26 32 22 24 24 11 19 22 24 19 26 22 22 16 27 28 25 18 19 20 13 16 18 19 15 23 12 35 28 24 20 19 32 39 24 19 22 14 18 15 17 21 25 17 23 20 21 30 21 25 28 21 22 21 34 33 24 15 10 18 18 18 22 24 23 19 27 40
39 10 18 19 21 17 25 18 17 8 24 19 21 21 28 26 25 18 24 32 21 28 29 19 17 24 16 18 30 25 25 26 25 23 27 25 18 27 31 36 31 26 28 32 35 18 17 28 25 18 28 15 22 20 18 26 16 21 25 36 32 20 25 27 22 24 24 19 17 32 27 17 21 23 34 23 22 31 27 27 28 27 18 23 15 14 31 17 20 23 24 26 17 22 24 17 32 31 25 27
29 23 26 19 29 12 24 22 20 21 24 39 25 21 17 16 22 16 28 20 31 21 30 37 33 32 22 23 29 30 25 25 18 30 26 30 24 24 26 25 23 25 22 25 25 20 14 25 35 21 31 22 29 22 25 27 25 19 29 21 35 29 20 14 19 22 28 18 23 27 27 22 15 27 26 27 33 20 18 24 15 30 23 32 35 26 22 21 19 21 21 16 20 22 14 27 16 20 19 24
34 25 27 22 21 23 15 24 23 25 18 15 14 17 20 22 21 19 28 24 15 24 25 29 30 22 21 34 20 19 23 23 20 32 26 23 30 24 24 35 23 24 28 24 25 22 23 42 35 26 20 26 21 38 23 26 23 22 32 36 32 29 21 22 16 33 22 21 24 21 28 9 25 23 10 24 23 16 19 25 29 25 18 34 29 28 21 25 13 20 11 18 24 22 21 20 12 11 23 13
25 23 27 22 27 25 29 34 27 18 23 22 30 20 26 29 29 29 23 17 20 30 28 16 17 18 30 27 25 22 23 15 19 17 18 23 20 29 21 25 25 17 18 18 27 20 28 24 24 21 24 28 22 27 25 20 22 26 29 18 29 27 14 23 17 30 27 21 25 18 26 30 20 17 10 12 13 20 20 18 23 15 24 13 25 27 28 8 17 15 19 18 16 18 28 19 21 21 17 15
28 20 15 24 20 24 16 23 20 33 19 19 20 20 26 21 19 18 28 16 25 27 24 17 20 21 25 30 20 26 26 21 19 20 27 22 22 19 29 23 23 17 16 29 26 21 30 14 24 24 25 26 22 20 19 24 21 21 16 21 27 25 19 17 16 29 14 41 24 21 32 19 24 20 13 26 24 20 14 19 22 24 18 20 22 20 17 16 22 18 28 28 20 33 17 19 15 15 23 27
15 32 28 22 25 28 39 16 17 22 23 20 20 15 21 24 19 24 27 14 17 28 19 22 23 19 18 19 9 29 17 26 17 21 14 27 37 21 15 22 25 22 28 21 19 16 12 25 28 19 24 25 13 23 33 27 22 20 16 19 28 28 31 24 16 17 10 18 23 27 20 26 20 20 25 18 12 22 26 32 26 25 27 14 19 11 30 17 17 21 26 34 13 21 26 19 23 25 15 9
12 21 23 37 20 22 10 16 19 24 23 20 25 26 22 23 22 25 19 36 20 12 16 16 15 19 23 19 31 27 20 20 26 19 13 21 26 24 21 25 25 23 24 25 16 21 16 29 21 15 16 17 32 18 22 26 18 25 19 19 26 18 33 24 16 25 30 28 27 15 21 26 20 21 25 25 17 23 20 29 18 25 25 22 21 26 23 20 20 26 26 25 25 22 19 22 19 18 26 24
23 24 24 26 25 25 20 35 23 21 22 23 23 17 22 11 19 8 23 19 24 13 23 18 24 19 26 21 25 23 21 29 24 26 32 23 20 17 17 16 16 22 23 19 25 24 22 25 20 19 19 12 23 18 14 23 31 23 15 17 19 20 23 17 20 29 23 27 31 32 15 14 30 18 30 20 21 28 22 20 30 24 19 24 18 28 24 25 25 23 29 27 30 23 23 29 31 25 23 18
20 22 30 23 25 23 16 27 33 16 23 16 20 17 22 10 16 15 16 27 20 24 18 21 22 27 37 20 19 24 13 20 14 14 18 17 22 28 18 24 11 10 13 8 15 10 13 14 14 8 6 9 13 14 18 12 11 7 11 10 14 12 9 9 12 11 6 11 9 12 15 6 14 13 7 17 19 10 12 16 10 11 10 10 12 10 9 14 6 10 8 16 14 16 11 11 11 10 9 8
10 14 15 17 11 13 5 17 11 13 11 8 13 13 7 10 11 4 11 10 20 15 9 15 12 19 11 9 16 11 19 12 10 12 13 12 8 6 9 14 15 11 13 15 9 15                                                      
