0.454545454545455 2804 35 27 22 45 39 30 38 26 39 19 37 35 26 38 36 40 43 40 38 33 28 31 35 24 31 29 34 24 37 32 28 41 31 25 30 36 21 32 24 28 22 20 22 23 16 35 25 27 27 35 22 29 24 34 31 37 34 26 30 23 29 18 32 24 35 27 22 27 21 28 37 22 26 27 25 30 25 27 30 28 33 33 34 37 30 19 23 27 27 28 19 30 22 46 38 30 37 26
20 37 30 28 27 52 73 28 17 17 33 35 31 37 26 22 35 25 31 34 36 18 31 30 34 45 28 40 21 24 27 27 30 38 25 29 20 20 31 31 28 35 24 23 31 34 34 28 24 34 28 42 29 31 40 30 24 24 22 24 37 23 23 37 37 27 31 29 31 32 29 21 35 25 41 30 28 20 22 30 31 26 31 44 36 26 31 30 20 19 26 28 31 20 35 21 40 33 27 25
35 25 29 29 28 28 31 37 23 29 27 21 21 27 34 37 21 22 30 31 31 30 22 31 25 24 38 42 21 28 26 38 36 28 25 23 35 29 36 27 34 30 39 43 34 27 38 38 30 31 29 15 19 30 22 27 28 37 34 30 18 28 24 33 32 29 30 39 36 33 36 43 23 31 36 33 32 35 31 25 28 27 28 17 25 30 22 28 22 39 22 39 33 31 22 25 29 27 23 24
38 34 27 25 21 29 27 25 30 23 27 40 32 24 33 30 29 34 35 29 31 17 29 23 26 28 34 19 26 23 23 25 24 26 29 21 28 31 21 30 26 24 33 25 29 37 27 26 27 29 21 36 11 24 29 26 24 21 31 19 14 25 29 8 36 36 31 36 31 33 17 32 25 31 43 25 22 22 21 35 28 25 29 29 32 34 26 23 30 27 24 25 38 38 31 29 29 33 27 40
29 29 38 24 31 29 45 35 33 21 31 27 23 29 21 23 17 26 18 33 25 33 38 33 20 33 24 35 39 16 31 19 17 27 25 32 22 26 21 17 19 29 28 34 16 26 28 29 34 27 31 28 31 38 30 25 24 32 31 23 34 22 25 28 20 31 28 37 34 37 35 42 37 41 33 37 30 26 23 22 28 26 26 23 20 23 19 24 33 18 24 28 34 34 31 33 29 28 31 37
37 29 34 32 29 32 43 44 39 37 36 22 41 40 29 24 26 42 34 27 27 25 18 29 24 36 33 12 27 34 23 21 30 18 36 23 28 30 27 28 20 20 27 32 29 22 28 26 26 38 19 25 37 23 32 23 24 20 24 29 30 24 20 32 33 22 33 29 31 35 15 27 26 27 27 23 19 26 14 33 24 25 33 24 25 27 39 29 21 31 26 30 27 28 25 33 13 32 27 31
30 33 34 32 31 25 27 19 33 22 27 24 15 23 34 29 26 33 23 25 15 21 28 25 27 23 27 38 31 25 21 24 27 28 28 31 26 22 23 24 27 16 40 29 18 21 36 39 30 26 23 29 25 27 29 34 36 28 26 23 22 36 22 17 41 23 25 16 34 17 37 20 22 23 30 26 35 31 35 25 30 28 27 32 37 34 24 24 27 32 37 16 36 31 30 38 35 27 29 34
33 31 30 37 27 22 32 25 26 32 35 37 32 17 31 29 34 29 38 29 35 36 30 27 32 25 32 34 28 32 17 33 29 32 29 43 35 32 26 25 30 36 37 28 19 28 20 32 36 32 33 26 38 45 128 20 71 33 32 28 24 31 31 21 28 23 36 35 27 19 19 27 27 26 26 16 21 27 25 26 26 35 39 23 27 28 29 35 17 25 34 22 35 28 27 35 35 27 46 27
37 26 33 34 33 24 28 28 36 30 23 24 24 32 31 20 33 39 24 32 30 37 31 31 32 30 31 26 33 22 27 26 32 19 28 28 29 40 33 40 23 27 33 38 29 34 26 31 28 30 27 26 25 25 61 40 35 34 43 28 24 28 31 44 19 36 37 21 23 25 27 30 26 13 33 19 31 25 37 31 33 28 23 32 36 23 24 36 27 29 25 31 29 31 14 30 23 30 19 31
24 32 28 39 26 23 25 32 38 27 40 30 28 26 30 32 31 27 32 28 32 31 26 44 34 26 36 20 46 32 43 40 32 45 27 32 31 33 26 33 29 36 39 35 35 29 29 39 27 29 29 28 28 35 21 31 36 34 33 19 28 23 20 34 19 26 32 28 26 28 41 31 33 35 17 17 15 22 28 25 32 28 26 39 28 19 21 17 21 22 37 21 28 33 35 20 21 32 30 24
32 28 25 28 30 31 19 28 30 26 27 33 25 23 33 37 25 24 28 26 30 22 23 20 28 26 24 26 33 32 21 25 35 31 32 31 36 30 35 27 30 29 39 21 30 9 31 42 28 23 28 42 33 18 29 30 27 32 24 35 34 39 43 30 35 27 39 32 38 29 35 28 28 16 42 31 25 25 24 32 29 34 32 16 21 34 27 33 26 37 36 27 29 29 31 27 30 30 27 27
40 31 22 18 16 32 30 39 20 23 40 29 21 25 25 21 34 23 18 25 18 20 25 30 24 20 45 29 35 29 30 31 32 24 31 29 21 24 28 28 23 31 30 28 30 22 35 20 24 32 24 31 22 35 39 32 35 29 39 29 21 35 28 32 19 40 17 30 22 31 45 20 27 28 32 33 25 36 33 27 21 33 26 31 19 22 35 26 24 23 35 37 25 28 37 20 34 33 22 23
19 22 29 29 23 26 33 33 17 38 33 27 27 30 27 29 31 27 30 36 33 31 30 40 26 34 25 36 29 25 30 21 37 27 23 20 35 30 30 17 33 25 24 23 31 33 32 25 33 24 32 26 28 26 36 30 25 31 35 28 29 29 29 29 22 40 36 31 27 37 36 26 23 28 18 27 16 24 43 24 18 21 34 28 28 28 46 21 36 36 41 27 27 32 34 38 25 33 27 24
24 31 26 31 29 31 27 25 25 34 25 31 26 28 33 28 30 28 28 31 24 27 30 25 29 18 24 29 27 35 27 31 39 37 26 34 29 28 32 33 28 38 34 26 38 33 31 28 138 24 66 46 26 28 10 25 35 37 36 26 18 27 27 24 24 28 22 27 26 23 20 25 25 19 36 24 31 35 31 25 34 35 32 35 27 30 36 30 32 41 21 30 42 23 32 36 25 29 23 25
34 35 22 28 19 21 18 25 23 23 31 36 21 42 36 20 30 22 32 29 20 26 35 26 26 21 34 30 20 26 20 36 35 30 35 29 24 28 45 29 31 27 26 28 31 47 35 37 28 26 30 22 28 27 30 33 29 27 37 33 40 28 28 26 25 32 20 29 28 30 22 36 17 26 29 16 24 31 34 31 37 33 24 21 28 20 20 27 24 26 13 37 27 34 32 31 27 22 33 37
36 26 26 21 30 31 30 29 29 28 37 21 25 23 26 33 36 33 26 23 20 35 27 28 26 18 30 32 22 28 28 24 29 24 17 31 25 31 24 25 26 28 26 20 30 30 24 28 31 22 31 30 25 31 19 24 33 25 31 28 28 31 35 34 29 25 31 31 31 20 31 25 44 74 29 31 39 30 31 40 39 23 30 26 43 21 32 38 37 33 22 26 37 25 29 29 32 32 30 41
26 28 41 24 35 29 26 33 23 21 39 33 28 24 31 39 38 37 24 16 30 14 26 37 40 16 27 29 39 34 25 20 30 27 28 19 28 33 20 12 17 34 35 26 21 27 25 29 32 35 36 27 34 33 24 38 28 32 25 31 34 31 33 21 24 25 34 29 30 25 37 23 37 39 37 38 20 31 22 35 29 33 41 28 24 28 36 40 18 29 27 31 30 22 23 29 29 24 44 18
24 28 33 45 25 41 20 35 22 34 30 28 27 24 33 38 16 27 34 27 28 26 26 37 26 19 25 29 26 29 28 35 25 30 34 29 31 31 33 29 26 27 26 29 27 20 25 30 27 32 20 27 19 30 28 18 23 38 34 17 20 26 34 27 16 21 27 24 25 24 29 37 22 35 27 27 41 29 13 23 29 21 35 39 43 22 21 27 25 22 34 40 28 28 27 34 29 27 23 27
29 18 31 31 29 30 18 29 37 70 24 25 26 29 28 36 35 28 21 29 27 36 16 30 26 20 33 24 24 26 23 31 31 30 29 33 18 32 19 30 36 36 37 24 38 24 30 23 35 35 21 25 20 21 20 21 36 28 25 27 33 29 33 27 32 26 28 32 38 20 27 30 33 19 29 24 20 30 30 27 29 26 21 22 41 37 46 28 35 28 35 22 42 43 16 31 29 23 24 20
26 26 22 36 24 36 20 28 30 22 25 30 26 28 29 31 35 18 37 28 33 20 20 21 36 32 25 25 21 21 31 33 26 17 22 27 30 33 23 20 27 37 26 19 33 23 32 44 22 35 32 27 29 24 30 20 34 31 36 31 32 45 23 35 30 31 21 28 31 17 17 19 21 29 29 37 24 31 30 38 22 25 17 30 28 49 24 26 21 34 26 24 35 26 36 32 66 30 25 23
31 32 23 34 41 32 37 15 25 18 36 33 31 35 31 25 32 36 39 38 25 29 31 28 31 35 35 32 32 31 44 26 28 28 31 21 27 31 26 22 28 25 25 34 28 31 24 34 27 27 27 27 25 28 31 23 13 25 28 27 38 19 22 32 25 24 25 23 32 34 22 32 17 29 41 22 33 39 26 21 24 35 23 31 28 24 31 24 30 39 27 41 26 21 29 28 20 42 29 34
36 36 36 28 36 25 45 34 22 34 22 26 18 24 19 32 29 29 33 31 21 20 29 25 22 31 21 32 22 18 28 27 27 32 35 19 32 24 24 36 22 28 18 30 31 28 39 19 18 16 25 29 27 28 30 22 27 25 35 37 41 27 31 19 28 35 37 30 29 22 35 24 29 27 30 30 31 18 31 23 25 29 23 23 26 28 44 40 28 21 36 42 42 31 23 29 29 41 20 38
18 24 36 19 35 26 24 28 33 28 32 20 26 19 23 29 19 23 13 29 38 19 42 31 26 27 27 21 22 24 23 31 20 30 29 28 27 35 31 27 25 29 47 35 29 34 30 39 17 28 36 21 18 27 24 22 28 23 28 27 25 28 26 24 36 19 32 26 15 25 34 25 21 24 29 37 26 34 31 29 30 30 16 34 30 23 34 24 26 22 33 25 23 32 45 36 16 31 27 23
23 33 29 22 39 25 32 26 34 27 30 34 31 29 25 25 34 35 59 54 33 28 25 35 27 19 36 31 33 18 25 26 28 30 25 20 31 33 29 32 27 28 33 23 28 13 28 24 26 35 28 25 29 26 34 30 23 41 36 32 24 28 37 34 11 21 22 22 25 25 34 24 25 23 22 27 24 20 24 32 22 34 22 27 21 32 32 25 28 23 36 30 27 36 20 38 29 20 33 29
31 17 21 36 27 25 28 27 36 12 18 23 29 30 27 36 33 26 34 28 30 21 27 35 21 25 25 28 20 25 35 29 20 28 31 21 22 21 32 39 21 33 22 24 36 19 24 31 27 23 30 24 37 37 29 17 15 26 25 24 23 31 21 28 22 26 12 32 29 23 27 23 30 21 32 28 29 25 24 36 22 27 23 37 22 32 33 25 26 40 28 30 22 39 32 36 29 28 21 28
21 18 24 27 26 24 31 23 17 31 29 31 24 29 28 23 23 28 27 37 15 29 35 30 29 25 24 30 24 30 30 17 23 26 25 34 27 16 21 18 28 29 40 33 28 38 36 30 29 27 21 34 31 30 33 31 25 21 25 23 20 34 22 21 41 45 33 31 16 16 25 17 26 23 23 28 25 18 33 20 37 20 29 31 36 31 24 40 15 33 36 9 37 29 24 25 26 32 35 19
37 30 22 21 31 30 24 28 26 30 29 31 25 31 35 26 32 26 36 27 22 32 34 33 23 25 22 28 30 31 27 30 26 28 26 16 17 27 32 22 31 33 31 19 27 17 37 21 25 39 30 25 18 25 21 24 29 25 30 42 24 34 29 26 34 26 24 27 28 37 28 32 34 29 37 37 25 34 33 26 30 23 24 49 44 29 27 26 29 19 30 22 21 25 23 24 45 33 39 26
25 26 10 36 26 29 38 28 28 18 28 16 17 17 34 22 29 30 22 25 24 19 37 35 27 27 36 31 39 26 32 33 20 23 21 25 25 34 23 31 27 23 29 22 26 21 25 33 24 37 34 28 19 23 20 28 26 24 29 34 15 32 34 32 30 24 28 25 33 27 32 22 19 20 31 25 44 25 34 24 20 5 34 15 36 25 33 35 35 21 37 26 33 30 23 20 32 25 27 25
23 26 31 17 37 29                                                                                              
