0.454545454545455 3520 33 42 37 31 27 37 40 39 35 45 34 31 38 40 20 36 42 25 27 27 26 33 34 42 22 34 31 42 44 42 35 34 39 40 43 35 21 33 46 36 34 35 33 39 39 29 21 21 35 32 27 31 30 32 31 26 24 23 40 35 31 23 33 37 28 27 28 40 24 42 28 28 27 26 24 38 26 37 39 33 33 30 31 37 18 36 32 19 29 36 35 34 37 35 30 27 30 40
29 19 37 41 40 32 31 28 23 22 32 41 25 48 30 30 43 31 37 29 31 33 36 29 57 20 32 43 49 39 33 40 27 33 38 20 27 43 46 32 28 31 42 25 19 41 31 41 26 39 24 33 35 48 28 40 29 32 26 27 45 31 31 34 34 18 40 28 34 31 38 35 34 27 31 24 33 30 34 38 37 33 37 31 31 35 55 33 34 24 31 29 29 26 28 18 29 28 35 35
30 21 24 37 22 21 34 36 29 32 41 33 43 40 22 37 32 26 23 29 25 38 23 33 33 41 40 39 36 35 22 40 33 30 22 37 35 35 43 28 36 31 33 36 35 37 25 34 35 33 42 45 41 38 31 43 31 27 49 36 40 25 27 31 42 39 41 32 28 32 32 27 34 42 28 30 36 29 33 29 30 44 37 38 50 31 35 36 36 24 36 30 34 34 25 23 36 37 30 33
35 34 38 22 27 28 44 40 28 29 32 31 32 39 31 33 27 30 23 36 40 37 21 33 36 26 33 31 34 47 29 37 38 30 38 32 41 37 39 18 37 9 26 23 40 25 30 36 45 27 26 33 41 28 32 33 43 46 31 37 45 63 32 54 26 33 30 45 33 43 31 42 38 37 36 34 40 43 27 54 29 32 26 33 34 29 28 39 36 39 35 28 29 38 24 29 39 27 44 32
34 35 29 27 27 29 29 28 31 37 30 40 29 37 32 26 35 27 37 33 32 37 30 27 28 30 35 44 35 33 37 27 27 38 32 26 41 28 31 33 38 27 31 36 41 23 23 46 28 25 21 23 24 35 40 26 27 32 31 36 32 33 26 34 30 21 37 24 32 33 32 34 30 28 32 41 35 23 36 23 30 32 41 34 34 25 28 33 26 19 26 42 38 38 32 33 37 32 40 31
18 33 28 31 38 29 30 29 32 29 36 30 32 48 37 28 42 27 33 40 45 37 36 40 32 47 48 30 34 37 36 36 50 36 28 28 44 41 38 47 26 38 44 40 29 36 42 38 28 21 36 27 39 47 44 33 37 42 31 24 35 32 32 33 35 43 37 44 35 45 52 37 28 33 16 36 38 29 31 26 40 33 40 33 34 49 45 41 43 62 35 51 19 29 27 35 34 42 36 48
22 28 45 27 28 38 29 27 36 42 29 40 29 35 38 30 35 29 23 32 36 36 34 19 40 27 49 37 24 19 29 26 43 33 31 32 38 36 43 38 35 28 38 39 25 31 31 39 39 34 42 39 26 26 43 45 23 31 30 34 30 44 38 36 46 36 36 37 26 32 47 38 36 45 39 34 32 34 38 31 37 31 32 26 24 36 36 35 39 23 41 27 28 23 34 28 34 36 37 37
27 26 31 34 33 31 32 36 42 34 37 32 38 46 19 39 39 29 26 32 43 33 43 44 40 38 34 30 31 44 29 40 30 38 42 42 23 41 21 27 49 29 31 31 35 37 34 31 23 45 28 39 29 38 31 28 31 38 49 24 28 32 43 34 23 32 38 37 29 31 30 28 35 34 36 45 33 33 31 37 38 33 28 38 27 35 47 33 30 42 41 23 41 41 37 32 37 33 22 36
37 37 34 41 44 44 35 24 37 24 45 34 39 28 35 38 35 35 30 29 31 42 30 28 35 37 34 26 36 31 39 34 21 33 33 38 36 31 46 30 37 40 50 30 33 86 41 46 39 38 36 41 42 29 30 42 28 28 30 50 40 31 29 35 29 30 26 44 30 45 40 38 43 25 31 32 44 30 34 27 28 42 33 33 33 44 40 31 41 34 23 44 45 32 37 35 30 29 25 35
27 31 34 44 36 38 29 44 41 34 36 33 37 38 27 39 34 47 44 29 26 40 41 43 34 47 33 47 34 36 29 26 29 33 40 36 35 45 31 38 36 10 27 26 35 39 44 23 38 32 35 42 31 23 27 30 48 31 43 37 35 31 49 24 158 40 73 28 36 30 41 52 34 41 25 30 37 18 42 29 36 36 32 32 35 25 41 44 25 35 42 43 34 39 34 35 25 36 29 31
37 45 28 34 49 17 39 36 24 34 33 29 12 40 25 39 34 41 27 35 36 36 37 60 41 12 37 45 38 31 30 36 31 37 34 31 36 34 28 24 39 35 42 37 41 39 24 37 48 43 22 28 37 34 41 34 33 49 31 24 32 35 30 30 31 45 29 31 33 27 28 44 33 33 27 44 26 48 46 9 31 35 37 38 24 38 32 39 36 37 39 37 37 37 36 32 36 40 43 46
37 42 36 42 33 32 34 32 29 34 31 37 32 22 35 42 29 20 31 32 32 24 27 37 42 30 34 30 39 35 15 15 30 23 41 37 11 28 37 44 33 41 46 37 37 44 36 29 30 28 34 39 32 32 27 37 31 27 33 43 29 34 41 33 27 44 34 42 38 48 38 23 44 39 44 39 38 45 36 46 32 34 38 32 39 30 16 37 33 38 43 28 36 32 43 46 43 39 31 37
42 35 42 30 38 27 44 39 46 33 31 45 41 40 39 24 43 40 27 44 46 34 23 42 36 39 34 35 44 30 38 32 32 31 36 21 26 29 29 28 28 27 43 30 35 37 42 33 24 41 32 34 26 26 31 29 40 33 36 43 34 41 43 36 24 29 38 35 32 40 37 37 42 34 29 34 35 47 44 35 24 28 35 44 30 34 31 34 27 29 28 26 44 33 29 33 29 40 27 36
28 33 33 25 32 34 48 40 28 34 32 34 24 34 36 34 45 27 40 29 29 39 48 36 33 35 36 37 46 20 36 31 30 33 32 34 30 39 35 38 37 22 31 35 33 34 31 36 26 42 30 49 47 35 33 27 42 29 37 37 30 36 36 41 36 26 42 8 21 46 46 39 29 35 31 35 31 31 32 45 27 27 26 40 37 29 36 29 36 37 38 31 33 26 32 35 42 33 32 40
34 36 19 34 27 36 27 31 38 29 29 36 42 30 33 26 25 47 45 33 35 38 28 25 30 26 35 27 38 25 32 29 44 22 40 39 37 35 27 28 29 31 34 31 38 38 43 27 26 33 38 36 39 35 38 27 41 28 39 23 36 36 36 34 31 35 31 31 30 35 31 33 30 34 32 41 28 41 25 43 38 40 41 28 27 22 66 36 40 26 42 39 44 27 29 25 28 39 33 41
40 33 33 15 20 44 30 36 26 36 43 35 38 38 28 37 37 26 38 23 30 33 34 34 35 35 31 40 36 42 22 50 23 38 30 27 33 35 36 37 37 25 40 28 31 31 27 32 32 29 19 34 32 32 39 42 36 20 29 26 36 28 22 36 29 25 31 26 30 26 28 39 36 32 32 29 24 41 44 27 31 44 29 31 34 38 42 42 29 35 39 30 41 33 38 27 41 26 26 35
29 30 34 26 31 28 33 26 20 25 23 21 36 33 33 36 38 36 39 27 38 39 38 33 26 25 35 29 26 43 27 35 40 38 37 31 39 41 23 41 26 33 36 31 32 43 35 43 26 27 29 34 41 27 35 45 31 22 24 39 32 46 37 38 31 36 45 31 33 35 42 32 33 37 45 35 38 42 38 29 38 36 34 30 31 29 39 34 33 33 33 43 26 31 37 33 37 26 27 39
25 44 39 36 37 46 33 34 41 36 29 34 39 49 43 47 23 30 47 35 32 32 36 36 31 42 46 39 40 37 32 36 36 29 29 32 44 35 70 72 67 26 40 27 22 31 32 29 33 34 28 33 31 30 37 40 42 33 33 31 34 49 23 34 42 19 30 46 34 31 40 35 36 27 30 33 31 22 37 27 28 25 35 34 35 48 45 39 30 40 39 43 32 30 38 35 30 40 25 37
23 37 38 46 27 39 29 43 34 42 32 49 33 39 30 31 34 31 31 40 31 33 34 27 37 43 43 34 41 34 18 36 30 36 38 25 28 28 33 25 37 35 24 45 36 34 29 43 34 32 30 47 25 35 38 23 29 28 31 29 44 40 28 31 33 37 27 40 44 43 33 27 37 32 51 38 37 33 32 38 47 34 34 35 30 22 36 33 34 33 42 34 48 42 34 33 37 36 36 34
31 50 37 34 25 19 28 32 40 34 37 29 27 28 40 35 39 35 29 33 31 26 33 31 29 33 36 38 27 25 30 40 35 35 35 31 42 34 36 30 10 32 39 37 37 31 34 30 31 32 30 37 44 41 31 27 33 30 37 31 28 32 30 45 30 19 36 38 24 36 43 19 33 33 40 32 31 32 39 47 17 51 45 34 48 35 32 38 44 35 46 42 37 31 30 29 32 32 34 29
33 35 29 53 35 46 37 39 50 26 31 29 37 26 22 38 33 38 39 39 27 20 23 29 27 30 27 30 23 29 38 24 30 39 36 34 28 50 32 33 34 39 35 44 21 22 31 36 29 24 34 34 14 26 37 37 37 29 33 36 30 21 38 34 44 36 29 29 27 28 34 40 28 39 24 32 35 34 32 42 35 30 26 28 31 18 39 47 42 41 30 33 45 38 32 28 23 42 37 23
31 33 29 36 31 20 38 34 36 41 37 28 34 29 34 34 29 28 25 40 22 38 34 35 39 30 33 31 26 22 23 23 43 35 38 40 28 37 16 43 25 28 31 29 34 37 28 26 31 30 33 34 35 28 25 34 22 22 25 28 30 27 40 19 27 25 29 21 44 29 38 26 35 37 35 26 31 42 26 36 31 31 37 45 21 44 35 33 44 47 34 34 18 37 35 33 35 29 44 40
38 38 32 43 28 27 33 30 26 27 41 28 25 39 33 33 36 31 32 30 34 36 32 35 32 36 43 25 24 31 40 46 36 44 20 27 33 25 25 38 31 36 38 41 35 20 23 25 39 32 33 24 24 30 30 32 29 36 33 24 27 27 38 40 20 34 42 27 43 23 48 47 32 34 29 45 36 45 23 23 34 43 30 30 30 37 40 29 35 36 31 30 28 33 23 39 24 37 34 35
34 41 40 40 29 38 31 33 30 42 26 27 33 31 36 23 38 19 41 35 28 31 32 38 21 28 30 34 31 35 33 44 44 29 28 33 35 36 33 37 39 37 29 30 38 20 39 39 24 25 37 31 27 35 35 30 33 25 29 40 34 30 36 23 25 28 37 37 32 36 40 28 28 37 20 33 32 36 38 19 25 29 33 30 33 30 38 39 38 34 38 35 26 29 27 29 34 27 32 35
27 26 31 32 42 24 24 13 29 37 37 29 21 47 17 28 27 32 21 42 34 31 25 38 25 36 38 30 31 36 33 32 32 31 29 38 40 28 24 30 37 26 34 33 21 33 22 28 32 34 37 27 26 38 26 39 28 23 38 38 26 30 29 38 34 29 35 39 35 40 49 41 30 36 37 22 36 31 34 26 14 27 22 29 31 22 36 25 25 38 23 37 32 24 30 28 28 29 32 35
33 42 42 24 29 32 28 30 30 28 33 39 31 30 37 30 32 32 24 35 34 31 23 24 31 24 27 42 31 29 36 49 21 21 33 33 24 32 31 27 31 33 34 40 26 25 36 33 31 35 41 33 30 30 24 38 34 39 50 15 38 30 31 29 29 37 30 36 32 37 28 30 32 29 30 19 25 33 38 30 34 27 37 37 25 31 32 36 26 35 38 33 28 24 30 41 39 33 33 23
30 29 22 38 51 28 39 21 32 31 32 28 30 35 30 30 39 41 38 53 26 40 38 22 27 36 38 33 30 27 27 26 36 39 31 43 33 32 33 36 34 29 36 44 44 46 29 22 32 49 28 16 30 36 44 33 43 38 24 42 47 40 47 35 38 32 33 26 33 28 19 34 24 48 36 28 38 28 36 38 35 40 45 31 28 28 33 35 25 27 25 34 21 32 29 25 22 28 21 34
34 25 38 30 35 39 21 32 25 33 30 32 33 34 37 31 29 28 29 29 28 35 26 26 31 33 28 31 28 17 33 30 42 26 30 33 31 30 33 30 31 29 30 41 43 23 27 29 42 23 38 27 35 25 37 31 40 35 38 28 34 34 18 38 30 33 31 32 46 27 38 28 25 33 35 23 29 29 39 33 34 25 27 25 20 30 34 32 32 35 36 38 35 36 31 23 50 31 33 25
35 33 21 18 39 33 32 31 48 48 35 26 43 36 26 39 34 24 32 39 42 43 37 33 38 31 30 33 20 27 38 34 29 30 27 41 27 36 48 38 43 32 29 37 37 35 37 37 32 35 30 32 45 35 42 37 32 27 32 36 33 35 26 37 30 26 29 38 36 34 33 47 41 38 27 29 34 36 32 26 32 38 40 43 32 34 21 32 39 42 37 38 33 25 29 36 35 35 32 37
29 30 35 33 52 43 45 37 27 30 33 41 32 36 37 45 37 36 41 32 35 28 39 34 28 45 48 40 32 28 34 38 37 38 31 27 29 34 49 36 36 29 30 33 32 34 39 46 30 24 34 16 30 29 25 30 37 27 30 24 34 33 32 28 39 46 35 32 29 39 35 33 50 45 34 37 34 44 33 26 26 31 37 32 24 40 38 24 23 27 27 33 44 34 38 44 31 33 45 37
32 43 36 36 28 35 35 31 33 32 29 32 41 48 43 36 41 30 39 24 33 34 33 45 41 26 24 39 33 29 36 31 29 40 35 39 39 40 29 44 23 36 25 38 28 36 31 40 43 37 33 27 26 25 47 42 43 34 27 30 30 41 23 44 29 40 27 44 39 27 33 29 26 35 32 37 41 32 47 30 38 20 35 30 35 30 34 36 33 46 40 32 43 25 32 24 35 29 40 27
32 27 29 35 26 31 30 42 37 26 43 44 37 36 30 40 28 41 36 27 33 44 33 29 28 31 45 31 34 34 41 32 29 34 37 35 37 31 36 34 37 29 32 25 28 32 29 27 37 40 44 23 26 38 31 28 25 38 25 29 33 35 34 43 28 30 28 28 31 29 35 29 28 31 36 25 28 29 39 46 34 35 34 28 33 26 25 28 41 37 30 19 36 32 19 13 26 25 36 25
30 33 34 29 28 21 27 24 39 43 24 33 38 32 28 40 33 34 32 34 30 23 38 36 33 27 41 32 30 33 19 28 38 36 31 32 31 30 35 36 37 27 46 35 35 32 39 28 34 35 34 21 31 42 24 31 27 40 32 33 28 29 38 29 36 20 35 28 35 29 33 34 33 33 25 26 31 29 11 29 31 29 39 36 29 18 40 30 41 29 39 33 48 46 34 36 32 27 37 45
34 41 31 24 23 36 44 28 29 39 31 30 22 34 29 43 31 43 46 23 41 44 29 37 28 22 36 20 35 29 22 26 30 42 32 30 33 34 32 42 19 29 28 40 30 40 35 36 35 38 31 41 38 29 30 29 37 36 34 31 30 29 31 30 36 49 27 33 40 30 30 41 39 46 37 39 38 34 50 34 37 15 20 11 15 24 13 17 17 17 19 11 18 13 22 19 17 8 18 18
18 20 18 18 15 15 22 14 19 23 15 18 14 15 18 22 18 25 15 17 21 12 13 15 17 14 20 20 8 20 6 24 20 21 21 14 23 13 19 12 12 18 20 14 16 16 12 14 16 27 14 19 16 16 12 27 17 18 15 18 18 16 22 12 16 13 16 11 17 12 17 11 18 17 18 18 16 14 20 22 20 20 20 13 20 15 17 12 24 20 13 12 16 15 14 12 7 11 17 24
15 18 32 10 14 23 25 17 13 10 14 15 23 16 22 14 18 19 14 10 13 36                                                                              
