0.5 2293 19 20 15 12 20 20 10 17 18 16 14 12 12 19 10 15 17 12 17 11 21 10 15 22 16 11 16 13 16 12 23 10 16 12 15 10 17 15 21 9 25 12 16 9 12 20 15 16 18 16 13 9 18 17 24 12 15 22 20 21 14 11 15 21 16 16 14 24 15 17 14 16 10 10 12 15 14 12 23 19 16 13 21 22 13 17 16 15 17 12 19 17 12 15 14 10 17 10
18 6 13 12 23 15 9 10 17 11 12 20 16 16 9 27 12 16 14 9 14 9 16 10 18 10 13 13 14 14 14 11 15 14 16 12 10 20 18 10 14 11 12 15 21 16 10 14 18 19 12 15 6 10 9 17 11 16 23 13 10 11 14 20 15 10 18 12 18 10 11 19 21 18 12 14 23 17 19 14 8 25 14 10 15 13 16 15 15 17 18 35 7 17 15 14 15 20 9 19
14 12 13 18 8 11 16 19 13 21 15 16 17 11 12 10 12 18 14 14 15 10 16 7 18 10 9 15 17 15 18 10 14 10 11 12 17 16 11 16 15 20 7 13 11 14 18 12 12 8 18 14 17 17 18 11 16 16 11 12 14 16 20 15 13 16 24 19 13 13 16 15 16 14 15 17 19 13 15 23 21 15 9 18 14 23 20 14 13 10 18 25 16 17 18 23 12 21 14 17
12 17 13 13 25 7 13 9 16 14 23 17 17 14 17 12 23 21 10 11 14 10 13 19 9 20 10 13 11 11 19 13 16 16 12 13 19 21 16 18 10 13 22 10 20 13 10 20 18 21 11 21 21 14 19 10 14 15 17 17 18 20 16 12 13 16 16 20 14 20 10 20 10 18 21 19 14 13 10 11 11 22 19 13 19 8 21 19 11 16 9 16 17 14 20 11 13 22 12 13
19 20 13 10 10 16 15 16 12 13 15 17 27 21 16 21 14 18 21 17 21 18 20 15 19 15 25 17 23 12 9 19 21 12 12 15 16 13 13 16 16 16 21 21 16 13 18 20 8 18 19 14 15 12 11 15 16 15 14 22 10 11 26 18 15 30 15 19 8 16 13 11 12 21 19 15 20 17 12 17 17 8 15 12 15 22 11 12 13 14 22 13 10 12 13 13 14 13 14 15
9 14 12 17 14 11 7 23 17 18 18 15 17 14 14 15 13 16 12 12 11 7 17 12 10 13 18 12 12 12 13 16 11 15 18 26 20 13 19 18 19 10 14 13 18 21 17 14 25 24 12 12 9 12 10 16 15 20 16 21 13 16 14 18 28 17 15 17 19 23 11 19 20 18 12 13 13 28 16 12 12 15 15 20 20 14 14 14 14 16 20 13 17 20 22 20 11 16 17 22
15 10 20 19 17 16 18 18 8 84 66 60 70 24 40 18 18 15 16 15 24 23 15 11 22 16 15 20 15 16 16 18 22 15 14 20 16 10 17 17 17 19 24 22 18 16 13 15 14 25 13 10 18 17 22 23 18 22 19 17 25 14 19 15 27 16 18 16 18 12 22 15 10 14 17 18 15 23 12 11 11 15 12 18 12 15 14 20 11 13 20 12 11 10 15 16 17 11 14 11
13 19 13 20 13 18 21 13 14 21 17 16 14 13 13 14 15 13 12 19 16 11 11 13 16 17 8 13 23 11 18 18 16 13 14 21 19 12 11 16 12 15 23 14 16 23 13 18 20 20 10 16 21 12 15 14 12 16 24 21 11 22 13 11 11 14 19 19 14 10 18 16 13 7 13 18 22 18 17 24 19 26 13 14 24 14 12 14 15 10 18 12 13 18 18 14 15 20 13 12
13 10 19 16 18 20 24 15 8 12 12 10 16 12 7 10 16 13 13 10 11 20 18 10 16 12 13 17 16 16 12 13 14 18 16 9 16 17 14 10 14 14 17 15 21 12 8 16 9 16 14 16 20 19 21 23 13 15 14 22 27 10 14 12 20 20 18 18 23 22 13 16 10 20 23 16 16 20 26 12 25 17 14 24 22 29 17 14 21 17 23 25 13 17 12 17 8 18 15 20
10 15 14 10 16 13 16 9 15 10 13 18 13 15 18 18 19 17 18 15 15 13 10 15 11 19 13 9 11 15 13 12 19 10 11 16 8 18 20 16 11 12 12 12 12 22 10 13 10 20 16 15 12 20 11 16 17 21 13 17 19 16 17 19 10 7 12 15 14 11 21 19 14 34 9 17 20 18 15 8 13 20 12 22 12 14 22 13 16 19 14 17 14 12 20 11 14 15 16 21
23 21 18 16 19 16 15 13 14 18 12 6 15 14 17 14 14 9 13 18 19 17 18 19 11 14 22 13 18 15 8 23 23 19 13 19 15 18 16 21 18 18 21 21 22 20 10 18 17 7 13 15 12 15 17 16 14 13 20 25 14 11 14 15 23 16 11 23 11 16 22 17 13 20 13 11 15 17 15 14 23 13 16 17 15 10 19 17 10 15 18 19 14 12 10 21 28 13 13 16
13 8 13 9 10 19 18 21 23 17 21 15 14 15 25 17 18 19 24 16 13 18 14 15 11 17 19 13 14 13 14 24 21 23 20 15 19 15 27 21 19 7 16 19 22 22 10 27 19 17 12 13 15 12 20 9 17 14 12 19 14 13 20 17 19 11 12 16 11 15 15 21 14 13 12 16 16 23 20 14 15 14 16 18 17 17 13 17 18 17 18 24 18 12 12 13 17 17 17 12
20 21 26 19 28 11 15 15 19 15 16 23 10 24 10 6 21 14 16 20 15 12 21 16 11 17 15 19 17 19 22 10 15 13 14 16 19 10 13 16 24 15 19 18 8 17 13 14 13 16 13 19 20 18 19 15 18 20 21 22 10 18 19 13 15 29 12 15 14 16 26 14 15 23 14 21 12 18 19 16 12 14 14 14 8 13 10 10 13 23 13 7 19 14 18 17 20 13 14 13
13 12 12 28 20 9 16 14 21 23 14 20 23 7 16 13 14 22 13 8 15 16 10 22 19 19 12 10 16 11 19 9 14 21 11 19 12 14 16 14 13 18 16 11 15 17 9 13 9 17 15 11 10 9 13 15 15 16 9 15 21 20 16 18 22 24 15 9 19 16 25 17 20 13 24 28 14 15 13 14 12 19 12 12 15 19 19 13 13 12 10 14 10 11 16 9 12 9 18 13
17 14 13 18 10 5 18 19 17 12 14 12 7 13 20 15 13 12 12 16 11 18 13 11 13 13 10 21 14 17 17 16 9 19 23 17 12 19 13 11 11 15 10 10 14 12 10 17 15 17 11 15 15 11 27 11 13 17 10 22 20 13 15 13 10 12 15 15 16 9 12 11 15 11 14 14 14 7 11 10 16 10 19 12 14 9 18 16 17 11 12 13 10 15 15 17 15 19 17 15
17 16 15 8 18 13 17 14 16 10 10 24 16 11 14 12 17 12 16 14 6 10 18 10 15 11 15 25 11 16 14 8 12 19 14 15 18 23 12 14 10 11 13 12 17 20 17 18 18 13 16 19 14 13 11 16 14 12 8 13 19 12 14 15 14 8 12 20 10 17 11 18 10 13 14 8 18 12 13 11 17 13 18 14 9 16 24 29 11 13 17 19 14 20 21 11 15 14 13 11
16 12 10 14 12 11 11 12 11 22 22 11 7 7 15 16 12 17 7 13 12 9 10 13 16 13 14 13 13 12 11 9 18 16 10 19 18 10 14 10 16 13 15 14 13 21 18 22 15 13 21 11 18 16 21 19 15 13 18 17 18 18 11 14 14 18 17 16 15 12 15 8 18 18 10 19 13 9 19 13 38 27 12 17 15 15 18 12 24 11 13 14 15 12 13 23 11 18 16 9
15 17 14 15 13 11 12 13 17 14 13 12 20 13 14 19 24 15 14 14 11 18 18 13 14 14 15 9 15 18 18 11 21 13 20 14 13 13 7 8 19 11 16 10 13 14 14 13 17 6 12 15 14 13 9 15 16 10 12 12 12 13 14 18 20 15 17 16 17 14 19 21 7 15 13 10 13 16 19 7 13 15 12 11 10 14 10 17 12 17 22 19 11 8 11 16 13 10 11 14
9 11 12 11 13 12 11 13 17 19 10 13 16 17 18 18 21 15 18 15 20 14 13 7 15 10 14 13 15 14 13 13 13 16 11 13 16 20 18 15 15 16 12 15 18 19 21 8 14 12 14 22 18 11 21 16 16 19 15 21 20 18 20 15 18 20 9 31 21 18 13 17 18 20 12 23 19 12 18 25 16 20 29 18 16 11 12 16 11 11 14 14 6 16 16 11 16 15 12 11
22 18 16 15 17 17 12 12 19 13 14 17 21 16 11 17 19 15 14 20 22 24 6 12 26 11 13 11 14 21 17 16 16 13 12 18 19 22 14 12 17 13 9 13 14 11 17 14 10 16 15 8 16 11 15 10 14 12 14 14 10 14 12 16 18 10 23 18 21 11 20 10 17 13 22 16 13 11 27 12 12 10 16 10 15 6 6 13 17 16 17 15 19 17 11 12 14 13 8 15
12 19 14 17 13 15 10 13 12 18 14 11 12 14 11 16 11 15 11 17 17 19 12 16 8 14 26 12 17 18 15 20 17 16 14 10 18 11 15 13 14 17 15 22 14 16 14 20 25 16 18 10 9 10 13 17 16 12 16 14 21 16 11 9 15 9 16 13 18 14 13 16 12 14 18 16 16 15 13 10 8 11 12 21 24 25 15 14 15 13 15 20 22 21 12 15 15 13 15 11
16 9 14 18 24 18 14 14 17 22 9 14 19 10 18 13 25 17 14 17 18 19 14 10 11 14 13 18 12 23 25 11 13 13 16 16 16 27 19 17 16 17 17 17 10 10 11 20 21 13 9 11 11 12 15 10 15 15 13 14 15 14 19 12 15 11 19 12 14 15 16 11 15 12 12 18 21 20 10 13 23 18 10 17 13 20 18 16 15 18 11 17 12 15 21 11 16 14 15 5
11 15 15 11 10 15 15 17 5 12 9 17 11 13 7 12 14 8 11 16 12 7 17 13 11 10 8 11 12 12 12 15 9 16 13 12 13 12 12 12 15 12 11 15 16 13 13 21 16 16 13 13 14 12 12 13 12 15 7 14 14 14 14 9 12 16 24 15 20 17 11 14 9 13 18 13 13 13 8 14 15 12 8 23 11 8 15 9 24 16 16 14 16 19 8     
