0.333333333333333 1057 16 15 9 33 27 27 17 21 26 33 39 34 22 29 32 34 34 33 21 30 40 33 33 32 21 34 33 27 35 36 26 35 40 27 36 47 31 26 34 26 39 29 34 31 35 40 25 30 18 23 26 29 36 26 46 31 22 32 17 35 24 19 22 32 25 37 28 38 22 23 31 22 18 33 23 33 26 32 31 28 30 36 34 33 23 26 32 40 36 31 31 27 34 37 23 36 26 34
42 30 32 24 34 29 28 34 38 25 26 36 25 31 38 32 36 30 20 34 28 29 29 33 17 36 23 20 36 22 28 17 22 36 28 35 40 29 43 28 25 43 29 26 23 22 29 37 35 42 34 37 16 43 26 35 35 15 31 22 37 36 34 27 36 41 34 34 28 26 22 33 26 31 35 23 47 33 20 40 34 28 29 23 21 32 26 27 22 29 29 29 29 26 35 31 35 29 18 18
26 30 30 35 35 33 30 42 37 42 32 33 42 31 24 22 21 19 21 32 30 42 35 30 42 42 34 22 38 34 31 23 25 34 39 37 29 26 38 17 36 24 42 34 47 56 55 26 30 36 31 37 32 29 39 31 39 42 29 33 28 41 19 24 39 50 48 21 12 22 34 27 18 26 34 31 26 34 23 36 33 21 35 30 37 39 25 24 27 32 28 29 38 37 33 25 37 30 48 28
76 92 53 30 40 43 37 26 25 31 32 28 38 34 42 37 19 30 30 23 21 34 31 28 32 38 37 40 39 21 34 28 27 27 25 27 35 80 30 37 38 41 34 28 27 40 39 26 32 37 28 38 31 17 20 25 28 19 16 48 34 32 27 31 33 36 33 35 40 21 22 33 18 45 20 29 23 29 17 29 27 33 48 29 26 19 31 30 21 33 29 29 33 36 35 22 21 22 41 43
27 18 26 34 38 39 34 33 31 32 32 32 43 33 21 44 41 28 28 22 37 26 36 38 33 34 24 19 30 13 22 21 25 21 25 36 31 30 32 36 27 21 20 17 31 39 22 20 21 20 27 20 32 22 44 31 32 38 32 17 26 32 33 27 40 42 40 36 38 32 25 36 19 28 52 27 53 29 34 32 14 39 38 30 33 26 18 24 29 39 24 25 33 47 25 30 31 41 28 30
22 23 25 20 28 25 20 28 38 20 21 38 46 36 38 32 26 13 32 35 36 35 34 20 26 29 32 30 33 32 46 33 38 32 26 16 49 30 25 37 28 28 45 40 51 43 40 41 33 41 35 30 25 50 34 35 24 24 20 15 21 28 27 34 34 18 47 28 29 22 33 42 19 30 31 33 39 34 47 29 21 25 25 33 35 31 38 33 33 41 41 31 33 30 22 27 39 32 38 37
29 29 40 42 28 39 31 22 28 21 24 35 35 20 31 27 24 23 28 19 29 28 27 30 28 25 40 39 39 39 29 41 35 31 32 37 33 28 31 33 26 12 19 20 38 21 29 37 32 34 34 24 36 46 32 44 39 32 38 40 38 37 31 30 32 36 33 35 35 39 21 33 39 30 36 34 29 26 25 34 25 33 39 38 36 37 33 18 37 28 34 31 36 32 28 33 35 39 22 31
26 43 39 38 30 25 35 23 35 28 28 29 45 30 33 26 21 31 33 36 37 28 37 38 35 28 29 15 31 27 46 30 34 47 29 29 39 39 36 34 24 25 42 43 33 46 35 27 43 34 24 34 34 32 21 27 26 33 37 24 36 32 29 37 38 36 26 31 31 34 28 38 16 39 14 28 30 30 25 18 22 26 32 24 39 26 35 39 36 33 25 38 25 14 34 33 25 24 31 39
33 32 39 30 23 31 35 18 27 25 34 21 43 41 32 43 27 38 54 34 38 36 12 34 36 41 21 39 30 38 36 32 32 28 44 37 23 43 28 36 36 24 34 34 34 33 31 36 38 34 32 35 36 38 33 33 22 31 26 30 26 32 31 30 35 38 36 30 28 37 48 28 26 24 47 16 32 24 33 28 26 33 25 29 35 41 35 33 41 40 48 27 38 33 40 38 34 22 40 30
33 24 33 27 29 23 31 19 26 30 27 26 35 32 24 28 29 29 31 39 34 44 41 32 32 42 32 34 33 17 15 35 23 30 23 50 28 30 39 36 41 34 19 35 40 42 32 25 35 38 42 36 32 41 31 30 30 40 36 26 36 37 33 33 31 34 41 30 43 21 24 33 31 37 28 33 35 29 27 29 47 25 32 34 31 32 35 42 34 36 30 21 30 34 38 23 36 28 39 36
31 31 22 21 31 29 33 27 26 30 32 34 22 19 40 24 19 31 20 11 20 20 23 21 23 18 16 10 20 18 19 15 14 20 16 17 20 14 24 19 13 14 17 18 12 13 17 20 14 16 16 13 19 29 30 15 26 21 14                                         
