0.431372549019608 1123 12 34 26 31 35 27 22 35 33 33 40 34 34 23 15 34 23 23 35 33 38 34 28 34 34 34 27 24 39 26 31 33 14 28 24 35 30 22 28 14 36 37 33 131 26 44 16 18 38 36 31 34 31 28 30 41 31 31 36 40 29 48 34 39 40 19 36 38 28 29 34 23 28 18 35 35 35 47 39 41 23 28 32 21 31 34 40 34 24 36 33 28 33 39 28 43 33 31
36 17 38 26 30 36 36 23 37 32 26 25 25 37 27 26 40 40 33 15 41 43 34 38 32 35 32 41 30 29 28 27 35 17 41 32 38 37 32 42 34 37 30 48 30 38 37 39 27 37 33 34 42 31 35 34 29 29 34 36 34 38 43 33 38 34 35 31 25 39 37 28 27 36 26 26 33 26 36 37 32 38 32 34 37 30 29 30 34 36 34 37 35 17 19 35 40 28 40 32
18 34 34 32 38 29 25 31 35 18 32 37 25 42 30 36 32 28 32 52 36 10 38 22 36 44 34 49 34 28 39 26 44 33 27 36 33 42 24 34 35 51 26 24 36 37 31 30 36 40 35 37 36 38 35 39 31 28 46 34 22 21 33 27 34 34 38 41 28 42 44 29 19 36 25 36 38 27 36 39 26 30 31 33 34 34 65 30 27 23 26 27 24 30 34 32 27 42 43 40
32 32 36 33 33 40 43 30 44 32 32 30 32 29 33 33 32 27 30 28 41 34 25 31 40 37 25 34 16 34 29 22 34 37 26 37 37 30 39 30 30 51 31 27 52 32 23 28 30 37 26 46 38 34 33 28 32 38 41 33 44 32 39 29 27 18 51 40 22 31 37 27 27 28 32 36 40 38 35 34 38 33 32 26 42 47 32 37 29 36 38 25 56 34 30 25 57 40 41 48
40 30 30 36 23 43 33 31 32 40 31 33 26 35 24 20 32 36 27 40 24 25 40 26 45 31 32 35 30 33 30 34 29 25 35 26 48 40 31 24 42 31 36 37 26 35 27 38 39 27 29 31 28 34 38 35 44 28 37 17 33 33 37 35 36 44 40 41 32 36 33 41 43 38 43 40 28 36 43 41 36 39 31 38 34 31 31 33 41 25 31 36 36 32 28 35 48 41 26 31
31 33 20 33 39 25 30 36 41 27 32 32 28 36 48 31 19 22 39 40 44 35 26 36 32 38 44 33 36 45 45 32 35 29 37 27 39 30 28 41 35 47 39 40 28 35 32 39 26 33 30 32 37 37 41 36 44 33 35 63 39 28 38 24 40 41 26 45 42 30 37 23 45 34 37 27 32 27 34 26 35 29 29 28 34 21 27 31 28 35 42 34 44 38 46 25 34 27 37 39
38 39 31 30 22 40 26 33 29 36 35 44 25 38 29 34 27 31 35 34 41 29 37 30 30 26 44 44 35 38 31 32 33 37 34 29 24 32 32 35 46 39 28 35 37 30 27 44 29 24 31 33 37 23 39 22 35 27 29 30 40 36 36 38 23 38 32 37 43 41 31 48 32 39 26 37 38 30 29 40 29 23 36 28 39 35 33 29 27 34 24 29 30 44 29 30 40 30 31 29
31 35 36 41 48 29 41 33 29 41 34 39 41 36 28 31 41 32 38 29 35 39 25 36 24 34 29 33 45 30 29 23 31 42 36 33 31 26 28 27 40 41 28 29 28 32 33 43 20 31 35 24 45 31 45 27 45 24 31 34 48 37 40 26 44 38 29 33 26 24 32 22 37 39 40 35 38 42 26 23 29 36 28 31 39 38 31 51 34 26 40 39 27 41 35 35 25 31 35 41
37 24 32 37 23 21 34 41 35 29 34 25 37 45 23 36 32 42 41 38 35 40 40 30 38 41 27 31 26 44 38 32 56 43 41 29 33 26 21 34 43 37 31 41 24 39 20 32 37 24 32 23 50 25 28 33 32 29 32 43 28 38 37 41 34 38 38 37 37 37 29 28 33 28 31 46 38 29 37 24 26 32 28 41 47 26 24 39 31 27 35 33 29 38 33 39 40 39 24 33
31 43 40 29 39 33 28 37 36 30 28 25 33 33 35 35 24 24 28 23 38 33 43 38 32 21 34 53 28 23 34 20 36 33 14 34 30 39 38 33 36 30 29 37 32 29 38 31 41 39 21 21 13 39 28 31 35 28 34 33 37 32 37 32 36 31 23 44 36 35 57 37 45 36 43 33 31 41 37 45 38 38 22 43 25 20 38 30 36 38 43 37 30 32 35 31 22 29 33 40
32 26 42 31 40 34 41 43 40 30 48 33 37 31 39 43 44 47 25 42 41 36 38 30 29 28 43 25 33 30 21 32 30 39 40 52 33 21 31 38 23 20 29 31 39 13 29 34 27 31 36 36 25 43 48 27 32 12 53 51 38 27 27 37 31 26 37 45 38 28 45 41 45 41 38 39 44 30 30 37 29 19 16 17 11 15 13 11 6 20 14 21 15 15 16 20 14 18 11 18
10 9 17 22 16 15 16 16 12 16 10 12 8 12 18 18 23 15 12 38 36 12 14 16 10                                                                           
