0.405405405405405 4097 36 43 30 43 37 43 36 46 40 45 42 27 64 36 33 42 45 40 37 45 38 68 41 40 46 39 42 43 26 38 35 36 41 37 58 37 40 32 39 34 36 37 49 45 43 44 51 37 37 36 45 33 50 44 41 38 36 38 36 50 39 34 34 42 35 30 28 33 38 27 28 35 35 34 34 31 43 40 29 41 33 41 40 45 14 46 42 41 39 36 42 43 25 38 36 45 42 53
50 38 41 26 35 32 35 43 31 47 29 43 39 36 39 27 32 32 39 27 36 38 42 28 40 42 46 30 45 47 46 41 41 47 45 34 33 43 32 51 25 12 48 54 35 29 40 42 38 44 48 47 30 42 35 42 53 50 38 35 38 41 41 36 40 30 34 36 42 22 41 14 47 40 36 42 39 33 38 54 45 40 44 43 38 30 41 25 40 33 43 30 30 39 34 35 38 33 33 38
34 29 39 40 36 24 28 22 30 27 41 25 24 36 30 28 35 42 39 37 34 41 51 34 35 36 37 31 56 38 46 38 37 49 40 42 25 33 34 36 34 49 36 31 34 42 49 33 55 33 38 47 34 35 45 40 40 41 44 34 44 24 43 32 41 32 46 40 30 43 43 39 48 53 39 39 36 43 43 57 44 38 32 36 38 39 32 45 41 33 40 40 41 39 40 28 30 42 48 29
30 46 29 36 28 32 33 47 44 26 31 40 30 41 47 29 37 44 36 36 32 33 43 28 30 37 38 19 46 46 44 35 38 28 24 41 42 24 43 41 37 29 45 35 27 40 36 34 31 46 50 45 42 32 51 45 31 28 28 37 47 25 33 50 36 38 34 38 39 36 38 36 31 39 36 41 37 36 53 43 44 31 33 42 40 31 41 49 31 30 40 46 42 44 40 35 41 38 43 49
39 33 38 33 39 45 37 37 33 46 48 53 41 36 39 29 39 39 38 48 30 31 39 43 42 45 35 40 46 48 29 46 36 39 40 57 33 36 42 50 34 42 47 34 56 34 20 44 35 39 33 39 30 38 39 38 31 30 34 27 33 30 40 21 32 37 38 34 46 46 29 41 25 38 35 23 34 32 26 47 41 23 43 46 34 33 46 49 49 48 53 43 36 52 32 42 29 36 46 40
33 36 38 43 45 38 44 40 44 43 36 44 58 41 39 39 48 58 49 39 48 9 48 34 44 48 37 42 45 39 52 38 42 55 48 38 33 41 39 34 28 40 36 43 42 42 34 39 40 36 27 36 34 34 38 34 32 33 31 43 34 26 35 44 29 43 37 37 35 42 37 42 43 50 46 35 36 36 30 38 32 35 48 44 36 37 36 35 35 30 36 43 33 37 35 47 38 32 52 34
46 40 37 39 37 51 49 32 48 34 19 33 37 39 40 33 33 27 50 44 37 39 34 41 35 35 47 42 30 37 37 46 38 43 38 46 47 37 40 24 38 40 40 47 28 36 33 51 37 34 31 36 44 39 32 29 32 41 22 45 50 53 55 50 39 42 42 46 33 43 47 36 46 37 42 36 32 34 41 37 32 28 44 49 30 32 37 43 24 32 35 53 46 31 39 41 33 37 45 39
29 32 44 44 33 39 36 40 26 37 35 21 35 40 38 33 37 37 51 41 43 38 28 40 38 51 32 41 40 49 42 41 34 44 42 30 46 42 54 40 42 46 48 39 50 46 40 36 40 35 44 43 37 42 37 41 31 26 57 39 34 42 45 34 40 38 36 59 33 31 42 37 40 52 42 39 36 23 33 42 35 37 39 29 33 45 39 57 37 49 36 51 52 36 49 31 49 36 48 29
43 31 44 44 26 29 49 43 41 43 50 40 41 41 47 27 40 38 28 28 44 39 40 39 38 36 31 33 39 47 28 34 40 42 28 36 39 36 49 37 42 38 36 34 37 49 47 37 37 49 38 50 16 46 46 38 41 47 44 38 40 45 33 44 39 35 30 36 51 36 36 40 42 38 33 46 44 28 34 48 40 43 24 36 38 35 47 39 40 41 35 32 37 37 40 42 36 34 43 42
36 39 35 48 38 36 37 28 45 44 43 30 26 32 44 30 24 35 28 31 41 52 42 43 43 45 45 55 49 35 45 25 48 35 34 41 42 54 40 39 51 39 63 57 65 47 37 43 45 47 35 32 42 49 29 42 34 60 46 41 45 48 37 39 36 48 39 42 50 34 36 53 50 37 35 43 50 31 33 48 38 59 39 38 32 51 41 38 43 28 40 44 42 52 35 42 43 34 46 41
44 20 31 58 34 49 41 37 34 46 44 37 52 54 39 34 35 64 36 43 45 56 41 46 43 38 43 39 46 36 26 37 31 36 32 45 41 43 41 34 47 34 31 52 36 31 38 37 29 33 47 39 39 48 39 41 40 35 41 55 48 49 38 43 41 54 38 44 60 31 109 28 39 37 48 38 31 34 38 40 37 37 47 25 36 35 38 32 44 54 32 38 28 42 49 31 34 29 48 44
41 68 33 52 48 31 41 30 39 40 48 39 42 40 44 54 45 52 43 37 30 51 37 42 46 37 40 38 38 52 55 31 33 33 51 43 34 34 42 34 35 37 29 41 47 32 36 48 43 40 35 35 40 47 30 29 37 38 48 48 56 42 30 35 43 32 44 41 42 46 43 41 42 38 42 32 47 47 35 39 46 24 41 46 29 44 53 28 41 47 33 52 46 51 40 38 32 46 41 52
35 39 45 35 36 38 55 37 96 61 73 92 34 28 33 37 38 38 36 51 48 38 56 31 53 37 64 37 48 45 46 36 43 35 44 33 31 45 36 33 44 32 28 40 35 49 43 39 38 43 28 46 37 35 31 34 41 43 53 31 50 20 37 49 54 48 37 23 44 33 49 40 48 33 52 49 39 42 36 34 46 66 43 42 38 34 52 47 55 52 44 38 37 39 26 59 39 40 38 39
37 41 38 38 40 40 40 18 41 59 29 40 44 33 35 51 42 36 45 56 48 45 30 45 39 43 47 46 34 36 37 44 51 35 49 45 40 59 43 50 31 32 47 61 33 35 45 42 39 29 38 46 26 43 32 48 43 45 41 52 38 39 30 48 52 47 47 46 55 31 34 38 40 47 38 52 45 51 52 46 35 44 38 36 35 39 55 35 36 60 47 42 41 45 37 35 50 45 13 39
35 39 31 32 40 49 43 29 36 45 35 30 49 60 37 40 32 26 40 44 42 57 52 29 35 36 34 34 29 38 41 44 49 40 45 39 46 34 46 45 28 43 50 37 34 42 40 39 47 39 45 41 37 35 47 56 31 51 37 42 45 37 23 35 35 39 49 52 53 34 46 47 35 47 36 36 51 32 43 35 39 41 41 50 26 33 36 42 28 38 40 44 35 38 30 37 29 30 37 41
47 41 41 34 30 47 38 34 43 35 47 43 38 45 53 33 38 32 39 45 47 35 48 41 47 44 33 36 40 43 43 38 33 49 39 48 51 38 22 40 35 33 42 39 33 36 39 61 33 41 34 38 29 35 43 50 36 57 41 43 47 30 48 39 49 29 32 39 42 37 37 48 35 46 26 41 54 26 45 34 50 33 31 52 42 43 43 32 47 33 32 35 47 39 48 42 41 39 45 54
27 30 53 43 32 40 35 40 43 27 46 35 33 42 45 38 42 43 26 29 38 14 40 37 44 48 26 40 40 52 42 54 40 40 42 42 39 32 49 42 32 52 41 31 44 37 42 41 47 34 37 30 39 39 28 44 39 45 41 49 41 34 31 34 41 34 48 45 42 20 42 39 40 39 40 40 28 39 49 43 47 45 41 33 26 35 27 37 45 43 52 40 32 49 44 38 41 29 52 67
35 44 43 47 26 58 40 33 30 42 42 56 37 38 34 37 38 30 39 42 50 43 39 30 36 38 31 42 38 39 46 45 41 39 28 45 48 40 32 40 39 42 43 37 46 54 24 31 26 30 35 36 43 43 45 46 43 36 30 33 37 52 39 33 45 32 27 53 43 37 28 41 35 44 32 46 41 42 44 35 37 41 33 42 49 36 40 54 47 41 36 37 33 37 38 35 37 38 27 33
35 38 46 46 50 42 46 52 37 49 35 28 28 47 37 40 30 40 34 35 36 50 38 43 45 37 31 43 33 51 31 27 43 46 41 45 36 55 41 42 46 39 29 42 42 47 33 31 45 39 33 36 38 37 44 46 63 39 35 36 37 47 37 35 42 31 38 46 50 39 43 40 35 44 48 37 28 45 47 55 46 36 42 36 34 36 46 52 32 40 38 49 55 45 37 43 30 36 38 42
32 49 48 36 40 51 32 40 49 57 51 34 37 24 35 32 47 35 53 51 49 43 46 31 33 52 37 22 21 44 29 58 43 37 40 45 35 50 40 31 52 33 47 48 50 45 45 42 41 39 39 41 39 51 41 48 35 31 43 53 38 34 97 70 32 35 27 40 42 43 45 36 41 39 16 33 40 42 44 43 36 38 50 43 38 45 39 42 42 29 45 36 38 40 37 39 29 38 38 41
45 57 38 28 37 23 29 25 50 35 47 36 39 36 45 43 41 44 36 41 27 40 54 44 48 37 43 38 42 58 35 19 43 17 41 33 47 41 42 52 52 50 47 56 50 39 41 43 36 36 35 37 44 40 48 45 38 41 41 24 42 38 43 30 35 41 37 46 32 29 32 47 40 44 34 46 33 37 38 38 37 39 39 41 36 51 32 41 46 48 55 53 41 44 51 49 38 30 39 29
52 50 41 43 38 39 32 46 35 40 36 28 32 29 38 38 52 33 43 37 39 45 38 37 35 43 49 51 32 37 41 41 32 54 33 56 48 32 44 38 54 38 42 31 23 40 63 38 37 49 30 47 36 36 33 46 37 37 48 44 42 38 31 38 43 41 30 26 35 38 36 35 35 37 38 52 32 46 34 23 40 34 30 28 34 31 26 51 43 45 36 34 35 19 24 38 44 32 34 38
35 30 38 33 40 29 45 38 30 44 53 34 41 42 38 34 37 43 34 46 37 33 40 38 39 40 47 43 34 41 40 36 59 47 43 44 45 46 40 50 22 36 45 31 45 36 36 33 51 35 45 36 44 48 45 19 30 43 52 41 39 33 31 27 44 33 28 33 46 55 27 52 44 46 46 55 59 49 36 31 36 38 40 39 40 41 36 41 37 34 37 33 48 35 42 31 31 35 47 31
40 43 47 49 38 28 36 28 41 36 36 39 51 44 38 47 36 30 38 38 27 41 51 48 54 56 39 44 35 27 38 49 44 37 34 38 34 68 45 47 44 42 40 42 33 43 42 37 52 53 49 32 44 29 46 43 30 30 46 52 55 52 36 41 38 34 58 39 53 33 45 35 42 42 38 49 28 42 38 56 29 45 32 47 41 47 38 41 48 45 47 46 40 38 35 48 44 27 47 43
39 40 49 42 35 42 38 43 36 40 28 40 40 53 39 37 31 39 36 32 36 31 47 38 34 40 31 35 45 44 39 30 38 33 35 46 37 43 33 28 54 41 23 42 24 45 38 38 40 51 52 33 36 36 25 16 35 41 47 39 33 35 43 44 43 54 54 44 38 37 45 36 36 39 34 39 32 20 49 38 36 28 34 27 30 31 26 31 37 37 37 36 32 42 33 44 41 26 36 24
42 44 37 46 43 35 43 35 33 42 31 43 47 37 40 39 38 46 40 38 40 29 35 40 44 43 43 29 45 47 33 47 36 40 36 44 43 31 31 35 37 33 32 35 34 30 49 39 34 33 40 46 35 49 35 44 40 31 48 54 27 35 29 35 25 43 36 36 47 36 43 33 51 36 38 33 37 36 50 40 40 46 46 49 34 37 42 44 36 33 34 42 57 45 49 33 34 39 23 38
41 38 50 38 30 40 33 56 43 35 41 29 49 50 36 39 28 48 36 39 41 46 49 31 42 28 44 31 41 40 43 24 34 42 56 44 57 41 49 32 35 43 50 45 40 34 37 35 45 34 40 39 39 35 32 29 33 37 29 38 35 30 44 40 35 37 34 27 31 41 44 36 35 36 38 38 51 28 36 38 34 29 41 43 36 34 32 28 35 30 26 30 41 35 36 35 37 32 46 35
45 35 49 41 40 35 28 45 36 35 49 31 30 37 42 44 37 34 31 39 41 38 49 42 39 40 31 39 40 36 41 32 46 47 36 41 50 38 30 38 21 38 41 36 32 39 38 43 36 49 39 41 48 45 36 38 46 55 35 44 40 28 35 41 36 38 25 25 41 39 37 43 43 38 39 43 38 40 37 38 51 43 47 37 30 35 43 36 31 34 35 35 44 30 43 41 34 51 38 32
41 46 39 34 34 43 38 37 39 28 44 30 41 36 43 39 39 42 37 32 45 43 37 37 31 37 36 37 38 38 41 33 38 43 30 41 44 33 39 54 38 39 35 39 37 40 48 41 36 46 36 41 35 34 39 35 35 37 43 49 50 32 51 50 40 34 47 52 51 41 24 40 41 30 36 37 50 26 38 42 45 30 25 42 42 28 44 41 37 52 48 39 30 37 41 40 51 49 38 32
33 26 33 26 43 35 42 37 48 37 36 53 43 39 49 48 53 33 39 42 36 46 40 86 41 30 31 34 46 33 46 55 41 50 55 44 38 28 32 39 40 37 38 48 32 33 40 49 36 35 53 33 39 40 55 29 45 40 49 33 51 51 49 36 49 34 42 37 37 29 43 43 44 41 47 40 34 39 42 45 47 47 44 43 35 58 83 55 45 30 43 38 40 57 43 33 40 40 49 45
36 39 40 27 38 53 37 44 42 57 34 42 42 41 25 27 51 46 41 33 38 42 48 41 47 44 35 44 48 36 42 22 50 37 45 50 39 31 28 32 42 32 44 40 43 38 33 28 29 36 41 34 38 57 40 30 45 41 51 43 43 39 31 30 31 40 46 50 27 50 37 32 48 46 45 34 43 36 46 29 37 33 44 42 44 40 41 27 39 40 37 48 43 42 17 34 39 34 38 38
36 38 36 36 39 34 43 28 42 43 33 39 51 48 51 43 53 40 50 32 49 37 39 43 38 56 42 45 48 34 47 40 50 48 56 45 51 32 50 41 39 44 48 44 41 26 38 40 33 42 45 40 38 47 58 48 53 38 33 44 41 43 33 46 31 34 35 38 35 34 47 39 36 43 41 29 47 33 36 50 42 40 38 41 44 61 53 32 42 35 16 40 38 49 46 38 44 34 38 33
30 41 43 45 32 42 46 46 22 40 41 47 41 38 34 47 45 42 34 42 36 40 44 42 36 46 36 30 42 43 36 27 33 32 54 39 26 34 38 24 34 52 49 35 35 45 52 59 49 41 42 27 32 46 25 51 38 36 49 31 28 50 43 32 52 37 48 42 35 44 41 48 46 50 40 36 36 39 37 27 27 33 34 44 39 48 38 39 65 45 31 45 39 34 47 31 40 34 45 48
41 32 35 36 46 37 36 43 40 35 27 45 36 35 26 45 31 36 35 42 39 39 43 51 29 41 40 40 41 34 45 27 33 36 45 49 34 37 41 39 40 49 39 52 44 36 51 42 41 36 40 33 34 38 30 47 48 39 36 47 40 45 41 40 49 36 42 43 23 36 45 46 35 38 35 43 41 35 34 39 40 32 38 44 37 50 42 48 52 47 51 38 38 28 33 34 25 37 41 36
51 37 35 38 30 25 35 49 39 37 44 46 50 29 32 39 38 35 41 43 40 39 50 42 54 40 38 38 47 43 57 41 52 45 34 36 51 51 41 31 45 39 40 33 39 37 40 39 25 37 39 35 57 44 37 30 36 42 47 50 35 36 18 36 44 34 35 31 40 47 37 36 45 38 36 33 37 42 46 52 32 43 39 40 29 40 48 36 33 40 38 58 31 30 36 50 50 34 43 29
33 39 34 36 31 35 36 40 41 33 24 31 32 38 50 34 33 38 32 50 31 52 51 48 33 34 49 41 29 39 45 39 36 40 44 37 37 41 40 33 44 43 36 44 51 48 32 44 45 46 48 36 23 38 41 44 48 39 32 37 29 35 42 47 36 39 31 32 34 31 33 44 43 50 36 43 33 43 29 38 35 35 38 31 41 32 42 32 50 40 42 39 50 40 37 40 46 40 53 41
35 46 35 42 38 44 45 33 39 44 35 36 41 26 39 56 46 46 39 49 45 38 33 39 40 29 36 30 37 40 33 41 32 34 33 38 41 40 40 36 44 37 43 37 39 36 50 38 38 33 42 43 38 39 39 38 36 30 35 42 33 43 40 34 31 36 33 39 45 36 21 39 38 27 33 32 34 38 38 43 53 34 25 32 38 51 38 50 24 50 37 41 37 33 43 37 45 38 42 48
50 41 38 34 31 38 34 45 36 36 50 44 28 46 54 39 44 44 48 37 48 34 42 37 35 39 39 23 44 57 51 46 41 47 40 39 41 51 34 41 40 34 40 42 41 37 37 25 29 31 36 41 39 34 42 41 51 33 46 41 52 44 39 45 35 50 45 50 49 36 35 50 49 38 37 40 36 31 44 44 44 41 53 34 43 40 42 39 35 56 41 39 44 36 39 58 46 43 36 42
38 41 48 38 38 40 47 42 36 32 33 54 43 34 40 41 45 37 35 50 33 42 28 43 47 44 31 32 35 42 42 46 43 38 32 50 43 46 26 55 25 41 29 56 29 48 49 38 47 29 47 57 32 56 53 39 38 36 50 42 51 37 46 45 50 33 44 43 45 45 44 45 43 48 39 40 46 32 41 36 41 33 42 48 38 47 47 44 40 45 46 46 39 38 49 42 40 30 32 27
34 42 27 47 36 43 37 35 42 41 41 32 43 57 33 27 39 31 43 47 39 49 35 37 40 52 39 35 38 45 21 20 38 38 17 25 37 26 51 36 32 45 38 28 46 43 34 38 49 33 43 40 35 34 44 35 52 45 42 37 31 34 22 42 31 42 47 49 64 32 53 37 43 52 37 40 37 38 34 41 48 33 42 46 47 40 45 36 37 50 33 33 35 42 43 43 36 45 36 40
41 39 39 29 38 46 49 43 39 34 24 42 44 37 46 40 43 42 40 35 45 53 36 37 51 34 45 40 48 28 43 49 33 44 41 34 38 41 43 33 39 46 52 44 50 40 34 39 32 23 33 32 51 46 44 43 42 48 52 40 28 42 21 34 31 37 38 33 41 34 58 42 33 32 47 32 19 43 31 54 42 32 26 43 26 34 40 37 41 38 37 45 32 54 40 25 56 53 39 
