0.457142857142857 4458 27 37 32 27 41 49 23 32 37 29 30 35 36 26 29 36 37 36 29 23 27 21 22 43 33 32 29 43 24 32 36 37 23 24 30 28 23 14 38 20 30 25 33 37 26 27 30 27 25 33 34 29 35 30 27 35 33 30 36 33 39 34 32 33 24 36 25 24 37 51 29 41 28 39 27 38 29 23 33 41 23 28 35 21 42 32 27 42 31 29 31 29 25 24 31 42 38 38
24 26 33 22 25 33 38 29 46 7 35 25 32 29 26 21 24 26 27 22 25 36 26 34 27 31 33 32 23 26 39 25 32 23 28 20 28 36 29 15 27 32 32 24 28 34 37 30 33 29 29 31 30 34 22 32 27 24 31 28 33 33 35 33 28 36 34 21 25 32 35 33 27 25 29 27 28 55 28 37 22 22 35 27 24 35 35 29 43 22 40 32 29 34 31 27 38 32 34 42
29 41 26 26 31 43 34 29 27 33 38 36 34 32 28 27 37 24 30 34 29 30 29 23 30 27 31 19 35 28 33 32 28 31 36 21 29 28 27 37 41 24 39 30 26 27 30 30 30 36 34 36 26 27 32 34 31 23 36 18 23 31 25 22 40 26 35 24 36 36 22 30 35 35 29 34 35 42 31 22 37 30 25 31 42 18 23 32 21 27 43 45 27 34 28 34 31 37 30 39
25 24 37 38 35 24 24 32 32 27 29 34 27 33 17 25 38 24 34 32 29 35 36 38 41 19 30 29 34 21 22 25 32 24 45 37 30 32 34 33 28 41 37 24 24 24 32 30 38 30 29 30 38 27 40 36 21 30 23 36 18 39 31 23 25 23 26 29 36 25 28 22 27 30 25 34 32 35 23 28 33 22 36 27 38 32 29 29 30 48 28 30 37 35 44 23 28 33 27 30
31 20 22 30 25 36 25 27 32 36 34 39 30 31 36 26 28 40 41 26 25 30 26 36 35 31 36 33 38 24 35 23 30 37 27 20 18 28 37 28 31 41 31 25 31 36 23 28 28 31 32 36 43 42 23 36 28 14 42 43 29 36 34 44 24 35 24 28 33 28 29 24 26 26 38 38 29 37 31 30 31 32 29 29 22 29 23 22 23 32 37 28 28 31 30 33 23 29 42 36
24 31 25 27 34 30 39 36 27 26 31 49 32 44 24 23 23 27 29 29 32 18 26 31 39 34 32 19 34 37 34 19 31 23 18 34 28 29 28 29 37 30 24 32 24 33 37 23 29 22 32 20 28 26 30 38 33 27 26 17 36 31 32 30 22 14 42 27 30 29 20 41 39 31 22 38 38 40 31 25 26 29 29 25 25 25 21 40 33 25 28 31 21 28 35 34 33 32 32 32
33 35 34 33 28 38 29 39 38 26 43 24 27 18 32 30 32 36 24 34 39 33 27 31 32 40 43 26 32 22 39 26 23 30 34 31 25 27 34 19 40 40 25 29 32 24 36 32 26 31 27 39 30 27 30 40 33 27 36 28 37 31 25 29 32 24 44 28 46 29 39 29 24 33 29 32 20 33 37 36 31 28 27 27 34 44 40 28 24 19 32 34 33 26 35 34 24 24 21 32
30 29 18 33 31 28 37 38 25 30 17 29 12 27 24 29 25 38 23 31 24 24 23 35 32 27 35 28 32 32 17 17 30 22 37 32 43 40 28 26 39 29 31 35 22 41 40 30 37 36 27 26 31 29 26 29 32 26 32 25 27 22 31 28 40 30 35 31 13 42 24 29 19 25 30 28 26 28 28 38 33 23 30 31 26 31 20 19 28 33 47 19 38 36 30 33 27 36 38 31
33 47 24 33 30 24 26 31 30 34 38 19 24 38 50 26 31 36 32 26 21 30 23 38 28 35 35 25 31 31 32 29 26 20 31 30 34 28 37 20 27 33 26 28 38 30 37 27 28 33 31 39 29 34 34 29 43 31 33 31 28 20 39 31 35 30 37 34 22 20 28 33 31 43 28 22 22 23 39 27 20 35 20 31 41 27 39 22 31 30 27 31 26 24 44 21 31 34 28 31
26 34 33 26 22 51 25 26 23 28 24 18 23 31 33 27 34 23 14 34 25 26 29 25 40 21 28 23 28 31 26 30 29 23 29 32 29 31 27 24 27 34 23 25 32 21 34 28 29 32 20 29 30 22 53 29 35 22 31 32 26 43 32 34 25 29 34 35 41 34 23 25 28 29 25 27 29 34 34 27 21 29 37 29 27 29 26 36 31 34 31 24 35 16 21 23 38 25 27 22
24 24 23 22 28 33 23 33 14 34 25 32 25 36 35 24 33 36 27 32 44 22 34 23 30 28 23 32 23 33 27 31 19 23 42 41 20 31 59 83 64 17 32 36 19 39 34 38 20 31 25 26 28 28 28 35 12 28 31 32 31 32 20 42 42 23 30 31 19 29 32 30 33 29 17 14 29 23 24 18 22 25 24 28 39 27 25 29 19 30 35 20 28 21 46 30 41 26 26 27
36 31 28 20 30 26 37 30 31 26 23 36 29 29 29 27 35 25 40 36 22 29 32 38 33 34 29 34 31 26 37 34 39 32 26 25 29 33 26 34 29 31 19 34 29 24 37 37 31 22 32 29 25 23 26 30 27 34 28 31 29 28 29 26 31 23 32 29 34 37 28 37 38 25 37 35 26 43 33 16 38 59 31 28 25 19 28 31 22 26 28 38 26 28 35 22 30 29 27 30
37 40 47 26 30 33 39 23 33 30 29 23 20 33 39 20 32 47 26 41 31 35 24 31 23 37 37 30 24 29 32 39 22 22 36 36 21 34 34 32 32 23 19 29 38 32 22 28 30 35 31 32 34 27 37 26 14 33 24 33 29 39 22 33 27 32 25 24 27 23 37 29 23 23 32 28 28 26 32 35 33 38 39 28 29 39 35 31 28 28 19 32 33 32 23 41 36 28 23 49
25 31 25 28 46 34 29 41 18 43 35 29 30 28 35 40 28 22 24 27 25 29 29 31 25 31 35 32 40 35 39 35 27 43 44 17 30 20 27 40 19 33 29 49 36 30 23 31 48 38 25 27 30 26 34 28 21 21 29 36 30 21 29 23 32 31 26 28 40 27 25 20 22 35 33 34 28 31 23 37 29 24 33 26 32 31 27 32 26 32 25 43 18 28 27 26 26 42 35 36
28 27 24 25 29 36 32 34 31 22 26 26 25 41 35 36 30 28 19 30 29 34 23 37 32 40 32 36 29 26 33 38 35 35 26 31 18 40 44 27 29 31 35 40 28 28 31 31 27 25 31 39 21 33 39 26 24 26 31 33 31 28 22 29 33 29 42 27 30 25 29 33 26 18 26 29 34 22 35 41 36 35 32 39 30 41 30 22 26 30 31 23 31 42 37 23 24 30 33 29
35 38 30 29 33 28 39 40 37 21 37 22 29 41 31 31 28 26 28 32 32 25 29 34 25 35 32 29 24 28 39 38 41 12 38 29 35 34 33 30 31 37 28 19 14 39 23 26 18 22 30 25 34 34 23 28 25 32 30 34 43 26 43 26 37 34 32 40 31 39 32 32 33 32 32 33 35 22 33 37 25 19 25 18 22 45 26 34 25 39 35 34 26 26 34 39 30 27 30 35
29 31 30 23 28 39 33 28 31 34 37 35 24 20 37 41 39 17 29 28 31 29 33 32 22 12 33 32 38 20 26 37 29 27 40 26 26 29 20 25 30 31 26 43 30 30 30 27 35 24 33 23 28 31 39 30 28 30 32 38 26 28 30 33 33 38 30 25 31 38 37 18 32 35 27 30 28 23 35 27 30 39 30 35 21 20 34 33 20 29 30 33 37 40 29 22 39 28 22 41
29 29 37 29 23 13 37 29 39 13 22 35 30 26 29 36 31 30 36 40 40 27 38 26 39 28 30 26 30 31 30 34 29 25 30 25 35 35 31 30 28 25 28 39 36 44 32 31 26 23 44 36 30 46 27 41 33 27 23 35 36 31 32 29 35 23 20 31 21 23 31 35 22 35 33 40 32 30 34 22 35 31 34 30 27 40 24 28 28 35 19 28 37 24 40 27 37 31 36 25
33 28 33 32 39 31 38 28 32 24 34 29 19 36 39 28 41 22 27 28 36 25 25 30 40 23 28 22 24 25 23 30 19 31 23 33 26 30 39 35 25 29 19 26 42 33 31 25 34 24 39 48 36 18 34 29 36 33 26 27 31 13 21 22 29 29 34 22 28 32 32 29 40 40 35 23 22 34 30 26 31 26 26 12 23 30 36 39 29 35 24 23 20 13 38 29 37 30 30 26
30 40 29 23 31 30 24 41 22 22 30 31 25 39 31 23 20 31 25 33 34 31 30 27 28 38 32 29 27 31 24 28 33 38 28 42 36 29 31 26 30 30 38 43 32 35 23 34 19 23 31 26 34 26 27 26 26 24 26 27 27 35 34 27 17 32 33 41 31 35 13 28 24 27 29 23 40 23 38 38 29 35 32 15 37 29 23 32 23 27 32 26 27 28 33 30 32 28 34 36
18 32 24 24 39 30 32 26 30 24 29 34 35 38 32 35 34 23 39 27 36 44 24 32 27 29 29 26 32 30 29 32 22 28 35 28 27 37 24 38 44 29 28 43 25 33 11 36 22 13 33 35 24 31 25 26 25 29 22 34 36 33 34 29 27 26 24 32 26 24 26 36 23 27 29 29 30 32 30 26 34 36 21 33 36 24 28 16 27 26 44 18 42 28 43 25 31 23 23 27
22 31 26 22 27 20 32 38 30 38 30 27 22 29 29 34 35 26 26 26 32 12 32 26 34 26 34 28 29 30 26 33 28 35 15 32 21 32 31 29 17 50 63 61 54 28 25 34 24 28 25 29 27 31 34 36 40 26 30 23 22 36 20 27 26 22 28 35 38 33 30 27 23 19 32 20 38 29 35 28 31 41 36 25 35 31 47 31 33 41 24 29 28 40 26 30 36 39 42 37
29 27 46 24 25 36 31 34 27 38 25 20 30 32 28 25 39 30 30 28 43 32 27 37 41 39 26 30 30 23 32 29 28 40 27 31 37 39 42 33 36 21 28 29 29 21 29 24 22 25 34 51 24 27 31 35 30 31 34 48 23 18 27 35 36 32 30 41 38 31 28 38 36 30 42 27 41 29 28 23 29 37 15 26 41 21 36 30 27 25 35 37 36 39 24 43 34 25 30 37
21 35 34 29 40 31 24 25 35 46 36 32 26 38 31 31 34 15 16 18 23 33 33 16 32 40 28 27 34 32 43 36 34 20 42 38 36 35 38 28 28 28 26 35 34 25 31 32 33 17 32 39 28 37 23 38 25 21 31 23 26 21 36 31 23 25 35 22 25 28 33 34 42 34 27 34 19 26 24 18 31 30 25 20 34 25 22 30 23 10 23 23 34 30 28 23 35 29 28 29
28 30 24 43 29 32 30 35 28 32 27 25 25 30 28 40 23 27 35 33 31 23 25 27 31 38 29 39 33 18 26 23 31 31 34 49 32 18 26 34 28 33 41 29 31 49 38 24 32 34 37 39 28 34 28 28 39 39 33 23 35 35 36 34 34 35 35 33 42 33 28 28 34 28 36 37 39 28 32 36 40 30 33 31 31 34 42 41 33 27 28 28 35 35 30 32 27 32 29 37
31 23 21 34 39 38 31 22 40 31 30 24 23 30 31 24 33 35 28 25 27 31 36 34 30 38 32 29 29 27 30 25 35 32 26 29 41 26 29 33 36 35 27 24 25 29 27 19 40 33 28 33 28 23 23 33 36 30 24 36 22 35 39 30 31 31 38 33 26 25 35 26 30 31 39 18 25 22 26 36 28 26 29 32 18 28 29 24 39 18 24 32 47 23 27 33 24 26 26 23
14 32 32 35 46 39 36 32 32 26 37 22 27 45 41 34 25 32 26 22 27 36 21 24 27 19 25 33 26 38 39 37 21 24 29 36 23 27 30 31 28 40 22 31 24 29 31 28 19 40 14 27 26 19 22 30 25 32 35 30 20 27 29 34 27 43 24 39 24 27 23 28 19 35 27 25 21 29 31 29 27 27 32 34 27 32 34 21 37 43 26 30 24 24 27 30 39 32 29 29
38 27 30 35 28 29 27 40 28 23 26 40 29 40 29 32 41 27 14 32 28 32 22 37 40 22 28 16 18 27 28 32 27 33 31 31 13 29 36 35 26 33 37 32 32 28 34 27 28 24 25 28 18 31 26 36 24 39 33 35 36 38 25 29 33 36 39 26 31 28 30 25 33 31 20 29 34 38 31 28 24 36 38 29 27 35 20 33 31 26 26 31 32 34 25 29 30 29 36 23
23 38 27 21 24 34 20 33 39 19 40 26 47 25 37 28 39 34 37 46 35 32 36 31 40 24 24 29 32 50 33 30 19 26 26 19 35 26 30 30 30 29 25 20 26 29 31 31 26 26 34 30 28 29 34 40 40 36 24 33 25 38 22 22 25 42 42 30 34 27 30 35 26 28 37 28 31 38 28 34 34 41 38 36 30 37 32 29 43 44 36 35 36 35 34 39 32 33 27 34
28 33 32 48 34 33 33 30 40 29 32 25 37 29 37 28 23 24 37 26 29 31 26 38 26 27 28 30 28 28 33 34 27 28 27 33 23 32 27 28 32 17 25 33 26 29 36 31 25 20 27 26 27 18 32 23 25 39 24 27 29 22 32 35 28 32 23 32 26 26 30 20 24 23 36 31 24 34 39 29 35 31 25 21 38 19 29 28 35 33 37 28 41 40 25 25 32 25 28 32
38 32 35 22 25 30 27 38 32 23 41 36 32 33 28 24 30 27 22 40 33 24 33 33 42 26 39 40 33 34 37 36 34 22 35 29 33 29 23 20 21 24 12 29 32 33 19 32 30 32 35 38 33 30 26 29 26 33 40 14 35 33 35 26 28 19 31 34 22 25 25 18 35 28 37 29 34 28 31 27 32 32 27 26 26 23 36 32 38 43 31 30 31 34 27 38 32 24 36 28
27 29 26 34 27 20 19 23 29 29 37 28 34 31 38 25 24 34 32 33 34 32 22 32 36 38 25 36 25 25 37 31 31 25 22 34 36 23 38 41 24 25 25 47 26 29 37 23 26 32 30 39 29 36 25 34 42 23 34 37 47 34 32 36 28 32 24 26 28 41 38 25 21 35 26 26 43 29 35 25 31 32 34 24 36 39 38 30 25 37 31 36 39 25 36 22 30 38 37 18
32 25 20 19 20 35 33 33 26 31 28 36 28 21 28 18 38 26 41 21 32 37 36 33 28 25 27 28 33 30 29 28 23 39 37 25 43 31 40 29 23 26 33 38 30 36 33 24 26 16 26 31 40 28 19 36 38 21 21 31 26 23 34 27 22 30 37 15 45 32 29 22 33 41 24 19 22 20 21 40 19 21 27 27 28 18 23 28 28 25 24 31 29 27 25 23 17 37 25 26
28 24 31 22 33 25 27 29 36 27 31 30 24 17 33 23 37 37 37 35 19 37 42 30 39 40 35 29 28 31 27 39 24 24 36 33 27 33 31 36 30 34 25 25 29 28 28 26 29 28 25 24 20 26 29 25 33 38 30 29 34 24 23 32 35 33 29 27 28 17 24 22 28 36 33 40 25 35 24 20 25 38 30 23 24 16 20 34 33 27 32 27 19 28 22 22 29 33 26 28
29 24 27 26 22 22 37 37 41 30 31 37 28 33 19 36 28 34 33 31 24 41 37 33 30 25 29 45 31 28 26 40 34 23 26 36 24 27 31 31 45 29 21 28 36 39 30 29 28 26 28 33 37 30 26 33 29 30 27 31 28 29 31 24 30 41 28 35 43 29 33 35 43 29 29 35 43 30 28 25 29 41 30 20 34 28 28 19 17 34 25 31 27 41 23 36 28 29 29 38
36 35 26 20 20 37 31 26 33 34 37 30 42 24 31 24 27 29 27 24 26 32 26 26 28 24 27 28 18 36 22 44 36 23 37 34 41 19 31 29 13 29 34 33 30 30 28 31 40 36 34 27 25 20 26 31 36 21 34 31 25 28 20 23 24 18 30 27 23 26 25 33 24 42 33 28 34 25 33 34 23 29 26 33 44 21 32 37 44 22 38 36 32 34 29 33 31 15 29 35
32 37 25 33 44 14 28 22 29 29 32 40 25 32 25 25 21 39 27 19 31 25 35 44 24 28 27 31 33 17 32 34 33 23 29 30 29 35 29 29 26 22 33 27 34 44 31 39 23 32 25 23 30 29 29 29 29 24 22 22 39 32 41 19 28 22 34 20 36 38 36 23 35 23 26 27 30 21 28 28 32 23 32 32 35 28 41 34 27 21 21 17 30 35 28 34 30 21 34 21
31 25 41 27 32 37 39 32 41 22 33 42 28 28 46 31 39 32 33 35 31 34 24 27 29 30 36 39 40 38 27 20 26 30 24 33 19 18 28 47 45 44 27 27 42 29 36 25 31 29 42 35 23 24 34 31 32 33 33 21 26 29 21 25 31 35 26 28 41 27 25 36 29 23 39 29 35 37 23 29 28 20 35 33 28 35 42 31 35 31 46 25 25 35 24 34 22 34 28 21
39 27 28 27 31 41 48 35 23 32 26 27 36 28 40 27 30 30 24 42 26 33 31 26 38 40 31 36 20 26 35 29 30 33 46 29 38 30 40 24 31 35 38 33 28 37 20 39 35 35 34 17 34 32 29 33 39 28 23 34 28 26 27 25 34 39 38 35 22 30 30 29 24 36 28 27 29 28 29 36 29 33 25 25 28 39 36 30 26 27 27 26 24 36 42 41 25 28 35 23
38 35 47 24 31 28 29 29 16 32 29 21 25 38 38 23 23 24 44 41 32 26 24 30 36 29 26 22 19 31 23 32 21 35 29 26 21 33 21 41 19 22 25 26 33 28 25 25 36 23 20 33 34 32 33 28 34 39 33 25 31 33 22 47 33 42 30 37 24 36 23 28 35 28 35 29 37 32 20 35 36 23 30 36 36 30 37 36 29 35 34 23 24 33 32 29 20 39 34 20
17 30 22 25 33 27 28 33 34 30 29 33 36 28 26 33 19 28 31 25 34 32 31 35 26 28 34 25 29 29 30 27 32 30 36 24 26 21 31 27 37 32 25 31 29 16 22 28 26 39 26 38 23 24 25 32 37 28 33 31 25 30 27 36 41 28 25 26 27 33 29 34 29 38 31 28 32 41 34 42 29 29 34 30 36 30 40 26 38 34 28 35 23 40 24 36 38 32 28 33
29 24 31 29 29 34 23 35 35 26 42 33 33 41 54 36 29 29 32 37 33 33 28 43 35 30 31 33 32 25 31 23 32 33 16 15 23 17 28 31 28 30 33 39 24 33 37 30 32 32 33 36 26 37 33 29 33 17 32 20 33 35 23 28 35 32 30 30 44 31 31 28 32 36 34 29 32 30 22 28 35 26 21 31 31 42 30 21 22 30 33 25 20 27 33 37 37 39 31 43
23 34 35 34 35 34 32 30 37 28 20 29 21 35 28 35 19 34 35 31 32 23 29 27 29 34 27 24 32 26 25 31 24 24 43 24 31 27 28 36 33 28 30 20 34 24 26 32 26 31 25 30 15 33 27 30 26 21 32 25 32 31 28 21 25 22 27 24 26 19 32 28 20 29 25 22 24 36 31 23 32 31 23 9 31 19 12 32 9 17 23 22 19 11 31 13 29 30 24 35
36 26 34 27 24 27 33 31 31 26 39 32 26 38 18 31 19 26 22 26 21 27 34 31 27 34 19 21 24 30 29 32 34 26 24 27 21 28 26 30 26 32 36 23 27 18 31 24 32 26 19 28 24 19 22 25 32 25 25 25 24 28 33 24 44 26 24 32 36 32 24 25 31 42 19 27 25 40 27 35 26 24 27 33 23 35 39 33 13 31 31 30 30 22 25 39 32 29 28 31
14 26 26 29 41 32 36 29 26 29 30 20 24 28 17 32 34 29 17 35 30 31 34 34 23 21 35 32 30 29 24 23 36 39 35 29 19 32 26 26 24 34 31 25 19 41 35 28 28 36 23 31 36 27 33 28 32 35 34 27                                        
