0.5 2192 19 16 13 12 15 11 10 11 21 21 12 15 18 25 15 15 12 20 15 18 13 23 9 18 16 12 13 23 17 17 18 17 21 21 10 14 14 12 16 18 21 17 18 17 17 13 14 15 8 19 22 16 17 15 15 15 18 10 7 7 15 26 15 22 7 17 12 13 19 19 16 24 17 14 20 17 9 7 11 19 20 25 18 18 12 14 15 23 19 21 17 15 12 17 15 16 18 12
15 20 20 10 18 19 15 18 16 21 19 18 18 16 23 17 10 16 17 12 8 9 15 18 10 18 11 16 21 12 23 16 19 20 16 17 21 8 13 14 15 16 23 22 13 14 19 22 25 10 16 13 14 14 14 11 13 16 12 23 17 10 14 13 18 13 18 18 14 16 25 18 22 12 20 11 17 20 16 16 9 20 23 20 22 9 16 13 21 22 20 23 17 10 17 14 19 15 24 17
17 17 20 15 20 20 25 15 17 17 17 7 15 10 17 14 18 14 10 19 10 21 15 17 16 15 9 11 27 12 13 10 14 20 9 16 14 8 17 18 16 17 12 19 18 21 20 15 13 23 13 13 18 23 21 20 24 13 12 12 15 9 13 25 18 18 16 12 12 15 16 11 20 17 14 18 14 20 17 14 17 14 15 13 12 19 15 13 11 16 18 16 12 15 11 9 17 14 14 14
12 17 30 21 16 20 12 14 17 17 14 24 16 19 14 18 14 15 17 21 15 17 14 17 16 19 20 14 23 18 17 14 16 14 13 22 12 17 18 12 15 16 13 10 10 16 13 16 18 16 15 18 11 18 17 13 24 19 21 9 22 13 14 12 20 12 18 23 19 13 13 26 20 15 11 14 16 13 14 16 19 10 12 13 28 15 17 12 11 12 17 17 15 21 7 17 17 14 17 21
21 22 19 13 22 22 25 19 14 12 11 12 14 15 11 11 17 17 13 12 14 14 14 12 15 12 25 13 10 12 12 17 20 14 22 11 16 16 9 11 21 15 16 16 15 15 16 14 12 13 20 15 14 16 17 24 22 11 19 14 11 16 16 11 11 13 18 21 13 13 18 10 11 12 10 14 9 17 10 15 19 17 11 18 14 17 22 10 13 12 16 9 12 11 12 14 10 10 7 15
7 12 15 16 16 9 12 11 14 17 12 17 13 17 7 16 7 17 25 20 11 20 15 8 13 13 19 16 15 11 15 13 24 17 16 22 21 13 14 14 14 18 12 19 15 12 17 15 14 9 17 12 15 16 15 11 16 15 18 10 18 9 18 19 13 15 21 10 12 12 11 13 9 24 18 12 16 17 16 14 21 15 20 14 17 12 12 23 44 65 58 17 16 9 21 15 12 17 22 8
13 18 16 10 12 20 17 9 17 13 11 11 17 14 18 12 26 13 13 16 8 18 17 15 14 9 14 20 16 9 16 16 13 14 15 24 20 17 20 17 14 13 11 16 11 15 18 15 14 15 23 17 15 10 14 14 14 21 22 13 17 8 18 19 20 27 13 13 10 19 5 9 17 20 15 18 17 9 17 12 19 17 18 11 17 9 20 18 17 11 10 14 25 13 15 20 15 11 20 16
12 17 11 15 27 17 9 17 16 14 26 16 21 21 7 18 16 8 16 24 17 15 13 20 20 15 12 17 17 12 11 9 10 21 12 18 15 10 8 18 14 16 18 16 11 23 14 22 15 12 15 19 11 15 22 18 17 20 19 11 10 12 13 24 15 14 17 18 13 9 17 15 9 12 27 19 12 14 11 22 14 12 13 18 22 26 13 12 12 16 22 16 9 11 16 13 10 15 16 13
22 16 17 24 12 17 18 14 15 12 12 16 19 10 13 9 15 15 20 18 17 20 14 10 12 14 18 26 13 9 10 18 23 14 25 25 11 14 20 17 15 12 18 17 10 16 14 21 9 15 14 18 11 14 20 14 21 17 7 16 17 13 21 22 15 9 9 18 19 19 24 12 17 7 21 17 15 18 14 14 16 17 11 16 21 21 14 21 9 18 15 16 11 10 21 14 19 12 16 22
11 13 14 11 9 38 16 12 21 13 17 11 18 14 12 12 7 19 17 17 13 11 8 17 14 14 18 15 11 14 12 16 16 14 19 12 17 19 15 21 13 18 13 18 14 14 17 27 16 12 14 11 22 19 10 15 12 18 9 18 12 11 9 14 11 17 17 13 18 14 9 16 14 16 18 16 21 23 12 14 16 15 16 16 9 19 19 14 11 13 19 20 15 19 10 16 17 13 13 11
15 20 21 19 13 12 13 18 16 11 13 15 17 15 15 13 13 15 15 20 23 13 13 23 10 13 15 23 21 21 14 11 12 19 19 17 12 13 15 10 18 15 13 13 13 15 17 20 14 19 21 16 17 17 28 12 7 16 12 18 12 12 19 17 13 13 17 10 21 15 13 14 18 26 16 18 25 18 14 15 9 14 22 13 23 17 10 14 18 22 12 11 21 15 14 20 19 11 22 16
14 19 12 17 16 18 18 9 23 17 16 10 9 14 10 12 18 17 15 13 9 18 16 23 17 20 16 16 18 19 18 16 13 20 11 17 10 18 12 11 9 17 12 16 23 16 17 15 15 14 17 19 22 23 12 16 13 21 12 17 22 23 19 13 19 10 16 18 12 14 20 16 16 11 11 16 20 17 21 10 15 9 18 20 22 16 12 15 10 16 18 19 12 21 20 13 23 13 15 16
19 15 23 23 19 18 10 21 25 12 16 15 21 16 17 17 16 10 17 19 13 13 20 18 16 12 9 13 11 18 14 9 15 15 13 20 13 10 16 18 12 13 17 12 22 14 18 17 14 17 15 15 14 11 22 24 13 8 14 11 19 18 20 16 13 17 11 13 16 21 18 14 11 17 17 9 17 13 11 19 16 11 8 14 22 23 13 16 17 14 13 12 13 19 15 24 20 18 10 12
12 13 24 14 12 13 15 8 17 15 17 12 18 15 14 18 11 14 15 11 12 19 18 13 17 15 15 12 12 8 16 18 17 17 14 12 7 15 17 25 15 24 10 18 11 17 11 12 26 14 15 12 12 9 9 21 8 17 12 14 15 10 9 10 22 15 17 17 11 9 18 13 14 19 16 12 12 11 17 15 21 12 14 14 13 13 15 20 9 10 18 11 14 18 18 18 10 19 15 13
12 16 25 11 6 9 19 13 16 21 21 21 12 16 20 25 20 14 15 18 6 14 23 10 13 17 14 15 11 11 13 15 10 11 8 10 15 13 17 15 22 17 10 12 11 16 10 16 13 13 12 13 11 17 11 14 9 14 9 11 12 17 13 15 21 17 15 10 13 15 11 10 12 16 15 15 11 12 18 14 22 9 10 14 16 14 24 18 8 18 10 8 8 10 11 9 17 12 11 13
14 10 13 13 16 14 17 10 14 19 11 14 18 11 14 15 10 8 26 16 10 15 9 6 20 18 12 23 15 18 14 18 9 13 15 15 17 11 15 17 16 13 10 9 19 14 8 13 12 12 9 11 13 12 16 10 8 8 13 13 15 10 19 36 11 12 11 11 15 12 12 9 14 17 20 9 13 7 13 19 17 13 20 13 19 12 8 22 14 13 10 15 15 11 17 12 11 17 19 15
19 16 24 18 10 14 11 13 12 16 16 21 11 15 10 21 11 10 13 21 16 19 17 7 17 23 8 17 18 14 16 13 20 8 21 15 18 14 8 12 12 16 16 20 8 14 22 15 17 6 22 10 17 16 14 16 21 18 14 18 12 15 24 15 13 18 11 13 15 15 14 18 16 15 15 10 14 10 13 18 16 18 16 16 24 25 17 17 16 21 16 15 10 15 16 7 14 17 12 20
15 14 19 18 16 13 13 14 17 13 11 21 11 18 18 12 14 14 13 9 16 13 15 12 14 16 9 13 20 16 19 23 24 8 21 22 12 19 16 18 18 15 15 14 18 17 18 15 10 15 11 20 10 20 6 16 18 10 16 12 21 16 18 20 18 15 19 10 11 13 21 24 10 15 14 15 17 13 14 12 12 18 22 16 9 15 13 22 11 10 14 15 18 14 12 8 6 12 10 9
21 22 19 10 17 13 10 14 13 13 14 15 16 10 18 22 11 12 14 25 15 18 15 26 21 21 19 14 12 19 12 14 12 15 12 18 20 11 17 19 22 12 12 14 17 19 22 19 15 17 20 13 18 15 10 18 21 15 17 15 24 15 13 15 11 13 21 12 13 7 13 17 13 17 14 17 17 13 17 10 11 10 9 13 20 15 10 11 15 15 13 9 12 16 14 14 13 17 16 18
9 13 6 13 15 11 17 12 20 9 11 20 18 18 21 20 16 18 9 19 13 18 15 19 15 14 7 16 15 15 11 20 7 12 11 23 18 13 11 26 16 9 22 23 15 13 10 15 6 12 18 28 15 15 13 15 20 14 19 21 11 20 11 13 15 22 13 21 16 9 26 14 11 20 14 14 6 13 15 18 16 9 19 17 14 23 19 16 31 18 15 20 16 18 18 12 17 10 27 16
10 15 13 10 11 17 21 11 15 21 14 7 19 12 19 15 16 15 19 20 8 18 14 15 12 12 16 16 18 14 22 14 14 21 13 12 11 11 14 22 11 13 21 15 11 17 11 13 14 24 12 18 21 13 15 8 19 21 11 9 13 24 9 20 10 17 16 19 26 12 18 12 13 17 18 10 18 18 16 18 13 15 11 15 15 19 18 14 16 20 15 12 22 10 9 13 23 20 14 13
18 8 9 23 12 16 10 11 15 16 11 12 12 22 13 14 17 6 12 11 21 17 15 12 12 7 12 11 13 13 12 17 13 13 16 14 11 9 13 12 16 13 22 16 19 17 9 16 16 13 19 15 10 13 13 15 18 19 15 13 7 9 18 14 18 9 13 13 17 17 11 16 16 11 17 18 7 18 19 21 18 24 13 14 17 14 15 17 12 19 15 15 12 23      
