0.460498960498961 2864 31 21 24 29 30 44 19 28 32 21 34 26 26 34 34 31 37 35 27 22 21 24 25 33 22 35 34 30 27 34 29 26 24 21 30 27 40 31 19 38 26 36 35 26 36 35 19 33 30 33 27 31 26 25 22 24 27 24 35 29 30 36 41 17 33 22 37 16 34 21 13 28 27 24 36 25 22 31 30 21 19 40 16 25 26 21 28 30 29 24 24 32 23 34 31 31 31 34
27 14 25 20 27 20 41 20 25 27 22 33 29 35 24 30 28 19 26 42 20 27 19 30 26 39 34 25 26 24 20 21 26 22 26 21 32 17 35 34 22 21 22 32 29 24 34 20 20 20 34 28 24 27 18 26 21 25 15 24 38 25 36 37 33 31 32 33 30 29 25 29 23 30 26 21 21 27 30 24 40 48 28 23 27 27 30 29 32 24 30 32 18 38 30 32 30 13 24 19
35 32 45 30 21 31 29 25 29 26 17 21 27 19 24 33 32 25 30 33 33 20 21 16 29 33 29 18 27 17 46 20 18 28 29 32 35 22 35 24 27 33 21 37 25 28 24 25 37 21 25 31 29 29 19 31 26 27 19 36 23 25 30 27 36 26 26 27 26 32 29 29 29 30 25 30 26 18 27 25 25 34 37 31 30 32 34 23 24 24 27 35 20 22 28 23 22 29 25 29
21 31 25 38 28 25 26 15 26 21 33 28 22 31 29 27 40 39 30 24 38 30 34 24 17 34 38 21 30 26 22 21 28 35 32 29 23 39 36 31 32 25 34 18 30 26 25 31 32 30 20 28 35 25 28 32 36 34 17 26 29 34 24 27 21 31 22 26 20 28 33 34 25 22 22 32 28 20 28 25 33 33 26 29 23 30 27 22 28 22 18 20 18 21 22 22 34 29 35 29
26 25 36 23 23 26 27 34 41 22 23 27 32 32 25 32 27 30 21 21 36 24 31 27 21 23 28 30 22 24 28 28 16 18 28 18 22 27 22 34 31 30 29 21 28 26 25 23 25 34 30 35 33 25 25 25 23 22 29 31 20 29 33 42 44 21 28 24 31 31 23 32 31 33 27 28 23 43 19 22 20 31 23 41 31 28 23 27 36 37 18 28 28 31 29 29 26 22 35 17
32 28 18 37 31 36 19 41 19 22 29 26 37 22 36 34 36 34 31 26 20 37 26 30 42 22 32 25 19 30 30 21 26 28 30 13 41 30 14 37 26 22 16 17 35 30 31 29 29 31 29 30 40 44 13 32 20 29 33 31 30 25 38 38 22 25 34 23 33 20 35 22 22 29 25 32 19 31 29 36 27 19 34 27 38 29 24 32 33 18 20 32 28 30 25 25 28 27 20 33
36 32 24 21 29 37 19 32 26 36 24 23 29 34 20 17 34 29 26 25 31 21 25 30 27 23 29 29 24 21 32 31 30 33 26 27 35 28 24 34 26 30 26 23 21 24 15 29 19 18 32 31 17 24 43 31 11 34 25 22 15 25 23 27 27 32 30 25 33 21 33 18 31 22 31 24 34 28 25 26 19 33 19 23 25 26 29 31 29 23 29 26 27 26 20 21 33 23 24 32
22 24 32 27 34 24 24 26 25 28 20 26 36 43 72 67 34 31 35 18 31 26 27 23 23 29 22 19 24 16 29 27 17 31 40 29 22 31 14 22 23 21 35 25 36 31 30 25 16 33 25 23 32 33 32 34 25 30 11 30 32 34 14 26 30 18 29 22 37 26 37 26 29 26 33 16 27 25 23 11 28 26 20 22 37 22 22 25 32 30 24 27 29 25 22 29 30 28 31 29
18 22 17 39 27 26 26 27 27 35 22 34 24 10 65 70 31 43 49 34 20 24 27 29 22 23 29 29 19 31 27 29 36 27 30 27 31 37 34 32 27 15 24 25 26 17 23 34 20 42 30 30 22 14 23 29 30 28 27 26 23 24 27 23 28 17 42 36 29 20 34 28 28 24 30 30 27 29 26 23 41 24 33 29 35 24 29 32 32 35 25 45 30 22 37 28 34 26 34 20
23 29 28 25 27 31 35 27 28 28 23 26 25 34 32 28 29 28 21 29 23 30 27 25 33 35 24 26 21 27 25 29 32 26 26 28 29 24 27 25 26 22 24 15 31 39 29 32 25 24 19 32 22 31 25 19 22 27 29 29 21 38 35 28 34 40 29 20 22 22 32 21 24 25 27 32 33 35 28 20 19 27 27 29 28 29 23 30 42 33 30 34 38 31 29 41 25 48 29 30
24 33 23 30 27 34 24 22 33 27 28 28 33 30 26 22 25 20 24 17 31 29 27 26 30 30 34 20 24 23 25 20 35 26 23 30 24 25 29 28 27 25 27 32 25 32 20 26 30 18 26 27 28 34 36 29 20 38 27 16 22 28 26 37 42 24 34 32 34 31 29 35 27 27 26 26 24 22 31 29 26 28 21 25 32 25 29 20 19 36 26 26 21 27 26 28 30 21 36 52
22 14 25 30 25 18 17 33 25 26 30 29 35 34 17 23 16 26 37 23 27 37 29 20 31 25 26 19 33 29 28 21 34 31 29 22 26 11 35 25 23 10 34 23 26 32 36 20 25 28 36 26 20 23 27 16 27 20 33 24 29 29 29 28 38 33 26 20 25 35 34 17 29 27 21 28 29 17 42 17 25 20 25 36 24 32 35 25 23 27 24 30 24 33 32 21 40 39 26 29
31 15 19 37 21 28 36 30 29 21 32 26 24 30 32 26 29 26 24 28 33 19 24 19 32 26 29 27 23 23 19 22 25 31 27 11 26 26 20 28 24 31 28 23 31 31 21 30 27 28 21 28 23 18 23 23 32 23 33 21 25 17 12 30 30 18 23 28 20 24 20 28 30 20 30 25 21 23 24 33 26 34 16 26 31 34 36 25 27 21 26 44 26 23 32 30 21 23 29 20
23 26 35 25 23 25 34 23 30 23 16 20 29 33 23 27 32 38 39 35 38 28 33 20 19 20 30 32 16 26 41 34 35 25 24 26 37 29 25 23 28 41 29 28 43 35 16 29 32 23 21 23 34 31 27 31 27 35 28 38 30 28 29 28 19 25 18 26 30 30 29 29 38 34 37 42 27 31 32 28 43 25 27 8 30 32 31 26 29 32 23 31 26 27 34 28 24 37 31 24
61 36 38 32 24 25 22 31 28 44 19 23 33 35 33 19 19 37 31 32 38 27 25 17 33 19 28 34 22 24 24 37 30 31 24 26 34 22 28 47 36 34 29 62 31 37 22 36 34 29 31 23 27 28 45 32 24 30 26 29 29 28 28 21 21 36 23 37 31 23 24 31 29 33 23 20 38 37 26 38 28 27 30 19 25 35 30 31 23 27 28 34 21 38 32 19 23 33 25 35
19 36 32 41 18 31 32 30 27 31 32 23 25 29 29 24 24 37 29 29 27 29 31 24 33 40 24 25 25 21 29 21 30 25 28 30 38 25 23 24 31 32 22 22 37 13 28 32 18 29 32 30 28 29 27 29 32 32 31 27 22 26 37 26 25 29 32 33 30 25 26 30 30 12 21 37 38 23 28 28 30 20 26 25 28 26 22 19 22 31 27 34 22 26 29 30 39 35 30 28
21 29 40 19 24 25 25 35 21 29 21 23 41 24 25 29 27 29 18 24 25 26 35 29 28 32 31 41 34 29 32 20 33 34 32 26 29 27 20 23 32 29 30 29 25 32 21 29 25 45 40 25 28 28 28 21 19 29 30 30 22 22 35 30 28 29 37 19 31 26 34 31 29 19 24 22 24 24 29 40 33 23 19 39 27 35 31 35 23 27 26 30 33 17 23 32 34 22 20 27
26 25 26 30 29 30 37 31 28 30 44 22 22 21 24 27 21 21 29 23 19 30 28 27 20 15 24 29 28 24 22 22 27 26 29 72 25 27 36 26 35 31 29 27 25 33 28 31 26 23 32 25 28 30 26 31 27 26 29 31 31 26 30 35 27 24 28 34 23 40 38 31 28 29 26 35 26 25 32 25 31 24 20 25 23 28 36 23 30 32 30 19 21 23 20 31 37 26 41 20
29 37 17 28 29 38 27 26 26 25 24 27 29 25 18 28 28 25 28 29 28 21 21 37 29 34 28 36 25 35 19 25 21 22 34 27 24 22 24 26 25 25 23 28 21 28 24 26 33 34 16 18 29 25 23 28 20 23 33 22 17 30 26 27 30 32 21 26 17 32 32 21 29 18 34 30 41 17 25 28 23 26 32 28 29 32 26 36 27 17 29 31 30 23 22 36 24 35 29 32
32 26 33 31 33 32 27 34 26 26 27 27 23 29 37 27 32 42 28 30 38 20 26 31 31 26 26 28 35 23 36 28 32 25 40 26 21 26 20 29 31 26 25 20 21 23 28 20 33 27 38 29 20 40 28 27 30 35 24 31 28 30 18 25 36 28 31 25 19 32 32 27 29 34 21 27 27 38 32 39 35 23 28 27 23 32 34 31 41 34 34 24 33 25 39 35 42 31 20 30
27 17 23 28 25 24 26 26 36 23 25 28 35 15 26 19 27 28 25 40 19 34 32 33 22 31 29 23 27 46 34 28 26 30 27 25 33 24 26 29 19 25 29 37 36 31 36 21 17 28 34 28 33 28 26 35 19 24 44 20 19 29 27 30 23 28 37 31 42 41 27 27 25 27 24 31 25 26 24 28 20 27 41 35 32 28 31 26 21 32 27 22 21 22 17 25 32 31 30 30
27 32 22 6 36 29 19 25 17 21 20 29 29 28 26 30 29 15 27 32 29 29 24 30 26 20 33 20 21 15 22 28 30 25 25 27 22 24 24 32 35 34 29 29 28 26 21 34 25 42 36 30 30 29 33 29 35 29 35 28 26 37 19 32 19 25 28 18 18 21 26 26 26 34 13 20 23 31 20 32 16 20 29 41 26 28 33 37 20 27 28 30 16 30 29 25 23 26 31 31
30 19 20 30 30 24 22 21 24 23 20 29 27 29 26 29 26 29 30 29 22 34 32 30 19 12 27 33 32 25 27 32 30 38 23 36 19 28 36 25 23 30 21 30 27 35 32 32 36 24 28 22 28 30 28 25 33 23 20 30 16 22 22 22 32 33 33 32 35 23 29 24 27 26 20 26 25 31 26 39 38 30 30 27 36 28 38 16 25 15 33 28 31 29 23 32 30 27 31 19
23 20 34 30 24 25 37 19 26 21 27 25 26 21 25 41 39 28 21 27 20 34 29 23 35 25 32 21 33 34 29 33 27 38 21 23 27 22 30 28 33 19 30 27 23 28 24 22 21 24 31 25 21 24 24 28 40 19 22 24 26 24 28 27 32 21 30 27 23 29 25 28 20 26 22 18 31 32 27 20 23 25 37 23 22 22 28 35 27 28 29 24 35 28 20 38 27 24 19 31
32 25 26 36 23 26 14 26 19 21 21 25 27 29 36 26 27 21 24 17 40 26 27 25 28 27 27 16 25 21 23 38 37 20 17 24 29 30 27 26 29 36 30 27 31 23 24 24 29 32 27 28 31 21 40 27 27 30 35 25 20 35 19 35 33 23 15 32 18 21 16 32 21 27 27 31 36 35 32 25 29 31 18 29 23 36 19 39 29 24 32 23 30 30 27 27 36 33 27 24
20 29 33 28 26 19 17 26 22 21 27 29 21 19 27 20 20 27 27 29 32 20 32 32 39 32 26 34 26 30 25 32 28 33 27 19 31 35 36 22 28 28 32 28 26 31 21 22 32 28 25 21 26 27 23 36 21 38 28 27 29 29 37 24 20 31 25 19 28 27 26 33 24 31 27 27 22 27 32 27 17 22 23 26 17 21 22 29 32 43 28 40 24 31 37 39 23 39 23 27
24 18 24 23 46 32 32 22 29 30 21 22 26 29 22 22 27 26 37 34 35 28 24 28 16 20 19 23 25 24 33 26 24 24 32 31 33 22 33 36 29 28 34 32 27 23 29 30 18 28 31 27 16 24 30 27 21 31 38 19 23 16 26 31 20 24 25 36 31 23 27 35 33 27 38 25 22 30 39 19 44 18 32 24 36 27 28 33 25 20 38 33 34 32 20 29 44 31 39 31
24 33 25 31 31 33 36 31 23 30 23 30 27 30 35 28 23 25 35 27 28 23 33 49 31 28 28 40 34 33 33 28 36 33 22 26 29 29 28 30 37 32 33 30 24 38 28 24 33 34 30 32 28 24 23 21 31 28 16 11 19 12 13 12 15 19 18 15 13 16 10 10 7 8 14 11 10 11 11 10 12 12 15 14 23 18 17 13 6 11 16 15 14 19 12 16 15 21 12 11
8 16 18 13 15 15 17 7 20 20 16 12 13 18 19 9 16 15 16 14 8 12 6 7 22 18 7 10 13 17 9 11 15 4 17 15 11 17 14 12 19 10 11 16 10 6 11 11 22 14 17 19 12 10 14 12 14 16 18 11 13 19 14 14 12 12                                  
