0.5 1861 15 22 18 27 19 19 17 15 21 16 13 16 25 17 11 19 20 13 23 23 11 16 18 22 15 12 16 20 21 11 24 14 25 18 17 16 14 23 17 14 13 25 22 15 23 14 16 17 21 15 22 15 24 29 22 18 25 16 16 15 15 25 19 24 27 87 16 17 24 21 19 17 18 14 28 24 19 21 12 14 28 21 21 13 16 20 29 22 15 16 22 19 13 20 20 16 14 15
24 25 22 15 17 16 18 20 20 16 16 24 17 15 23 17 12 22 17 19 23 22 22 11 13 22 19 17 17 16 25 15 13 10 23 14 18 15 20 21 20 19 21 19 12 22 11 17 22 18 13 19 21 17 18 16 23 17 23 15 15 18 21 15 21 16 19 20 14 27 14 17 19 21 29 21 14 20 19 17 15 12 20 22 26 15 15 13 19 18 23 22 22 18 24 17 12 14 21 13
14 12 21 20 23 15 20 12 18 23 13 25 17 19 17 21 17 23 22 18 11 19 18 23 13 19 14 12 12 18 16 11 22 20 14 20 19 19 16 23 24 17 19 19 24 20 19 19 22 22 19 19 15 20 13 20 22 17 14 20 19 26 15 17 21 15 12 14 20 18 22 22 15 18 12 13 23 24 13 22 22 22 20 20 19 20 22 11 24 18 18 20 14 16 15 11 12 17 12 19
25 17 24 20 28 21 23 18 19 29 21 18 11 27 23 21 19 27 20 22 17 28 13 25 13 24 15 18 21 19 18 19 16 15 27 13 17 26 24 24 14 20 22 19 20 20 23 18 25 24 23 20 27 18 17 15 15 19 15 25 19 23 21 11 20 20 14 14 24 20 18 16 22 11 17 13 22 20 16 25 11 23 24 20 16 15 21 24 17 20 24 17 16 21 21 16 18 12 23 15
17 25 24 17 21 14 19 15 22 18 23 11 19 29 14 13 16 22 21 20 18 21 23 24 18 23 16 9 24 23 25 18 20 26 14 18 19 20 24 27 13 16 13 19 17 21 17 12 21 13 16 22 12 17 22 10 16 10 23 19 27 20 15 20 24 13 24 23 20 21 20 21 20 23 23 28 18 21 21 13 14 18 26 27 16 21 19 22 20 21 19 15 14 12 29 18 20 26 20 21
17 17 25 19 23 18 11 20 15 17 13 23 21 28 38 17 10 22 19 17 14 22 21 11 18 13 28 10 12 24 13 27 18 21 12 13 17 15 13 14 21 19 13 17 10 12 8 30 14 21 20 12 23 21 24 22 26 18 26 24 17 18 21 18 16 17 19 21 16 20 29 22 29 39 20 14 24 11 22 7 17 21 18 18 20 13 40 11 20 22 15 12 23 23 21 20 19 16 20 27
18 17 19 25 15 13 25 12 11 15 17 9 17 10 15 16 19 20 19 15 13 20 25 16 15 24 17 18 22 16 21 13 23 15 14 18 23 26 16 10 21 18 16 15 23 19 24 25 19 16 23 23 21 24 18 14 34 18 15 19 21 18 13 16 26 19 19 25 20 17 30 24 19 18 15 22 11 18 15 17 16 12 18 21 21 23 17 21 15 18 17 15 18 14 25 23 20 17 14 20
29 21 13 19 25 16 14 23 19 18 14 6 18 23 15 20 20 28 16 21 22 30 26 23 21 11 20 26 24 18 31 17 18 16 20 17 13 17 12 13 25 15 18 16 14 25 17 16 10 22 7 11 21 15 19 26 18 20 12 10 12 14 10 18 21 21 22 24 19 21 16 16 17 15 19 22 11 15 21 26 14 23 20 12 26 17 23 11 22 27 12 24 20 25 25 22 13 16 19 25
18 26 18 26 19 19 18 22 17 24 18 25 37 24 15 25 27 9 24 19 11 15 19 28 21 18 13 22 21 12 20 24 14 18 26 16 22 16 20 18 26 24 18 23 18 25 21 17 21 18 26 30 18 33 23 18 17 27 17 19 17 20 20 28 11 17 27 24 13 15 28 19 19 27 27 27 17 15 20 24 15 19 22 18 13 18 15 21 19 19 11 12 23 12 13 18 21 27 23 24
20 18 21 23 19 20 26 22 17 9 17 19 21 12 15 24 18 25 19 28 21 23 21 18 14 13 15 21 19 24 15 11 22 60 57 39 52 13 23 28 23 19 25 20 23 23 19 22 24 19 16 25 19 17 19 24 12 10 17 18 15 15 10 25 20 19 18 18 17 23 21 23 16 15 13 13 10 13 19 21 21 19 20 12 16 18 20 13 18 17 23 33 30 19 27 24 22 18 18 23
17 27 17 22 26 23 16 16 21 18 20 17 24 18 11 16 19 17 19 25 22 13 10 26 20 23 17 23 18 21 18 13 13 21 26 22 17 21 19 21 17 22 27 15 20 14 13 15 21 18 29 26 21 20 21 23 17 22 22 24 10 17 24 10 14 16 21 24 18 20 17 18 18 19 19 17 27 15 25 20 17 15 12 18 28 19 19 20 17 13 20 19 15 19 27 13 22 19 13 18
23 16 21 19 17 23 16 13 18 21 30 23 22 18 18 22 15 11 15 16 18 20 12 17 14 16 18 17 20 23 13 29 19 28 21 13 20 20 19 25 18 12 20 17 23 23 24 18 16 27 15 30 24 25 25 13 16 24 12 13 25 21 18 19 20 20 17 27 18 17 13 14 16 20 25 18 14 17 16 24 22 19 22 20 19 20 21 19 18 17 11 12 15 20 11 23 32 16 17 12
17 20 21 16 16 14 13 21 19 24 23 19 20 20 22 22 19 24 18 17 25 30 16 20 20 17 19 11 12 16 19 16 17 17 20 18 19 20 23 16 15 22 15 16 16 18 27 22 29 13 18 20 15 20 15 19 17 12 18 33 30 27 11 28 15 14 15 16 29 21 22 20 19 25 23 9 19 18 18 13 20 14 22 17 26 16 13 17 20 23 14 15 19 20 20 17 21 19 20 10
24 20 18 13 20 18 12 24 15 15 13 20 19 16 21 24 19 24 18 20 18 18 21 15 15 18 21 24 12 22 9 16 19 18 20 19 22 18 8 18 23 20 19 22 25 16 17 12 27 11 17 19 26 16 14 17 16 11 15 25 12 24 26 15 25 23 24 21 17 18 19 15 16 17 26 18 25 18 25 16 18 13 16 19 15 24 25 13 20 26 23 26 13 19 17 17 19 24 18 21
24 22 17 17 14 18 27 19 17 22 25 17 16 21 23 22 19 23 20 12 29 16 10 19 22 22 28 20 19 22 16 19 11 16 16 24 18 11 22 16 17 19 24 17 25 25 24 8 23 15 14 15 22 20 23 23 24 14 23 25 12 21 33 17 17 24 21 25 18 24 16 20 16 19 14 22 21 21 18 17 24 22 15 14 23 17 16 23 14 18 13 21 18 15 19 18 12 19 17 13
22 14 19 35 19 28 21 13 15 19 21 20 18 18 21 25 25 11 18 16 16 26 20 22 18 22 17 29 19 23 17 22 13 27 14 17 13 23 28 19 25 26 17 22 9 16 24 21 14 12 22 20 17 23 18 18 26 14 17 26 20 27 16 16 20 25 22 17 13 18 16 20 18 18 15 11 23 17 12 18 24 18 20 14 23 20 17 11 26 23 14 20 15 22 20 21 20 23 23 16
16 15 23 12 20 13 19 22 13 19 23 12 15 21 24 22 16 29 22 22 20 14 12 13 25 13 18 16 16 18 19 21 24 18 18 17 31 22 19 20 11 21 26 18 16 14 16 20 19 15 21 17 24 22 18 19 27 23 22 17 18 18 13 15 23 16 23 17 14 22 17 25 15 13 35 16 19 12 16 25 17 24 13 20 15 18 18 18 30 23 18 24 14 20 22 14 14 19 14 20
17 16 22 21 17 25 25 30 23 23 15 22 18 21 17 22 23 24 22 16 13 19 18 21 20 25 24 21 18 14 11 19 32 38 22 20 22 23 22 18 14 16 20 12 28 17 27 14 17 21 20 14 19 16 19 14 15 19 23 15 13 17 14 14 15 14 16 19 19 12 12 8 9 12 6 14 7 12 9 8 13 8 7 5 9 11 7 11 8 12 7 16 12 11 10 5 13 13 7 7
11 12 12 12 8 10 14 7 11 6 12 7 7 15 9 11 12 9 8 7 7 6 12 6 16 11 11 5 7 8 8 8 10 6 7 13 12 11 8 7 9 9 7 14 14 16 16 30 23 11 7 11 9 7 13 8 9 6 8 8 5 12 8                                     
