0.461538461538462 3838 26 30 34 34 39 23 35 46 41 34 46 39 34 39 36 33 35 30 42 30 30 23 31 26 28 35 26 40 33 28 34 34 31 23 30 23 28 28 28 35 37 43 34 38 33 30 29 31 26 23 19 30 35 26 29 24 28 47 35 34 32 28 21 32 33 28 25 35 30 29 35 30 33 39 30 35 24 19 26 21 33 29 26 38 23 29 29 32 21 18 34 22 32 17 27 34 27 36
25 23 21 27 33 27 33 30 25 27 25 29 35 30 30 26 37 22 33 26 25 32 29 26 36 28 34 33 40 28 28 32 33 27 34 34 20 23 36 28 29 22 25 28 31 31 45 22 14 23 36 36 27 17 29 39 34 19 30 36 35 33 28 37 28 33 36 29 27 30 30 31 22 28 26 33 27 37 30 29 25 40 25 34 33 28 36 30 33 21 38 25 21 31 18 40 33 28 30 28
40 34 21 33 29 27 23 26 29 25 27 34 28 23 25 35 24 25 35 25 40 22 29 35 30 43 40 39 24 34 21 30 22 32 34 30 28 34 20 27 32 22 20 33 32 22 25 18 31 25 27 36 30 36 33 31 22 31 21 34 42 41 28 25 29 22 30 30 18 36 27 38 22 25 22 30 39 28 22 30 42 34 44 33 21 37 33 32 35 31 35 22 29 36 38 24 30 31 37 27
36 22 42 25 38 22 32 25 34 26 26 35 36 30 26 26 27 25 26 28 18 18 23 20 39 42 28 19 41 32 29 38 32 28 29 31 32 34 30 31 30 35 32 34 34 34 35 32 40 33 32 29 36 33 35 15 23 32 37 32 24 42 39 40 31 27 37 33 31 42 40 35 30 27 19 28 33 42 26 32 25 33 40 29 29 24 33 27 20 40 24 32 34 20 31 30 44 27 25 30
35 11 30 34 36 33 29 29 33 35 29 31 33 42 32 27 27 37 24 37 36 34 37 40 28 32 26 26 39 27 33 35 49 32 32 28 29 29 29 40 44 37 32 35 40 30 33 18 31 28 44 26 27 29 37 27 32 23 33 35 47 21 46 28 33 33 32 31 27 21 33 42 28 28 21 37 35 32 36 17 28 29 31 9 24 30 31 38 37 27 29 29 35 25 30 38 33 25 39 29
29 32 23 30 37 31 43 33 25 37 30 25 33 26 43 39 27 28 44 42 35 32 42 34 37 29 30 33 43 39 33 36 28 31 31 37 25 23 28 38 41 35 35 29 34 29 43 46 30 21 30 31 29 41 48 28 30 30 27 21 29 31 37 34 28 26 44 43 29 25 36 29 30 21 30 34 35 35 26 39 27 29 27 33 30 44 34 43 41 32 30 40 47 28 46 23 33 34 27 46
39 39 30 31 33 32 34 47 21 24 32 39 32 34 28 37 34 26 31 29 27 20 36 27 29 39 24 28 35 37 27 40 35 45 30 22 33 27 26 18 26 27 27 38 22 39 23 23 32 39 27 26 43 25 33 28 33 23 29 36 21 30 33 23 30 27 29 29 36 50 32 26 48 24 45 34 33 37 36 40 38 23 34 34 36 31 38 29 27 41 30 36 23 26 31 41 40 44 33 28
34 27 29 43 34 32 33 28 29 36 27 28 25 41 28 34 31 20 26 29 32 32 18 29 27 32 36 26 22 37 15 37 31 43 27 37 38 32 24 32 36 32 38 28 30 21 34 22 31 38 39 44 43 30 25 32 29 32 41 24 28 32 42 28 41 36 34 35 31 41 41 31 20 24 23 25 26 25 36 40 23 29 31 40 30 31 33 34 23 36 30 29 27 30 33 23 33 26 32 26
21 41 38 23 28 36 19 33 24 21 39 29 34 41 30 35 27 34 26 33 37 29 21 29 24 25 28 33 32 21 22 31 33 27 22 38 30 29 34 26 34 25 24 25 27 23 32 34 24 32 34 27 20 19 33 30 34 38 39 25 32 40 25 19 26 31 26 34 20 17 31 33 36 36 36 33 30 29 30 27 33 32 33 37 44 26 30 39 22 34 35 23 31 24 24 27 39 30 22 37
34 36 26 25 29 25 32 25 24 41 30 36 33 30 28 24 36 30 25 33 26 34 29 28 28 30 36 38 28 23 25 22 31 29 33 29 45 39 20 29 22 33 36 40 26 25 28 27 29 87 73 20 32 29 33 40 35 33 17 27 33 26 26 34 34 33 27 36 38 27 24 25 23 33 21 23 25 31 42 44 29 31 34 26 35 31 21 35 31 29 21 25 30 23 38 44 30 40 31 43
20 28 31 21 28 33 38 30 29 30 24 45 21 27 40 25 29 33 36 34 29 40 36 36 36 21 40 37 37 30 30 35 36 33 34 47 29 26 34 27 24 35 30 31 40 36 34 40 30 28 23 34 35 34 27 27 28 30 20 33 39 23 30 24 32 29 37 36 37 28 35 28 38 34 32 31 39 39 41 20 38 26 29 23 42 48 92 33 44 34 28 33 25 23 27 34 27 43 31 37
32 25 35 30 29 25 34 33 44 31 32 44 35 28 37 41 22 35 34 32 37 32 35 42 31 25 27 26 30 30 34 39 29 31 34 35 42 31 29 18 29 23 30 26 35 39 42 42 25 34 24 32 33 39 28 32 28 28 34 35 26 20 28 24 18 35 21 26 38 33 23 29 35 36 34 37 23 35 34 36 30 39 38 29 37 22 32 24 32 30 34 29 36 36 37 32 27 28 32 21
30 19 38 35 40 31 34 33 37 28 32 42 39 35 32 36 43 28 31 18 34 30 35 26 31 40 30 36 27 29 37 33 27 35 25 36 30 46 30 32 23 34 36 26 25 30 26 19 35 37 29 32 36 32 38 26 33 35 21 33 37 16 35 38 34 22 17 42 39 28 30 28 34 35 28 31 23 25 37 37 32 36 38 35 41 27 25 31 29 43 42 37 32 28 40 28 32 41 35 31
21 35 26 32 23 35 22 28 30 41 31 39 38 28 32 29 33 19 29 30 33 39 23 39 28 20 38 36 22 34 27 30 36 32 25 29 29 41 30 27 35 30 32 33 28 32 29 30 38 39 26 33 35 28 23 32 32 30 28 30 31 39 31 28 39 32 27 32 44 41 37 35 37 36 32 35 36 38 42 25 45 41 47 49 34 23 32 30 39 30 32 28 29 24 35 31 29 24 39 31
27 25 34 30 30 32 30 29 28 26 26 31 31 35 23 20 32 32 25 30 40 38 30 38 29 36 32 33 32 23 37 26 29 20 35 32 23 20 22 17 38 36 29 35 22 26 35 34 29 34 33 39 32 31 24 21 31 33 22 31 30 30 27 38 23 26 30 30 30 33 28 43 39 31 34 32 31 34 33 33 29 29 23 32 22 34 33 21 36 18 32 32 28 36 35 26 29 27 42 26
40 29 34 31 27 24 34 29 38 46 29 30 43 27 25 28 28 30 41 42 36 31 28 34 35 33 40 29 38 43 27 39 31 32 29 31 30 31 22 50 22 38 32 32 32 45 32 29 38 30 29 34 33 38 37 33 32 30 32 40 20 32 44 54 30 27 32 33 38 45 28 59 37 39 45 23 38 30 20 31 38 28 33 30 30 34 39 35 36 27 11 34 32 31 27 29 34 18 31 28
33 28 37 30 32 42 27 26 28 31 26 27 29 33 40 34 35 32 37 29 38 32 37 39 30 28 26 32 36 37 29 40 32 26 29 38 39 32 26 35 19 33 26 30 36 22 38 18 25 28 22 39 38 24 28 46 42 30 31 25 30 22 37 22 28 26 25 34 32 29 35 28 31 23 36 27 27 24 30 33 25 27 30 19 44 32 30 31 36 29 40 30 34 26 23 32 25 36 31 32
31 33 31 19 34 31 40 34 25 43 25 45 28 37 27 31 35 29 39 36 30 44 31 35 32 29 25 32 36 33 19 32 40 28 24 35 34 28 34 36 38 24 35 34 35 25 22 21 24 23 27 25 35 30 30 28 34 22 29 29 28 25 31 28 40 34 21 31 30 31 31 33 21 41 30 23 40 23 30 22 31 38 24 33 32 33 30 21 17 34 21 31 34 27 29 31 35 22 42 28
32 33 18 35 36 27 26 32 11 35 41 33 40 34 31 9 28 39 26 46 26 28 28 27 34 36 30 31 28 33 29 33 38 26 36 39 31 27 29 45 25 31 32 34 33 37 31 27 27 44 31 28 33 46 33 34 32 20 26 39 30 30 27 28 31 16 34 25 29 43 36 28 34 30 30 21 23 29 31 31 38 33 33 27 27 35 29 34 29 31 32 36 33 27 31 31 23 38 52 36
39 28 36 33 30 27 42 28 28 31 33 34 11 33 37 24 31 32 40 28 28 32 49 30 35 25 30 32 30 36 41 32 42 35 29 25 37 28 36 27 25 30 33 31 45 27 33 33 34 29 23 29 27 25 39 25 82 47 36 28 41 32 31 31 22 24 27 28 32 25 23 24 30 35 30 20 46 26 37 36 32 29 32 32 34 47 36 37 32 27 30 34 34 44 34 36 24 29 26 39
29 41 32 23 31 39 40 32 34 28 37 18 33 42 35 38 22 31 41 32 30 26 27 32 24 39 32 33 23 29 33 30 39 33 25 35 33 30 41 37 36 37 37 36 27 43 33 25 35 28 36 35 36 34 30 38 30 29 25 34 25 39 26 22 21 25 29 23 28 34 27 23 48 34 27 27 38 28 20 29 32 35 35 19 32 40 40 17 28 34 42 46 25 39 28 30 24 20 18 43
36 31 34 36 35 28 19 31 36 24 40 27 43 31 42 37 29 36 39 32 39 35 38 32 33 37 28 40 22 35 31 33 33 31 23 11 41 37 25 28 32 30 33 33 36 29 33 33 19 25 34 20 31 34 29 24 39 27 24 31 30 29 30 24 25 33 30 23 35 30 26 29 40 43 38 35 32 36 33 28 28 26 42 36 30 35 25 28 37 22 29 43 26 35 30 23 31 37 36 20
36 31 32 29 34 30 21 49 33 26 38 22 29 31 40 26 34 33 32 30 19 36 28 36 27 28 28 34 24 23 36 31 29 27 28 39 28 35 39 34 33 38 29 29 34 31 32 38 36 29 38 27 39 25 29 23 31 31 41 35 37 35 39 29 36 32 26 26 33 45 39 29 27 31 29 16 26 35 24 29 26 38 37 43 46 28 26 31 30 36 18 20 49 36 28 36 30 25 29 39
33 32 27 28 25 35 32 41 32 25 30 35 40 33 29 25 35 29 33 23 31 23 42 35 30 39 39 38 23 34 32 31 29 25 22 39 33 38 30 32 28 25 26 35 32 36 28 24 22 39 34 44 29 27 32 31 26 29 33 31 33 30 35 40 38 48 30 35 31 35 33 33 26 35 25 37 43 31 39 34 37 30 29 25 29 32 29 21 28 36 26 27 30 45 18 35 34 26 24 42
33 22 29 32 32 28 53 27 33 36 29 33 35 27 42 25 36 51 23 27 21 36 27 26 26 35 34 31 27 33 19 36 33 31 37 32 34 37 37 30 29 9 25 37 46 32 34 35 29 29 28 39 26 29 28 20 26 34 33 31 24 29 23 36 25 28 43 31 27 37 27 33 28 30 32 37 38 35 28 25 27 31 38 26 30 34 35 26 20 31 35 26 29 15 38 22 38 24 30 22
39 33 22 29 33 24 28 37 26 25 39 26 26 19 33 34 42 30 30 31 22 30 25 42 31 37 27 29 27 33 29 31 37 37 18 22 33 34 43 18 36 24 39 33 38 38 29 31 28 34 21 20 39 32 30 34 30 41 29 29 33 33 27 24 38 32 31 25 31 22 23 32 29 34 29 29 30 31 23 24 24 28 32 21 27 26 29 40 42 36 33 34 38 27 32 27 28 28 44 36
29 30 35 37 33 28 21 41 27 38 36 38 43 22 33 38 24 22 37 30 37 26 31 26 31 25 33 22 25 32 33 26 27 29 38 35 36 27 32 27 28 37 34 31 29 29 53 33 30 24 33 34 30 32 30 27 38 37 41 32 32 30 29 28 22 25 30 37 39 26 30 23 37 21 33 38 34 22 35 28 33 36 27 23 25 28 23 42 37 40 35 34 34 24 31 39 35 36 33 22
38 37 33 30 34 32 31 7 29 29 22 29 31 16 27 30 30 38 34 34 28 33 36 30 34 21 36 36 31 30 29 19 34 33 32 33 35 33 24 34 36 25 31 39 36 36 40 26 45 33 34 27 38 30 26 30 27 34 23 38 30 20 18 33 35 35 27 42 34 32 43 26 32 30 27 38 33 29 33 40 25 24 27 35 25 35 40 27 26 38 33 22 32 31 35 32 29 38 34 23
26 27 22 34 29 28 27 30 31 34 36 25 25 36 23 25 20 30 33 11 32 31 24 40 31 37 34 29 33 38 41 33 34 25 37 29 32 33 17 42 38 32 23 37 33 46 37 27 36 41 24 27 24 36 26 28 22 39 34 30 31 26 33 25 27 33 26 32 43 31 26 24 50 25 35 36 26 26 40 34 22 31 35 28 29 35 35 32 33 28 17 26 33 28 30 23 36 29 27 41
25 28 32 34 41 30 22 43 36 33 30 27 32 34 35 33 33 46 24 29 34 27 27 31 33 39 33 21 34 38 42 22 35 32 23 44 43 39 30 34 36 35 23 37 35 28 27 38 35 26 23 19 40 29 31 34 40 28 29 31 31 24 34 23 33 28 39 34 33 32 23 31 37 28 18 23 27 24 23 37 32 42 32 25 29 17 34 34 37 25 23 34 31 21 26 29 21 41 25 39
37 26 33 24 25 32 29 40 40 36 39 28 33 31 28 16 34 28 36 29 29 28 30 34 25 28 33 34 37 33 26 25 28 36 41 23 34 36 26 28 28 20 28 35 29 46 25 43 30 33 35 37 31 32 42 30 24 26 27 38 29 36 28 29 31 28 35 24 32 24 33 34 31 24 26 21 37 29 31 19 32 25 28 32 32 23 27 36 18 33 38 37 28 28 19 18 38 22 29 26
25 29 38 22 34 29 39 20 43 26 31 40 26 31 45 25 28 37 30 39 32 45 24 33 37 27 35 28 32 28 33 33 42 28 26 36 31 24 29 30 33 28 26 33 40 20 36 28 16 30 24 41 40 25 36 36 37 28 34 31 22 43 30 21 36 28 33 30 33 26 37 27 33 27 36 14 36 32 32 32 23 25 35 42 33 28 38 32 36 27 32 36 32 33 27 38 24 30 34 33
30 28 38 45 38 46 38 31 32 23 29 30 28 20 32 24 20 39 31 28 22 16 25 34 21 34 34 36 30 38 25 35 32 35 20 21 32 32 28 26 20 43 28 34 31 35 36 32 24 28 34 35 39 28 34 34 29 29 45 35 17 34 31 35 26 30 29 25 41 34 27 31 24 44 34 35 29 31 24 24 22 35 18 33 36 20 27 30 24 35 30 35 32 34 21 23 34 30 25 33
32 38 28 38 20 31 21 28 25 39 49 30 39 29 23 33 26 19 34 24 26 33 33 34 34 30 20 40 31 26 34 34 23 20 31 26 20 31 25 24 34 34 20 25 17 27 38 35 35 34 31 24 12 38 32 34 24 28 27 30 27 37 37 40 34 21 23 40 28 25 18 32 24 31 31 28 27 43 28 27 33 44 27 40 23 28 36 40 32 32 34 36 38 49 31 30 45 28 31 30
31 31 30 29 28 31 31 35 23 31 32 26 27 27 33 29 27 30 38 24 33 34 31 25 31 28 39 26 30 25 33 22 32 37 29 29 39 40 29 39 31 34 22 32 33 21 23 29 39 26 28 33 28 32 24 24 34 42 36 22 28 36 17 28 34 38 35 25 31 29 40 39 36 37 42 28 41 21 40 25 23 28 26 35 27 28 30 19 39 23 28 33 29 34 24 22 32 29 28 24
45 32 28 35 25 31 40 34 31 39 22 28 41 24 35 34 29 24 30 31 30 26 33 29 32 24 37 42 25 44 26 23 28 43 27 38 28 22 25 21 31 34 31 29 40 28 25 32 30 36 31 34 30 40 30 30 26 32 21 27 27 34 29 35 28 30 33 33 18 27 27 27 30 31 22 32 25 29 29 22 30 28 30 29 38 30 26 30 40 36 30 26 30 33 30 36 22 32 29 31
35 27 24 42 32 30 48 29 31 31 26 39 33 24 28 33 33 32 32 28 23 34 32 36 21 19 37 36 21 36 24 24 28 33 30 40 30 38 33 27 19 36 40 39 30 37 27 32 37 28 34 20 34 44 33 43 29 39 39 38 27 29 33 21 29 22 36 28 30 18 33 36 30 28 31 32 22 43 28 33 30 32 27 28 36 23 41 29 33 38 40 33 22 32 38 36 43 14 28 26
29 29 37 11 13 15 8 12 8 21 14 11 10 16 13 21 11 14 10 16 14 21 13 13 20 13 19 17 18 13 12 19 15 14 15 11 23 20 15 15 6 8 21 11 11 15 15 17 15 8 13 20 16 15 12 16 10 18 15 15 17 16 29 20 12 14 9 17 11 12 19 7 14 12 16 15 5 13 22 16 9 16 18 21 16 8 9 11 15 13 18 16 17 12 17 17 13 14 13 11
17 18 12 12 14 14 14 14 18 17 13 10 15 16 20 16 20 16 19 12 24 14 23 17 14 13 11 18 16 24 20 17 14 19 10 13 7 23 20 16                                                            
