0.444444444444444 3015 26 21 24 19 25 24 24 27 21 38 31 26 27 20 25 23 18 31 19 30 23 41 29 22 24 18 28 26 29 23 31 17 34 23 28 26 25 21 32 32 31 21 18 26 26 29 23 22 28 23 20 29 24 40 16 34 27 31 28 34 28 28 17 38 18 30 33 37 31 32 34 27 37 19 22 31 30 26 31 25 20 22 30 21 27 20 26 27 26 29 26 30 24 24 18 21 57 29
26 30 27 23 21 23 19 33 31 31 29 33 21 32 22 25 23 23 36 22 33 26 24 27 18 29 18 25 21 26 19 21 20 24 20 30 25 21 28 32 23 23 24 29 20 9 23 26 28 22 30 25 26 28 27 29 30 35 34 25 33 25 27 21 20 25 30 21 26 21 34 31 31 25 23 31 24 32 19 22 27 16 28 22 31 28 46 31 30 35 30 17 34 30 25 20 26 23 28 20
23 32 31 21 17 26 22 30 28 33 36 27 29 34 27 28 32 17 26 16 34 22 30 26 18 13 23 28 23 31 23 24 21 20 31 28 25 31 26 27 18 21 28 23 23 22 28 23 21 25 27 25 21 25 32 31 22 26 28 29 14 24 25 20 22 35 28 34 27 24 21 27 26 22 27 39 32 29 32 33 34 23 22 28 35 22 42 20 29 17 28 21 32 27 20 23 25 19 26 23
15 25 29 32 21 18 24 34 29 25 19 22 34 24 33 29 27 35 33 32 37 26 19 23 24 29 25 21 35 24 29 31 31 20 18 30 24 32 10 31 31 30 21 22 19 28 28 34 30 24 21 25 31 25 25 30 28 25 27 22 21 18 24 27 28 33 23 21 15 18 24 30 34 18 16 26 18 23 21 28 34 16 28 17 24 26 23 10 24 22 24 37 21 25 32 24 25 29 31 27
26 32 18 25 27 28 29 25 30 35 28 28 21 34 25 32 29 29 22 22 35 29 32 36 23 19 30 25 34 30 15 20 29 27 27 21 27 18 22 20 32 23 31 23 20 22 24 27 27 32 32 23 26 24 25 31 29 25 32 27 30 22 24 24 22 27 43 27 22 28 30 28 24 30 24 33 28 31 20 26 38 21 34 24 28 24 27 27 27 25 24 28 21 28 28 24 22 29 17 22
32 28 28 28 22 25 20 25 28 36 32 22 30 33 37 26 32 39 28 30 34 26 20 23 21 31 22 27 27 15 25 22 24 26 29 25 28 27 37 29 26 26 33 25 26 30 20 31 35 31 28 24 23 31 20 26 27 28 34 30 20 24 34 26 20 21 19 18 22 28 25 19 19 23 19 28 24 28 33 27 21 38 26 34 27 25 31 25 27 27 33 28 17 35 28 27 32 15 27 18
20 23 34 30 38 26 22 36 27 21 24 26 38 25 24 22 30 34 30 24 24 29 23 30 28 25 20 22 22 35 25 18 31 17 24 21 22 24 20 25 17 21 23 22 24 26 18 29 27 22 21 28 30 33 31 23 23 26 25 17 25 36 23 9 25 28 31 26 24 24 32 33 20 26 30 31 21 23 24 21 34 26 23 29 16 24 26 26 16 23 30 39 34 26 28 23 25 20 18 19
25 27 22 25 21 19 24 25 29 29 25 16 31 24 20 30 33 25 26 23 34 25 27 24 25 34 18 29 32 24 56 53 33 48 23 28 24 30 30 31 22 19 28 26 20 38 29 27 17 20 27 16 30 20 25 27 27 25 28 30 20 21 28 26 25 18 25 28 26 33 33 32 28 32 28 11 35 32 33 29 19 26 24 27 30 29 17 28 23 27 25 24 29 29 23 15 30 20 22 26
21 25 27 24 25 22 20 32 20 20 28 25 24 33 27 31 22 36 28 18 23 28 25 25 30 27 17 26 24 29 34 27 23 21 33 29 99 10 126 38 36 23 27 20 21 25 25 29 25 29 21 32 29 24 28 28 26 35 25 28 29 25 24 20 24 28 35 30 30 24 23 32 29 19 34 29 34 31 21 24 36 25 20 16 30 27 28 24 22 31 34 30 32 30 29 22 25 26 28 29
25 29 24 22 27 24 32 30 20 25 27 30 30 22 26 31 23 26 28 31 25 8 20 22 19 29 29 31 40 31 21 31 28 20 21 26 32 48 23 8 34 22 32 31 22 36 25 16 30 18 28 31 25 32 27 23 31 27 15 21 19 30 19 25 24 37 23 33 27 31 32 29 25 21 25 25 30 25 22 18 19 29 28 34 28 30 29 36 28 31 21 33 34 27 27 27 22 26 24 27
21 28 23 29 26 39 29 26 39 31 24 26 44 15 24 23 26 26 18 23 31 33 30 27 22 22 36 35 31 34 31 35 28 28 28 25 30 21 33 14 24 26 33 30 36 30 21 40 32 33 22 26 31 33 29 34 32 27 32 27 28 28 26 36 30 14 30 30 29 23 25 28 20 27 23 17 30 24 35 27 28 16 31 24 28 27 33 26 29 35 17 22 27 23 37 16 22 27 27 32
26 28 22 35 26 28 24 23 20 22 23 35 12 26 11 29 27 25 38 27 26 32 19 24 24 31 33 35 20 33 30 26 35 25 31 33 24 25 29 35 30 21 22 32 30 27 30 26 20 30 11 29 42 34 23 31 36 28 31 21 20 19 30 26 20 33 27 19 20 26 17 27 18 27 26 27 26 22 33 39 29 28 30 25 26 31 18 31 27 32 26 26 23 27 25 37 20 29 19 19
28 24 35 29 32 26 29 23 16 32 35 18 20 33 32 30 29 26 20 30 20 22 24 21 26 20 33 33 25 15 28 15 35 24 31 16 23 33 27 36 33 19 30 23 34 25 25 28 31 17 20 22 32 24 27 23 23 25 23 30 31 21 23 30 21 24 21 21 36 30 24 29 28 29 29 35 28 25 25 30 28 29 22 26 17 27 25 21 35 27 28 25 31 32 25 41 22 37 27 23
24 23 35 24 19 35 27 31 21 21 29 32 28 31 35 34 28 27 29 29 31 30 21 25 27 28 23 21 28 25 25 27 26 36 33 25 29 27 31 34 29 28 31 23 25 21 25 27 28 27 24 25 28 30 30 20 37 35 15 25 25 35 26 26 35 22 32 13 25 26 29 29 26 24 30 21 22 32 25 28 28 24 22 30 24 36 22 26 20 29 26 30 20 20 22 21 30 29 27 38
31 27 39 33 21 24 25 18 21 21 26 24 29 29 19 27 18 30 29 31 27 30 26 36 26 23 25 29 20 38 22 30 21 31 26 24 24 25 27 36 29 28 32 30 26 27 26 27 31 29 22 40 22 26 16 28 25 15 28 18 24 35 23 27 25 22 26 22 27 24 30 27 28 32 29 19 26 24 32 26 28 20 23 26 23 24 37 24 22 34 29 32 28 60 22 24 33 31 34 34
30 31 26 31 22 28 26 33 33 24 28 21 16 17 23 20 24 20 27 28 37 22 11 26 28 26 17 25 19 18 22 26 21 37 25 24 45 35 22 17 18 31 29 38 26 21 22 29 31 35 33 16 24 24 7 21 23 24 19 37 33 30 24 29 27 23 23 29 9 23 36 25 29 27 22 34 25 24 28 26 26 30 32 29 23 29 17 16 30 21 20 39 32 27 39 24 33 27 34 25
26 25 29 26 34 22 31 28 31 29 25 31 23 32 19 27 25 30 28 29 30 26 29 20 32 25 26 31 35 25 24 28 27 28 31 20 26 27 30 23 33 23 20 34 30 25 36 26 35 14 24 37 30 23 27 24 25 23 23 36 33 30 24 31 31 25 23 28 29 23 22 26 29 26 24 33 18 21 31 28 24 36 27 27 35 31 24 22 27 43 34 29 24 28 29 26 27 27 31 23
31 26 27 27 31 28 36 20 26 27 24 28 32 24 16 31 34 37 28 21 29 26 34 27 23 36 21 20 17 25 31 24 25 24 29 35 42 30 23 24 37 23 26 28 36 30 25 30 25 22 24 24 36 30 28 21 28 33 27 20 19 23 38 27 23 37 23 31 31 19 27 22 30 28 15 24 24 17 34 42 21 30 28 21 22 27 29 32 22 23 14 33 30 18 35 28 20 23 33 18
32 20 25 28 30 31 29 27 29 31 20 28 21 31 22 26 34 33 29 25 30 30 22 37 21 23 36 33 26 33 29 44 20 12 28 16 28 36 40 32 20 18 36 27 30 21 27 23 23 27 33 19 26 25 17 21 26 29 23 30 28 31 20 25 27 22 31 31 25 22 26 24 28 32 23 17 15 28 25 24 25 38 28 29 27 24 32 22 38 26 32 29 30 26 30 34 24 31 32 25
25 34 27 36 35 27 26 22 25 21 25 38 23 36 33 27 26 23 23 32 30 30 30 25 22 27 33 29 21 23 26 26 28 28 25 20 23 26 28 34 33 27 22 21 28 28 28 33 21 27 23 32 30 31 18 26 24 25 24 29 20 23 24 35 32 31 27 21 35 31 23 21 25 21 31 32 35 23 26 23 29 26 18 31 28 43 32 19 32 38 28 20 16 29 10 14 30 24 22 31
30 34 28 19 26 18 28 27 26 30 22 19 20 18 21 19 31 35 29 27 29 25 31 29 31 9 17 22 31 24 27 35 27 26 24 33 23 26 41 25 20 35 29 23 24 15 23 26 35 23 27 27 25 28 26 27 26 24 16 31 30 25 28 22 19 15 22 33 26 28 30 22 30 21 25 19 15 21 17 23 31 14 39 25 25 23 28 25 23 34 16 29 24 26 25 22 24 22 24 27
16 21 32 31 30 38 24 27 27 21 23 21 22 24 26 24 15 19 34 28 32 21 18 20 29 31 28 27 38 28 19 39 31 21 26 38 25 26 20 30 27 26 19 24 26 16 24 21 24 28 38 35 21 19 32 19 27 37 18 30 32 15 30 29 26 23 25 34 24 34 22 33 33 22 26 25 13 30 22 23 23 36 39 29 22 30 28 30 19 27 29 25 20 25 32 34 25 27 25 21
29 29 23 30 20 28 19 26 25 34 23 28 17 23 17 29 28 23 27 28 37 29 26 31 30 26 25 18 25 34 27 22 38 26 30 31 23 16 29 26 26 23 27 26 21 22 27 25 18 31 27 25 21 22 20 25 24 26 33 25 31 33 18 22 25 26 23 29 33 34 30 30 22 22 35 32 20 23 33 18 18 15 27 27 21 18 23 25 28 24 33 39 27 20 23 33 30 25 31 26
23 26 22 27 25 27 37 23 21 33 27 33 20 31 26 30 9 25 30 22 19 25 19 25 33 28 25 21 21 32 17 20 21 21 27 40 31 29 24 28 16 34 40 24 38 24 25 27 29 35 21 28 29 27 20 27 24 41 23 30 25 19 21 15 23 25 29 21 26 24 20 29 25 23 28 26 32 30 22 25 28 26 22 23 37 25 28 25 20 26 18 32 26 30 36 28 22 13 21 24
15 17 22 29 25 17 26 31 29 17 29 22 38 30 28 39 27 33 31 28 30 16 32 31 36 21 32 15 31 28 13 33 21 22 31 18 24 19 25 31 29 19 22 29 29 19 29 30 33 29 28 29 25 23 20 32 15 32 20 19 25 19 15 20 25 24 29 26 22 32 28 21 18 16 9 33 29 16 25 22 40 23 22 30 38 28 17 21 28 33 17 24 32 19 21 21 29 22 18 30
27 25 31 24 24 25 35 33 31 32 24 29 33 23 33 24 40 23 24 27 19 23 18 27 20 28 16 17 21 24 25 25 16 16 38 38 33 25 28 25 27 22 21 21 30 28 33 23 31 24 27 31 29 25 27 26 24 22 41 28 28 21 29 24 30 24 18 19 30 22 36 21 22 35 20 17 30 19 19 26 30 28 24 28 23 35 36 25 34 26 24 31 29 28 31 22 19 22 25 27
25 21 20 28 28 21 27 24 33 28 28 24 22 27 20 35 20 18 17 38 24 21 30 21 24 34 19 25 24 19 24 21 28 30 30 21 24 32 26 26 24 22 23 26 21 36 27 26 32 25 31 31 27 30 35 27 19 22 29 18 27 21 34 25 20 22 16 24 23 24 23 22 20 21 19 22 24 26 23 23 27 24 24 23 18 37 34 30 22 33 24 27 31 24 29 19 32 23 32 32
33 24 32 37 24 30 27 30 28 29 22 22 26 28 20 28 27 27 29 20 24 20 27 33 25 38 36 24 25 31 24 32 28 22 27 22 23 26 13 33 17 24 25 26 29 24 19 25 30 29 24 32 22 17 22 28 28 19 23 23 27 31 38 26 23 28 17 30 25 23 25 19 22 32 23 21 17 27 26 28 39 29 7 28 23 26 29 19 27 27 18 27 27 19 26 20 24 28 25 28
25 27 14 34 30 24 27 18 26 16 25 35 36 32 23 31 25 42 31 27 16 24 19 23 34 36 34 16 26 30 19 27 22 27 32 33 28 31 28 21 22 23 26 27 29 32 29 31 21 27 26 25 22 30 23 25 32 26 32 28 29 27 22 22 26 30 23 31 27 22 26 31 23 22 25 16 28 16 22 29 33 21 23 20 24 22 29 30 25 29 26 26 26 26 21 31 14 43 24 20
4 12 18 10 17 14 15 11 13 11 9 6 9 15 14 14 9 17 10 14 12 8 14 12 12 13 21 11 11 5 12 12 10 22 11 9 12 11 14 12 15 15 8 9 18 13 14 12 12 14 21 19 10 16 7 14 8 18 11 20 14 17 11 21 13 10 9 11 17 12 11 15 11 8 8 16 17 10 10 12 12 12 14 13 17 13 11 9 14 13 10 10 12 12 15 11 13 14 19 9
31 40 17 15 16 6 11 14 10 15 11 7 18 12 9 18 16                                                                                   
