0.413793103448276 3609 17 24 33 23 22 24 20 20 24 16 25 16 16 23 23 27 27 25 25 23 17 23 28 22 15 19 16 27 31 21 22 16 31 30 21 30 20 33 22 24 23 21 26 20 16 25 22 24 28 18 16 30 18 21 24 32 18 12 25 22 30 26 25 25 30 31 17 21 13 26 20 22 26 12 32 15 25 31 24 22 16 36 24 24 24 22 22 18 22 28 19 22 26 14 27 9 25 18
29 20 29 19 14 32 25 18 25 25 22 24 20 24 26 27 23 23 28 22 29 25 19 11 33 21 30 35 28 24 30 23 23 24 18 24 29 19 27 15 17 30 15 29 23 32 25 31 24 17 29 21 21 20 23 28 24 25 24 22 25 21 15 17 31 24 17 17 24 16 18 17 22 24 16 23 14 26 25 21 18 18 18 23 22 18 19 31 17 17 24 20 24 27 22 20 19 23 21 24
15 31 21 21 20 22 30 25 28 22 24 23 22 15 20 23 20 25 24 17 21 24 17 23 20 24 22 21 18 18 33 30 31 28 20 26 26 25 23 17 14 26 27 26 29 22 22 22 31 30 27 21 25 23 25 20 19 19 28 28 22 30 35 15 23 26 21 15 26 32 24 16 31 19 22 22 16 27 10 16 27 27 25 20 30 20 22 27 11 26 25 30 22 22 19 18 25 24 24 23
20 19 18 20 25 17 16 25 13 18 11 17 22 17 25 23 25 20 20 18 21 23 26 23 21 26 26 25 19 16 21 26 20 18 28 19 25 22 26 17 12 21 19 20 23 23 31 18 24 17 25 21 25 27 16 24 17 23 21 19 20 22 21 23 18 22 18 24 21 20 35 29 20 30 19 17 15 31 27 31 22 20 30 26 17 22 32 19 24 22 26 19 16 28 15 26 24 26 21 23
21 28 20 20 40 26 19 19 23 23 20 18 21 25 19 33 22 20 21 22 24 23 24 28 31 25 22 18 16 33 26 27 14 30 17 28 29 34 25 21 20 26 25 24 20 22 20 25 26 25 22 32 21 21 23 22 25 17 14 24 20 21 10 26 21 17 19 29 16 26 24 20 19 14 21 23 14 15 18 21 11 21 19 19 33 21 21 22 18 24 24 26 16 17 22 24 20 21 15 26
23 25 22 27 17 22 15 26 24 21 28 18 37 34 22 25 22 31 21 18 20 24 22 11 17 21 22 28 22 21 23 23 22 22 21 20 28 28 24 21 16 28 28 16 25 34 32 21 24 28 28 27 28 21 21 28 27 20 23 25 19 18 24 16 25 20 22 14 25 25 19 18 12 29 20 32 24 29 9 27 25 20 32 22 26 15 19 29 20 19 21 23 16 20 28 23 26 35 24 27
22 28 15 26 30 20 18 27 22 24 30 41 29 28 22 21 20 13 39 16 17 16 25 23 29 30 22 23 29 22 25 17 23 22 26 32 30 18 27 29 16 19 27 23 19 25 27 25 32 22 28 22 18 20 24 15 27 24 34 24 20 18 25 24 30 19 28 25 25 22 34 14 24 21 28 15 19 22 27 29 42 19 32 25 19 25 26 26 17 21 29 20 20 15 21 15 26 24 28 24
20 34 24 22 18 22 25 34 21 21 30 26 19 34 25 26 22 22 21 25 31 20 23 24 20 28 29 17 22 19 25 25 24 26 27 26 26 25 16 26 15 19 24 23 29 14 18 30 30 28 23 30 23 21 27 33 29 15 14 21 26 28 25 18 19 24 24 28 13 24 25 29 27 28 28 19 30 14 28 19 25 20 23 33 21 19 23 24 19 24 31 29 23 29 21 24 20 21 30 26
23 17 18 22 27 27 18 15 21 23 24 21 28 30 18 24 16 26 23 24 20 21 22 25 32 21 22 23 21 29 20 28 35 28 28 28 21 34 22 24 20 27 15 24 13 26 28 22 23 21 27 30 27 23 32 29 26 22 20 33 25 22 18 26 29 26 12 37 19 18 17 28 25 25 23 21 30 29 47 46 26 23 17 29 19 35 23 16 22 31 28 18 19 18 23 24 18 29 15 22
27 30 22 29 22 20 24 22 16 28 25 21 6 22 13 22 22 19 16 27 18 34 28 21 28 27 20 34 32 15 34 24 20 22 30 29 31 22 25 23 28 28 33 22 31 23 22 34 22 17 26 28 25 27 14 28 24 29 17 28 23 25 29 29 25 31 21 23 27 29 29 22 29 16 22 22 24 14 28 18 23 23 18 25 16 23 35 17 23 23 23 21 34 27 27 28 22 30 15 27
26 21 18 23 16 17 23 22 28 21 19 10 25 17 26 27 22 22 19 16 29 21 18 21 21 19 27 23 21 22 18 18 24 25 15 21 25 21 25 21 19 24 23 33 23 23 17 18 21 16 17 18 19 21 25 17 30 24 21 23 22 30 23 15 22 19 19 19 32 23 32 24 23 24 19 21 27 30 20 24 20 32 18 24 26 30 26 21 22 28 23 21 29 23 24 35 14 30 32 23
22 27 33 23 29 22 22 19 27 19 21 24 22 21 23 26 19 21 18 21 19 20 27 21 30 24 25 21 32 55 32 29 11 25 14 28 16 22 23 22 30 25 18 29 16 16 26 19 19 28 29 20 21 25 33 25 12 21 23 19 24 20 22 27 19 26 28 22 25 31 26 13 21 18 19 18 27 21 20 27 27 24 25 23 29 22 19 27 18 24 22 28 30 26 15 25 29 24 19 25
26 25 20 28 16 28 28 21 11 22 10 19 24 23 16 27 26 30 20 23 28 13 22 18 28 22 24 21 28 44 56 20 17 20 26 27 20 38 16 18 24 27 23 22 21 17 26 24 24 18 24 25 23 24 16 19 17 20 16 20 31 20 27 29 31 30 28 13 17 21 24 25 24 18 21 24 11 16 23 15 22 20 27 27 20 32 29 28 30 25 34 23 22 25 32 26 22 26 32 28
17 22 29 19 19 23 19 17 20 19 23 20 24 18 26 24 14 16 25 23 23 26 18 27 34 26 23 23 30 19 30 25 27 16 25 23 30 20 20 26 33 23 26 21 23 24 30 29 21 31 30 18 28 30 20 17 11 23 24 21 27 29 17 24 17 13 28 22 23 24 19 27 18 25 28 18 16 29 20 30 12 26 18 21 24 21 19 25 19 20 20 27 25 22 39 22 19 28 16 20
19 25 46 35 27 20 30 29 18 33 22 17 19 28 18 20 23 17 21 28 25 30 25 25 26 31 23 21 25 28 22 25 24 21 20 16 19 35 18 30 27 20 19 18 20 15 24 19 22 21 19 20 21 20 25 18 23 25 24 21 21 21 11 20 27 21 21 23 16 18 30 26 31 20 25 26 25 18 22 23 22 22 22 23 25 24 21 15 31 27 23 21 15 23 23 26 19 16 24 21
20 26 22 25 17 30 32 26 24 18 26 21 18 20 21 20 22 20 40 17 20 26 33 20 23 22 27 22 20 25 13 15 23 24 19 15 19 23 24 16 17 10 22 26 14 16 22 17 25 21 22 22 20 19 18 21 29 22 19 20 21 26 20 19 23 22 27 31 19 19 26 22 20 20 21 21 20 17 19 24 28 17 20 23 23 18 24 23 26 22 18 23 25 20 22 23 22 24 20 14
21 21 21 31 29 28 29 25 20 15 23 17 18 29 19 23 20 22 16 22 25 22 31 26 20 22 20 20 17 27 23 22 21 13 23 22 21 24 35 37 20 33 22 21 20 24 14 27 22 18 22 18 25 24 23 26 27 26 29 18 22 22 20 29 14 24 20 18 28 31 33 27 19 15 20 21 27 26 24 23 18 23 27 23 24 28 23 22 22 19 22 20 28 25 21 30 18 19 25 30
26 25 16 22 24 29 28 22 19 17 27 24 27 32 32 26 25 24 19 27 20 25 23 34 28 24 22 26 17 23 29 24 11 33 28 24 20 23 12 31 23 29 20 23 19 25 23 22 24 25 17 21 13 21 26 23 30 28 18 32 25 22 29 23 15 17 29 19 39 45 53 57 14 24 19 26 30 17 19 28 29 18 30 22 26 22 19 20 33 27 27 29 16 19 32 26 25 24 25 21
35 25 29 23 23 32 22 26 22 28 25 21 25 18 32 24 25 23 9 25 22 17 16 21 23 29 21 25 28 24 25 39 21 32 32 24 19 20 21 22 29 25 18 24 28 20 30 22 23 29 26 22 25 17 25 17 29 29 14 26 27 21 36 27 27 25 19 15 23 24 27 23 19 28 16 29 28 17 20 21 27 29 27 32 16 25 34 17 34 27 26 22 23 20 16 24 24 24 26 28
25 21 27 17 30 21 25 34 25 25 14 15 32 29 18 26 21 26 21 22 31 26 27 27 23 27 30 14 18 18 19 19 23 28 27 17 32 27 23 20 17 32 22 15 18 21 25 24 14 28 18 26 26 29 17 21 23 22 27 17 30 20 18 27 26 25 27 24 28 20 23 26 21 29 19 28 18 12 24 34 20 11 17 19 32 17 24 14 28 20 31 28 27 27 28 32 15 24 15 16
22 18 25 24 21 17 19 31 23 22 26 28 27 28 26 20 30 26 34 31 21 28 29 15 29 36 23 34 25 28 19 24 16 21 22 27 26 29 24 21 26 26 32 23 23 23 26 15 20 20 23 15 21 27 23 21 34 17 25 21 22 25 27 24 17 18 25 17 24 26 22 20 18 20 30 23 24 12 15 28 21 21 24 31 31 28 26 20 22 23 26 23 26 9 22 12 23 26 27 21
23 17 33 25 31 17 23 24 20 27 19 23 21 15 24 27 18 26 28 27 15 20 23 25 19 29 22 29 24 34 19 23 18 29 28 18 13 16 17 21 26 31 15 27 29 23 29 10 18 19 25 12 21 21 23 24 22 24 32 20 18 28 21 19 25 24 11 18 28 29 20 25 22 22 20 24 16 27 25 23 14 18 28 13 31 16 26 23 26 29 24 18 27 28 26 20 25 18 40 25
21 26 23 23 22 28 20 23 28 26 23 20 21 22 18 27 26 24 26 27 24 28 23 20 16 21 31 26 25 26 35 23 22 14 20 25 24 30 16 27 21 27 25 29 26 28 25 20 18 17 17 20 25 19 18 36 21 18 24 24 16 22 14 25 25 25 26 25 23 17 23 21 23 23 25 21 21 17 20 17 20 22 27 24 18 28 11 24 23 23 19 21 28 24 21 25 23 16 19 14
24 20 18 24 23 19 27 22 21 29 27 18 30 16 28 34 21 22 27 22 21 24 22 14 23 20 16 29 21 27 26 18 21 25 29 23 26 18 30 18 28 22 18 20 25 16 22 27 23 18 19 29 27 26 23 19 20 16 27 22 19 29 17 24 17 21 24 31 25 24 32 29 19 19 18 31 26 22 19 16 29 26 26 20 21 16 22 28 23 20 15 24 18 18 25 26 22 27 22 22
27 26 24 21 26 20 21 13 21 19 23 23 23 19 20 22 26 25 25 30 23 18 25 22 25 20 17 17 18 27 19 25 22 17 27 16 21 20 22 16 14 20 17 19 15 19 30 24 28 33 28 28 34 19 23 27 18 17 21 17 24 27 22 19 25 34 20 29 19 19 27 29 17 23 21 29 29 19 17 24 26 20 20 27 23 29 27 15 26 15 25 19 25 32 25 19 29 29 18 24
24 17 23 31 22 21 24 27 17 22 19 26 24 23 22 20 22 22 19 21 18 32 22 23 18 31 21 21 17 27 22 27 24 24 27 23 16 14 32 15 18 25 18 21 23 24 23 24 23 14 34 17 21 18 24 17 24 22 25 18 24 18 25 20 21 18 30 21 23 28 15 19 23 25 29 27 23 18 25 22 19 17 23 21 29 18 26 29 25 24 25 22 15 17 21 27 29 22 29 30
15 22 28 19 21 28 23 21 19 30 23 24 20 13 30 21 19 30 19 23 16 25 23 30 22 23 21 29 26 18 21 16 29 29 22 23 27 19 17 18 17 31 24 29 18 34 26 31 22 34 21 27 22 20 27 26 20 25 27 28 28 23 29 24 15 23 26 28 18 21 18 13 26 18 19 24 15 19 17 23 34 28 24 15 25 26 19 31 23 23 24 25 19 27 20 22 26 30 19 18
21 30 23 26 31 23 16 30 23 27 26 22 37 17 27 27 25 22 21 22 25 18 26 19 16 31 23 22 23 26 26 23 31 15 15 30 21 26 25 29 22 27 23 22 32 32 27 30 20 25 22 17 16 25 13 31 26 21 28 22 22 45 20 19 18 27 13 23 21 22 27 23 26 22 23 31 22 23 21 28 20 19 28 30 26 19 21 28 21 28 35 27 22 19 29 22 22 21 23 20
18 24 32 19 21 15 27 28 26 22 18 26 15 20 20 20 31 28 18 18 24 21 23 18 35 24 22 22 20 16 19 19 17 24 27 25 20 23 25 27 14 27 26 26 25 26 25 19 20 23 25 25 22 19 17 19 23 22 24 15 24 31 36 25 20 22 24 25 20 29 16 17 27 21 23 22 28 18 26 22 24 28 25 26 26 22 17 14 14 29 17 27 25 26 31 30 27 16 22 29
23 22 26 23 15 32 19 26 20 12 16 23 27 24 29 17 27 36 27 20 18 23 32 34 18 22 33 17 26 27 26 25 21 24 34 35 29 27 19 30 12 27 27 21 23 22 25 22 26 22 23 17 16 27 22 19 25 19 18 19 31 27 20 21 34 27 26 26 19 28 22 20 21 27 22 22 21 22 22 26 25 21 32 12 30 25 22 29 20 22 29 32 17 12 27 25 31 26 24 24
25 22 28 20 30 20 24 19 16 33 19 26 23 31 26 29 24 26 23 22 28 28 29 21 22 23 22 27 33 32 19 19 20 31 26 22 23 23 25 17 20 27 27 24 12 18 24 28 29 27 14 28 27 25 21 23 16 16 17 28 22 30 25 23 24 27 25 27 29 23 17 26 21 23 17 19 21 17 15 30 26 18 25 34 20 32 16 20 27 21 30 26 23 19 26 25 19 26 28 26
17 26 20 29 23 21 26 33 17 23 23 16 25 20 23 25 26 22 16 28 33 19 24 22 36 22 22 34 28 22 26 21 21 20 26 17 26 34 26 21 17 22 28 17 27 38 15 30 21 19 16 15 35 20 14 18 17 25 29 23 23 27 30 24 21 16 38 19 22 13 28 22 18 31 24 15 21 21 22 25 23 25 11 24 24 40 24 26 22 23 24 34 24 22 23 26 23 21 23 23
21 21 28 35 21 19 25 19 18 26 29 18 26 22 24 21 20 25 27 25 19 25 28 20 30 25 21 24 27 29 19 21 22 25 31 23 32 20 32 17 25 33 18 20 27 17 19 34 17 33 27 22 31 27 23 55 20 19 19 21 22 27 25 32 19 26 29 28 21 22 34 21 23 25 24 22 21 21 11 20 25 16 28 26 33 24 20 27 21 26 21 31 19 24 32 21 32 27 17 18
19 25 25 24 21 29 19 24 22 35 18 23 23 32 14 17 22 23 23 23 17 29 22 28 19 18 28 23 25 16 22 14 29 21 21 27 16 9 33 27 17 22 22 20 17 17 28 22 14 24 25 18 16 23 32 31 21 20 30 20 33 17 21 21 20 17 20 23 20 33 24 25 28 23 23 25 25 26 28 18 25 24 18 21 22 28 19 18 17 33 19 22 18 21 21 16 18 29 25 29
20 20 20 26 17 22 27 23 22 24 18 27 19 25 12 28 19 20 23 17 21 18 25 25 21 29 19 20 30 25 18 29 30 17 25 23 17 24 21 25 29 32 31 22 21 27 19 24 21 28 31 26 24 17 20 20 24 28 24 21 19 17 16 23 19 23 15 21 29 37 20 28 24 19 15 13 15 24 18 21 19 29 27 22 24 14 22 25 26 22 23 20 21 31 28 31 23 35 19 18
25 21 25 14 30 15 27 28 20 20 26 24 22 27 15 18 29 30 19 20 22 33 15 29 26 29 21 19 23 33 22 21 26 23 21 29 30 14 17 17 26 15 19 28 20 16 21 31 22 22 16 19 19 21 24 17 25 20 24 28 20 26 25 12 14 17 23 22 18 19 13 24 28 21 23 18 20 15 22 16 27 18 13 30 18 20 20 19 16 18 23 17 14 21 26 27 30 29 20 21
24 28 18 21 22 23 24 25 26 24 19                                                                                         
