0.45 2803 19 12 22 28 16 24 23 17 24 22 19 14 21 25 21 23 16 23 26 23 21 17 15 22 14 19 15 21 25 21 14 23 17 14 16 25 16 17 15 17 18 22 22 22 14 20 18 26 15 24 12 23 21 20 19 23 13 21 9 20 14 21 16 21 23 14 22 19 19 15 16 17 21 15 15 17 24 19 14 18 20 13 24 18 17 20 18 18 15 28 21 22 12 14 21 18 20 14
18 13 12 19 14 20 14 11 19 23 7 12 24 26 27 16 19 23 24 15 24 15 16 16 22 23 19 21 19 19 23 10 10 15 18 23 15 15 13 16 16 25 22 19 23 16 21 16 13 17 14 21 12 15 19 19 19 22 17 17 15 16 18 22 20 26 14 17 20 23 18 25 8 21 19 21 18 20 13 18 20 15 26 24 16 15 23 17 16 19 19 21 8 18 24 20 13 23 22 21
24 19 17 17 28 14 15 18 21 18 15 10 27 11 23 19 13 16 21 24 21 14 13 22 19 22 21 23 20 18 17 19 16 20 18 20 21 24 17 16 23 16 13 11 20 22 20 22 22 15 23 17 15 23 16 16 21 17 25 22 16 19 22 18 23 19 18 14 20 14 12 15 23 14 21 21 17 13 20 14 17 12 22 19 16 17 18 21 22 24 22 24 25 16 25 16 16 14 16 24
18 24 18 22 20 24 20 27 13 17 21 25 21 16 22 35 20 18 15 17 22 21 23 33 17 24 20 13 22 20 24 19 15 20 19 23 15 23 12 23 17 19 16 13 20 16 21 17 28 17 19 28 24 19 17 22 19 22 22 14 21 20 26 14 23 25 15 16 17 24 20 15 17 18 12 23 17 25 16 20 14 12 22 17 17 22 22 23 18 16 19 21 15 17 13 19 18 11 13 18
8 18 35 19 28 13 27 21 22 19 19 18 21 14 13 28 17 20 21 15 24 23 16 19 21 20 23 6 16 20 15 18 21 18 17 13 15 13 14 22 18 28 13 17 23 17 21 15 20 13 22 28 14 29 15 19 17 20 19 23 27 19 16 30 18 16 24 15 14 31 21 22 26 15 14 18 18 17 17 21 20 21 25 30 32 26 19 19 26 26 16 22 22 20 19 16 11 10 22 18
16 22 15 23 22 22 15 17 22 16 27 22 16 16 21 11 17 24 15 22 16 19 23 17 22 23 26 19 17 19 22 21 19 23 16 20 12 16 18 27 21 24 24 30 12 21 28 18 15 20 16 19 20 16 19 19 13 21 16 17 15 19 16 16 17 17 10 20 17 21 21 19 25 23 25 15 19 17 17 15 19 13 29 12 17 20 10 20 16 12 15 17 15 29 17 16 12 17 18 24
22 24 16 12 23 16 25 19 14 21 16 14 22 21 12 34 23 18 22 17 19 13 21 19 18 14 23 18 15 17 14 19 28 16 24 20 21 14 25 19 20 18 20 24 18 30 15 24 17 26 24 26 23 23 20 18 22 20 20 17 21 18 20 18 14 12 26 18 12 21 21 20 14 28 13 21 22 20 18 20 21 15 25 20 19 15 23 16 22 20 12 18 19 16 25 21 19 12 15 15
14 25 13 22 18 18 17 11 21 22 14 15 17 19 15 7 25 20 17 17 19 16 15 20 25 15 17 24 20 27 17 20 23 22 20 20 9 16 26 23 28 18 12 20 26 12 22 25 21 20 17 17 10 24 17 20 19 26 23 20 26 25 18 27 15 28 23 18 20 18 20 23 18 23 15 20 20 17 26 19 19 22 29 16 19 20 19 16 23 18 27 19 15 24 25 26 24 18 20 24
22 17 15 14 9 17 19 21 15 12 24 16 23 16 27 26 22 26 25 22 15 13 15 42 37 20 18 22 17 13 12 19 20 14 18 18 13 20 17 19 17 21 27 13 21 12 18 10 26 21 17 26 20 12 25 26 17 30 23 19 19 17 19 20 25 17 22 16 13 13 15 20 27 20 23 16 13 28 12 13 20 19 15 16 18 20 18 22 15 16 18 24 19 20 15 21 20 18 15 15
22 20 24 22 15 21 20 16 17 21 23 17 12 20 16 10 20 23 20 14 21 19 21 12 15 21 17 17 24 13 16 15 17 16 21 14 28 29 16 11 13 17 14 25 11 24 17 18 17 17 16 24 28 13 25 22 18 20 9 13 23 12 23 24 16 12 21 25 17 21 16 18 19 15 10 15 20 18 28 17 24 16 19 27 20 24 24 24 26 17 14 15 20 13 31 22 25 23 12 18
19 22 25 22 24 26 15 16 22 18 17 19 28 16 15 18 16 21 12 21 25 16 29 21 33 25 23 12 17 20 22 17 11 24 24 19 19 33 16 18 18 23 18 14 21 11 18 23 22 21 13 25 15 19 23 13 21 16 19 20 26 20 16 25 15 22 18 17 21 19 19 19 15 20 16 12 12 12 15 20 24 21 23 19 19 17 18 15 21 26 22 22 29 16 19 16 23 15 22 19
17 18 24 14 25 15 11 25 20 18 13 17 22 14 20 19 21 20 22 23 23 18 14 19 15 16 11 16 24 15 25 16 20 11 20 26 21 14 28 11 20 19 18 16 15 16 20 28 10 20 18 18 22 19 21 13 16 19 24 19 22 18 22 29 15 19 18 14 19 18 19 12 17 17 12 18 19 24 23 24 19 16 29 17 23 13 17 15 26 21 16 12 18 17 24 17 14 17 14 15
25 25 23 27 19 18 18 20 19 25 17 19 17 25 16 23 21 21 24 22 18 20 39 14 20 12 17 21 16 21 21 26 10 23 27 25 18 18 16 19 13 15 20 22 16 18 13 17 19 16 18 13 23 16 15 14 16 21 14 19 21 14 17 21 26 15 18 11 16 22 17 17 17 18 21 23 26 18 19 19 22 29 16 12 13 19 18 17 19 29 18 16 24 24 26 19 17 26 21 23
17 15 16 23 18 17 20 16 18 17 15 23 28 9 12 21 20 17 18 22 18 14 20 21 13 19 16 16 20 28 17 14 17 18 23 17 18 17 25 17 24 12 16 9 23 19 24 26 19 17 14 17 18 20 24 15 17 29 24 22 17 21 16 19 21 16 22 15 15 20 15 21 19 20 13 15 24 21 23 20 12 14 21 12 20 18 21 14 27 20 19 13 14 21 11 20 20 23 31 22
20 13 17 27 16 24 19 21 19 18 28 20 23 23 20 19 18 25 31 25 13 18 17 21 16 17 17 17 31 16 18 22 23 19 15 14 19 21 19 25 18 20 9 22 14 16 18 17 38 19 24 19 19 14 24 25 18 19 18 19 21 20 25 17 20 22 24 20 18 23 7 23 13 15 15 17 20 17 26 27 17 17 23 19 18 21 17 20 21 20 25 22 23 9 19 14 30 19 30 19
18 27 19 20 19 19 23 19 18 26 19 19 17 17 28 24 24 16 17 16 32 14 11 18 19 20 23 25 14 13 20 21 15 17 24 19 20 14 17 16 18 20 29 13 19 34 16 13 17 22 22 25 16 17 12 23 21 18 16 17 31 16 15 24 23 22 11 17 19 20 24 21 28 23 18 20 19 24 18 20 19 24 22 24 20 23 18 14 17 23 19 21 24 18 13 16 21 13 18 15
29 27 21 29 11 20 20 18 22 16 22 20 24 19 23 20 13 21 18 16 20 23 13 25 15 17 21 10 24 15 22 20 24 19 22 23 24 20 18 15 10 27 18 17 20 20 14 28 22 19 14 17 22 22 17 13 25 25 24 20 19 19 14 25 9 20 15 29 15 20 18 21 18 19 25 16 27 18 24 19 23 13 23 20 17 20 9 16 11 23 16 18 22 18 13 13 24 14 13 16
23 17 23 24 16 19 14 10 21 16 17 21 23 17 17 25 26 19 14 14 14 11 19 11 11 18 11 26 20 15 26 22 16 18 13 19 17 17 21 18 21 18 14 22 21 16 34 18 9 16 14 16 12 20 21 15 21 14 32 18 16 14 20 20 13 12 10 24 19 12 15 16 16 20 12 18 23 18 13 10 16 27 17 18 22 16 29 17 23 21 22 27 17 25 24 23 25 18 19 21
17 21 22 17 22 11 12 18 21 13 25 17 21 16 26 24 17 18 23 19 11 18 17 19 21 14 13 20 19 21 30 15 19 19 23 18 14 28 15 12 21 20 20 18 15 26 26 20 24 14 23 17 19 23 21 28 20 20 17 10 23 21 13 15 23 21 20 32 18 13 21 31 19 10 19 19 15 21 17 16 19 22 21 26 14 20 21 21 13 18 20 20 18 15 17 15 23 13 22 15
22 18 15 15 20 19 14 25 19 19 20 21 23 21 22 16 14 20 16 21 14 14 18 15 19 21 17 21 17 20 24 11 17 20 14 17 10 17 27 23 23 16 24 16 17 26 17 23 16 18 25 21 17 11 18 22 14 20 16 19 18 14 21 13 22 28 21 17 23 23 19 17 15 13 30 18 10 25 22 23 9 14 19 18 26 23 14 21 16 21 12 18 23 19 16 18 23 23 20 20
18 19 22 11 12 18 19 23 15 15 20 21 21 15 21 18 26 17 16 26 28 15 18 27 21 20 16 18 20 19 26 21 19 19 17 18 14 17 23 22 18 19 18 15 16 23 11 32 24 15 22 11 19 17 20 20 13 18 14 18 20 20 17 22 29 20 22 19 18 20 23 18 22 13 16 26 19 17 16 16 11 21 20 26 23 24 17 13 20 21 18 21 22 14 21 26 19 16 14 21
23 23 24 22 12 22 20 18 19 20 24 22 9 22 15 20 18 12 17 14 17 16 36 21 19 24 23 25 23 11 21 21 14 13 28 23 12 12 26 18 35 19 14 22 22 24 15 20 23 21 24 16 16 21 24 17 26 26 17 23 15 18 19 19 12 19 17 23 19 27 31 27 20 14 31 12 25 18 16 24 23 19 14 20 13 17 24 14 23 17 24 14 14 29 24 15 12 22 20 21
20 19 23 25 14 26 20 10 28 18 25 21 27 23 15 19 16 23 23 11 21 18 22 22 21 19 22 16 18 12 6 21 20 26 17 22 11 24 24 16 18 15 24 21 17 18 15 15 23 17 26 22 16 23 22 16 25 14 18 18 11 32 24 23 14 18 15 17 17 23 27 22 10 14 16 22 19 20 23 14 10 19 15 19 9 19 22 12 16 25 21 20 11 15 12 17 19 27 22 21
19 17 26 19 15 28 19 18 21 22 21 17 24 21 26 16 21 32 20 20 26 24 20 21 17 23 19 16 19 24 29 18 18 23 23 13 21 20 27 17 18 20 22 23 14 18 24 18 17 17 17 17 18 18 12 23 15 19 25 20 31 17 16 22 21 17 24 20 27 27 13 19 23 13 14 17 15 17 16 27 26 23 17 15 13 12 20 17 15 16 21 14 26 22 11 15 21 24 16 18
21 28 14 18 20 17 15 23 22 22 20 19 20 20 15 14 26 14 17 21 13 18 22 26 17 19 21 23 20 14 21 15 13 16 12 18 26 19 16 27 25 15 20 18 24 18 23 16 14 18 15 20 15 11 18 16 26 15 20 17 12 20 22 15 21 15 19 16 26 23 19 17 17 20 12 15 17 25 17 13 16 27 17 13 23 21 13 15 13 22 23 17 17 12 27 25 15 22 12 18
15 18 20 24 20 17 23 14 22 28 18 11 18 30 18 14 19 16 21 25 20 15 24 20 17 14 11 16 23 21 24 19 20 19 26 20 20 15 21 21 22 19 18 23 21 19 13 17 13 19 20 19 17 17 24 9 10 25 20 22 15 13 15 24 22 24 25 13 26 22 20 17 23 14 21 23 17 22 21 18 22 23 23 17 19 12 18 22 24 18 21 21 22 18 14 21 23 17 23 18
16 14 20 25 25 20 17 24 20 19 14 21 27 20 21 24 21 14 15 15 16 24 22 18 15 19 19 13 16 21 15 22 23 26 17 17 16 17 19 13 18 14 19 14 20 12 16 23 18 15 16 16 19 18 17 16 25 18 22 22 23 19 28 24 18 21 16 15 20 24 17 25 12 16 18 19 22 23 16 19 17 14 18 30 24 18 21 20 24 31 18 15 16 21 24 18 11 26 15 20
15 12 9 12 12 6 12 6 9 4 7 10 16 10 12 10 11 8 10 10 7 7 8 16 5 6 11 11 5 8 7 8 8 6 14 6 12 13 5 8 6 15 13 11 10 12 7 11 8 10 7 6 6 6 10 10 12 8 8 9 8 11 9 6 15 12 9 12 14 11 14 6 11 6 8 12 11 12 5 13 11 13 9 11 6 9 10 7 6 10 11 8 16 8 12 10 10 7 15 9
10 14 7 14 7                                                                                               
