0.470588235294118 2584 24 18 13 13 16 27 24 16 17 11 18 19 20 15 14 19 21 20 21 19 15 20 20 18 22 17 18 18 21 21 15 25 16 13 14 18 18 24 25 19 15 25 23 19 15 22 29 20 20 22 38 11 15 10 22 15 23 17 23 22 13 15 21 20 21 15 22 24 21 24 15 20 28 22 19 22 20 22 17 19 24 13 19 18 19 19 22 26 16 23 10 28 23 18 19 21 16 20
19 19 24 20 17 17 15 14 19 24 17 23 11 20 21 19 11 16 29 21 20 17 25 17 26 13 22 19 11 23 23 28 25 23 30 17 19 22 15 19 22 19 11 14 22 20 15 24 20 22 26 21 18 10 30 25 27 21 18 16 16 25 24 14 20 17 17 19 23 18 24 17 23 13 21 16 18 21 15 15 19 15 23 18 15 16 16 24 15 18 25 15 19 15 20 26 21 17 15 13
22 18 18 17 14 20 16 19 17 21 16 23 26 23 20 35 19 23 22 23 14 17 20 14 23 18 16 16 17 27 16 9 9 10 17 16 26 20 17 16 26 16 11 20 17 12 12 25 29 17 32 17 15 25 17 18 21 22 28 21 20 20 20 17 16 18 20 18 22 24 21 16 19 21 22 26 13 20 21 24 21 17 21 16 22 26 18 16 13 31 22 22 21 16 16 18 11 17 22 28
12 23 13 19 14 15 23 12 23 24 27 21 17 21 20 18 21 25 27 21 24 14 17 19 17 20 17 21 24 24 15 16 24 13 21 17 23 13 23 26 28 23 15 28 19 18 21 17 23 26 20 21 17 22 16 25 22 17 17 26 23 29 25 25 21 22 23 10 19 16 20 23 31 16 17 15 24 24 18 26 21 18 15 18 13 21 25 16 18 14 18 18 12 21 12 21 19 17 12 27
28 13 18 26 26 16 18 20 17 32 14 21 26 19 22 19 15 24 25 19 14 21 22 20 19 14 24 22 24 17 26 23 24 21 30 21 25 29 23 22 22 18 19 29 23 17 30 18 25 22 18 18 27 21 19 29 13 12 10 18 18 19 22 18 26 24 24 20 30 23 19 27 20 23 23 20 19 20 20 22 12 21 26 25 24 20 26 20 19 19 21 20 27 20 25 19 21 19 20 20
26 24 22 19 16 25 14 28 19 16 22 17 20 26 15 20 23 9 8 22 17 21 22 22 30 22 25 16 24 28 17 18 19 25 21 23 9 26 25 19 21 18 16 20 22 22 22 17 20 26 24 10 26 14 34 23 17 18 27 13 16 22 23 13 12 20 18 14 26 20 25 21 24 21 23 14 20 15 26 24 14 26 28 19 12 26 17 25 15 20 15 19 21 17 21 24 23 23 31 28
23 22 30 13 23 19 19 26 18 25 19 25 17 19 16 20 21 22 20 24 20 20 24 28 24 18 23 26 25 28 21 22 25 22 11 23 16 19 20 24 19 16 21 18 22 15 23 16 15 24 16 20 21 14 25 18 16 21 16 20 20 14 17 19 14 24 19 19 21 19 25 20 28 16 16 20 25 20 21 14 17 16 21 15 24 12 22 16 20 21 14 20 19 15 17 24 17 19 18 17
15 11 20 20 12 10 21 20 14 19 15 21 22 29 23 14 20 16 20 29 18 24 17 16 31 25 36 28 17 23 18 21 16 18 19 22 20 24 28 12 19 23 15 24 30 22 16 19 24 13 15 21 23 21 21 14 14 22 25 18 15 16 27 29 16 17 28 19 19 18 22 16 15 29 16 31 14 30 24 24 20 21 15 24 26 18 21 14 28 28 30 28 27 22 21 18 6 26 16 20
29 19 15 23 18 22 21 19 19 18 19 27 20 18 14 19 20 16 28 18 22 17 29 24 23 16 21 24 27 32 21 23 18 18 11 20 16 22 20 20 16 19 17 27 19 18 19 14 19 13 18 15 26 25 11 20 25 20 12 19 16 23 15 26 19 21 15 14 18 14 15 20 10 20 16 17 17 17 10 15 17 17 21 26 21 23 31 18 17 17 32 26 21 20 23 29 16 13 18 19
21 26 12 24 18 21 18 14 24 20 18 23 19 13 23 22 30 11 23 26 17 22 19 18 10 15 24 24 25 19 26 23 19 19 15 22 17 19 23 23 17 18 16 20 21 13 19 22 23 27 21 14 22 18 13 29 20 23 20 19 17 19 21 18 22 12 20 12 10 24 15 22 24 13 19 20 31 23 13 23 24 11 19 18 12 29 16 18 13 24 12 22 17 17 24 18 20 16 28 19
17 23 15 17 12 22 21 17 17 23 19 17 13 18 23 25 21 25 24 23 19 14 24 19 10 25 22 29 17 15 17 17 16 16 24 17 9 14 22 15 18 11 19 19 22 16 29 21 30 30 18 22 24 24 26 22 14 19 24 19 22 19 22 15 18 28 15 17 26 18 17 24 20 20 25 26 20 23 26 18 19 22 20 22 22 24 16 18 26 26 19 28 16 14 21 22 26 18 18 28
16 18 16 25 17 14 32 18 19 18 16 21 19 23 25 18 20 21 11 18 19 14 8 16 15 22 18 20 19 12 14 21 19 14 18 26 14 20 14 24 14 19 15 24 25 14 24 22 22 18 25 20 13 21 28 20 17 18 15 18 13 20 20 19 21 20 19 17 17 21 17 19 17 24 20 29 17 25 19 28 21 18 24 16 23 13 23 18 18 21 14 24 18 19 15 17 19 18 15 16
22 25 17 20 21 18 16 9 11 16 17 21 28 18 20 27 16 20 24 14 19 25 14 17 24 17 15 14 16 25 22 18 22 21 14 28 25 20 17 22 18 19 16 18 25 21 27 26 23 17 17 20 29 20 20 19 25 23 24 19 20 16 21 23 16 22 27 23 14 16 20 21 26 15 15 10 16 18 28 20 29 14 20 22 22 16 16 23 24 19 19 16 13 16 15 21 33 19 25 21
18 18 14 16 19 18 23 27 22 18 18 12 17 17 17 15 21 14 18 18 25 21 17 13 19 16 21 11 19 14 24 20 12 21 16 12 14 15 15 10 16 12 23 22 33 29 21 34 24 12 13 23 19 26 25 11 16 25 28 16 12 14 20 21 15 20 17 11 22 29 16 14 16 29 23 21 18 24 19 25 22 11 24 20 12 22 18 12 18 11 9 18 18 18 17 18 20 20 22 18
17 19 19 10 14 20 24 29 22 12 20 17 16 9 16 21 28 21 24 21 18 16 15 25 13 18 15 25 18 27 11 17 21 15 21 18 20 20 24 20 17 20 28 18 21 20 22 17 20 19 12 24 12 19 13 16 12 15 27 24 20 17 27 23 18 12 16 22 18 21 15 28 26 18 19 18 23 21 16 17 14 15 27 18 22 23 23 19 32 20 23 20 15 20 14 23 13 26 18 28
25 17 17 22 19 14 18 22 27 19 16 14 23 20 18 17 16 18 21 19 13 12 22 16 24 21 25 14 18 19 18 9 18 16 16 19 18 21 24 25 17 18 17 20 13 16 15 19 22 13 13 17 23 23 21 9 21 18 10 28 22 21 18 22 15 22 28 23 26 16 15 12 21 13 25 17 22 20 20 19 20 16 20 26 28 14 21 29 18 18 24 20 23 16 18 17 18 21 18 23
22 12 16 22 20 19 22 12 19 25 14 18 26 22 25 15 13 11 22 15 21 19 21 22 21 19 30 26 29 23 19 28 20 17 24 19 21 15 26 22 21 20 21 17 18 19 23 16 18 19 19 22 17 22 19 22 13 17 19 17 28 12 14 19 32 30 17 17 25 19 19 17 20 18 13 28 17 28 23 18 18 17 22 27 24 22 22 23 21 17 16 17 13 26 18 19 24 23 22 18
21 23 14 12 17 26 16 20 19 15 29 27 27 27 19 24 18 15 25 17 17 22 23 21 18 14 22 20 14 13 25 26 21 20 21 22 30 16 17 18 18 18 18 16 23 19 17 17 19 18 18 16 20 17 22 18 18 16 27 25 17 17 20 28 12 18 18 18 20 18 27 12 21 26 29 23 25 24 16 20 22 29 15 20 20 24 19 23 27 26 30 21 26 16 16 21 18 12 21 19
27 15 19 17 30 16 17 22 19 23 20 20 18 23 17 17 23 26 19 20 15 24 14 16 17 13 18 16 18 15 22 14 24 19 16 28 20 26 23 19 14 10 25 22 25 25 17 20 22 21 21 22 23 24 11 24 24 19 20 26 27 24 21 16 19 19 21 31 21 17 21 29 15 20 25 12 13 14 19 26 24 21 16 21 18 19 14 13 19 26 18 19 24 17 20 16 14 23 17 23
23 21 24 29 9 20 23 19 27 28 26 20 26 13 26 12 22 25 24 23 30 21 21 22 23 17 21 30 14 31 19 15 12 26 20 27 11 17 23 18 19 25 30 21 23 29 22 18 20 16 20 21 18 20 22 22 15 16 16 22 15 13 17 14 20 19 15 16 23 19 13 24 16 22 22 16 27 24 23 14 19 22 25 21 23 16 19 18 19 14 23 19 15 19 19 17 23 24 17 14
11 16 17 14 17 22 16 12 15 25 18 18 15 20 21 19 17 27 15 17 24 18 20 9 19 20 23 16 15 19 8 24 20 18 25 22 19 16 23 19 23 15 23 18 16 13 13 25 17 20 22 27 12 13 28 21 28 19 15 15 22 16 20 31 26 19 20 22 23 16 23 11 23 18 17 20 24 19 15 29 20 16 21 25 17 16 13 17 23 16 23 20 24 26 20 23 17 13 17 18
21 24 16 17 19 17 17 22 21 21 15 22 26 16 16 25 23 24 18 18 22 16 24 20 20 19 22 14 22 15 15 16 19 25 19 19 26 26 26 25 19 15 21 18 21 17 18 20 25 20 17 24 20 22 25 19 23 12 21 21 18 15 14 19 24 15 26 22 22 21 19 22 22 16 22 23 20 18 17 23 22 19 16 20 31 32 29 13 25 22 21 22 18 14 27 22 23 24 20 19
15 17 22 22 18 19 18 14 19 20 16 21 23 20 16 23 22 18 16 17 23 20 19 14 16 31 18 11 26 18 17 15 16 29 25 16 14 30 21 20 20 35 26 21 23 25 14 21 19 27 13 20 23 24 29 18 14 23 16 23 21 20 16 16 16 14 13 22 19 21 22 23 17 16 21 16 15 20 16 16 16 16 22 21 20 18 19 16 13 23 17 34 16 24 19 23 15 17 22 22
15 18 23 25 18 22 21 19 25 21 22 18 20 21 21 17 24 22 20 19 21 29 15 17 27 23 13 14 18 17 17 18 18 25 27 18 15 29 24 20 20 27 20 29 27 26 20 24 17 17 19 11 22 19 20 21 19 22 19 14 20 24 18 19 21 20 22 15 19 15 19 23 28 15 19 19 13 25 20 19 28 23 31 23 29 17 22 19 26 7 21 20 24 11 17 17 18 21 21 28
17 16 18 22 21 13 20 11 25 20 24 17 15 21 27 19 18 19 26 17 21 17 16 12 7 16 20 15 26 19 20 20 19 27 21 17 18 25 26 30 26 19 21 18 21 17 26 19 32 19 26 17 32 28 24 23 20 20 24 25 13 19 22 15 24 23 20 20 18 16 24 27 16 16 28 16 20 20 18 19 10 21 23 21 24 19 17 19 27 11 14 15 10 8 10 8 13 10 6 8
9 8 12 9 12 11 13 9 9 7 8 15 14 10 10 10 9 10 14 10 12 10 4 8 11 16 12 7 9 12 4 14 13 6 10 10 5 10 10 13 8 16 10 13 9 15 16 6 13 7 7 8 6 8 8 12 8 15 11 9 14 15 9 6 8 15 9 10 7 12 11 7 11 4 11 8 6 9 12 6 6 9 8 10 14 12              
