0.475 4343 23 40 29 30 30 29 37 17 21 26 16 29 29 32 25 35 31 34 24 28 27 35 29 46 27 19 26 33 31 31 40 30 43 29 27 35 38 38 40 28 34 25 42 34 35 25 25 25 31 25 36 35 28 32 34 24 26 37 25 44 27 25 37 30 26 33 30 23 31 20 28 31 37 28 26 28 25 32 25 36 35 31 37 35 33 30 17 23 29 25 28 26 38 24 37 36 23 29
44 35 36 34 22 31 22 22 32 26 22 17 22 21 31 28 30 27 28 32 32 24 17 30 34 29 28 35 28 33 22 30 20 37 31 37 23 31 31 30 35 25 32 37 30 34 33 36 34 32 32 62 36 36 36 34 23 26 40 25 38 38 35 29 24 31 21 33 28 37 33 28 26 26 30 30 23 45 39 36 26 29 22 22 37 28 30 19 27 38 35 25 37 29 26 25 33 27 19 34
23 28 35 20 24 28 31 36 22 21 33 27 33 37 21 30 16 26 28 29 19 32 32 32 27 35 16 33 32 29 37 31 39 37 31 33 29 44 34 32 29 34 26 31 36 28 36 37 24 38 42 31 34 26 24 30 45 31 31 36 36 31 41 23 18 28 32 25 30 17 32 24 33 27 35 28 25 26 21 30 33 21 36 29 37 34 19 26 33 19 32 33 33 36 28 37 26 24 34 31
20 37 22 33 31 26 37 20 31 34 41 30 32 31 29 32 28 33 32 39 31 36 24 39 17 32 42 22 36 22 37 34 34 38 25 21 40 27 25 18 29 34 37 37 28 26 35 21 25 20 30 33 25 29 18 31 27 24 28 19 27 24 28 41 32 28 34 28 24 21 32 28 25 29 39 33 32 28 33 27 22 27 24 41 37 37 32 33 28 25 38 30 32 40 23 29 29 15 34 23
29 27 23 40 24 31 29 35 42 49 25 24 41 31 43 26 35 23 41 32 26 26 25 34 27 23 25 30 32 22 38 38 23 24 28 31 23 36 40 23 29 31 29 24 30 18 29 25 26 35 37 32 27 36 30 28 35 38 35 31 25 33 27 34 28 29 28 35 21 27 29 19 29 30 20 33 33 36 31 27 32 35 31 29 23 25 34 23 36 39 23 33 40 30 28 27 28 22 38 31
22 27 38 35 31 40 27 28 27 31 35 32 36 38 31 35 38 35 40 34 41 28 26 29 25 32 27 31 30 41 29 38 38 42 36 30 42 44 30 59 57 60 34 32 40 31 32 32 32 37 33 32 36 41 34 46 42 40 34 37 54 42 28 34 41 36 30 27 17 24 30 27 38 26 36 27 29 42 36 31 21 26 31 26 25 27 38 37 28 32 39 25 29 30 30 34 21 37 45 31
41 34 32 44 34 21 39 29 39 36 35 31 35 36 25 35 40 45 35 25 42 28 35 31 45 29 40 36 41 27 23 33 34 24 26 23 30 33 33 32 30 40 38 29 33 28 31 24 30 26 29 33 33 27 25 28 32 33 43 45 28 35 35 31 43 30 39 14 34 32 38 28 27 39 30 41 35 38 37 32 35 30 37 27 40 29 46 34 22 30 32 24 32 32 23 31 33 29 35 34
33 27 29 27 27 40 32 37 21 39 39 11 30 40 34 37 39 31 31 26 42 39 31 29 32 33 33 36 28 34 37 30 28 43 30 29 35 34 33 30 22 33 36 39 27 32 27 32 37 39 32 22 27 42 37 35 29 27 38 31 27 21 27 42 34 30 25 36 30 35 34 26 28 31 29 29 25 32 32 34 29 25 32 29 32 17 31 31 27 31 30 25 28 44 31 25 30 43 38 25
24 36 29 33 26 25 28 29 42 37 34 28 36 35 34 26 34 38 31 33 34 32 36 39 28 18 31 38 27 25 31 30 29 30 44 23 39 36 27 29 36 28 26 32 32 28 34 17 27 34 27 23 37 28 29 35 16 35 33 28 24 32 29 31 46 18 36 32 29 34 26 29 24 35 25 26 22 25 18 27 32 39 27 34 39 28 34 23 29 33 30 29 21 39 42 30 25 28 39 24
29 24 31 32 28 20 28 18 31 29 42 37 31 26 23 26 35 25 30 23 30 29 18 28 24 29 30 22 32 35 26 28 30 22 33 26 37 39 29 30 31 33 36 29 34 35 22 34 23 35 29 35 35 38 29 21 22 27 29 28 34 30 27 27 36 26 37 26 25 35 42 30 32 29 34 30 25 41 30 31 33 27 32 17 32 35 30 30 31 27 34 23 27 14 31 31 27 32 25 24
30 23 34 29 31 25 25 24 23 27 28 28 38 39 36 25 30 30 33 22 27 23 36 29 38 28 28 33 37 27 24 42 26 29 35 31 27 27 21 40 14 29 38 24 44 33 23 31 37 26 43 34 36 58 65 19 31 25 30 32 25 29 40 31 29 36 34 32 35 14 35 24 28 25 31 35 28 41 25 27 27 26 27 36 28 26 28 35 38 30 27 22 40 40 40 36 29 22 24 29
36 19 35 35 28 24 35 33 39 32 31 24 21 32 36 22 40 33 35 30 24 24 20 32 29 27 27 26 29 28 36 32 22 32 28 29 37 27 28 22 39 40 29 39 21 19 28 23 33 40 28 28 42 33 26 28 23 34 16 30 22 28 30 31 35 34 40 22 27 30 25 37 25 21 34 33 37 35 34 32 35 44 37 18 33 21 39 25 23 27 28 28 25 26 44 21 48 41 24 35
41 40 29 25 36 32 80 105 14 36 135 97 84 66 78 78 38 27 31 42 23 34 28 28 33 34 28 38 29 23 32 47 31 26 34 30 38 41 42 28 24 21 28 34 32 46 36 28 30 32 34 23 27 35 28 30 28 28 27 39 39 29 34 39 36 40 40 24 33 53 22 43 29 36 33 40 20 35 26 29 29 37 30 32 13 36 30 16 25 33 30 29 44 31 37 27 22 31 26 29
34 29 36 18 31 27 20 35 26 29 28 30 30 38 36 35 47 25 30 24 43 34 34 27 24 25 35 34 33 40 41 41 27 40 28 34 26 42 39 16 38 29 35 33 26 52 61 32 32 31 30 29 35 37 31 22 29 20 35 33 28 31 28 30 31 28 25 25 26 33 31 28 25 28 32 22 24 32 29 28 18 30 37 29 30 29 32 23 33 28 27 41 40 20 32 29 34 36 23 32
30 36 31 32 20 32 28 33 34 30 37 28 24 28 33 23 40 32 36 22 20 35 25 35 39 32 37 27 35 26 35 35 33 26 34 23 37 41 32 34 37 22 33 35 34 30 25 35 35 31 20 29 35 31 48 32 20 34 24 41 24 27 21 36 32 28 44 29 26 34 21 26 27 28 22 29 39 52 48 27 27 32 33 41 24 26 32 26 31 38 29 34 30 32 41 25 39 39 38 40
34 35 23 41 50 37 30 26 31 34 36 32 27 29 31 22 33 26 34 27 29 35 32 35 32 32 30 26 33 34 38 36 34 19 26 27 25 29 31 34 14 40 27 33 34 22 33 36 33 35 35 34 39 32 24 47 33 17 30 26 17 30 30 22 42 32 36 29 19 30 35 29 28 27 32 36 23 33 29 43 41 37 38 44 26 39 37 32 34 31 37 29 28 30 28 29 26 23 25 30
28 30 39 36 34 33 36 27 20 23 23 24 32 30 35 29 37 37 25 22 27 32 38 25 29 33 35 37 29 31 29 32 37 28 31 29 29 32 23 29 34 27 42 36 38 43 37 28 28 26 42 34 30 19 37 28 41 29 37 30 32 40 33 34 35 31 33 38 21 17 34 43 29 28 34 32 38 11 27 19 37 26 25 39 32 28 38 25 30 28 29 30 23 21 35 30 15 22 32 35
26 31 32 34 20 35 35 29 27 35 33 25 22 32 28 23 44 32 32 34 31 34 31 28 30 33 22 35 23 25 27 28 23 32 31 30 31 29 32 37 22 24 30 30 35 26 30 39 25 39 29 27 31 37 28 44 24 35 27 35 30 30 30 31 36 46 31 44 36 37 32 32 30 37 29 41 23 32 33 32 29 38 21 38 30 23 42 29 45 25 34 34 37 24 43 34 39 28 32 34
31 36 24 36 25 34 30 40 31 29 26 45 39 28 39 33 38 25 24 32 30 39 36 41 32 24 23 12 29 33 41 23 26 31 32 31 31 31 24 28 27 24 28 20 26 22 25 29 29 29 36 29 19 26 32 26 61 58 27 25 35 27 31 28 34 28 35 32 23 29 29 28 37 31 26 34 37 30 32 30 32 37 28 22 29 23 29 28 27 24 26 28 37 33 35 41 31 29 32 28
42 35 33 36 41 26 23 32 30 32 31 36 37 24 28 30 35 34 31 22 31 33 36 18 35 31 27 24 32 27 36 25 34 31 28 26 38 32 39 39 29 33 28 29 30 30 26 35 32 30 30 28 23 36 32 32 24 28 28 29 28 32 31 43 37 40 36 26 20 23 32 27 26 30 25 30 34 32 33 16 30 39 36 30 45 27 42 31 25 29 23 27 38 20 33 27 19 26 30 33
30 37 36 27 28 26 36 35 38 36 34 27 33 27 34 24 24 32 34 21 38 27 33 37 39 35 32 41 34 29 33 30 17 27 34 31 37 33 30 21 29 27 37 32 35 41 37 33 34 30 36 33 40 29 29 34 33 33 32 29 24 33 23 37 36 10 27 21 24 28 31 30 32 29 31 31 33 33 32 28 32 31 30 39 23 23 29 28 32 32 34 32 30 30 29 21 28 31 23 31
29 28 25 49 45 33 47 23 39 33 40 34 35 26 30 38 23 27 41 31 35 29 28 38 27 26 34 23 31 35 39 40 37 33 30 29 32 32 29 20 30 43 41 30 31 29 40 27 53 23 33 29 35 29 30 33 28 23 36 37 30 31 28 34 26 37 38 29 35 30 26 29 33 20 16 30 28 39 24 38 32 31 25 38 30 22 24 30 25 32 21 37 44 40 38 18 30 31 38 29
43 26 36 32 36 31 35 14 27 19 39 32 41 26 29 21 41 21 27 32 28 30 27 24 32 48 28 34 34 32 28 28 29 30 33 38 31 31 27 36 29 37 35 27 29 29 38 23 32 36 35 33 32 30 39 32 30 41 24 38 35 31 39 28 21 20 34 24 34 22 27 27 28 15 21 22 20 31 33 34 41 31 35 32 36 38 25 34 36 25 29 26 37 25 21 43 28 29 32 37
21 27 36 31 25 26 39 34 21 42 29 32 32 29 33 31 29 22 37 34 32 37 29 33 37 21 30 25 40 30 33 28 29 23 27 29 24 27 35 28 24 34 26 26 18 25 30 30 27 34 32 25 31 40 26 35 36 43 29 29 29 32 36 44 28 35 26 26 29 32 33 29 21 32 26 29 41 31 31 22 27 22 32 30 33 35 37 31 24 34 30 27 30 26 38 38 32 29 33 32
31 35 34 26 30 26 40 38 27 15 37 39 28 38 37 37 31 37 26 41 36 36 24 25 28 27 32 34 24 25 31 26 27 32 38 35 33 36 25 33 36 29 28 23 33 34 25 34 37 24 35 29 28 42 40 34 23 31 40 33 29 30 33 18 37 38 38 29 34 39 30 24 27 36 29 28 27 32 25 31 32 29 25 35 21 27 44 35 30 41 37 43 25 27 42 27 27 35 39 25
25 29 26 36 37 32 41 36 22 32 20 41 18 31 31 33 24 40 20 26 30 19 39 34 35 31 30 33 24 28 30 26 39 34 30 34 40 31 29 37 29 33 28 30 30 34 31 31 31 36 32 36 30 29 26 26 36 29 32 34 38 13 34 29 22 28 36 30 34 30 32 33 44 37 39 22 26 47 33 27 30 39 41 30 31 34 28 36 27 25 33 29 40 20 35 33 30 23 28 36
34 37 36 29 34 36 35 29 25 31 24 26 34 32 29 21 40 33 36 28 31 24 36 25 23 38 29 41 25 29 33 25 23 44 31 24 32 20 30 30 36 26 31 35 36 31 24 30 26 24 66 38 32 30 32 35 35 30 30 31 33 29 29 27 35 25 23 35 24 34 24 27 31 29 39 30 34 31 27 33 34 24 20 22 35 37 36 24 37 33 25 38 38 28 45 28 24 25 30 28
22 39 45 28 18 37 28 21 36 37 34 20 28 37 29 29 30 36 33 29 39 36 28 33 21 23 36 43 40 28 26 43 35 27 31 36 27 46 26 23 29 33 26 28 29 28 39 26 25 30 29 33 31 34 40 32 31 32 32 21 29 30 26 26 30 30 28 29 34 38 28 34 27 32 39 38 23 25 26 34 41 23 40 24 29 28 29 33 36 19 45 35 27 36 32 21 26 33 29 32
35 32 26 31 35 29 21 33 29 26 32 32 24 31 30 33 34 38 33 29 23 31 28 35 28 29 39 27 33 33 41 19 35 40 29 38 31 39 44 33 27 37 37 30 36 28 28 29 37 17 38 31 21 30 21 12 23 34 38 33 36 28 26 29 29 29 39 28 33 26 31 21 32 32 39 26 37 27 30 28 26 30 33 34 26 33 23 31 24 15 26 30 35 34 24 32 31 28 30 40
30 30 31 24 25 31 19 32 20 29 22 33 20 26 38 29 29 33 41 28 23 26 40 28 34 28 35 28 28 35 34 33 38 29 30 31 22 34 24 20 44 26 23 21 24 30 23 37 29 37 34 30 25 36 25 26 32 35 34 33 44 28 25 23 26 37 30 25 32 37 19 25 27 26 25 24 37 33 31 17 31 30 22 33 35 24 25 34 22 29 25 31 39 18 38 21 39 29 43 25
41 27 19 27 27 22 30 35 29 33 28 19 29 31 29 31 27 32 26 33 30 37 38 37 37 32 26 36 17 39 28 25 34 41 36 30 40 31 31 38 30 33 31 43 33 26 23 22 39 39 34 29 26 27 25 45 31 38 23 45 27 25 23 40 22 33 31 24 33 24 26 34 35 45 26 29 34 26 27 27 26 25 38 40 20 33 30 30 27 29 33 24 35 33 21 29 32 36 17 34
32 29 29 26 36 21 29 17 24 28 13 29 30 29 29 21 27 27 27 40 26 28 36 21 30 31 29 52 38 31 32 30 22 27 40 31 31 30 24 27 28 31 26 25 32 37 24 22 29 18 32 30 31 40 33 22 30 30 21 25 25 32 35 26 27 23 33 15 28 24 36 42 35 24 31 28 39 23 36 33 30 32 29 29 35 35 30 28 27 26 36 26 33 31 29 30 43 46 26 35
24 31 24 29 32 24 27 27 40 26 28 36 35 26 34 27 31 23 28 27 32 31 27 36 31 34 30 28 28 23 25 35 34 29 57 39 33 31 26 30 30 32 25 36 29 35 28 27 35 36 28 25 35 28 27 33 34 25 35 23 36 37 37 32 38 28 34 31 36 34 26 33 35 34 31 36 25 19 31 23 25 23 40 29 35 31 35 40 23 44 28 37 29 29 29 37 33 35 24 23
27 25 40 35 33 28 26 33 31 40 40 34 34 21 32 33 34 22 41 35 23 30 34 34 29 29 36 36 21 24 27 17 32 33 30 27 28 28 26 33 36 27 25 22 26 33 30 33 36 27 23 38 33 35 37 37 30 26 40 26 34 28 23 33 33 25 28 25 29 37 30 35 28 39 19 39 36 28 27 31 41 26 26 29 29 27 21 30 25 42 31 22 26 33 18 37 28 37 36 22
11 37 37 32 24 26 27 29 30 20 33 27 23 36 29 32 37 32 20 19 38 33 23 45 42 32 27 24 30 44 25 35 26 40 43 28 28 26 39 38 34 23 31 27 34 29 32 24 29 27 42 35 28 31 30 34 29 25 27 25 35 33 40 21 21 23 30 33 39 30 20 43 39 36 34 29 34 33 40 34 32 38 32 37 38 44 38 38 45 40 17 32 29 29 28 37 40 27 28 40
31 15 34 27 35 25 35 21 39 29 28 17 27 26 34 29 28 11 39 30 32 28 31 36 31 24 28 35 26 22 27 33 23 35 32 24 25 34 35 24 30 21 18 30 34 27 39 34 39 32 19 33 29 42 19 35 31 23 33 41 43 33 27 26 39 29 47 39 32 25 29 40 30 17 38 29 41 29 29 35 41 41 30 31 26 27 32 23 44 28 26 32 42 17 28 39 32 24 35 29
32 41 39 31 25 23 34 30 41 37 40 54 19 15 24 21 34 26 30 39 32 38 29 33 25 30 36 28 37 30 29 36 35 35 28 34 33 31 32 29 34 29 43 35 27 27 16 33 38 32 40 35 30 22 29 34 33 33 47 29 28 33 31 33 42 30 28 25 27 34 36 37 34 25 39 39 29 24 21 37 37 32 31 29 30 38 38 34 34 31 39 30 36 31 11 20 28 31 21 30
32 28 38 36 30 32 32 36 39 32 33 26 28 33 32 42 43 30 29 28 40 29 23 36 34 32 35 23 34 12 36 34 34 37 28 32 28 31 15 28 27 34 34 27 43 23 23 33 35 31 32 34 33 34 27 21 45 46 19 28 40 29 27 37 34 37 33 33 34 23 35 15 23 43 37 22 44 23 33 28 24 36 42 25 35 29 32 30 40 26 25 27 34 30 23 30 23 35 33 25
27 24 31 27 28 31 30 44 30 33 46 49 41 24 24 33 31 27 30 34 25 23 33 34 36 39 32 36 38 28 32 34 28 36 30 25 40 28 34 21 29 31 31 28 33 35 30 31 33 26 41 40 32 42 46 36 24 32 31 29 39 30 28 31 30 33 36 36 30 35 27 24 33 25 37 34 44 50 27 29 32 30 23 32 28 26 30 28 39 27 24 18 28 31 40 29 27 20 35 32
32 31 27 18 27 38 30 26 28 35 24 41 26 33 17 43 24 29 40 23 28 27 9 23 30 36 23 35 31 29 29 33 46 19 36 35 31 25 27 35 38 30 24 22 41 38 24 27 26 24 31 33 31 40 30 34 14 25 28 28 43 26 28 25 22 29 34 31 18 32 32 22 32 36 29 36 36 34 38 28 32 24 35 35 35 30 38 25 35 30 39 29 25 35 24 25 33 31 32 25
39 28 33 34 26 33 21 34 24 34 38 32 24 39 27 28 28 25 29 32 27 35 32 23 26 16 34 34 25 30 32 28 42 29 32 39 30 33 30 36 37 36 21 40 32 41 30 37 32 32 42 26 47 31 36 30 39 35 41 47 27 35 26 25 31 28 32 29 29 30 23 29 27 27 35 33 29 28 26 29 34 34 25 28 35 33 35 49 26 32 24 26 35 36 34 21 39 33 28 25
31 27 27 28 14 27 36 23 32 29 22 20 25 45 23 29 33 34 21 32 29 28 35 35 37 34 30 32 28 25 40 32 36 33 32 35 37 41 39 28 22 38 34 29 17 21 30 47 26 33 29 39 49 29 38 28 30 27 42 37 31 27 14 27 40 32 30 28 31 32 27 40 22 30 22 28 32 32 39 39 33 32 37 33 48 40 33 32 38 34 36 32 41 38 18 10 19 10 18 12
11 14 12 16 11 16 14 9 24 22 17 9 13 13 17 9 17 13 19 19 14 21 16 16 16 21 16 12 12 19 15 12 18 19 15 21 21 15 11 17 19 10 16 14 13 12 13 21 14 5 13 19 24 14 17 5 24 12 18 12 19 19 18 10 12 19 15 13 15 10 19 11 21 27 22 13 12 7 19 18 17 14 12 15 17 18 16 20 8 12 18 15 13 11 17 12 11 16 19 23
16 18 21 12 19 16 18 28 17 16 17 15 21 16 14 13 18 21 10 21 14 13 18 15 13 15 15 15 16 13 17 13 20 17 13 19 21 17 22 9 12 7 25 20 17                                                       
