0.391304347826087 3065 37 53 28 37 36 39 27 42 34 41 28 31 31 37 31 34 40 31 29 33 25 41 32 26 26 34 34 30 38 45 40 32 27 36 30 42 37 24 31 34 34 23 34 20 34 28 34 34 34 43 31 30 40 23 22 27 31 28 30 28 25 36 32 40 26 33 32 26 39 35 37 32 36 40 35 19 29 29 42 42 35 25 31 30 46 24 30 35 37 24 27 34 42 46 32 47 28 31
31 36 34 35 18 28 28 45 29 26 24 32 37 31 38 33 37 76 51 33 32 33 57 43 68 26 27 41 32 32 37 25 30 32 41 39 29 26 37 38 28 38 37 22 31 40 34 34 42 40 38 30 31 29 30 32 28 23 27 44 35 20 37 39 41 26 34 29 31 33 27 29 26 41 38 28 36 37 35 43 41 40 39 24 18 28 32 33 38 27 38 25 36 36 45 38 23 38 36 32
24 27 36 35 32 30 32 39 33 30 36 22 28 28 44 24 38 39 29 23 35 39 23 38 22 51 28 22 31 20 28 28 30 27 32 41 23 35 28 33 36 23 34 33 37 25 30 41 24 36 36 34 39 28 29 33 31 24 28 38 29 30 34 26 24 38 33 31 27 26 31 36 25 31 33 32 27 43 34 24 28 36 37 34 29 35 40 33 18 31 28 32 27 26 31 27 35 27 28 33
29 40 29 32 29 26 23 36 34 39 38 23 26 36 32 23 37 35 35 47 32 23 37 25 36 41 33 38 32 32 24 32 35 31 34 34 43 33 24 37 35 24 29 27 30 25 23 36 34 25 34 18 30 32 34 40 22 37 44 20 45 27 21 33 28 29 35 32 30 37 24 39 29 29 31 21 34 27 36 39 27 31 35 28 29 28 37 26 37 34 34 26 26 21 30 28 26 22 15 28
36 25 29 30 24 42 28 32 29 27 24 29 32 36 56 39 32 38 32 28 34 34 31 21 26 23 27 19 28 23 31 28 28 25 34 17 32 47 37 30 34 34 32 30 35 23 38 30 32 34 39 28 25 34 24 29 40 30 28 27 38 33 34 33 39 27 29 35 24 29 31 31 30 27 31 32 41 33 35 43 43 35 35 32 35 27 29 36 25 27 37 30 37 28 36 43 35 26 54 39
39 27 30 26 29 35 29 43 26 38 31 24 44 39 35 41 19 30 25 32 38 38 27 32 30 20 24 40 21 40 33 35 25 26 45 38 43 24 36 35 20 41 29 26 27 44 34 29 16 32 30 29 33 31 32 31 40 32 27 23 24 43 30 36 34 32 39 26 36 31 41 26 31 33 30 33 30 38 37 50 33 30 40 33 38 22 46 37 28 38 29 28 32 36 38 21 27 43 28 31
41 28 22 28 27 32 22 22 22 36 46 45 31 25 35 32 32 23 24 36 23 32 33 25 35 25 31 35 36 32 45 22 25 26 23 36 28 41 19 39 29 23 31 37 34 31 31 32 32 38 34 38 29 23 42 30 36 31 28 24 34 38 21 36 28 31 32 21 24 26 34 26 38 25 33 29 27 21 32 29 44 29 50 34 33 35 52 32 32 25 27 31 40 36 30 49 29 25 28 30
31 17 25 28 21 40 34 36 32 29 32 32 22 34 31 21 30 34 26 38 28 38 26 37 32 26 23 33 31 40 24 20 24 41 44 32 40 34 31 37 26 28 26 43 28 9 73 39 27 36 34 34 38 26 28 35 16 33 32 35 27 35 28 26 34 43 28 22 35 34 31 31 27 33 28 24 25 39 25 26 32 33 27 25 25 29 33 24 38 31 33 29 39 41 30 38 32 30 41 29
33 41 27 43 19 37 24 33 26 26 28 31 31 35 20 37 25 37 33 37 32 31 29 31 29 35 41 37 40 31 32 33 34 23 42 33 32 37 35 44 37 26 31 24 33 31 29 38 27 21 25 37 28 21 38 30 31 31 39 38 28 36 32 41 25 30 28 31 37 34 27 29 31 30 33 25 35 33 35 26 39 36 26 42 41 46 30 38 24 29 26 33 32 51 37 28 33 25 32 41
26 35 33 43 30 27 29 29 41 18 38 28 34 39 33 40 25 29 27 22 28 43 36 42 44 67 39 42 30 28 29 27 45 30 28 33 29 47 56 56 51 44 43 52 44 32 28 27 30 32 30 40 36 34 26 20 39 41 46 33 21 33 27 26 33 29 27 34 38 36 25 37 23 33 38 39 24 41 38 38 36 36 44 36 26 36 34 27 42 24 32 33 36 40 31 29 38 51 30 28
29 33 30 35 33 41 40 30 29 28 36 30 22 38 41 29 28 32 45 40 30 32 30 36 32 28 34 29 41 28 26 43 34 28 23 32 31 26 30 30 77 30 35 37 37 25 31 29 24 35 26 36 35 28 35 37 37 32 22 31 21 31 35 36 32 43 35 33 34 43 25 31 28 24 30 22 37 33 19 34 36 36 29 28 36 30 38 32 42 31 38 36 35 36 26 33 27 32 37 28
31 28 24 37 26 37 26 29 24 23 23 29 34 21 33 27 35 27 36 26 28 25 35 34 29 32 30 27 24 28 34 45 44 36 32 45 31 36 38 32 34 44 33 45 28 36 28 23 36 34 39 36 16 31 25 23 28 35 35 34 43 42 21 23 32 37 28 27 33 28 30 33 25 23 53 41 34 35 24 35 27 23 28 27 36 35 29 23 22 38 23 26 24 39 37 31 32 40 25 24
37 25 26 27 33 24 39 29 46 29 33 33 40 26 27 28 28 33 36 34 29 45 40 30 39 25 32 28 33 39 23 24 33 30 16 23 39 32 26 26 38 28 35 29 42 26 31 40 30 47 30 30 23 43 38 33 36 24 29 32 31 27 31 39 30 36 37 32 17 36 38 35 34 40 29 29 38 36 30 31 33 40 37 33 27 26 29 27 37 29 31 35 27 21 26 26 32 35 35 41
28 41 33 37 33 30 32 35 31 44 27 38 28 27 36 31 31 29 35 34 38 31 26 34 21 34 37 26 33 27 63 44 31 25 22 55 45 20 39 36 38 24 38 31 30 40 29 31 35 37 34 38 30 27 35 33 38 45 36 32 27 25 31 38 33 36 37 37 39 38 34 29 42 28 32 27 35 21 36 34 34 34 19 27 32 22 15 39 37 25 27 26 20 28 27 43 38 42 35 46
33 45 42 34 41 35 25 33 25 27 33 30 36 26 26 28 41 22 39 35 25 42 36 36 30 34 23 19 33 31 36 32 36 38 28 44 26 29 44 31 27 34 30 34 29 38 59 31 29 29 26 26 34 36 26 40 26 26 32 34 35 39 30 27 25 30 36 26 34 30 35 19 23 28 43 38 37 40 22 19 25 32 32 29 34 33 27 24 34 31 38 30 42 36 44 33 40 32 36 41
34 27 26 30 30 29 27 33 29 32 28 29 25 35 32 34 36 39 35 28 33 40 27 35 30 38 29 34 33 39 30 36 30 36 33 26 26 39 34 29 19 39 20 16 31 37 33 33 35 36 36 38 34 43 26 34 27 23 36 32 31 32 23 29 30 31 30 26 29 33 34 33 31 38 36 32 29 37 38 29 33 38 37 29 32 34 34 32 64 26 42 34 39 36 28 41 34 35 35 29
25 43 26 36 41 40 41 41 33 52 35 22 39 37 31 31 31 42 37 35 31 38 28 41 32 31 37 34 34 17 35 37 35 39 44 32 40 30 37 44 32 38 34 25 22 26 36 39 35 31 42 25 27 36 26 34 32 31 46 33 32 32 40 33 30 35 34 33 36 26 24 33 30 44 26 29 36 39 19 32 18 34 44 33 33 30 34 41 50 41 39 29 35 27 34 34 32 36 26 38
44 31 41 26 37 32 35 27 28 29 24 30 25 27 31 33 31 29 35 24 28 39 22 31 29 36 23 33 27 28 27 31 26 35 27 27 31 28 23 32 25 35 15 30 23 31 33 37 24 31 32 33 37 26 33 32 33 31 33 25 28 23 31 33 34 24 16 44 25 33 31 37 32 35 34 36 42 44 31 17 40 31 27 29 31 31 26 22 34 40 36 30 43 33 32 23 30 41 31 29
25 30 30 32 35 29 37 38 39 26 33 27 36 38 16 31 37 41 38 28 28 45 35 30 41 39 42 19 20 34 32 33 36 31 22 35 31 27 29 30 30 38 32 30 39 28 28 36 29 37 25 30 41 21 33 42 29 25 31 25 38 33 46 33 48 34 34 32 31 30 35 34 33 29 32 33 35 28 28 39 31 29 34 33 34 27 28 31 41 30 25 27 29 31 40 37 43 45 25 22
32 45 29 36 19 39 22 24 33 23 37 35 28 36 37 37 30 13 21 21 34 24 35 42 43 31 24 33 30 27 34 30 29 24 28 39 33 36 31 40 24 40 23 39 33 39 37 30 29 23 37 41 41 33 34 31 31 18 28 34 26 26 36 31 37 28 40 42 25 35 31 25 36 29 32 29 31 34 38 39 31 43 29 18 29 45 28 34 39 33 30 22 41 34 24 41 30 19 32 27
33 32 28 30 27 34 26 24 27 33 33 25 35 30 25 41 37 24 22 32 35 30 32 28 24 42 35 33 33 29 35 29 37 29 27 26 32 32 38 37 28 35 28 41 34 21 30 31 32 29 35 32 31 36 42 34 27 30 35 24 28 31 36 43 30 23 34 34 22 29 12 41 31 42 35 28 34 34 33 28 31 24 21 34 44 30 26 37 30 34 29 35 27 30 35 37 32 29 28 27
32 35 29 34 26 36 38 35 41 27 30 35 40 22 35 27 43 31 19 29 42 31 18 23 33 32 24 28 38 34 29 29 36 32 47 24 33 41 33 29 37 44 28 29 38 32 23 23 23 24 29 30 27 36 31 27 34 41 39 33 25 33 35 30 31 26 36 41 31 29 35 38 25 39 41 30 27 18 25 26 39 26 26 28 32 37 44 34 35 37 33 32 20 25 27 31 26 33 49 38
27 28 35 42 26 36 37 31 36 41 31 36 28 24 41 37 38 36 37 42 31 40 30 21 28 23 23 23 30 34 27 33 33 34 24 17 31 34 42 29 34 25 40 33 41 28 29 30 34 30 30 36 26 46 27 31 39 24 38 34 34 24 26 34 30 24 38 25 31 29 28 30 27 31 34 39 45 37 24 27 31 33 35 29 36 35 35 23 28 31 31 32 44 36 36 45 39 33 35 36
44 37 39 48 42 30 28 27 19 33 28 28 31 38 40 23 31 27 29 29 28 29 32 37 24 34 28 27 37 16 32 28 34 26 35 34 34 26 33 23 33 27 26 30 33 37 25 33 33 36 41 27 27 28 34 33 31 36 28 20 33 29 26 21 41 27 36 33 25 28 43 32 26 39 30 26 29 37 32 36 38 46 25 32 37 41 27 38 33 25 37 37 36 36 31 28 31 35 30 28
42 23 29 25 24 30 26 30 25 21 30 38 38 32 37 27 26 28 27 43 32 26 25 20 33 32 30 33 44 40 44 27 28 27 33 37 30 28 28 31 44 29 32 29 35 36 30 25 42 33 41 25 36 34 39 42 22 29 24 26 39 27 32 32 30 25 31 34 27 35 23 28 32 26 30 25 47 31 26 32 42 25 21 31 27 20 29 22 32 36 46 41 35 15 36 36 39 29 26 35
26 30 25 18 21 30 30 33 28 43 31 34 44 32 37 25 25 35 23 27 33 27 32 31 35 28 13 25 26 18 28 30 24 28 33 27 38 23 32 21 35 36 26 33 25 27 18 31 22 24 32 28 25 32 29 51 20 24 28 39 26 40 28 27 27 36 31 32 36 44 29 30 28 35 35 43 32 31 32 31 31 23 32 36 34 25 30 31 30 35 41 45 22 30 32 43 28 31 31 38
29 38 24 30 29 21 9 32 38 42 30 33 23 34 35 42 31 33 28 33 39 41 34 34 30 36 24 37 26 20 26 24 23 30 34 31 27 35 27 33 31 40 26 32 22 32 28 26 31 20 24 30 29 37 28 22 27 38 48 33 30 26 38 36 32 33 33 38 25 40 25 32 31 31 35 37 45 22 26 31 34 23 32 31 31 35 26 33 36 39 33 28 42 32 28 38 25 28 24 41
41 35 37 30 42 41 23 41 28 35 29 31 23 27 33 32 26 27 29 41 31 28 26 28 27 34 44 27 20 38 36 26 26 27 31 35 26 32 23 27 36 34 30 27 36 34 19 22 28 20 27 34 23 25 38 32 43 22 27 25 38 35 26 36 28 25 29 30 26 39 33 23 29 28 28 28 25 34 37 26 30 31 38 35 27 34 39 30 28 18 31 32 34 30 22 26 31 27 33 26
28 35 38 29 20 27 34 44 37 36 32 40 35 28 36 34 37 38 28 31 30 27 23 44 26 32 23 43 33 45 36 43 32 27 37 39 39 28 35 36 32 40 28 30 33 33 30 33 34 31 24 34 30 38 43 35 29 38 35 36 31 34 31 32 38 28 29 38 35 24 36 32 34 36 40 24 32 29 31 20 21 31 28 32 22 39 29 32 33 19 34 25 26 44 34 24 35 27 34 37
36 41 31 43 29 38 33 34 29 33 29 41 23 25 38 34 33 35 41 34 27 35 43 34 24 32 29 21 23 20 13 12 20 20 15 20 20 9 13 6 19 17 7 21 14 21 11 14 24 23 13 17 17 15 18 16 17 21 14 17 14 20 12 6 20 20 18 17 15 25 12 12 12 14 20 14 20 17 9 16 16 15 17 14 14 10 19 14 15 19 21 21 14 20 15 17 17 18 14 23
14 18 11 13 11 9 11 16 13 18 11 10 18 18 16 18 10 12 17 14 16 20 20 20 13 19 13 14 29 13 17 18 24 25 15 17 17 13 13 9 15 16 17 15 19 18 23 21 12 15 18 13 17 15 19 14 9 14 10 21 19 18 16 9 10 14 19                                 
