0.473684210526316 2837 38 27 23 27 26 21 28 16 20 20 20 24 28 27 17 23 19 14 15 37 27 25 26 14 33 18 21 22 27 23 19 21 18 28 28 26 33 28 33 23 27 20 20 25 19 28 26 16 33 26 31 21 23 18 33 28 23 31 16 30 16 38 18 23 21 23 26 21 20 19 29 22 16 19 30 16 19 24 19 21 36 30 19 32 30 20 26 21 31 56 31 26 28 21 14 26 30 24
23 37 18 12 14 24 21 23 24 19 26 19 23 21 21 29 25 31 15 26 25 28 19 21 22 21 27 20 25 16 16 25 23 29 15 24 20 17 16 21 26 20 25 23 23 23 24 27 27 19 30 24 17 32 28 23 32 21 25 18 22 21 18 27 26 14 18 33 31 18 17 25 19 26 28 26 19 17 20 20 21 24 15 21 30 21 34 28 26 20 14 16 14 27 19 15 28 14 22 17
26 31 24 20 23 20 20 33 22 25 24 22 23 26 17 15 13 36 20 18 11 19 29 20 28 22 24 23 26 28 19 21 17 24 28 18 26 11 27 21 29 45 33 30 15 29 22 18 23 31 27 25 32 24 26 20 25 22 26 23 19 25 29 26 23 29 16 27 25 22 25 20 26 31 20 26 33 30 19 25 24 38 26 14 18 20 26 23 14 28 31 16 41 30 22 22 37 26 21 32
27 30 32 29 12 24 26 30 23 20 26 21 25 25 25 23 24 23 14 24 36 21 28 25 22 27 17 26 30 29 17 19 22 16 18 30 17 15 17 22 14 15 31 19 25 17 26 22 22 21 20 27 21 21 22 26 19 25 28 21 18 27 17 33 30 21 33 16 33 19 27 19 30 25 28 23 31 24 29 24 23 34 22 25 31 28 34 21 23 25 24 24 30 17 15 32 25 17 26 26
22 22 17 28 20 20 28 21 27 18 21 33 25 24 26 24 24 25 24 22 19 19 21 25 20 25 22 26 25 26 19 26 19 21 24 23 20 13 18 30 25 23 20 20 30 17 29 25 22 29 28 33 17 21 27 27 22 21 19 26 20 15 21 23 22 24 18 36 28 28 22 26 17 20 21 16 24 15 29 17 28 21 18 22 20 30 20 26 21 24 24 25 24 31 16 17 29 21 32 23
21 20 21 20 28 21 22 28 20 27 22 25 28 24 24 19 24 34 24 28 25 29 23 12 21 28 23 23 27 18 24 17 16 21 19 24 25 27 26 19 23 26 21 20 22 23 32 27 23 20 15 21 23 21 18 24 16 29 31 21 17 23 21 17 22 24 27 19 28 31 25 19 29 17 18 33 23 27 26 20 16 26 19 15 22 23 20 32 20 31 22 28 30 20 29 25 26 25 17 27
20 26 21 24 11 24 13 23 28 26 17 24 25 21 25 33 21 40 18 21 16 26 31 23 14 16 25 19 26 18 19 27 18 18 20 19 15 20 17 20 18 21 28 24 26 34 27 21 22 26 19 28 15 21 16 17 21 23 30 25 19 22 27 23 17 22 22 21 31 25 22 32 20 19 27 29 23 21 31 21 24 23 21 16 29 34 25 33 20 30 22 18 23 24 28 17 26 22 20 28
27 26 24 32 16 22 24 27 30 22 15 31 16 22 21 34 28 23 31 22 28 24 24 31 21 21 21 20 24 21 27 25 29 17 21 34 20 21 25 19 30 21 25 28 29 22 21 25 31 37 26 18 30 24 21 26 56 23 27 16 18 38 19 22 22 23 22 19 23 17 30 10 23 19 22 22 16 21 18 19 20 19 28 31 27 26 32 15 21 26 19 34 29 31 28 18 30 17 22 22
29 24 21 31 23 27 24 30 25 25 25 16 17 29 27 12 27 27 23 28 33 20 25 23 27 29 26 27 33 28 15 21 25 22 20 25 15 23 23 24 25 31 26 24 24 26 19 28 16 22 26 22 33 54 26 22 26 18 29 37 30 23 53 25 20 20 18 27 20 19 25 24 25 22 25 27 19 19 14 19 25 20 26 19 31 13 25 25 24 25 18 27 21 28 26 23 15 17 27 12
21 22 30 23 23 19 34 18 25 27 29 19 30 27 17 25 22 23 26 7 25 18 23 20 26 19 18 22 20 24 13 24 21 24 16 26 23 23 22 22 20 16 23 25 14 22 24 36 22 26 22 22 31 23 19 34 24 20 34 40 22 25 25 26 30 19 19 20 23 18 24 29 21 21 22 26 26 27 13 14 16 29 18 27 15 21 23 24 28 25 25 26 23 27 37 36 20 20 26 12
21 37 29 18 21 24 19 20 22 26 13 20 23 27 21 22 22 24 15 23 21 18 27 17 25 24 26 11 21 18 32 12 31 23 21 20 30 24 22 25 20 20 17 26 22 26 19 24 23 19 16 18 29 13 13 19 22 27 21 35 26 21 27 30 25 24 22 22 19 25 20 28 29 34 23 20 19 28 24 23 20 23 29 31 16 27 17 27 28 28 23 21 27 27 22 25 24 16 24 19
24 33 26 29 16 23 17 14 23 21 31 20 14 23 29 29 30 19 23 26 25 20 25 19 27 23 23 21 14 14 34 25 20 29 22 19 28 24 16 24 34 20 14 15 23 22 19 26 20 21 32 24 27 32 22 28 20 18 18 32 14 22 17 21 20 26 28 23 20 35 30 26 30 26 24 21 27 16 26 23 14 30 30 26 20 27 23 20 16 27 14 18 23 23 33 17 24 23 15 22
27 25 24 26 27 23 27 32 15 18 24 23 18 35 27 22 23 19 33 15 25 16 34 18 18 22 18 25 21 28 26 24 25 16 33 20 23 24 24 21 16 26 18 19 15 16 19 21 18 16 32 20 21 9 25 14 10 18 24 21 27 28 25 33 24 21 22 24 30 18 19 23 27 30 19 24 23 26 23 29 23 22 22 25 32 32 20 33 15 20 30 23 19 30 26 21 15 28 26 33
24 23 17 18 21 17 32 24 16 30 22 31 26 26 27 23 12 21 20 13 26 21 22 19 31 21 14 28 31 24 30 26 20 34 29 21 25 27 28 34 17 26 27 18 27 23 12 23 18 22 27 22 29 16 21 32 30 36 16 21 22 24 15 30 24 29 25 17 23 33 24 25 16 21 21 17 21 21 20 25 21 19 30 16 24 28 31 26 26 23 19 18 24 20 14 21 19 38 28 21
19 22 26 19 24 21 20 26 19 21 17 15 33 22 27 25 14 32 70 69 28 20 21 21 33 20 28 22 26 35 23 15 23 23 16 24 20 28 21 19 32 21 19 38 24 23 22 23 23 41 18 22 12 17 20 17 26 23 21 28 25 22 19 25 14 25 21 21 23 26 22 22 16 26 28 23 34 17 30 28 33 32 23 25 27 18 21 22 34 25 25 25 32 30 18 18 26 27 24 27
20 20 23 19 29 28 15 32 27 22 23 18 25 24 29 20 27 21 32 26 24 20 18 27 25 22 25 26 18 30 23 17 28 27 25 24 27 29 27 22 20 28 37 21 28 21 18 26 17 23 16 26 32 29 21 20 32 29 22 14 20 20 23 32 23 29 23 21 20 23 22 27 25 19 20 25 23 23 17 25 20 31 29 24 23 29 34 29 13 20 22 25 21 28 21 26 29 25 21 28
28 16 15 19 22 18 27 19 32 23 15 18 31 24 21 15 32 21 12 26 30 20 16 25 25 20 26 19 34 23 25 28 20 16 28 23 27 23 24 26 42 20 18 19 20 31 22 28 22 29 21 25 20 17 19 23 19 26 13 24 31 33 18 28 20 28 22 30 26 16 25 25 19 24 29 25 26 21 24 17 20 17 21 27 25 32 17 16 27 24 26 23 18 22 24 28 22 15 23 22
20 29 25 23 32 29 17 23 27 29 20 30 25 20 29 25 22 21 16 24 24 21 22 21 22 22 27 22 23 27 28 25 22 23 23 21 22 19 29 15 22 19 19 21 23 26 18 38 28 27 25 25 31 23 24 12 19 31 20 29 16 20 22 21 18 30 24 21 29 30 21 24 23 21 34 26 26 21 17 27 22 28 31 19 19 23 12 27 21 29 21 18 26 21 30 19 31 25 28 26
17 24 25 19 19 19 22 19 19 18 26 40 28 23 29 23 22 21 22 29 18 17 30 30 25 24 26 22 33 32 24 26 20 22 22 31 25 16 11 27 18 19 23 15 21 21 26 19 31 16 21 19 25 30 25 25 19 23 29 23 29 21 23 19 23 28 16 20 18 16 22 24 22 17 29 28 27 20 31 22 29 35 13 32 30 15 17 20 17 34 17 27 14 22 22 15 18 28 24 28
20 27 28 28 23 14 27 30 27 28 20 33 24 18 23 22 18 21 32 24 27 18 20 27 20 29 25 25 28 24 19 24 21 28 26 21 18 29 20 29 30 28 16 26 25 27 16 18 21 18 18 22 21 17 21 17 28 23 21 30 23 31 24 27 25 18 28 31 20 24 18 20 23 29 28 29 29 20 30 23 23 20 26 28 19 25 33 22 27 27 29 27 9 32 22 18 20 22 20 26
27 27 28 19 26 16 22 25 24 14 22 25 18 21 27 22 26 25 28 38 20 21 19 26 19 20 13 20 27 25 27 30 30 19 23 25 28 27 26 25 17 31 25 22 18 19 22 13 21 25 20 20 18 24 30 25 28 27 17 24 24 23 20 18 27 23 17 26 29 22 28 19 20 19 35 20 22 24 11 23 27 28 22 17 19 19 26 29 14 31 26 20 20 20 23 26 27 15 25 35
22 22 31 32 17 27 32 33 28 22 26 23 21 17 18 24 21 22 20 16 23 23 18 24 30 24 22 26 23 36 29 24 30 20 29 37 21 25 28 33 26 22 15 27 22 28 22 30 34 21 21 19 31 7 26 28 27 32 32 21 20 16 27 22 23 31 19 29 23 20 24 22 21 24 21 20 29 23 30 14 20 17 18 29 19 19 22 21 21 27 23 20 15 22 22 27 20 17 26 29
15 21 28 17 22 20 17 31 28 23 24 23 17 18 21 30 16 12 27 29 26 23 24 14 22 22 25 28 22 23 21 28 32 22 28 25 25 24 20 24 24 27 24 35 19 19 14 23 14 21 25 22 20 22 21 28 29 24 11 19 15 20 21 25 24 20 22 21 25 34 29 16 19 21 41 28 29 28 26 16 13 20 23 25 19 27 27 33 11 20 23 28 17 30 13 26 29 18 13 25
22 27 21 15 19 26 30 25 12 26 23 24 21 27 21 27 28 21 22 29 29 18 19 21 21 20 26 26 29 14 20 23 22 32 20 25 26 19 24 28 18 26 21 21 21 25 23 16 24 20 28 27 25 14 31 17 24 20 19 21 19 30 12 24 24 31 30 25 24 29 23 22 24 27 17 14 29 16 22 25 27 20 32 16 33 28 21 18 25 16 25 22 24 19 20 32 32 22 25 20
23 24 19 22 22 15 28 25 21 31 22 26 25 22 22 20 18 26 27 14 21 29 23 23 16 18 24 22 26 21 14 23 24 37 19 20 23 17 29 19 22 19 19 26 27 18 25 23 20 28 13 24 29 18 20 19 23 27 23 17 27 33 19 21 18 13 19 31 14 22 22 22 26 16 26 26 24 19 29 19 25 29 21 28 22 19 17 20 19 22 29 19 11 17 28 23 20 17 20 14
28 26 28 24 29 24 21 26 25 25 28 18 24 22 17 19 23 29 21 14 28 20 19 19 28 27 22 26 17 22 24 15 22 24 20 25 13 35 16 28 26 24 19 25 15 32 26 20 22 24 21 16 32 22 30 27 25 30 21 28 27 21 27 18 26 22 14 16 23 23 25 28 19 18 29 18 33 26 22 23 22 33 29 17 23 25 24 23 29 21 21 23 22 17 21 22 20 23 20 25
30 19 24 28 22 23 26 20 29 23 14 31 24 21 26 32 21 21 28 19 27 22 19 29 31 27 20 27 24 24 18 24 22 19 23 30 17 24 24 32 19 25 23 27 21 13 24 33 25 21 24 21 27 28 20 17 18 21 24 22 18 18 31 19 29 12 20 17 30 27 24 32 19 31 26 22 23 30 22 26 27 23 29 29 23 37 23 17 26 21 20 24 21 23 19 19 26 31 22 22
21 23 30 26 25 22 25 14 25 24 21 24 25 27 23 21 25 31 22 22 21 22 26 29 31 19 48 24 16 24 23 18 10 11 5 12 12 18 12 9 15 8 15 12 12 15 8 11 10 15 10 17 8 12 11 13 14 10 13 12 12 15 8 10 7 9 11 7 7 5 9 12 9 10 15 9 9 13 8 6 4 18 8 13 21 7 17 13 14 8 11 8 7 6 10 15 6 9 19 9
11 13 13 11 13 13 6 9 12 11 7 9 5 11 13 13 7 20 9 12 6 9 7 14 21 9 10 11 8 8 13 12 14 10 12 15 35 33 8                                                             
