0.444444444444444 2901 29 25 26 19 31 22 22 20 23 22 19 22 22 22 22 22 21 23 28 31 28 32 19 19 19 23 27 20 26 22 25 23 22 28 19 24 30 19 21 21 18 21 22 28 22 26 22 18 27 14 20 18 25 25 20 28 23 20 23 13 20 24 18 20 23 22 15 29 29 24 24 28 16 20 24 27 21 19 26 22 16 29 19 26 21 23 11 19 24 25 13 22 17 22 20 23 18 23
18 20 23 29 25 20 27 28 21 62 11 42 22 6 21 25 25 21 17 12 22 31 27 20 18 16 25 29 23 20 22 23 24 25 21 17 21 21 26 22 25 15 19 20 25 23 24 16 28 23 16 19 24 28 18 15 23 16 27 19 27 9 26 21 15 26 18 38 28 18 27 26 24 22 34 19 21 25 36 24 13 17 23 19 25 28 29 22 24 26 19 18 26 21 28 26 14 28 20 25
28 30 26 20 27 29 23 25 23 16 15 13 22 26 21 17 17 21 22 19 18 20 23 19 22 19 15 27 18 19 24 19 21 24 20 21 22 16 28 25 28 17 24 20 19 18 21 18 22 16 19 18 28 21 22 21 16 18 36 21 19 19 19 16 25 24 21 31 23 22 19 23 20 21 24 18 20 24 15 30 23 27 28 22 19 18 20 11 22 18 22 25 19 25 18 19 20 17 26 29
21 20 20 17 21 31 19 28 27 22 27 21 18 19 27 19 24 27 23 24 22 28 21 30 17 26 29 17 26 26 24 22 26 15 18 15 27 24 18 22 24 22 19 32 19 21 27 17 16 21 16 20 28 23 15 34 24 19 32 13 27 25 25 13 22 16 20 25 18 16 24 30 18 23 21 21 15 22 25 23 23 21 21 26 24 13 18 17 25 26 21 19 17 16 20 25 19 17 22 25
23 28 24 18 28 26 18 16 15 20 19 16 23 25 36 20 22 24 29 25 15 20 25 33 28 19 21 24 23 20 11 24 15 22 23 18 20 16 20 30 19 24 21 19 27 21 21 20 27 27 22 30 20 26 26 16 14 28 25 21 14 23 23 26 22 28 12 21 15 27 16 13 18 20 20 14 20 12 15 16 22 21 27 19 17 24 18 21 33 27 26 19 30 18 24 23 26 31 26 20
21 28 16 30 17 18 20 32 15 26 19 22 20 12 17 19 23 29 18 22 30 23 30 24 16 16 30 15 23 16 18 32 15 20 19 23 24 13 25 19 30 18 21 18 23 21 32 30 20 21 25 19 27 26 32 17 20 19 24 22 30 16 27 20 17 17 25 21 18 19 20 21 30 26 21 11 24 21 13 28 15 28 22 27 25 18 24 24 20 23 25 20 21 21 17 15 19 25 31 19
24 22 19 12 14 19 14 16 19 28 20 18 14 21 32 21 20 30 20 23 18 25 25 19 26 17 27 24 18 17 14 14 22 12 20 18 23 23 21 18 21 20 18 19 30 16 26 20 19 20 23 26 16 13 18 17 23 19 18 22 9 25 16 15 16 21 18 22 22 21 21 24 28 12 16 25 37 25 25 32 21 21 22 14 23 17 24 21 27 27 18 19 24 14 18 24 14 18 16 19
18 18 16 20 23 17 22 20 23 24 25 17 14 19 27 20 30 24 22 20 17 20 17 14 18 20 32 30 14 19 19 22 19 30 38 9 42 29 32 23 18 15 16 16 13 14 23 25 24 23 22 26 22 24 22 22 24 24 27 15 22 21 26 14 19 14 21 25 22 24 11 28 25 18 25 25 27 19 21 16 29 25 19 22 22 18 23 16 26 17 24 25 20 25 19 24 23 27 19 19
23 29 25 25 18 19 30 21 28 23 17 18 26 25 15 17 19 22 18 17 25 30 23 24 22 22 19 25 24 27 25 25 16 32 27 16 16 20 21 22 22 14 13 19 20 17 21 23 24 28 17 20 20 16 29 23 14 18 26 20 16 18 21 23 26 28 28 26 23 11 24 18 17 21 25 22 30 22 17 24 16 21 25 24 29 28 26 28 22 15 27 28 26 21 22 20 19 16 15 20
18 22 19 27 18 21 24 21 20 23 24 34 19 29 20 19 19 20 19 25 32 37 22 25 14 20 15 26 25 27 26 31 43 26 28 23 19 26 20 28 12 27 21 14 22 16 17 24 27 25 19 24 28 19 26 29 24 25 20 22 24 23 25 16 23 23 17 24 28 29 23 25 23 26 22 57 22 23 21 19 19 17 27 29 22 23 21 26 25 24 24 19 29 26 23 30 27 23 21 22
27 21 28 17 27 16 20 20 25 17 22 28 11 29 18 21 23 25 18 25 17 23 25 30 17 31 23 16 27 26 13 23 18 28 24 28 19 15 19 29 20 24 23 15 15 25 24 18 15 31 21 32 14 19 20 22 24 7 23 23 19 15 20 22 21 18 18 24 22 16 22 26 29 22 23 21 22 20 27 21 19 24 20 33 34 13 22 24 24 30 19 23 20 17 20 18 18 22 12 22
13 22 23 30 22 21 24 19 19 20 19 24 36 18 23 19 19 30 16 14 28 20 21 24 34 23 26 21 24 19 22 19 17 25 16 22 18 32 19 23 23 30 21 20 23 19 27 21 24 21 22 22 22 14 27 18 24 23 21 24 16 21 12 19 18 25 18 25 13 21 14 26 22 23 17 29 25 16 18 27 20 18 20 16 17 20 16 23 15 28 21 22 22 22 19 23 28 22 16 22
17 20 11 32 23 31 26 24 18 22 25 20 27 18 21 22 14 27 11 24 9 19 24 28 30 25 23 14 26 18 23 26 24 17 21 23 13 21 21 22 26 18 21 27 24 20 10 25 21 33 26 24 14 22 30 18 17 18 23 20 26 22 16 22 14 31 22 17 18 23 23 22 25 24 20 16 26 24 18 19 14 25 26 20 21 27 18 16 23 27 17 18 23 20 17 17 21 28 27 25
24 13 17 18 20 19 23 21 24 28 13 18 28 17 28 24 21 16 22 17 17 16 29 23 16 20 14 23 22 20 19 11 21 24 26 18 15 22 23 18 23 16 15 19 19 24 25 29 26 17 18 23 20 30 26 23 29 22 18 10 19 28 25 14 16 19 19 22 19 19 18 24 24 21 18 17 17 19 23 28 32 19 11 29 18 30 18 25 24 21 19 17 23 24 25 16 25 19 17 22
23 24 20 22 27 28 32 14 25 18 23 27 20 24 24 22 23 18 22 17 14 27 22 24 17 23 19 25 18 27 13 26 20 15 16 20 20 21 17 18 21 22 21 33 29 20 28 28 18 17 17 23 23 27 19 17 23 19 35 70 13 27 24 30 23 19 24 26 21 23 27 19 22 17 19 18 18 22 15 26 31 29 21 16 20 22 16 20 17 22 23 21 24 23 16 26 20 32 35 21
21 12 21 29 21 26 18 17 23 27 22 32 19 22 18 28 20 18 27 23 19 26 17 15 16 18 26 27 24 26 14 10 20 17 19 19 13 25 27 17 30 35 25 25 20 20 20 28 22 29 21 28 28 22 20 24 20 20 18 24 11 35 14 23 22 23 15 25 36 20 22 26 27 23 19 23 18 21 18 10 17 26 24 24 25 28 31 28 28 25 26 21 16 23 19 22 25 18 33 27
19 26 23 21 19 16 17 38 32 22 26 24 18 31 30 24 21 20 20 25 19 28 26 23 16 32 19 15 20 17 25 17 16 26 25 26 24 25 27 29 23 29 28 24 19 19 22 25 14 16 22 21 20 25 19 21 20 16 27 21 25 27 11 18 23 19 23 18 29 30 26 28 21 25 30 21 22 30 26 17 26 29 20 20 26 21 25 34 21 27 25 21 21 32 22 25 23 24 26 24
33 23 14 22 26 31 28 17 29 27 20 23 27 25 24 38 21 21 21 19 26 19 32 29 19 21 17 25 19 21 30 27 35 22 20 28 22 22 34 22 15 19 14 19 22 30 18 21 21 19 22 30 20 21 21 22 23 19 17 28 16 16 21 18 27 25 20 19 23 18 22 21 25 23 29 29 25 26 13 18 21 30 30 17 30 20 19 36 13 25 18 19 18 16 21 29 17 19 26 17
26 24 20 24 25 17 28 28 29 26 29 25 23 20 14 18 23 17 22 25 19 18 27 13 26 30 28 19 12 23 21 21 22 21 22 19 28 27 22 24 27 18 12 27 17 12 22 26 23 19 22 31 25 27 23 32 19 25 21 20 15 22 18 27 20 22 25 26 29 18 20 23 22 26 14 25 27 26 22 21 21 15 21 23 21 34 18 29 23 23 22 21 22 25 23 33 19 17 27 19
16 27 18 22 21 29 33 28 24 19 24 21 15 34 22 23 21 26 22 22 30 23 28 23 15 22 25 18 20 28 19 24 27 24 25 25 25 23 19 16 16 21 25 21 15 20 17 20 22 21 14 20 17 23 23 27 19 21 22 18 15 18 16 16 23 19 19 21 19 20 21 17 27 21 21 19 17 26 24 11 17 26 18 23 27 24 23 23 24 20 21 29 18 20 17 23 19 20 24 11
24 25 18 20 26 20 18 28 25 25 25 16 24 26 11 28 29 23 20 28 16 23 24 16 18 23 26 17 23 20 27 20 22 28 17 34 24 25 16 25 19 18 18 16 24 20 22 29 22 14 13 23 15 14 20 21 30 24 22 26 23 23 18 15 16 23 22 22 20 19 17 24 22 12 28 29 19 23 20 24 28 18 20 26 21 21 29 21 21 20 19 17 26 24 24 29 23 19 21 20
20 19 28 24 36 24 21 23 13 20 27 17 24 21 24 22 36 17 19 17 18 24 22 19 14 24 20 20 22 27 22 25 10 23 25 36 26 22 30 18 29 25 28 19 19 21 23 23 19 19 27 17 24 26 22 22 18 22 16 24 32 18 26 25 23 19 23 17 30 21 17 29 18 25 29 13 24 25 10 17 28 24 33 22 38 38 24 28 25 25 18 18 22 28 24 19 23 27 21 19
20 19 17 19 12 22 21 22 18 29 26 18 20 31 16 21 24 26 17 21 24 23 16 19 19 15 23 17 25 26 24 17 19 18 18 25 16 19 14 12 28 22 25 27 18 13 27 25 22 30 20 18 25 27 23 16 18 25 26 19 24 24 24 21 26 30 26 34 19 15 15 16 16 29 21 21 26 24 21 17 21 27 17 19 20 20 26 21 28 13 24 29 22 30 25 23 22 20 16 22
27 22 29 29 23 17 13 19 20 27 21 21 25 30 26 29 20 16 20 19 26 25 18 24 32 21 28 20 22 25 21 15 15 24 17 29 25 25 17 25 21 21 21 27 28 24 21 25 16 31 23 33 18 25 24 26 22 18 26 21 28 17 17 24 17 22 11 21 21 25 22 19 19 15 25 20 20 26 25 22 16 32 22 26 20 23 18 21 16 23 19 20 26 19 27 22 11 23 23 27
18 22 13 21 27 14 26 29 14 14 23 19 21 30 24 22 26 24 15 22 18 16 16 17 13 19 30 17 13 21 17 22 19 22 18 23 30 30 22 25 17 19 23 25 18 31 22 20 19 17 29 27 24 17 21 23 30 22 15 18 17 18 16 13 21 23 16 24 15 15 25 20 19 24 21 27 24 15 18 17 17 18 18 22 19 14 16 28 16 25 26 28 25 20 16 19 28 24 18 22
28 15 15 24 16 24 25 30 27 17 23 17 25 25 31 22 26 20 22 16 15 23 22 20 27 32 18 14 32 31 19 25 22 23 20 16 24 16 20 20 18 29 23 20 29 25 21 25 17 21 18 28 20 18 33 24 21 25 21 22 23 20 17 27 20 18 26 29 14 25 30 17 24 19 28 25 25 25 30 20 24 32 14 29 22 22 18 18 24 26 22 20 19 16 25 29 13 16 18 42
29 19 15 19 23 21 28 27 19 19 17 15 18 22 25 23 30 20 19 23 26 27 17 17 19 25 17 17 30 24 17 24 23 26 26 19 26 29 19 15 22 19 28 24 27 19 21 16 18 27 20 28 23 25 20 23 18 14 18 15 18 37 18 18 20 19 17 16 14 29 30 26 17 16 26 25 26 21 20 20 18 20 10 31 16 19 27 17 27 24 12 19 24 20 18 21 22 25 25 22
15 21 20 15 24 21 18 16 19 23 32 19 24 14 73 22 24 26 28 17 26 11 26 16 21 13 27 24 29 21 20 27 20 24 28 21 29 20 31 19 30 25 20 19 9 22 20 20 20 22 27 20 33 23 19 24 20 23 20 26 24 22 27 16 19 23 24 16 21 22 28 24 21 23 18 21 21 16 14 20 12 6 12 12 11 13 18 7 8 12 14 6 12 11 8 17 10 11 15 16
6 9 9 10 9 11 9 12 10 16 10 13 8 14 9 11 11 11 5 13 11 8 10 8 16 7 10 8 18 12 5 16 8 11 11 5 12 16 15 12 11 11 12 11 9 15 10 7 9 13 8 7 14 14 12 10 11 16 12 14 8 10 11 15 11 13 16 8 15 9 12 13 16 11 11 8 7 7 9 17 12 7 7 7 13 11 12 12 7 12 5 15 11 9 10 10 11 8 12 14
12 9 9                                                                                                 
