0.458333333333333 2943 17 17 18 25 16 18 44 19 13 20 23 16 27 24 16 18 14 23 19 23 17 23 15 28 18 21 15 16 17 11 25 21 19 23 20 22 20 13 12 22 21 21 18 25 20 27 12 21 16 18 10 18 17 22 15 20 19 18 15 21 18 15 17 23 20 15 13 20 20 13 16 16 21 18 14 15 16 17 15 22 18 19 22 21 17 12 20 23 17 12 21 14 21 15 25 23 17 20
15 12 17 16 12 33 19 16 20 15 17 20 22 11 22 17 22 19 19 17 27 21 27 25 16 15 14 20 23 21 16 15 22 19 16 11 19 17 19 14 9 18 16 26 21 15 22 20 19 16 19 12 17 22 13 18 18 14 21 19 17 20 17 9 13 14 25 5 19 24 17 21 17 19 15 19 24 14 20 15 21 14 12 15 14 24 19 16 23 13 22 9 15 19 13 14 15 9 22 14
25 23 18 15 19 26 21 13 11 15 23 21 12 19 18 16 13 16 15 17 14 23 14 15 12 15 15 9 19 22 23 14 15 13 17 14 16 13 20 22 19 26 18 14 15 16 18 15 21 18 24 22 18 22 22 5 18 23 24 27 11 16 15 20 15 12 11 18 22 26 12 15 17 17 18 20 15 31 31 11 22 15 15 14 15 20 18 12 16 23 15 15 18 20 20 13 20 14 13 13
20 18 17 18 13 18 26 16 18 17 14 19 18 20 22 21 15 21 22 16 23 27 12 8 24 19 18 15 13 23 18 14 23 19 20 12 15 10 18 25 24 14 12 7 9 21 24 14 18 15 22 26 18 20 12 21 21 10 16 19 14 12 13 18 11 11 18 12 18 16 10 17 12 17 20 17 19 20 22 23 21 15 24 30 18 18 19 17 18 22 14 15 17 21 17 24 13 12 16 18
19 18 15 19 13 19 18 18 15 17 23 8 18 24 17 23 18 19 16 22 16 22 18 21 18 18 25 17 15 12 19 17 20 20 25 21 18 15 24 18 19 15 13 25 18 17 17 21 10 19 27 13 20 13 14 13 16 19 22 22 24 16 24 22 19 23 10 18 20 17 15 22 21 23 11 18 18 20 17 10 18 22 11 17 12 13 18 17 18 13 17 14 21 14 18 18 19 13 16 21
12 15 25 7 12 15 14 19 17 18 12 17 24 15 15 23 17 16 14 18 14 20 12 21 9 18 16 18 13 10 21 25 20 12 19 18 21 18 15 13 13 25 23 11 16 24 17 16 17 22 15 24 16 14 19 18 16 17 20 17 24 19 13 17 16 14 21 19 6 17 22 11 21 17 23 14 21 14 14 21 16 18 14 21 22 12 15 18 18 13 13 21 26 15 14 18 19 17 16 25
21 23 14 17 23 17 15 17 13 23 19 18 16 25 15 17 14 20 13 15 20 12 14 12 15 22 21 18 13 13 18 15 11 26 22 14 15 15 13 16 10 12 14 26 6 10 14 18 12 22 17 12 15 20 16 16 13 15 12 23 19 17 13 12 22 17 24 14 10 15 20 14 18 21 19 14 27 15 18 15 15 12 18 14 20 16 24 23 24 25 14 20 13 19 11 9 13 16 16 26
17 19 25 19 11 19 11 12 13 24 14 10 13 13 14 14 18 15 15 16 21 20 8 17 15 15 25 19 17 22 19 21 17 18 15 19 23 18 22 16 20 19 14 16 16 8 18 19 16 14 27 12 38 22 18 24 22 17 12 14 18 13 16 11 16 16 14 21 15 20 21 17 14 24 24 22 16 16 16 17 21 15 15 19 18 11 13 18 16 12 14 12 18 18 12 16 13 14 17 18
17 17 9 17 18 9 12 22 16 15 16 12 22 14 16 16 24 23 11 23 14 13 21 19 20 25 26 12 15 16 27 20 14 21 13 14 13 39 21 23 9 14 18 14 21 13 14 11 22 14 12 15 18 13 23 12 11 28 15 16 13 23 21 17 15 22 12 22 23 22 12 14 20 19 10 17 26 16 18 17 22 9 14 14 28 14 11 7 18 21 15 22 17 29 17 13 26 16 14 18
13 21 12 8 19 14 18 14 18 17 19 19 10 15 29 26 20 21 17 26 16 36 25 20 12 20 26 12 14 17 16 12 14 16 23 24 17 20 18 14 16 19 10 15 12 18 23 22 27 20 16 24 15 18 18 17 17 13 23 20 23 22 18 11 20 18 12 20 17 13 18 10 19 22 14 23 11 23 14 13 23 17 14 21 17 20 13 20 22 20 16 17 24 23 15 13 17 16 18 19
20 11 16 17 21 17 15 20 10 14 14 19 21 15 19 15 20 16 18 13 17 14 16 24 13 17 13 18 18 13 18 19 19 21 15 17 15 24 13 19 17 12 24 25 17 18 19 20 12 16 16 16 15 15 15 16 18 24 16 22 16 13 14 14 10 21 21 11 16 11 16 23 24 13 23 15 16 21 12 14 12 21 26 15 20 13 18 15 18 19 25 18 20 24 18 23 18 8 18 16
23 19 16 20 21 17 17 23 19 13 20 15 17 20 19 11 12 10 20 17 15 14 18 21 22 18 16 21 24 20 15 17 14 13 21 9 14 15 20 21 13 20 13 15 17 34 16 14 15 20 19 11 17 15 17 15 20 22 14 16 19 20 16 13 15 18 15 12 23 14 17 12 15 24 17 14 17 24 12 19 21 16 16 22 19 15 14 13 16 14 29 18 17 17 19 26 23 29 19 23
21 22 24 16 20 15 22 14 12 18 14 19 14 20 15 18 24 13 16 22 18 21 18 20 18 18 19 16 14 19 15 14 18 10 18 17 15 21 23 19 18 13 14 21 17 20 15 11 11 19 13 15 8 15 10 22 21 23 16 15 14 21 17 14 22 13 27 24 14 17 19 16 22 17 22 23 12 13 18 18 10 21 12 15 11 15 24 21 19 17 15 16 14 24 13 17 19 13 19 26
12 11 15 18 21 26 18 16 23 13 18 8 21 22 24 24 27 18 14 24 22 17 18 17 20 20 15 15 19 17 15 17 15 15 19 20 27 16 28 14 16 54 52 33 39 11 15 15 16 19 16 18 21 24 23 11 14 18 23 16 15 17 18 20 14 19 14 11 14 17 24 15 20 19 14 10 15 14 16 26 16 23 16 22 25 18 17 19 24 17 11 24 13 25 16 16 17 22 24 15
14 21 23 18 16 23 17 22 20 20 26 16 21 20 20 19 20 16 21 16 23 14 21 19 18 12 14 27 13 12 24 20 19 21 16 20 22 19 13 14 18 17 12 22 18 14 17 15 20 18 21 15 12 16 22 29 15 16 23 16 24 20 14 12 21 17 13 18 16 17 17 10 19 22 23 15 20 17 17 12 12 17 21 16 22 10 10 15 16 17 9 18 21 20 12 13 21 15 20 14
19 13 11 14 19 18 16 19 15 15 24 14 19 18 26 15 26 15 10 22 21 18 17 22 21 23 12 16 18 23 16 17 16 20 14 13 22 16 15 12 15 21 14 12 16 16 21 16 22 22 15 13 20 17 19 22 18 18 17 24 15 13 17 24 15 13 12 15 13 14 12 28 16 26 17 20 15 13 16 18 21 18 22 21 14 18 16 16 15 10 15 13 11 20 20 21 19 23 20 11
24 23 12 25 22 21 18 13 19 22 11 20 22 19 16 14 23 25 20 12 17 16 17 14 20 19 17 23 18 18 26 19 15 16 7 15 22 24 21 18 16 14 21 13 14 19 12 21 20 20 16 15 20 18 17 16 18 18 10 14 19 22 26 17 13 15 17 26 22 19 15 15 13 16 26 17 14 21 48 18 16 20 12 26 16 19 25 12 12 16 14 25 21 18 12 14 16 15 26 8
24 19 16 14 16 19 21 14 11 11 25 17 17 17 20 16 23 15 13 23 12 18 20 22 19 12 19 16 19 17 16 20 23 17 21 17 18 9 8 16 14 21 18 20 16 18 19 16 15 14 15 23 14 19 15 16 17 14 16 16 17 21 24 17 16 21 17 19 20 12 17 11 19 13 18 21 14 25 13 18 12 15 14 14 18 14 21 13 15 24 17 16 18 16 13 16 12 26 16 25
19 25 13 18 14 15 16 23 16 15 20 20 24 16 18 20 19 14 12 24 12 16 28 16 13 14 22 16 16 20 18 14 16 21 19 19 15 18 17 25 22 12 17 27 25 16 18 21 16 15 22 14 14 15 17 17 16 18 16 17 21 16 15 18 25 16 19 14 15 17 15 14 19 24 18 19 10 25 15 16 15 16 13 16 14 17 17 14 17 18 13 17 11 11 24 18 14 15 19 17
23 14 24 19 15 21 24 15 20 19 19 23 17 17 22 20 17 20 15 23 22 20 21 14 20 12 13 12 13 23 22 28 21 17 18 11 18 19 17 21 29 22 6 19 11 23 12 16 12 17 18 17 26 15 18 18 20 15 16 16 23 18 16 23 13 19 21 16 17 18 15 14 20 17 19 16 24 20 19 22 20 11 15 19 22 17 22 17 23 19 24 15 28 21 17 22 14 20 26 22
17 15 17 17 24 16 21 14 24 23 17 21 25 19 16 28 21 18 21 15 12 24 7 20 29 29 19 14 25 27 14 23 20 23 16 15 21 13 17 22 17 16 12 13 19 17 24 16 18 12 18 15 10 15 16 17 16 17 19 18 21 18 10 12 15 20 16 23 11 15 18 17 37 18 12 17 16 14 15 17 24 12 20 18 12 17 25 18 18 26 18 17 16 18 16 18 26 20 14 20
18 17 12 10 16 14 15 22 23 20 16 11 16 15 26 14 19 19 18 18 23 16 26 13 16 13 13 14 18 14 19 18 19 10 20 17 20 13 15 14 15 16 21 13 14 22 20 17 19 20 21 10 17 8 10 16 20 14 16 16 15 13 13 20 18 11 15 10 23 21 20 14 17 14 14 18 23 15 17 16 13 19 16 25 13 15 22 16 17 23 16 14 20 17 14 27 16 17 24 9
15 19 11 10 16 13 19 15 13 15 23 15 11 13 12 10 17 15 18 14 17 15 16 18 21 17 15 20 24 19 27 18 23 17 24 16 12 26 13 20 19 16 18 18 11 23 23 16 17 17 19 14 16 20 19 16 18 20 16 13 28 21 17 24 16 13 11 18 20 12 19 11 17 19 17 18 21 16 17 22 13 13 18 26 16 23 16 16 19 15 18 22 20 13 15 24 14 27 17 15
12 18 17 17 16 21 21 22 16 17 22 11 21 30 18 18 18 17 26 16 18 19 18 14 24 19 19 19 14 16 26 17 15 14 18 25 22 14 17 17 19 20 22 17 17 13 16 16 15 16 16 20 15 12 12 13 23 21 21 22 23 16 17 17 12 14 25 19 19 17 13 15 20 13 14 18 20 21 12 18 11 15 14 18 18 27 17 17 28 17 15 12 13 11 13 15 17 18 17 24
14 21 15 16 18 13 20 14 14 16 19 23 29 12 20 21 23 26 21 10 18 20 16 18 17 21 11 15 21 18 20 17 14 11 15 17 12 17 16 26 10 21 19 18 17 15 14 17 11 15 19 15 21 19 22 16 19 20 12 22 17 18 15 16 11 26 14 19 19 19 21 14 10 12 16 24 18 13 13 14 24 26 12 17 18 8 13 18 16 15 23 19 14 13 17 15 22 15 18 14
16 18 14 21 26 20 16 23 24 16 12 11 14 23 23 18 13 21 19 17 14 19 18 17 12 26 29 15 18 17 23 14 15 13 16 14 17 14 21 15 17 20 23 22 20 19 13 22 12 17 18 24 14 12 19 10 20 12 18 20 21 12 18 16 19 17 14 18 18 15 14 16 24 22 25 22 26 19 26 22 23 14 16 18 20 15 18 13 25 16 16 18 16 15 17 13 21 13 17 20
17 17 10 15 11 18 17 24 19 9 20 15 9 16 14 15 20 23 15 13 24 16 15 21 19 18 17 13 24 22 15 14 13 25 15 24 17 17 16 25 22 13 17 31 15 18 18 16 13 14 21 23 15 13 23 12 13 19 23 20 16 15 23 12 7 15 19 23 23 18 12 22 17 21 17 13 18 19 19 23 19 26 22 22 21 18 18 14 17 21 21 17 14 19 11 18 19 17 20 22
17 19 18 20 13 17 19 13 14 16 18 18 22 17 21 12 18 14 18 16 15 23 27 14 18 19 14 18 21 26 13 11 18 18 19 18 12 11 20 18 22 11 21 19 12 13 15 12 10 15 15 16 12 15 18 20 16 19 15 24 14 17 21 16 18 12 17 25 13 15 19 18 16 19 18 19 19 26 24 18 20 16 24 14 15 21 17 14 21 16 21 24 15 13 19 13 13 15 14 15
26 21 18 20 20 11 10 12 14 17 20 23 22 12 31 17 19 12 13 18 20 13 13 17 18 21 14 15 22 14 12 16 16 8 11 22 16 13 14 15 10 13 19 16 20 17 24 13 20 17 14 23 18 11 9 18 18 28 13 24 16 11 10 12 22 18 21 11 16 24 16 16 11 13 16 30 24 9 16 15 28 22 13 23 18 17 13 17 26 18 15 16 19 14 20 21 22 14 16 17
21 15 13 9 17 11 22 19 24 20 18 20 20 12 12 16 18 18 24 21 18 24 20 17 18 24 16 19 18 12 9 12 13 16 11 19 18 18 22 16 4 22 13 19 13                                                       
