0.433333333333333 2353 24 29 24 29 20 21 11 25 31 17 21 21 34 22 32 12 26 29 24 32 15 18 20 32 24 27 27 26 21 29 30 15 24 26 34 33 24 14 34 17 20 20 22 31 23 23 30 28 29 28 35 19 25 23 20 26 27 12 31 30 26 30 25 28 23 25 25 17 17 16 24 27 26 35 24 25 26 43 19 32 28 25 31 66 65 24 20 30 71 62 23 23 20 13 27 38 23 27
13 14 27 32 24 34 35 27 19 28 27 27 21 17 25 24 29 25 33 24 36 19 30 20 21 33 28 18 31 14 31 23 23 37 11 25 28 38 25 23 28 30 27 29 27 28 19 18 24 34 27 22 20 25 18 25 21 21 30 28 39 23 22 23 23 12 27 35 22 25 25 30 20 25 28 24 23 31 21 25 26 24 27 33 30 22 28 39 25 36 26 28 20 14 28 29 23 31 33 32
17 18 26 26 23 21 21 28 34 29 31 21 24 22 17 27 19 12 30 30 26 19 26 19 26 24 20 20 25 27 18 20 26 23 20 23 27 19 22 26 29 26 14 29 27 15 23 22 19 24 19 22 22 21 9 26 25 21 21 18 22 28 33 27 27 24 15 25 24 20 25 28 33 29 26 27 24 28 20 28 28 19 20 28 25 24 16 21 32 20 36 31 16 28 24 23 21 27 22 23
18 29 18 23 19 21 21 25 21 23 23 24 26 29 26 28 32 26 20 19 23 14 14 26 13 13 30 34 17 20 31 21 16 22 23 32 24 23 34 30 13 23 19 14 14 21 28 21 32 24 23 17 18 28 13 21 16 29 18 11 26 29 17 26 21 14 19 21 28 15 19 32 21 19 23 28 19 22 21 18 26 27 21 34 20 19 22 29 17 30 22 23 23 15 16 27 23 33 9 16
22 27 25 17 22 23 30 33 18 19 28 27 34 20 29 21 29 22 15 20 27 25 29 22 30 25 31 22 32 38 14 14 20 22 25 23 26 31 24 23 17 17 23 28 20 21 27 28 34 25 32 22 24 30 23 21 19 25 20 22 29 10 23 20 19 33 24 21 21 22 28 22 19 28 16 18 27 20 29 19 23 15 24 24 27 25 31 19 25 19 27 20 34 21 27 17 23 27 30 19
16 22 31 22 21 20 31 16 20 25 28 17 19 20 24 20 21 17 17 18 15 28 24 29 21 19 24 20 26 30 21 18 21 24 23 40 22 13 24 18 18 22 21 25 27 24 28 22 20 22 31 21 20 25 26 25 22 21 14 34 25 23 26 17 22 18 19 18 21 28 20 21 28 22 28 35 30 19 21 29 19 28 27 18 24 32 29 25 22 23 15 28 21 36 20 24 27 26 30 23
29 24 18 27 13 14 26 26 23 27 25 22 22 28 22 31 17 16 20 21 25 31 20 25 25 17 33 17 31 24 32 21 27 22 32 25 22 18 25 31 28 13 27 27 29 21 25 25 28 26 32 39 29 22 24 11 20 19 20 23 21 30 24 29 32 33 33 27 23 78 18 18 23 25 34 13 17 24 27 21 24 30 18 29 24 34 31 11 28 25 23 24 22 13 23 26 33 28 23 28
20 26 20 26 16 32 35 30 26 24 28 30 13 22 17 24 29 19 16 39 21 23 26 14 14 21 18 12 26 22 23 29 29 27 14 18 20 29 19 25 30 35 51 20 22 24 25 24 31 17 26 26 27 42 15 26 28 26 33 28 17 19 29 34 29 18 17 24 30 31 22 23 31 26 24 32 35 21 20 28 26 25 26 29 36 24 27 26 23 20 32 30 26 31 23 24 27 26 22 26
34 15 26 30 31 27 21 30 16 17 21 20 16 35 19 28 18 27 27 24 31 25 22 29 20 21 26 26 25 22 32 29 18 22 35 29 28 15 19 28 16 32 22 17 25 32 32 28 18 31 23 24 12 26 24 29 19 30 25 20 20 24 17 25 22 28 27 16 19 26 22 21 20 14 25 15 18 29 23 18 23 16 31 24 17 11 25 27 32 19 31 26 24 19 31 26 20 25 35 22
18 32 28 29 25 31 20 25 21 21 18 18 25 28 21 19 26 16 26 23 17 16 17 26 29 21 24 27 22 23 26 22 20 24 26 30 21 28 26 10 19 20 24 28 21 27 23 23 26 29 16 17 19 22 28 29 19 24 26 29 23 22 23 23 19 27 19 24 32 30 29 17 19 25 23 24 20 21 24 12 25 31 27 28 25 19 30 24 24 22 17 30 25 22 22 29 30 19 18 24
22 21 23 21 29 20 27 20 22 25 20 33 23 29 22 11 38 25 25 18 24 25 18 18 32 20 20 32 21 57 26 20 16 20 24 24 19 19 21 23 20 25 15 16 26 21 20 24 21 27 16 14 18 18 20 27 20 22 7 31 22 32 27 27 15 29 27 22 18 15 25 22 17 28 22 24 23 17 27 17 25 24 34 28 33 26 31 18 28 24 18 22 25 26 20 31 32 26 26 27
22 31 28 22 20 19 17 15 20 29 22 23 25 27 35 28 18 16 27 31 28 23 25 26 27 23 18 22 33 15 26 15 21 26 29 24 24 20 17 31 34 25 18 30 26 20 18 15 27 22 23 34 26 26 26 15 12 23 24 21 25 25 14 24 24 25 34 31 23 23 27 35 27 25 21 29 18 16 28 22 24 27 18 14 20 21 32 38 34 26 24 25 20 26 20 72 49 67 33 38
17 30 19 23 20 28 28 25 18 14 18 22 19 22 28 22 29 26 36 27 28 30 21 24 21 27 30 21 26 24 30 27 33 26 22 26 23 31 28 20 26 32 25 33 22 24 30 20 23 27 29 30 30 24 30 29 27 24 24 22 22 22 19 26 25 20 25 28 13 20 30 23 19 26 25 23 25 22 23 24 28 23 33 17 20 34 23 27 15 18 25 19 19 18 22 24 14 20 25 19
16 14 20 29 23 20 26 23 22 28 33 17 20 34 30 12 20 19 23 32 25 15 26 28 35 25 25 31 25 15 30 25 24 25 31 24 23 37 18 23 16 18 22 32 20 26 22 24 27 26 13 26 22 27 23 19 25 24 20 21 19 20 21 32 30 22 20 20 19 19 16 18 37 27 26 28 18 20 29 19 20 24 27 27 30 17 18 27 24 27 31 29 17 16 35 22 24 34 24 24
27 26 28 20 26 15 20 23 25 32 30 25 29 20 27 20 26 30 27 36 22 21 20 27 24 27 17 22 21 25 23 25 31 8 16 25 34 22 27 20 21 20 23 22 26 21 26 42 38 23 24 18 17 20 24 24 28 16 10 19 32 29 23 30 24 17 19 23 22 30 20 18 25 25 25 15 32 30 29 26 15 23 18 31 21 24 25 29 27 31 29 33 22 24 30 19 20 27 21 20
19 26 32 19 22 27 31 26 24 21 24 20 25 29 31 27 26 25 17 19 36 27 23 26 29 23 27 14 32 31 20 25 25 24 6 25 23 29 20 23 27 27 16 20 25 24 18 29 21 21 22 24 19 18 23 32 22 26 23 39 20 28 24 33 27 27 16 26 38 25 34 34 27 18 24 29 21 22 23 15 31 20 18 28 23 25 32 18 18 26 21 27 25 18 38 15 14 20 20 20
24 25 17 25 24 28 22 33 30 19 21 23 29 25 25 26 22 22 29 31 20 19 31 22 23 26 14 27 16 27 27 27 19 26 21 28 22 27 37 15 26 21 22 20 22 21 29 33 33 19 24 19 25 32 18 29 27 14 28 25 30 26 19 28 24 24 27 22 31 24 16 21 10 21 25 21 29 24 21 19 22 32 25 27 26 37 28 26 24 32 21 39 34 20 19 28 17 21 23 49
28 23 34 29 22 25 29 26 17 34 21 26 31 42 29 19 19 39 22 17 9 22 24 29 29 21 30 26 31 24 25 23 23 20 27 27 24 21 30 40 31 26 25 29 26 32 18 23 17 36 20 33 30 21 19 25 25 32 17 29 31 11 15 19 26 24 22 30 31 17 29 24 23 19 29 18 25 17 23 14 29 30 27 18 20 21 26 31 20 29 30 24 20 26 28 22 28 23 16 28
29 25 28 34 26 18 18 27 36 22 35 24 22 27 30 28 27 19 24 19 22 9 29 19 20 34 22 23 30 29 25 36 20 29 25 18 16 34 23 29 26 26 21 18 21 21 32 21 26 17 28 25 27 29 25 27 25 27 19 17 31 30 22 21 30 25 28 19 27 24 25 18 36 23 27 24 28 31 27 36 26 31 28 23 22 13 27 25 29 31 28 30 22 29 33 26 17 33 23 24
19 14 19 23 22 19 29 30 32 24 24 23 39 28 27 18 30 27 13 28 32 26 22 29 27 21 25 35 24 20 23 23 34 22 20 21 19 30 30 27 15 21 21 23 17 29 26 19 19 32 22 31 19 29 16 19 25 25 27 30 32 23 20 28 21 29 20 14 23 21 16 26 15 15 27 27 20 23 27 25 31 24 26 23 30 26 21 13 22 12 16 20 27 31 22 30 29 20 21 18
25 14 24 22 23 31 29 27 22 20 23 31 20 23 16 21 28 27 27 26 21 22 25 23 24 23 22 33 30 23 28 26 26 28 23 21 23 20 29 21 19 28 25 32 25 22 22 28 27 31 24 17 26 19 23 25 18 36 22 19 28 24 17 10 21 40 22 22 27 21 18 22 26 29 18 32 24 22 15 24 25 16 18 25 19 22 23 23 24 24 22 23 25 21 29 22 28 23 21 25
25 18 15 18 21 21 23 17 23 24 17 24 26 20 28 13 23 28 29 24 33 23 18 21 22 17 30 22 21 18 24 24 19 19 23 21 24 22 30 26 31 26 28 19 23 27 15 27 29 23 21 25 25 30 19 27 17 29 27 23 22 26 27 25 26 32 22 26 32 30 24 29 25 25 37 26 28 39 31 33 26 30 29 26 32 30 28 27 13 37 13 26 30 17 33 26 25 15 12 29
30 25 24 23 30 22 19 22 26 24 14 25 23 16 23 18 18 24 19 20 27 24 23 31 24 33 23 24 23 25 24 27 26 20 26 32 23 23 20 13 16 36 26 30 26 22 20 27 23 19 22 24 25 15 25 9 10 9 18 5 16 16 10 11 7 14 10 19 9 12 11 7 14 12 16 14 11 16 10 20 14 14 9 16 10 13 11 15 11 15 9 12 11 13 8 11 12 9 9 9
14 12 10 10 16 7 9 10 12 21 10 11 16 14 11 11 8 9 10 11 12 13 17 15 14 11 18 12 13 14 15 20 10 16 14 7 7 8 12 13 17 16 17 9 6 6 5 12 18 18 10 11 21 16 11                                             
