0.263157894736842 4282 39 18 36 27 25 34 21 16 30 29 29 21 20 29 27 17 23 28 39 28 24 27 33 24 34 27 31 31 26 21 29 29 29 21 27 26 29 28 35 27 21 37 36 24 26 24 23 21 32 21 24 24 20 21 25 24 14 30 30 26 32 25 23 19 29 23 24 26 28 35 29 27 24 25 27 30 25 20 28 20 30 26 28 17 30 32 22 17 33 25 33 35 25 19 19 33 29 24
17 27 20 29 26 23 18 29 19 19 20 24 26 16 18 23 20 19 32 21 20 27 27 22 24 23 21 25 24 29 35 23 25 28 20 26 17 17 22 35 25 16 32 26 30 19 20 28 20 26 29 18 23 24 16 30 20 24 24 17 23 28 27 30 26 30 21 32 18 19 27 23 12 25 24 32 24 25 24 23 22 19 29 27 21 25 15 19 23 30 17 37 29 24 29 15 14 19 21 28
31 20 25 23 26 22 31 29 25 23 22 30 28 24 35 29 38 28 23 22 23 21 24 21 31 34 26 24 34 33 15 20 31 17 25 30 21 19 25 25 22 18 26 24 27 20 25 27 21 29 33 28 28 19 27 32 21 29 17 27 22 25 29 26 27 21 46 30 31 24 36 21 27 33 24 22 26 20 23 30 34 25 19 26 22 20 30 25 23 23 18 25 28 24 29 33 28 28 29 31
29 32 19 13 26 20 36 25 35 22 22 28 20 21 25 21 22 19 29 23 27 18 16 17 23 24 29 26 25 17 22 23 25 23 20 22 22 29 22 28 29 32 22 20 23 12 36 29 29 28 24 23 30 28 20 31 23 18 30 19 27 26 24 30 17 19 27 16 31 32 19 30 28 23 26 26 30 28 22 25 27 30 15 33 26 22 33 30 16 29 21 16 23 22 28 22 34 23 25 20
34 29 19 26 23 22 28 22 33 22 24 33 27 27 23 22 18 22 23 29 29 24 24 16 28 31 26 19 15 24 20 14 27 23 22 22 24 27 20 21 26 22 30 26 26 23 22 19 24 23 31 25 30 24 22 29 30 33 33 22 26 14 27 12 18 18 20 21 18 23 30 25 16 25 22 25 19 42 26 26 17 23 31 24 30 26 25 26 21 25 31 28 24 24 24 35 19 21 27 28
19 30 30 20 22 25 32 21 27 16 29 19 26 29 15 22 20 24 31 38 31 22 16 29 26 25 26 29 31 30 18 20 28 19 35 29 29 22 21 26 22 17 23 24 32 17 17 24 18 20 38 16 25 23 25 18 24 20 18 20 29 24 29 25 26 22 23 14 19 21 20 13 26 33 16 27 14 29 24 31 22 26 35 27 27 26 23 23 35 16 31 15 28 17 21 16 35 25 19 22
28 31 28 29 29 32 8 19 28 15 28 28 21 13 23 20 23 16 16 25 24 24 24 24 34 32 20 34 20 35 28 30 28 25 17 31 28 30 28 21 31 23 23 24 24 26 18 33 22 26 23 22 28 21 23 27 28 29 27 19 24 33 30 34 17 20 18 16 25 21 22 31 20 21 28 36 21 23 26 25 22 25 28 25 30 28 34 27 22 37 31 39 27 30 10 27 12 27 18 29
25 21 19 22 23 29 22 25 33 24 18 33 22 34 27 28 26 31 28 26 31 31 15 21 27 26 20 27 26 25 18 24 24 22 35 19 25 23 28 20 19 19 26 24 19 22 28 28 23 24 28 29 23 33 21 20 23 39 25 27 26 20 23 22 20 28 27 19 18 25 26 26 16 29 25 22 27 27 27 26 23 23 24 20 26 26 15 25 24 25 23 22 21 22 27 30 21 26 31 26
23 23 20 25 32 19 23 32 19 23 39 31 27 33 35 20 24 27 26 26 26 15 26 15 22 28 22 27 21 23 25 31 22 22 26 25 29 23 27 31 24 27 24 30 24 17 27 18 19 25 23 22 28 23 20 25 27 31 30 25 24 20 31 23 24 36 24 26 30 19 26 35 22 26 18 20 26 28 14 21 22 27 19 21 27 34 19 25 21 29 29 36 26 15 32 27 27 30 20 18
16 24 20 24 24 24 33 28 21 25 27 15 29 26 24 25 22 23 20 14 31 29 27 18 22 34 30 23 30 28 26 22 20 27 22 18 23 21 36 23 28 25 18 28 35 24 20 25 32 34 20 24 28 17 21 26 27 26 23 29 21 29 30 35 25 26 19 27 24 34 25 25 26 24 20 23 25 26 24 19 25 24 25 22 26 24 18 23 26 21 20 25 27 24 14 28 20 26 25 18
25 29 22 27 29 26 15 33 24 30 39 18 35 30 30 21 21 20 26 31 25 28 27 19 24 27 33 32 25 26 20 21 16 24 19 19 17 22 19 29 30 24 28 20 16 32 21 20 27 22 20 31 31 21 16 24 23 24 24 29 28 22 24 15 19 24 33 27 26 28 30 22 26 15 27 27 25 25 18 16 28 31 26 18 29 28 16 35 22 28 27 29 31 26 27 24 31 19 23 29
23 30 24 21 22 17 22 21 34 25 18 18 22 15 33 15 24 38 26 23 17 21 15 22 30 19 20 28 17 30 25 26 15 27 32 29 25 23 20 34 20 22 28 28 25 24 20 27 21 23 29 23 20 34 25 19 25 19 22 20 23 11 29 22 25 25 27 26 21 26 24 27 17 23 20 40 25 26 33 24 21 26 25 30 18 19 27 18 23 23 20 29 25 27 22 25 20 24 20 23
28 26 38 30 29 17 25 24 18 25 22 23 28 21 24 28 28 29 33 33 38 19 24 20 23 25 33 22 26 22 30 24 45 28 20 25 20 27 29 23 31 21 21 30 29 29 15 30 25 31 30 20 19 22 24 24 29 19 31 29 30 25 24 26 34 26 26 27 18 37 21 28 22 27 23 23 23 21 21 23 28 30 26 28 13 32 26 29 27 33 21 34 24 29 22 25 26 28 37 23
33 25 23 17 28 9 21 24 31 27 31 17 21 25 24 31 35 28 27 29 21 22 23 15 29 27 20 28 25 23 30 21 20 28 24 29 24 19 20 26 24 26 23 16 18 33 24 23 18 20 22 24 23 21 25 19 21 24 22 26 35 25 15 34 28 19 28 14 16 29 31 19 21 26 24 24 27 24 21 27 27 17 29 23 20 20 24 24 18 28 25 28 20 31 29 25 18 27 33 28
28 24 23 25 19 18 27 19 29 20 24 21 29 23 25 24 30 20 28 18 22 27 33 25 25 23 23 22 29 18 22 26 22 19 23 18 35 27 25 27 31 20 28 17 27 22 24 23 21 33 32 23 20 25 26 20 31 27 17 34 27 26 18 21 23 27 25 21 29 19 31 25 29 24 22 24 32 23 22 30 24 23 25 28 24 17 23 22 20 21 28 29 25 19 23 31 20 24 30 27
31 24 29 21 27 27 20 26 24 26 30 28 25 24 30 35 30 25 26 32 22 27 21 21 13 25 20 19 21 22 21 20 20 21 25 22 24 26 26 25 36 32 21 16 26 24 20 22 22 24 23 26 24 19 23 20 22 27 22 27 20 29 21 22 29 23 27 28 23 27 25 33 17 31 26 24 23 29 23 37 21 20 23 28 20 21 24 30 20 25 25 35 23 26 24 18 28 22 27 39
19 22 19 26 17 24 23 30 19 29 17 31 30 23 22 28 22 18 25 31 34 28 26 22 27 21 24 16 17 30 20 24 22 28 27 23 21 30 17 16 28 20 19 24 29 24 20 29 29 26 21 26 21 18 22 30 17 22 32 36 25 18 23 27 25 29 34 35 28 28 21 32 19 21 32 22 27 31 26 24 32 27 25 26 26 26 30 16 21 23 24 21 36 28 21 18 27 33 27 31
25 27 16 24 27 34 25 29 26 31 21 28 26 24 17 30 23 39 20 18 17 28 25 26 33 29 24 18 23 23 32 30 29 27 16 25 28 21 31 29 28 25 26 26 21 27 22 27 24 26 20 23 24 18 18 17 24 28 21 18 30 18 23 23 19 25 37 15 32 24 18 30 21 23 21 21 29 27 28 22 25 21 27 26 42 22 30 21 20 22 24 24 22 22 26 16 19 19 37 21
21 21 22 29 27 24 27 25 31 26 28 18 24 31 26 19 24 22 23 20 21 25 20 26 33 28 37 18 19 32 17 21 19 28 18 18 24 21 28 26 29 17 23 20 23 21 27 23 25 26 26 25 28 17 26 20 27 17 26 24 21 28 26 28 23 25 25 22 29 15 21 25 28 19 35 24 22 22 21 24 31 23 34 31 16 25 29 28 13 18 18 22 16 22 27 21 18 17 25 33
16 22 23 31 21 25 18 25 28 19 22 25 33 25 23 20 35 20 22 28 30 29 25 23 19 29 25 41 18 22 20 27 17 25 27 21 23 26 15 20 25 18 31 19 17 27 35 20 21 33 21 30 21 26 32 18 28 22 28 25 24 41 19 22 22 29 25 32 26 25 25 23 23 12 33 22 29 26 30 22 27 31 28 12 34 30 17 21 26 20 26 18 40 31 22 39 22 26 17 24
23 21 39 25 17 29 23 37 20 27 17 24 21 16 20 19 31 30 23 29 26 28 31 29 38 23 27 21 27 23 31 22 17 17 33 27 19 18 23 36 24 24 22 21 30 22 30 15 26 24 23 18 24 15 26 23 27 24 21 25 29 39 16 26 26 27 19 22 26 22 28 16 17 24 27 34 34 21 30 29 29 22 27 16 22 30 15 26 29 25 23 25 30 29 23 25 28 24 23 17
26 20 26 14 37 12 21 27 25 19 23 26 24 21 20 22 27 22 20 18 42 18 20 21 15 25 22 27 25 34 22 21 32 31 35 17 19 32 21 30 22 20 17 22 31 25 31 17 37 34 30 34 24 26 28 28 25 23 23 21 21 29 29 27 27 22 36 17 25 33 23 31 23 47 18 27 24 23 22 14 32 28 21 19 35 20 25 26 19 28 22 28 14 34 30 22 18 24 22 23
20 19 25 24 26 39 29 28 19 23 19 22 29 17 34 21 25 23 24 22 22 21 28 24 18 16 23 18 34 25 19 29 30 24 27 21 28 16 31 22 24 30 28 26 19 29 18 24 22 23 24 21 23 35 29 27 27 22 28 26 18 22 27 23 21 26 26 28 35 27 24 26 21 27 21 25 17 32 23 29 18 34 30 25 22 31 26 19 10 32 18 23 24 27 25 18 28 24 18 20
27 29 23 23 19 14 27 27 24 11 28 26 24 34 29 20 30 19 28 28 24 25 26 17 21 31 26 18 24 18 33 27 24 31 20 28 32 25 20 22 29 25 25 29 22 25 27 29 39 29 28 25 23 17 15 27 26 17 17 23 20 19 20 23 21 29 22 27 22 25 27 23 18 21 21 28 14 24 18 22 15 16 26 18 32 25 29 24 27 29 24 28 23 29 18 18 25 15 24 23
22 20 22 23 26 26 17 30 33 28 23 28 26 23 17 19 23 15 19 26 18 20 27 23 24 20 26 16 23 21 26 38 21 24 23 27 20 19 30 25 38 21 25 27 30 24 23 25 24 23 16 20 30 25 28 18 22 26 28 20 26 28 20 21 28 25 30 23 31 25 31 24 18 30 24 25 34 18 28 18 23 38 22 23 24 26 28 18 17 22 23 39 25 22 22 38 16 28 16 20
26 28 22 24 34 25 21 28 19 31 22 33 20 36 21 20 20 20 25 26 24 17 31 35 38 33 26 26 27 24 22 10 26 27 33 26 16 30 27 31 24 28 25 18 25 21 14 23 30 31 15 24 25 37 30 20 20 23 24 26 28 26 25 27 21 21 33 16 19 18 20 25 30 30 30 27 28 37 21 32 25 26 27 15 26 19 30 30 30 24 28 26 24 24 24 29 17 17 35 24
22 25 32 20 33 19 18 23 22 34 17 29 28 25 20 23 31 28 24 21 30 21 25 25 22 32 18 14 27 25 29 27 19 29 19 24 15 26 23 30 17 22 23 39 17 23 21 29 29 23 17 18 24 20 25 25 20 24 24 18 15 23 25 21 24 22 23 24 24 23 23 20 24 30 24 16 29 21 23 21 39 25 21 25 18 26 27 24 25 23 17 18 25 24 27 26 21 22 22 25
22 26 21 31 19 18 25 31 24 33 28 26 24 17 32 24 27 23 31 25 34 37 24 28 29 18 19 27 24 10 23 24 25 25 24 23 27 25 26 27 24 26 24 32 20 11 22 24 27 37 27 22 24 24 18 19 22 27 31 21 23 17 22 15 29 30 29 34 33 29 21 25 21 25 21 31 26 31 24 27 23 30 20 21 26 26 26 23 26 22 20 21 20 21 18 18 17 18 21 22
29 29 22 22 24 25 29 27 26 24 22 17 19 26 24 28 23 29 28 21 22 29 25 12 25 19 25 19 27 27 22 23 22 25 27 31 27 35 20 21 19 21 16 29 21 30 27 22 35 21 27 22 18 20 21 15 17 19 29 25 19 26 22 35 29 29 25 25 17 19 21 15 20 22 30 25 25 25 26 22 40 20 21 17 20 23 22 33 24 14 34 19 25 20 18 23 33 24 17 22
24 29 26 15 37 23 28 23 27 22 33 21 8 26 28 40 25 24 26 24 25 32 26 19 24 27 18 31 31 25 20 21 13 27 20 23 26 27 26 29 29 26 17 12 21 31 27 26 18 25 26 26 22 16 25 24 22 12 17 28 24 22 22 18 17 17 21 19 26 30 25 21 21 27 21 20 26 21 27 25 24 27 27 20 27 27 25 27 30 19 18 33 28 35 16 23 17 21 21 25
21 20 18 19 22 40 31 21 19 34 16 26 20 31 30 21 21 35 18 20 40 29 15 17 33 30 28 21 14 21 27 23 24 20 24 30 18 30 30 25 24 24 27 31 26 30 23 19 37 28 23 28 33 23 21 33 35 24 19 38 13 38 26 33 18 30 20 28 23 25 37 28 23 26 28 41 33 26 20 27 31 24 25 17 29 25 22 19 19 30 26 21 20 23 26 20 23 28 20 22
24 29 29 36 19 18 26 16 25 22 29 24 27 23 26 21 31 22 26 23 25 24 39 23 21 18 22 23 23 18 23 23 22 19 20 24 29 20 31 22 15 29 22 23 26 24 19 22 24 28 25 29 21 22 26 26 22 24 15 25 24 37 20 33 25 26 24 16 27 25 23 21 29 16 26 30 29 24 27 21 25 23 18 29 32 27 19 35 21 21 20 20 24 18 19 30 24 21 23 25
25 28 35 32 26 24 25 16 30 27 22 29 23 23 21 27 28 25 27 34 23 19 26 35 28 34 27 26 32 11 23 21 28 30 27 28 20 36 20 18 21 22 18 23 19 24 17 29 23 21 23 21 31 35 21 19 25 21 24 18 21 25 30 18 29 16 26 19 18 24 23 24 18 28 29 16 28 19 18 21 32 23 35 36 28 16 26 30 29 23 33 18 23 26 19 33 20 22 26 18
27 27 23 27 34 23 18 24 20 28 25 25 20 20 35 26 31 21 18 27 23 29 25 30 22 28 20 31 27 26 26 29 16 28 28 32 19 20 29 23 20 24 25 18 29 22 27 25 41 17 19 19 25 29 24 18 29 21 33 34 31 26 25 33 25 25 27 29 19 20 29 19 21 21 22 28 26 21 21 22 25 38 33 23 22 21 24 20 22 30 17 15 26 26 32 19 31 26 21 26
30 24 29 30 17 31 24 34 19 14 30 33 30 27 23 18 24 33 24 15 27 16 24 26 27 19 29 32 26 24 28 18 17 27 22 19 19 29 33 21 17 22 24 26 17 19 28 30 20 31 16 29 20 25 20 24 29 32 24 27 24 25 25 23 23 19 26 21 30 29 28 31 22 14 23 29 26 32 17 27 20 25 33 29 22 18 10 22 13 26 24 22 12 33 27 26 15 26 26 20
23 26 25 20 31 22 16 25 39 23 49 20 23 27 25 20 29 25 24 21 32 27 28 25 31 24 32 18 21 28 22 26 26 31 16 24 22 32 24 22 24 26 16 24 29 21 20 21 22 18 16 13 16 22 29 19 24 15 29 22 23 29 28 29 35 28 24 18 22 23 22 14 23 26 19 27 25 22 19 24 26 12 27 12 24 23 29 24 30 17 32 26 15 25 38 25 26 25 29 32
28 26 29 38 29 22 20 24 27 28 23 23 30 21 32 30 30 30 19 24 24 23 28 34 23 21 20 23 28 15 21 33 21 26 25 20 23 22 25 23 17 30 24 21 20 13 25 27 21 23 24 21 21 24 29 25 28 37 23 24 21 19 27 32 27 18 19 21 33 20 26 36 22 19 21 29 26 32 26 20 31 27 26 27 27 29 12 19 24 31 9 20 27 22 17 18 21 28 30 28
22 34 23 18 9 24 22 31 27 20 23 22 19 25 36 26 23 23 23 23 30 29 21 17 22 24 26 21 28 28 24 18 19 24 16 21 22 20 21 28 20 24 17 18 24 28 27 29 28 23 33 29 23 23 27 26 28 26 27 24 24 16 18 29 22 17 27 25 34 21 20 16 22 25 18 26 23 35 18 25 32 26 19 18 21 24 18 24 19 23 22 23 21 25 25 17 24 23 23 21
30 32 28 15 23 25 22 28 24 31 31 24 25 28 23 27 20 28 23 19 31 27 23 21 21 28 21 22 19 29 25 16 18 27 25 27 27 33 21 32 23 18 34 24 30 21 28 31 30 25 17 23 18 28 28 32 26 25 22 30 30 25 24 31 17 24 24 30 26 30 24 23 28 20 23 19 30 25 28 27 15 42 27 20 31 20 18 22 21 26 19 25 28 24 38 32 27 22 23 23
23 24 25 13 30 22 15 26 33 31 30 24 32 18 24 26 26 28 24 28 22 32 24 26 27 30 20 28 25 18 21 24 23 27 23 22 25 25 28 21 27 26 25 29 24 24 29 26 16 17 16 24 17 20 27 22 14 18 28 15 20 28 30 32 16 23 25 34 22 19 26 28 32 31 27 29 24 19 26 16 19 24 22 27 22 22 24 20 27 18 22 30 21 22 35 23 21 15 22 26
14 23 25 22 22 23 14 24 17 26 31 19 27 17 22 29 21 18 22 25 33 23 19 25 32 25 27 26 28 25 31 19 18 22 16 30 26 19 35 27 31 26 24 25 19 28 21 22 23 21 18 18 20 25 9 26 33 17 32 33 12 29 32 24 29 29 25 21 27 27 22 29 18 28 26 40 22 18 21 18 19 34 27 22 25 24 24 24 40 27 16 17 21 24 24 24 21 22 8 20
27 33 14 22 19 17 12 5 17 15 12 10 19 14 18 8 11 17 10 10 11 13 9 19 11 11 8 11 14 13 9 12 16 16 19 13 10 11 7 17 7 11 12 12 11 10 18 13 13 9 11 11 17 6 10 11 9 12 8 8 19 17 12 11 12 12 12 17 11 9 11 10 14 11 12 11 13 8 12 13 13 13 15 11 8 9 9 17 10 13 12 10 9 14 17 14 18 14 14 13
9 8 12 9 7 8 11 11 9 12 11 9 13 12 15 8 14 9 8 15 14 12 13 11 9 20 8 13 13 10 10 13 10 8 9 11 11 13 14 11 14 14 12 15 8 14 14 16 9 13 10 10 8 9 10 8 11 9 14 9 11 11 12 14 12 8 18 14 9 11 20 12 5 13 10 11 11 15 12 14 11 10 8 10                
