0.444444444444444 2369 16 21 25 26 19 14 12 13 24 18 13 34 25 21 16 19 16 25 9 31 19 25 22 23 12 21 19 24 14 16 11 19 13 24 26 28 18 20 24 13 17 32 18 14 20 13 17 22 10 22 22 19 15 20 17 13 13 18 17 17 14 24 15 21 13 23 24 18 21 22 24 24 18 21 21 14 19 24 20 17 27 18 16 22 23 14 18 17 43 31 40 31 19 18 19 14 16 28
16 17 16 25 15 24 21 19 21 17 15 17 13 22 22 13 19 11 16 13 18 13 24 12 14 18 12 17 13 18 16 19 15 19 27 18 22 22 22 25 23 17 17 18 21 17 9 23 17 16 16 28 18 21 16 19 14 22 20 19 22 23 21 20 13 24 19 19 18 18 21 17 20 13 23 20 24 12 20 14 13 21 20 20 20 26 18 27 10 27 19 26 23 15 17 20 23 19 25 20
17 14 15 13 20 21 26 16 14 19 20 23 24 24 22 21 21 14 19 17 20 14 17 26 17 18 20 13 19 18 21 27 23 16 24 22 24 23 14 16 20 25 19 17 21 22 25 25 24 16 11 22 24 23 12 18 13 17 25 15 18 15 23 18 23 14 16 19 24 15 18 19 13 18 20 14 26 32 23 13 15 23 22 23 14 17 12 20 17 21 20 20 19 18 20 14 15 26 17 14
23 16 20 18 17 24 18 21 17 18 16 21 19 25 22 17 18 21 17 18 14 19 10 11 26 22 18 20 21 16 13 20 19 16 16 16 24 24 26 21 14 16 15 15 17 22 22 21 24 26 19 20 20 13 17 22 26 19 13 19 26 30 30 27 15 17 20 18 19 15 22 20 20 16 14 22 17 20 26 17 24 20 16 15 9 25 24 19 18 20 20 19 21 13 21 16 16 16 22 16
19 15 19 12 15 17 19 16 17 25 14 24 17 17 20 18 15 22 21 21 16 23 16 22 21 12 20 14 18 17 16 21 16 15 18 11 11 14 22 21 13 20 17 8 22 20 19 21 10 19 18 21 23 11 19 23 15 22 18 13 17 21 21 22 24 14 27 12 27 22 13 21 16 22 11 20 22 17 17 24 14 11 22 19 16 22 21 19 20 12 12 18 17 14 15 16 19 24 12 22
16 17 13 15 7 24 19 17 16 15 19 16 19 26 27 27 24 12 20 16 19 16 18 17 17 17 21 18 23 16 9 16 20 17 23 16 19 20 11 27 16 16 13 21 25 21 19 19 16 17 23 17 19 15 11 22 13 15 18 18 23 14 20 20 14 19 17 19 19 18 18 16 21 19 18 25 34 21 20 21 20 23 22 16 19 25 19 22 10 19 19 23 21 16 21 19 14 26 22 19
19 15 14 21 16 25 18 19 13 20 29 13 16 15 24 18 12 21 18 18 20 18 14 12 20 18 17 18 19 14 13 13 20 24 17 12 23 15 17 21 16 17 21 17 19 28 19 13 22 12 24 13 17 19 17 28 17 15 12 29 17 14 10 15 10 12 16 22 19 6 22 10 18 15 23 16 30 19 17 28 10 24 15 16 32 16 17 17 17 13 23 19 27 24 16 21 22 30 17 18
19 18 24 16 19 19 21 28 27 11 24 25 25 20 20 11 28 20 17 24 22 17 17 19 27 20 23 20 17 22 24 18 13 15 19 19 18 16 13 20 21 20 14 20 28 21 27 20 26 15 19 18 16 23 14 17 20 24 16 22 13 17 12 23 20 18 21 19 21 16 12 10 22 22 23 27 15 12 19 21 22 17 12 22 20 22 18 16 24 20 20 17 22 18 21 24 21 15 15 18
15 27 16 17 19 17 19 12 21 20 21 17 22 26 18 10 16 17 20 14 24 15 26 24 20 13 17 23 20 18 17 28 14 18 23 21 18 17 12 20 13 16 14 20 20 14 18 17 19 20 20 15 24 16 20 18 19 20 18 18 17 18 13 19 21 11 15 21 16 28 15 17 22 18 14 17 14 22 11 20 21 13 19 16 12 24 14 20 16 18 20 20 18 17 24 24 14 24 13 20
15 14 17 13 11 21 17 15 18 14 18 21 26 31 18 20 13 17 18 12 20 25 22 16 19 22 22 14 15 19 24 20 14 14 22 17 26 16 20 17 18 22 15 17 17 23 20 15 17 17 16 24 15 22 17 17 18 15 15 16 25 13 17 24 17 15 22 22 21 14 21 17 24 14 12 25 22 19 16 25 15 19 23 19 14 21 25 17 26 20 19 22 18 14 12 20 16 15 28 21
16 21 20 19 17 20 12 23 20 12 21 13 10 30 26 12 17 24 21 21 24 15 15 15 17 19 29 14 21 19 17 17 22 20 16 24 25 19 17 18 21 23 20 15 24 16 17 16 22 10 15 25 23 10 24 13 21 20 24 19 19 17 20 19 17 16 23 15 18 29 24 20 22 16 19 17 15 19 12 12 15 13 13 15 19 22 11 22 16 14 27 15 17 29 18 17 13 26 12 24
14 15 15 21 22 15 21 21 15 15 29 25 20 14 13 30 18 15 19 18 21 18 21 19 15 18 20 19 17 12 20 18 15 16 27 28 18 14 20 15 17 18 19 21 19 12 18 20 23 18 23 15 17 21 12 25 21 13 13 28 17 16 15 16 19 19 24 22 23 13 16 15 15 20 17 23 24 16 18 21 12 21 21 20 18 18 26 15 24 14 17 20 22 19 23 17 19 12 18 20
15 22 19 17 18 15 16 21 26 14 17 14 22 17 25 24 19 14 34 17 19 20 16 16 16 15 15 24 11 19 18 17 10 18 9 19 19 21 24 9 18 17 21 28 18 18 22 27 15 13 17 16 12 31 23 23 14 10 17 17 21 17 13 21 16 14 13 23 21 27 19 18 15 16 19 11 18 18 26 19 19 19 18 17 22 13 14 20 20 21 17 26 19 20 26 23 21 26 14 20
16 18 19 23 12 26 18 17 16 17 15 18 15 15 18 15 27 18 21 23 12 9 14 15 14 13 18 18 25 26 11 15 26 16 16 20 20 16 20 14 20 25 21 23 26 13 22 19 11 18 24 22 19 19 12 21 18 16 19 14 17 22 18 16 16 18 26 17 22 23 21 14 24 20 22 17 24 16 15 29 17 25 14 11 22 19 15 20 32 20 20 20 29 18 15 16 18 17 28 26
20 19 23 25 18 18 16 17 20 17 13 14 24 20 17 22 20 11 24 24 20 19 17 14 19 16 24 16 17 20 27 22 12 16 16 20 17 19 17 15 23 24 14 13 29 20 31 25 21 21 12 15 16 15 21 22 17 15 17 18 26 23 20 18 17 19 17 23 27 22 20 21 16 19 25 22 20 20 21 5 5 15 20 20 16 17 21 8 14 13 18 21 22 17 15 23 22 18 21 23
19 20 21 25 23 26 14 14 18 20 21 22 20 20 14 5 18 14 15 15 15 10 18 14 18 27 16 19 12 20 11 15 18 17 18 15 19 21 15 17 22 17 13 22 21 19 28 21 18 13 19 15 13 26 15 22 15 15 17 19 23 18 11 17 16 20 19 18 14 17 20 18 18 17 17 20 17 16 17 17 16 22 18 16 11 18 26 18 14 8 22 20 21 23 21 25 21 23 17 19
25 16 19 27 12 20 24 26 14 14 18 16 15 15 12 24 19 18 25 22 24 17 23 22 16 17 15 10 25 15 18 14 19 22 17 18 20 14 18 15 15 27 18 12 18 19 25 27 17 21 20 21 18 12 18 17 23 16 19 23 18 15 13 20 14 34 24 21 15 14 16 13 17 16 17 20 23 10 17 20 22 25 24 10 20 14 21 21 15 24 16 11 19 22 17 16 14 15 19 25
18 18 14 15 15 30 16 21 23 26 20 23 20 29 17 23 18 17 25 27 21 16 16 24 18 16 15 25 17 16 17 9 21 21 22 23 19 22 17 37 16 18 12 16 18 17 24 21 13 12 16 20 17 15 22 10 18 19 19 24 14 18 20 16 20 17 17 19 12 22 21 25 20 13 13 15 11 11 19 16 27 13 21 19 19 15 16 13 20 19 24 15 21 18 22 15 21 17 18 22
15 15 21 22 20 26 12 11 21 14 12 20 25 17 13 23 19 19 17 27 20 22 21 21 17 24 19 15 14 23 23 14 19 16 21 16 19 11 18 26 25 15 20 22 24 20 22 20 18 25 19 19 17 14 22 20 11 24 24 19 23 20 15 25 18 24 16 19 18 19 14 18 19 14 17 16 16 17 17 17 21 19 20 21 17 15 21 19 24 14 23 19 17 22 27 23 21 21 26 18
15 17 28 18 18 15 24 12 12 26 24 30 15 11 17 22 16 25 23 15 26 23 24 16 16 17 13 9 23 19 17 19 19 28 18 16 13 25 19 23 24 12 27 28 17 18 10 21 20 23 12 19 20 22 15 26 23 20 17 24 20 17 17 25 24 19 20 17 16 25 17 18 26 23 10 11 16 17 18 19 20 21 21 16 17 19 19 16 16 20 20 23 14 29 19 17 17 24 17 18
21 24 27 20 23 23 10 18 10 20 26 14 15 25 28 15 17 18 14 26 14 19 17 18 18 16 14 27 17 27 15 26 18 19 17 25 11 17 22 15 20 22 15 8 21 18 13 19 17 18 21 20 20 15 20 19 14 21 18 19 19 17 21 14 21 18 22 18 19 17 17 18 19 22 18 20 24 11 15 18 17 18 18 9 16 22 13 22 15 17 17 22 17 18 24 24 16 15 23 22
21 25 13 21 18 16 21 23 23 18 25 12 18 15 19 18 18 15 21 20 20 16 21 13 11 18 24 17 14 21 16 20 17 23 30 15 16 15 19 21 19 11 17 25 8 20 15 33 22 23 20 28 16 14 23 26 16 12 17 17 21 15 23 14 16 21 20 21 19 21 17 27 18 20 21 15 17 16 16 15 17 16 22 19 19 17 26 20 24 14 15 23 25 23 19 22 23 20 25 26
21 13 27 24 17 21 20 4 31 22 14 20 22 15 15 21 18 11 22 19 19 22 21 24 20 21 21 16 22 14 13 19 19 22 14 13 18 17 15 19 18 20 20 13 17 20 23 17 16 21 25 18 19 25 18 20 27 25 19 18 15 16 30 15 26 5 9 10 15 7 7 6 10 6 5 12 9 8 9 7 7 9 11 6 9 8 15 10 15 8 10 10 11 8 9 7 12 9 9 9
11 9 9 13 12 7 11 11 5 5 6 7 10 10 6 9 5 10 12 9 11 10 10 8 15 13 12 10 11 9 9 7 11 7 16 11 5 12 9 11 9 11 9 7 10 7 8 6 7 5 11 6 9 11 6 9 10 5 7 6 7 18 4 14 7 6 6 12 7 17 26                             
