0.476190476190476 2987 30 18 20 17 23 27 24 16 16 15 28 20 18 20 14 23 17 21 16 24 11 14 18 19 16 22 28 22 20 16 16 24 20 24 18 15 19 20 22 25 20 19 20 27 23 20 17 18 20 20 20 14 25 11 25 21 15 27 23 29 21 22 18 20 17 23 18 14 21 11 24 14 24 16 28 18 11 15 23 26 14 29 23 16 23 19 18 24 22 14 23 15 23 19 23 15 27 16
18 14 20 12 10 55 18 25 25 38 21 26 47 20 15 17 16 15 33 26 19 25 23 16 16 23 20 15 17 20 29 18 24 15 22 19 35 23 16 19 15 22 23 16 26 18 15 22 22 16 21 22 20 13 21 20 18 25 21 26 21 22 27 21 16 22 28 12 15 19 16 17 15 31 18 15 20 18 17 15 20 17 16 18 16 9 28 16 13 22 10 15 18 26 18 21 21 17 14 23
13 21 22 20 14 22 14 19 23 24 19 9 14 18 23 35 20 19 25 16 19 18 22 18 9 10 25 24 28 22 18 13 16 13 27 16 15 17 24 23 32 24 16 26 22 21 23 13 19 14 20 11 12 23 19 21 20 13 15 22 21 22 17 24 20 22 24 21 17 20 16 18 20 19 12 19 24 12 18 23 20 16 15 21 25 20 19 10 29 15 20 23 13 27 24 13 14 31 13 17
21 18 26 17 24 24 14 24 17 22 31 28 18 14 5 20 26 21 23 18 16 23 25 25 22 27 18 28 26 18 27 15 14 16 9 12 16 19 13 20 17 30 11 29 20 18 17 29 22 17 14 23 14 11 21 15 12 19 20 26 20 16 17 12 14 22 15 18 19 19 14 20 18 24 22 22 10 22 14 24 14 22 19 18 21 8 21 15 23 25 24 22 16 15 21 19 24 23 15 22
26 25 16 13 29 17 24 15 22 16 16 18 20 19 17 19 18 30 18 23 21 21 24 17 16 21 19 20 18 20 25 19 17 20 7 15 18 20 24 25 16 18 21 21 16 17 13 21 15 24 14 23 19 16 22 22 17 23 10 19 17 21 13 20 18 25 16 24 14 19 23 23 22 16 20 11 18 23 26 30 13 16 16 23 14 19 17 22 15 19 17 13 17 19 26 23 17 19 17 10
22 25 22 19 29 24 23 24 19 16 22 21 21 19 16 23 30 29 21 20 28 15 21 26 17 26 17 19 21 23 22 11 15 17 12 17 23 18 19 17 19 16 17 15 14 17 21 26 20 17 17 14 17 23 18 21 20 16 22 21 23 20 17 18 24 25 16 23 12 17 17 16 19 20 20 29 24 19 15 19 20 14 23 23 22 22 19 10 22 23 20 26 29 25 20 22 22 23 29 19
24 26 19 24 7 13 26 18 17 9 17 21 27 31 12 8 17 13 25 28 27 18 16 18 29 21 26 12 14 13 21 24 26 25 16 20 24 16 29 26 14 21 26 17 24 21 14 15 12 19 19 29 21 32 16 31 21 17 23 21 26 23 23 18 18 17 20 14 21 20 22 30 15 28 17 26 33 13 21 17 21 21 21 15 21 18 16 12 16 15 21 14 20 23 21 21 12 19 14 38
38 62 40 46 21 29 23 28 29 26 23 21 28 13 25 19 22 21 31 20 17 24 20 18 28 23 21 23 21 13 28 19 29 28 17 23 19 13 15 13 18 27 23 20 23 23 22 15 11 24 26 18 19 24 18 17 23 21 23 23 22 18 18 21 22 17 12 17 25 32 25 24 30 18 23 36 20 21 18 27 13 13 24 23 18 24 28 27 15 24 25 20 23 15 67 23 37 38 45 20
31 21 22 20 25 18 16 22 11 28 7 31 20 35 26 16 20 24 15 21 13 12 17 22 19 21 24 22 18 19 18 25 20 15 22 11 27 19 21 15 18 20 11 11 12 19 11 21 21 14 25 15 20 14 10 15 14 15 19 25 22 17 16 15 26 23 24 25 22 25 18 33 23 20 24 19 25 18 16 18 13 18 21 18 17 17 13 14 17 21 15 20 22 17 26 20 33 21 23 44
21 17 21 23 26 30 26 17 19 25 28 30 16 17 25 31 21 30 20 15 16 26 27 22 17 17 23 23 13 18 15 10 12 15 16 18 21 25 13 19 18 20 20 15 18 15 14 19 21 18 16 22 18 17 24 14 19 23 17 12 17 23 18 16 22 22 19 21 16 16 15 20 26 18 18 19 24 19 14 14 22 19 21 23 21 19 18 16 17 17 16 23 23 20 23 27 19 20 28 19
23 16 18 17 20 27 21 18 12 17 19 21 23 15 14 16 27 22 28 28 27 21 24 19 20 19 26 23 17 24 21 24 25 22 22 20 23 19 23 22 16 17 22 19 24 19 19 22 22 17 22 27 13 18 18 23 27 17 25 16 32 17 21 12 19 20 22 26 28 19 26 18 20 22 27 24 22 28 19 20 20 16 21 16 19 19 17 24 29 31 25 18 25 22 25 21 22 27 27 20
15 27 22 22 21 27 33 24 19 27 23 23 16 26 16 21 34 18 13 16 19 7 26 20 12 23 17 16 24 17 18 22 20 15 29 20 24 12 20 24 17 20 12 18 27 24 29 17 14 23 21 23 21 22 15 26 15 19 17 16 11 19 19 29 23 23 21 17 16 20 14 19 15 19 15 15 23 17 17 16 24 23 16 17 17 25 14 19 20 18 25 20 24 10 23 25 23 18 14 17
20 16 11 26 20 23 29 19 23 16 28 24 18 24 20 21 21 15 21 29 18 29 18 26 34 23 18 23 18 22 13 20 26 23 13 21 28 24 18 17 22 24 25 16 19 16 13 16 16 21 27 21 23 29 16 19 15 25 15 11 19 13 20 20 28 11 24 19 22 19 16 17 28 18 22 15 10 21 14 18 26 24 13 10 18 22 21 21 17 12 13 18 23 20 20 17 21 27 23 24
19 10 23 21 19 27 15 28 11 19 22 14 22 19 21 23 23 22 17 16 16 30 23 12 20 28 22 28 19 16 26 17 17 19 17 22 15 18 35 22 23 26 18 22 17 24 24 19 20 33 18 23 24 23 22 20 21 23 22 18 16 19 23 17 24 18 24 19 17 22 25 19 29 12 19 21 19 30 29 26 17 18 19 28 26 24 19 33 21 20 23 15 17 19 25 17 21 23 16 20
20 17 16 23 17 20 14 16 9 19 19 24 26 14 22 24 18 23 15 16 26 17 31 20 22 19 20 24 17 24 11 34 21 31 28 15 21 23 16 29 29 25 27 28 16 23 22 20 18 17 22 21 18 15 20 19 24 45 50 37 40 57 17 20 23 15 20 18 13 20 17 18 21 13 21 18 17 31 20 18 15 19 22 18 26 29 19 13 20 20 22 15 25 22 26 28 26 16 23 9
19 18 10 18 34 19 22 24 25 21 32 11 19 22 18 15 15 21 7 21 21 15 20 28 16 18 23 22 17 17 23 29 17 23 16 21 12 26 15 17 16 22 20 14 30 20 13 16 18 22 15 16 26 17 18 27 26 25 6 15 22 16 27 21 24 25 28 20 25 17 16 15 22 13 33 12 25 20 16 21 13 15 21 20 7 17 20 27 19 11 20 20 18 23 20 20 14 23 18 16
25 16 28 16 18 19 20 12 13 23 20 22 18 20 14 21 19 26 28 19 18 21 22 15 22 24 18 22 22 22 12 20 14 17 14 27 17 17 15 24 25 12 30 15 16 15 27 19 20 15 24 20 23 12 22 26 20 23 17 19 17 25 29 15 18 23 20 28 22 17 20 14 16 23 8 22 21 26 15 18 22 20 17 20 20 18 18 18 14 18 20 16 25 16 13 15 16 18 19 23
21 24 13 18 17 13 22 13 19 22 26 21 20 21 17 14 21 15 19 17 14 19 13 28 21 18 21 22 22 21 29 11 22 24 16 11 17 20 14 24 30 24 15 19 12 23 23 16 19 22 22 27 17 26 17 17 17 15 23 21 25 31 20 24 13 20 20 22 13 26 26 23 19 23 22 22 24 21 21 16 21 19 19 20 15 23 20 14 11 21 16 19 23 18 27 14 31 22 23 19
23 18 21 17 21 28 15 21 22 21 18 17 22 11 27 21 20 24 28 17 23 24 22 23 21 26 17 23 23 24 23 21 23 23 24 21 21 15 24 19 27 20 23 14 26 14 20 24 24 18 23 16 15 19 18 21 31 19 20 25 21 19 11 20 24 11 23 16 23 21 25 21 23 20 19 15 17 12 15 23 13 6 17 22 16 16 21 19 16 12 21 19 22 18 24 16 22 20 18 15
12 24 25 23 23 18 22 20 23 25 22 19 20 18 28 23 17 20 23 14 19 14 22 20 19 20 29 28 30 13 20 22 13 20 20 17 18 16 20 20 22 18 24 23 25 30 16 15 24 16 17 14 21 25 24 19 20 15 24 22 9 22 16 19 20 25 22 18 25 15 20 21 29 21 16 14 16 17 25 26 24 22 21 20 25 22 23 15 17 26 20 18 32 15 28 28 23 17 12 16
18 26 23 17 19 23 20 21 21 26 14 23 18 29 28 16 20 11 16 15 25 27 27 21 24 18 24 12 14 24 18 17 21 20 23 23 17 21 18 13 20 32 18 22 26 13 18 14 17 16 12 14 21 22 22 19 18 23 27 20 10 17 20 17 25 18 17 17 15 18 12 20 19 17 25 27 20 14 19 18 28 19 19 18 27 29 21 24 20 26 21 21 17 29 23 16 17 18 23 18
21 21 16 20 19 21 17 23 26 15 24 23 22 20 22 18 28 20 16 10 22 22 22 23 20 19 16 21 24 13 26 16 15 21 30 18 19 24 17 22 23 21 26 14 29 14 14 16 8 16 18 27 27 13 25 21 21 24 18 27 22 23 25 13 11 19 14 19 20 16 16 16 17 13 26 18 11 18 20 26 15 23 21 16 20 12 17 18 22 23 28 17 23 21 21 16 28 21 20 13
18 25 10 22 23 20 11 21 17 26 18 11 18 20 19 15 14 21 19 13 15 25 28 17 16 23 22 20 17 13 23 25 20 19 15 21 21 17 24 16 18 13 24 29 19 21 20 19 19 25 21 18 19 13 21 22 25 21 19 23 27 23 21 27 21 15 22 14 21 20 15 19 34 16 19 9 18 26 19 19 20 22 28 16 18 25 12 21 27 22 19 19 16 16 22 23 19 21 8 22
26 18 18 19 18 20 19 22 22 26 21 14 26 17 19 13 20 21 18 21 21 15 18 13 14 26 21 25 19 22 17 24 17 31 29 17 16 20 21 19 20 24 20 19 17 24 30 16 17 22 18 20 16 21 25 19 22 15 22 19 19 17 24 16 27 22 22 17 15 22 9 17 14 24 20 14 20 19 17 24 28 19 10 18 11 17 32 27 17 16 33 16 19 18 18 21 17 18 25 16
28 15 19 16 26 23 11 16 20 19 20 25 19 23 27 18 19 19 16 11 18 15 26 15 23 18 21 18 21 17 11 24 24 17 24 16 17 19 20 21 16 12 17 17 17 12 20 17 19 20 25 19 7 21 16 20 11 23 18 19 23 21 18 18 16 20 18 13 23 26 16 25 25 27 23 28 15 14 23 22 20 16 20 18 17 25 18 16 29 17 20 13 15 24 16 15 16 17 20 26
24 22 18 14 17 13 21 23 14 22 20 27 27 27 26 26 19 19 16 19 28 14 24 20 11 27 19 16 27 26 21 21 21 25 18 25 9 10 26 19 22 19 13 18 14 15 24 23 24 18 16 28 15 18 20 18 18 21 17 23 35 26 20 18 16 20 22 24 24 24 21 11 19 20 25 28 20 16 19 27 19 20 19 24 19 29 21 21 15 27 9 20 17 11 19 25 14 19 12 12
27 23 29 12 30 22 29 25 24 23 20 18 21 24 13 20 21 23 19 24 18 25 15 28 24 25 20 21 27 12 12 18 23 24 21 19 13 19 19 14 21 29 20 17 14 23 14 16 22 18 15 22 16 22 11 22 18 27 35 24 15 27 25 16 17 21 16 18 15 24 18 24 23 22 22 17 24 25 21 23 22 21 15 22 16 23 14 23 19 21 14 15 20 19 21 15 14 22 25 19
25 26 21 20 21 14 28 31 25 21 24 15 12 17 14 24 19 25 22 13 19 14 14 21 16 21 16 20 14 26 23 21 26 22 19 28 12 28 23 17 26 20 28 21 25 19 12 22 22 19 20 11 21 26 21 16 19 23 20 14 16 16 18 21 24 21 23 20 20 15 22 11 15 18 18 18 28 19 13 22 21 17 20 23 14 17 23 22 15 13 11 18 19 23 30 13 35 19 14 25
17 18 22 26 13 32 12 17 22 18 21 21 19 24 10 15 21 24 24 28 15 28 15 23 25 20 19 12 14 26 10 18 34 16 17 12 17 16 19 29 11 18 27 23 29 23 20 22 21 24 17 16 19 24 16 17 18 30 14 9 25 29 24 8 16 8 6 11 12 19 8 9 8 12 6 10 7 6 10 7 4 10 9 11 6 12 11 10 9 8 7 13 7 8 8 8 11 8 12 10
10 18 12 11 12 17 8 7 8 10 10 6 9 7 7 11 6 13 11 12 15 12 11 13 7 12 9 10 5 9 12 10 10 13 13 9 6 6 15 12 14 10 10 6 7 6 10 8 10 4 6 6 10 11 6 11 5 4 7 10 9 5 8 10 7 12 8 6 9 7 17 10 8 10 9 9 7 9 9 9 13 14 9 11 12 4 10 5 18           
