0.470588235294118 3001 23 26 19 20 21 17 18 11 26 27 20 24 17 26 18 14 19 26 12 22 32 17 27 25 19 15 17 12 18 26 24 27 17 11 14 13 24 11 15 26 21 24 20 22 13 21 18 25 19 27 25 27 20 25 29 20 27 13 15 18 22 20 22 18 18 11 31 18 13 20 13 21 22 12 14 20 21 17 23 17 24 18 21 14 16 21 17 21 15 58 17 6 19 21 19 14 20 18
17 21 10 17 15 7 14 26 16 14 17 20 16 19 15 18 17 15 18 21 21 13 17 16 14 18 19 13 27 18 19 25 24 18 29 24 12 20 18 10 10 21 20 11 23 20 22 15 21 13 15 17 11 18 18 17 19 20 17 10 11 19 22 20 15 15 25 15 23 13 16 20 20 15 13 19 17 15 15 16 18 17 26 23 18 17 21 24 17 27 27 22 17 25 21 28 21 24 22 22
24 11 17 19 20 27 17 17 20 17 16 27 15 18 19 22 17 29 18 16 29 14 14 17 28 21 22 23 22 23 22 18 17 14 22 19 23 23 20 14 23 20 19 24 15 24 7 24 16 18 27 22 13 26 16 30 24 15 19 19 29 26 20 14 18 16 23 19 13 30 25 11 21 13 24 17 22 21 23 11 15 13 20 20 15 21 35 24 21 30 24 27 25 21 18 22 21 14 20 24
17 23 25 22 23 46 16 17 15 19 20 19 17 14 28 17 22 18 16 21 21 19 24 28 24 16 27 16 16 14 17 26 22 23 17 25 15 13 23 18 16 28 18 12 19 19 21 19 21 23 18 24 22 24 18 16 20 21 25 20 27 15 18 20 20 20 21 19 25 19 22 18 18 19 25 15 24 13 24 18 20 23 23 19 26 26 10 14 23 18 14 29 30 18 22 21 16 18 19 23
19 23 23 19 20 21 20 12 14 22 21 18 18 18 17 11 18 18 26 21 17 22 30 22 20 16 14 24 27 18 14 21 24 12 17 16 11 26 27 16 22 19 29 22 16 20 13 16 15 16 9 20 18 25 13 22 19 10 12 22 22 16 16 18 25 25 19 15 14 16 22 12 20 14 20 14 19 16 17 21 14 22 16 24 23 15 19 18 22 21 20 14 21 15 13 17 19 17 29 16
30 20 16 15 16 21 19 13 19 21 24 18 20 24 15 24 12 20 26 19 17 20 17 22 13 26 15 21 18 17 22 17 23 18 21 18 28 12 19 28 22 24 20 18 19 20 22 14 19 20 13 17 24 15 18 16 23 22 25 24 16 21 24 11 20 19 19 16 24 14 18 22 11 24 22 21 17 13 29 24 29 23 20 15 15 26 18 14 18 21 26 11 20 17 20 16 19 14 20 22
26 11 14 15 14 19 19 15 25 24 24 13 22 21 19 22 26 16 26 23 13 14 29 20 21 18 24 15 24 25 13 16 19 19 20 27 24 20 20 14 17 28 32 21 12 11 17 21 13 16 25 26 26 11 23 18 19 17 20 23 15 23 18 11 16 23 19 21 28 29 27 31 26 27 20 17 16 25 25 19 14 26 12 15 19 15 15 19 13 20 13 11 21 17 13 25 16 23 16 20
30 28 30 17 22 24 15 22 20 26 21 21 19 24 21 28 22 18 19 27 15 18 24 27 21 17 21 18 26 26 19 19 18 27 18 22 12 18 21 24 25 29 18 18 19 31 18 20 17 22 25 19 19 13 17 25 20 38 20 23 13 24 18 25 20 10 14 20 24 23 15 21 17 15 20 27 24 18 23 28 13 26 19 17 26 18 11 39 18 12 24 26 17 14 12 19 18 22 15 15
25 23 17 23 27 21 26 10 16 14 23 11 26 11 16 21 20 20 20 14 26 19 34 16 21 20 15 17 23 24 20 21 18 21 16 22 21 22 23 22 14 24 17 18 16 14 16 22 15 20 24 31 16 16 18 22 19 13 16 22 18 28 19 19 17 15 23 15 27 18 19 14 28 23 33 11 29 14 16 22 12 11 19 14 11 19 10 16 20 20 21 18 15 17 23 13 17 16 20 11
36 30 14 27 14 16 15 23 16 15 26 13 30 16 17 19 21 11 15 19 19 13 26 19 14 21 14 23 24 16 22 29 32 16 24 24 14 17 20 26 24 31 20 19 17 15 27 16 15 27 13 18 18 19 28 21 16 24 15 24 26 16 18 19 20 23 25 14 19 17 14 21 17 17 18 23 32 13 21 23 27 34 21 28 14 25 16 22 13 22 20 26 18 26 8 20 25 23 12 19
18 14 21 16 25 25 11 19 18 26 21 26 16 20 22 19 16 14 24 23 16 23 14 23 18 26 20 24 33 24 17 18 18 22 24 17 19 21 20 20 16 17 14 25 15 24 20 14 25 14 19 26 17 18 19 20 19 18 32 18 18 15 23 18 14 20 20 16 9 17 21 16 15 23 23 13 27 16 15 21 16 16 18 21 15 24 20 19 16 16 14 12 26 22 24 17 16 15 24 24
10 19 20 21 27 12 12 26 20 28 22 22 17 19 16 18 13 28 28 31 18 14 16 17 12 16 24 24 18 16 20 19 24 20 19 22 23 28 29 16 24 14 15 27 13 18 23 17 24 18 12 20 23 26 17 20 21 11 27 14 23 14 23 11 25 17 30 23 14 24 14 30 25 17 24 16 21 15 16 21 18 22 20 28 23 10 25 17 24 15 23 25 20 19 21 21 20 16 28 27
15 18 17 13 28 20 13 24 17 21 21 15 15 20 22 20 23 25 30 9 16 13 20 20 19 13 14 19 18 23 21 22 26 14 26 19 14 24 14 18 16 26 25 12 26 17 11 22 25 27 16 20 20 28 25 24 14 26 21 18 20 20 25 23 24 20 22 14 16 24 16 16 26 22 17 20 10 21 14 22 17 18 16 23 20 20 14 17 9 17 21 18 24 21 22 24 14 19 20 21
21 16 20 14 28 24 25 23 15 24 25 14 23 19 24 13 23 28 21 20 23 26 14 15 23 18 20 27 13 17 18 15 20 14 17 13 22 27 15 15 22 13 15 19 18 25 22 17 24 27 25 21 30 26 23 18 21 16 26 26 20 25 15 27 18 23 22 13 22 19 16 27 9 19 29 18 29 18 24 27 25 19 21 21 23 18 24 20 22 15 17 17 21 20 21 21 24 15 19 20
13 23 24 19 13 20 23 19 22 25 20 21 12 21 14 17 19 19 22 21 24 17 21 17 20 24 32 20 23 19 16 16 23 16 11 15 27 13 17 19 27 21 24 17 21 27 24 19 16 25 27 20 17 20 17 23 25 40 27 24 20 21 17 14 25 21 22 20 20 30 30 14 27 18 16 25 22 22 19 22 21 21 5 24 14 26 18 18 20 19 20 21 14 18 27 22 27 11 21 23
17 15 30 25 18 21 13 20 24 17 35 19 24 19 20 15 32 19 21 16 17 15 17 14 20 11 18 19 21 30 15 22 10 23 13 28 22 14 25 27 16 24 21 26 18 25 17 16 10 21 19 19 19 24 7 14 20 18 24 21 19 25 23 20 19 26 28 27 12 15 23 24 21 16 17 22 24 22 18 31 26 24 17 25 17 19 15 24 14 15 26 21 18 22 24 21 22 13 22 22
9 24 14 20 13 23 22 21 21 22 21 28 19 28 28 15 21 30 15 15 28 13 16 21 18 25 23 24 24 16 14 22 12 28 12 18 20 17 13 17 24 28 33 20 23 16 31 24 18 21 23 9 21 14 21 20 9 15 16 22 15 23 17 24 27 21 25 17 15 13 17 19 22 18 17 22 18 24 16 20 22 22 17 17 24 13 14 20 22 29 15 10 25 32 24 20 19 18 18 20
17 23 14 21 11 21 16 15 28 14 17 20 25 18 24 18 17 20 15 22 22 19 19 10 18 17 26 25 19 26 18 14 15 14 20 15 17 18 26 28 21 17 15 12 17 14 19 15 21 21 11 15 22 22 17 16 21 8 24 17 25 16 19 34 16 15 18 27 20 20 15 17 12 20 20 20 19 20 15 21 17 19 17 29 13 17 18 19 23 22 28 16 19 14 12 21 17 19 21 24
17 18 29 22 24 16 12 18 24 20 16 19 27 19 25 25 19 14 23 18 21 14 23 9 25 19 22 24 27 24 20 26 24 23 27 30 21 26 20 27 20 18 17 20 25 13 21 21 14 19 16 21 21 18 18 11 17 25 18 24 18 20 15 18 22 24 21 16 16 14 17 19 19 28 20 27 19 28 26 11 20 18 20 20 16 14 28 16 21 19 17 15 22 19 19 23 17 18 22 22
21 28 19 12 16 20 16 30 19 16 18 32 24 27 12 12 26 13 22 17 18 21 25 15 20 17 23 13 22 19 20 15 17 18 25 18 32 16 26 21 20 22 13 17 27 18 14 18 17 22 24 11 14 20 27 14 27 16 18 20 20 11 17 20 31 24 27 18 13 27 15 13 13 19 28 17 17 16 29 21 26 22 17 22 13 14 20 28 20 16 20 17 17 16 27 15 24 11 16 23
17 19 12 25 22 20 18 24 18 19 20 22 22 11 16 14 13 29 28 18 21 15 26 17 21 18 22 21 24 25 13 28 15 23 22 21 21 23 24 21 17 10 19 27 15 18 21 18 22 13 17 23 22 20 25 19 19 18 18 19 24 16 18 24 20 17 23 13 18 27 16 17 16 15 24 23 21 17 27 31 16 11 18 24 21 20 19 19 15 21 22 22 18 21 15 23 22 13 28 16
16 12 20 19 17 22 20 19 30 17 12 16 18 22 16 19 18 30 17 27 18 14 18 16 17 23 18 31 16 16 22 20 16 24 14 17 19 19 17 24 20 21 26 14 21 27 10 27 24 17 18 18 15 19 13 26 23 15 20 12 20 20 23 16 21 24 10 22 17 12 16 18 26 24 13 16 21 16 14 18 19 21 21 16 20 23 25 23 26 26 18 14 21 16 20 16 18 20 24 18
23 17 15 21 27 16 23 15 17 27 19 15 12 18 33 26 16 21 16 12 23 21 17 19 16 26 20 13 20 22 17 16 16 22 18 29 22 25 21 21 20 16 20 28 17 23 27 17 32 22 18 19 24 26 18 16 14 14 26 17 17 25 17 23 22 23 13 27 17 21 16 22 16 18 15 16 21 22 20 13 21 15 23 20 22 15 22 21 16 17 24 17 24 22 24 23 17 23 26 13
23 18 13 17 16 16 17 18 16 20 26 18 17 16 17 25 18 15 13 23 21 24 16 18 17 22 21 17 26 24 18 20 19 17 24 22 24 17 24 22 16 25 17 21 21 20 11 32 21 17 19 18 23 17 23 19 12 20 16 23 22 18 20 31 19 15 19 17 22 22 19 21 20 13 21 21 17 19 25 20 12 23 22 28 30 14 24 16 9 16 23 22 19 18 17 18 16 9 17 16
14 16 22 20 17 19 28 16 17 25 32 17 19 25 18 25 17 18 12 22 33 17 31 18 19 22 14 14 17 24 16 16 15 26 19 15 16 21 19 18 18 21 22 21 21 17 20 21 17 28 21 22 19 21 22 19 16 20 17 19 22 22 16 18 23 31 22 19 18 21 22 20 28 21 20 18 14 28 23 24 15 23 12 17 22 29 22 20 18 31 18 13 22 18 19 19 17 26 18 20
25 18 24 13 21 16 14 26 10 20 22 19 30 16 16 15 24 17 5 24 15 25 23 15 20 15 17 22 19 27 14 24 14 16 12 23 25 20 29 22 16 18 19 19 23 24 20 12 12 20 23 18 16 24 23 28 19 21 22 14 26 22 20 15 20 18 17 21 18 15 13 25 19 14 24 17 17 20 18 23 17 17 10 17 14 19 20 20 19 30 27 24 16 15 13 22 22 23 10 26
21 16 24 27 15 9 19 25 17 17 22 29 10 18 25 21 11 16 20 13 19 12 20 24 18 14 18 16 16 26 13 12 31 14 21 31 15 18 23 19 33 26 24 16 22 17 17 13 20 23 18 18 21 12 15 12 19 14 17 24 11 23 19 22 20 16 19 16 13 18 17 18 19 17 22 14 22 18 26 16 17 16 30 21 23 14 17 20 20 20 18 21 30 16 20 16 15 19 13 16
20 24 18 17 10 16 18 21 31 25 12 18 21 20 21 11 15 27 18 25 22 29 17 22 35 11 27 22 28 16 26 15 23 19 28 15 21 18 30 18 15 23 16 17 18 22 22 25 33 26 19 27 18 22 14 23 19 18 17 15 22 21 18 20 25 23 18 21 19 25 23 24 19 24 25 26 21 23 19 13 22 25 20 19 25 17 21 14 21 12 17 23 23 11 13 24 21 20 14 20
16 16 22 26 26 15 27 20 20 20 27 19 26 20 15 23 16 15 16 22 26 14 20 25 25 17 20 13 10 20 23 18 14 19 18 30 16 26 20 31 15 18 15 27 19 20 13 19 16 15 23 17 15 20 23 18 16 26 16 13 17 20 17 16 23 19 15 20 16 26 17 21 7 11 29 21 18 19 19 21 22 22 14 17 25 25 20 25 22 10 14 25 23 25 15 28 15 26 20 20
16 18 21 13 13 22 11 10 21 19 19 24 17 15 19 18 18 16 26 16 28 26 21 21 19 12 15 18 27 12 18 19 21 17 21 15 21 14 21 13 17 10 23 15 13 11 18 21 16 17 21 18 19 18 17 21 21 15 23 20 20 19 13 19 27 24 20 19 27 15 18 27 15 21 19 29 20 22 15 14 21 17 23 15 19 13 11 13 14 24 29 21 25 16 16 24 23 17 16 18
30 20 17                                                                                                 
