0.470588235294118 2997 22 23 18 18 18 22 23 26 31 20 28 21 21 25 20 27 16 24 10 31 25 20 20 28 22 13 30 22 21 23 14 22 24 21 21 11 21 30 24 19 18 23 16 13 17 23 18 21 20 22 20 26 15 17 13 15 21 21 27 16 21 18 23 11 18 23 21 17 23 16 20 27 16 18 20 17 20 18 21 18 18 34 29 23 23 19 20 19 23 22 20 15 17 21 12 17 16 26
21 20 28 23 29 24 16 29 28 22 23 31 15 25 19 22 20 16 17 21 14 21 22 19 26 16 20 36 21 24 13 21 28 13 15 21 19 19 22 20 17 19 15 27 28 13 25 24 15 26 23 22 17 17 16 26 16 16 22 21 18 25 19 23 19 12 25 22 20 18 19 21 16 14 28 16 24 25 24 22 18 30 25 10 20 19 16 24 25 19 25 26 22 26 22 19 21 23 20 26
14 25 25 18 14 24 33 30 23 22 13 15 19 26 12 31 16 24 24 28 20 24 23 19 18 15 24 9 25 21 15 32 24 18 24 31 13 18 22 24 35 26 24 24 20 19 22 29 13 14 16 18 25 16 27 25 18 17 50 21 12 21 21 28 21 20 35 28 24 17 20 26 27 21 29 28 19 16 18 18 31 28 15 26 8 22 22 18 22 19 30 19 25 18 18 24 18 27 30 22
19 9 25 25 22 12 11 28 18 22 33 25 19 24 23 30 21 18 20 24 20 23 33 27 20 35 23 19 24 23 28 20 17 15 31 21 15 22 21 25 18 23 18 10 17 27 16 28 30 17 13 18 19 22 13 18 32 20 17 21 26 20 20 19 24 21 19 22 12 25 24 23 26 28 20 20 18 25 20 22 20 34 26 33 22 19 21 22 25 21 17 29 26 20 27 23 17 22 18 20
16 15 22 25 20 14 28 17 26 24 20 22 23 27 26 15 18 20 24 16 29 18 23 22 24 25 16 27 14 23 20 29 23 19 17 21 29 19 22 17 22 15 20 22 24 22 23 24 22 22 22 15 18 14 33 30 22 16 25 18 21 24 20 27 20 20 22 22 31 21 17 19 21 22 32 29 30 18 29 17 19 20 24 21 22 20 32 25 17 22 20 14 27 20 29 22 23 15 22 21
21 21 19 26 19 25 15 24 17 21 19 26 23 22 24 17 18 20 28 21 22 25 29 18 23 26 24 17 21 15 27 20 20 19 30 21 26 27 24 24 19 14 23 21 24 26 29 24 23 16 28 18 21 14 16 21 23 25 17 19 25 24 17 14 17 12 17 12 19 23 28 22 21 23 17 22 23 26 25 18 17 25 22 23 23 24 29 28 18 22 21 18 22 24 20 20 17 18 25 19
26 22 26 15 26 19 28 23 18 27 24 20 18 28 25 24 23 25 30 18 23 16 13 17 24 22 13 19 37 25 26 7 23 22 17 27 15 13 20 14 19 18 19 20 15 21 18 21 18 26 18 21 22 16 16 14 16 18 26 30 23 19 28 22 19 22 19 25 12 25 23 16 14 16 22 25 26 18 21 20 16 19 24 20 28 21 31 17 21 23 21 18 24 20 17 16 22 18 23 19
20 23 23 16 14 23 14 19 19 25 33 15 24 17 22 15 14 20 22 20 21 16 17 18 20 24 17 21 12 14 20 17 21 31 19 16 29 19 13 17 20 25 21 23 16 19 16 16 27 17 15 24 11 20 30 35 15 17 24 25 28 15 14 22 22 19 17 25 24 22 23 18 28 26 29 14 16 20 30 24 22 26 23 20 17 18 19 21 29 25 20 15 17 24 20 27 28 20 17 20
32 24 17 17 26 22 23 15 22 27 16 17 30 28 22 23 17 21 21 16 24 20 24 19 16 33 17 21 23 29 25 13 28 33 21 23 30 29 18 30 30 44 30 28 27 15 29 19 21 14 24 33 16 20 24 24 21 16 20 17 22 14 19 16 27 12 23 21 32 27 21 27 23 27 18 17 30 19 23 21 32 21 22 20 18 20 28 18 21 20 16 21 21 16 15 29 22 16 15 17
33 20 26 13 27 22 28 21 18 24 20 27 25 27 23 19 21 13 21 24 22 21 15 20 29 28 27 22 26 24 23 24 20 20 30 27 20 21 21 23 23 18 20 30 10 19 13 22 18 15 20 16 39 20 21 23 26 18 20 18 21 21 19 17 19 27 25 12 20 27 25 21 22 11 25 21 19 22 25 22 20 20 27 19 27 28 22 20 15 20 25 25 18 16 21 21 17 23 28 16
17 21 25 18 21 13 24 31 15 24 19 24 24 20 31 20 29 19 17 16 24 22 24 23 23 18 15 28 21 20 25 20 24 17 19 18 30 25 27 15 22 22 29 23 19 25 27 21 24 24 19 25 22 22 22 20 16 22 26 10 21 24 15 21 19 21 20 22 28 28 21 28 22 17 22 26 21 18 24 18 25 19 33 32 17 24 16 28 19 23 22 23 20 24 15 20 24 22 19 24
27 23 22 29 22 21 23 26 25 25 26 19 21 24 17 16 15 18 23 17 13 35 15 21 17 17 22 11 22 26 26 27 16 23 19 27 27 18 30 23 23 22 26 23 30 14 31 21 23 18 32 16 18 20 32 29 29 26 23 18 25 26 17 29 20 19 15 20 20 22 29 27 22 19 13 12 25 9 21 17 14 20 24 18 32 34 19 25 16 26 26 22 30 19 24 23 17 17 25 27
21 23 21 27 23 22 21 20 17 15 22 30 16 16 19 19 26 29 19 16 19 25 21 22 23 25 13 15 9 15 22 19 19 16 20 20 29 23 24 21 28 28 25 24 13 33 23 24 18 14 28 20 26 30 18 19 28 22 21 23 24 17 23 29 28 22 28 19 25 18 17 18 17 21 15 27 30 13 25 21 20 28 14 22 19 23 21 21 18 25 23 19 24 17 18 28 25 20 27 21
22 16 27 23 17 18 28 21 25 19 22 20 23 18 20 9 23 20 34 18 25 24 22 30 32 20 15 19 16 23 19 21 19 16 18 16 23 17 26 12 32 19 27 25 22 17 27 27 23 26 18 24 12 20 20 18 18 25 20 17 19 17 20 23 16 20 18 12 25 16 18 21 21 25 24 22 12 26 21 23 23 27 14 15 21 18 15 19 18 20 28 23 13 18 25 16 29 28 21 36
24 26 21 19 24 22 26 22 21 21 18 26 17 21 19 13 25 20 26 27 16 13 19 15 20 17 21 23 26 17 15 17 26 19 25 19 19 15 21 14 29 27 22 21 26 13 23 13 20 24 24 13 30 22 23 25 19 16 21 34 17 19 17 20 25 16 18 19 18 25 22 17 21 20 20 18 20 19 18 23 11 25 20 18 25 28 20 21 15 32 25 25 19 28 25 23 33 24 23 23
20 13 19 13 18 15 27 25 15 22 20 21 5 27 27 19 19 31 25 18 20 15 24 14 17 27 14 21 28 23 21 25 22 23 25 25 25 27 19 27 18 27 30 68 47 40 38 47 20 18 22 17 21 18 18 26 31 28 27 30 33 13 17 28 22 18 22 22 19 31 12 28 21 24 24 31 22 25 28 24 28 18 24 23 22 20 17 23 30 22 20 26 18 22 22 30 14 21 19 28
30 25 19 21 27 24 24 18 24 14 22 21 17 31 21 17 21 24 25 19 14 22 20 17 16 27 18 19 17 15 13 17 15 15 25 19 15 25 29 27 21 29 13 22 29 26 28 16 18 13 24 14 28 23 23 12 20 21 26 36 15 29 20 22 28 18 25 30 15 27 23 16 18 20 30 21 22 19 23 14 25 17 16 30 19 17 21 17 18 24 15 17 15 20 17 16 22 25 20 19
23 18 20 30 15 15 11 21 15 18 21 27 29 23 18 17 23 21 23 14 20 23 31 24 21 21 22 22 24 13 18 23 25 21 15 21 18 22 16 28 22 13 28 16 22 25 20 22 28 25 22 26 19 20 19 19 12 13 20 24 23 18 24 19 22 22 27 12 21 19 20 18 32 17 26 22 22 25 22 20 19 28 24 22 17 19 12 25 20 25 18 18 17 23 28 22 25 20 11 23
21 22 17 14 25 11 21 20 19 25 20 18 24 11 25 18 21 25 15 24 28 23 25 31 20 22 21 18 25 25 18 25 23 29 20 21 15 20 22 15 17 21 31 27 18 34 26 24 34 24 22 20 19 20 19 24 26 26 33 20 25 17 25 28 22 17 22 21 24 13 19 20 29 19 19 21 12 19 16 20 31 20 25 17 22 15 30 21 20 18 11 28 20 21 20 12 27 18 20 21
23 31 22 21 36 19 31 26 15 25 17 18 20 24 19 21 25 22 24 18 29 29 13 20 21 12 25 24 29 24 19 23 21 23 18 26 14 14 9 15 16 20 27 29 9 26 24 22 26 19 28 20 19 29 19 15 12 16 19 18 20 19 18 22 20 22 24 17 12 20 32 23 27 25 30 21 18 24 19 20 18 21 26 27 13 24 14 18 17 23 33 17 24 32 24 23 19 23 22 11
14 17 18 19 31 24 27 23 15 17 27 30 17 20 23 25 27 24 20 18 21 23 21 19 26 24 27 19 16 16 17 30 29 19 29 18 19 18 22 28 32 20 18 20 22 24 25 23 26 24 21 19 13 20 19 24 17 14 21 21 25 25 23 19 28 19 19 12 26 25 19 17 26 19 20 24 19 17 16 12 17 32 20 20 18 22 39 22 20 23 21 19 26 26 19 22 25 16 17 30
25 22 22 22 24 17 15 32 17 26 27 19 17 27 14 16 19 27 18 23 22 16 17 16 25 22 15 16 30 29 16 19 10 29 20 19 14 22 16 22 19 20 26 26 14 27 22 20 27 18 22 27 24 12 33 23 17 20 25 30 35 15 22 21 25 19 12 19 23 22 17 19 26 22 24 22 12 20 23 13 21 21 14 18 19 16 22 24 21 22 22 26 17 22 15 21 19 23 29 21
24 21 25 27 19 24 27 17 25 24 22 19 28 23 22 19 34 22 26 15 23 24 18 17 27 19 19 13 14 18 14 20 17 20 23 18 20 16 25 17 17 21 16 20 29 17 17 27 15 22 23 23 33 16 19 15 35 18 26 26 24 15 23 28 21 14 19 18 25 32 23 16 18 15 20 13 44 19 19 13 17 20 14 20 18 20 21 15 20 26 14 19 19 23 19 23 24 32 15 15
30 16 9 23 18 14 29 23 25 19 15 18 19 19 12 25 16 24 21 20 27 14 21 22 22 16 15 25 12 16 22 15 22 25 19 25 20 21 20 19 21 17 13 21 16 26 24 24 23 22 11 18 19 20 17 26 18 30 19 22 23 22 19 16 22 26 19 23 20 32 14 17 16 19 20 26 24 25 23 21 17 19 13 15 17 22 12 27 22 15 15 21 14 17 20 14 27 21 28 18
17 11 23 21 17 24 18 21 15 13 21 17 26 22 19 21 26 18 24 33 24 28 24 18 30 21 23 12 21 17 24 25 18 18 12 8 24 21 17 14 23 16 19 23 27 24 20 19 28 12 24 21 22 21 23 19 19 17 11 23 13 13 18 14 16 24 20 19 30 34 18 21 22 22 23 22 22 28 25 22 18 27 25 22 15 23 33 16 20 20 19 15 20 23 17 20 22 21 20 22
24 23 25 22 30 24 25 27 22 20 19 23 30 24 28 20 20 25 22 21 11 24 17 23 15 23 16 23 23 26 24 21 16 21 15 23 22 22 28 23 18 20 19 24 14 25 22 16 26 18 23 33 31 21 23 17 18 21 14 20 22 20 23 26 21 17 18 23 18 17 18 21 26 19 19 23 13 16 19 20 17 18 18 23 13 23 25 19 21 17 17 21 20 23 28 23 16 25 25 30
25 14 26 24 20 18 19 14 21 19 16 14 26 23 22 21 21 24 28 24 26 19 28 27 15 24 18 15 19 20 20 26 23 25 25 16 22 27 16 24 20 24 23 21 22 27 26 29 23 22 24 22 20 25 11 19 25 15 14 17 25 30 26 19 21 22 27 13 25 24 28 18 22 23 22 14 21 32 19 21 19 27 16 24 20 16 22 24 31 20 13 25 24 25 24 26 22 26 19 25
24 24 24 13 17 19 23 22 22 22 24 19 20 18 33 21 22 24 25 23 19 22 20 19 17 16 19 18 21 24 27 24 26 18 16 20 13 23 17 24 20 15 18 19 16 13 24 23 25 16 25 18 25 30 16 24 20 20 24 18 25 23 21 17 15 17 17 15 15 20 19 26 15 22 22 16 19 18 20 17 25 23 26 21 20 10 19 22 26 14 23 23 26 20 23 23 20 18 25 23
22 14 21 23 23 30 22 8 27 22 33 24 15 21 19 17 25 22 19 33 16 26 27 19 17 19 27 16 20 19 19 29 26 20 24 18 17 18 23 18 26 22 10 20 28 13 25 29 18 23 22 24 16 26 24 24 17 24 16 16 25 19 36 28 26 26 28 16 20 23 27 17 24 19 8 13 11 9 13 11 10 13 17 8 11 9 12 10 10 12 15 11 10 11 13 13 11 9 9 15
5 10 7 8 8 10 9 7 10 10 6 8 8 6 10 6 7 10 9 12 12 10 13 8 8 9 10 8 14 10 6 12 14 11 15 9 10 12 11 10 13 7 14 13 11 12 7 7 7 10 8 5 10 14 12 11 11 12 7 11 8 10 10 10 17 12 17 8 9 15 5 12 10 9 9 12 4 8 11 16 12 13 12 7 11 17 6 6 11 13 13 13 7 15 14 11 7 10 13 
