0.444444444444444 2824 19 28 21 20 24 26 24 19 15 31 13 19 28 30 23 22 15 23 20 24 15 25 19 17 27 14 25 24 19 15 20 21 26 23 18 25 18 20 18 18 13 19 27 25 15 32 16 28 18 13 20 15 18 22 24 26 22 26 16 30 21 29 19 19 26 23 25 17 19 10 25 30 31 18 25 28 26 24 19 25 18 25 20 14 17 32 25 26 14 17 22 13 17 22 24 28 18 20
20 13 16 21 28 24 16 32 18 20 28 23 26 20 23 18 13 21 21 24 21 11 23 29 16 24 19 23 18 15 18 17 18 22 25 27 20 21 19 27 22 13 11 21 23 21 18 16 22 24 14 23 27 20 18 9 27 22 18 21 19 14 21 14 24 26 26 21 16 20 16 22 20 24 24 31 16 23 24 22 21 19 23 21 26 20 19 20 28 29 24 28 26 22 18 17 31 16 24 15
19 23 15 16 17 21 14 33 19 28 26 21 25 13 27 12 20 22 18 20 24 24 21 21 19 20 14 22 25 18 14 13 36 22 18 19 28 19 12 16 22 12 22 25 21 13 22 23 17 26 15 28 21 18 20 22 32 26 20 27 12 17 23 22 21 17 27 19 18 22 15 15 17 26 17 25 17 16 27 24 36 22 23 17 26 13 17 24 24 29 27 15 30 23 21 19 20 15 14 19
33 14 22 30 23 20 22 23 18 30 19 23 16 29 19 28 23 28 19 21 24 22 19 23 23 16 29 21 25 21 15 31 12 33 17 15 11 21 22 26 18 19 27 21 30 23 26 25 23 29 20 30 19 30 21 23 16 30 23 38 36 23 23 21 20 22 16 22 19 26 19 18 20 16 16 31 18 24 13 30 19 21 22 18 17 16 15 27 18 26 16 29 27 29 10 30 19 21 25 25
14 21 23 22 19 14 27 28 24 25 30 19 23 18 23 15 18 14 17 16 19 26 23 25 21 28 12 35 22 31 23 21 23 21 20 25 19 17 21 26 17 23 26 19 22 14 27 25 24 22 22 17 23 19 23 17 11 15 26 20 18 18 24 16 23 25 18 17 20 29 8 22 26 19 23 18 15 14 15 23 16 24 25 23 18 20 22 16 20 15 24 17 19 15 21 19 19 21 21 18
20 26 17 24 19 21 20 14 20 22 17 20 13 21 26 19 26 23 17 29 23 20 32 15 16 23 25 20 22 15 13 18 22 20 19 29 25 20 23 24 27 18 22 18 29 22 19 26 22 10 20 23 19 14 25 19 15 21 25 26 24 21 24 26 23 27 18 19 22 22 26 23 27 28 31 15 24 22 39 26 26 27 18 17 26 18 17 19 20 24 10 24 15 20 14 24 18 27 17 15
29 20 15 22 22 21 21 22 21 29 28 22 16 28 17 31 17 19 22 16 12 23 19 18 24 21 15 17 24 10 12 14 24 14 22 13 24 17 23 20 19 26 18 27 27 20 21 19 19 20 20 24 24 17 29 28 17 22 68 21 28 17 18 22 24 26 23 24 19 16 21 19 21 12 17 15 20 18 25 18 21 14 32 20 17 30 23 20 18 16 20 27 19 26 16 14 23 21 19 19
20 20 25 20 14 20 24 22 22 12 14 17 24 14 30 24 23 23 21 18 19 17 18 18 27 17 28 23 22 20 21 29 12 15 26 14 25 22 14 18 11 20 81 53 45 28 24 20 21 21 22 23 23 16 17 19 15 26 15 16 20 19 26 24 23 23 28 23 25 19 22 17 21 19 20 22 27 20 19 24 27 34 24 27 27 32 27 24 20 18 12 21 20 23 26 11 20 30 16 15
24 18 20 19 24 17 17 26 22 30 12 17 19 18 17 23 23 20 24 15 27 16 22 16 26 27 22 24 20 25 40 20 26 39 16 15 22 22 20 18 35 23 44 21 18 18 18 25 24 17 19 19 22 20 16 26 19 22 18 26 29 23 31 34 19 23 22 19 12 18 29 23 21 16 18 30 33 22 17 20 22 23 26 15 21 27 15 20 20 26 21 22 23 20 22 23 13 13 29 21
22 14 21 15 14 23 18 25 23 22 15 15 19 21 13 23 36 18 28 20 21 16 16 33 26 18 22 18 20 23 27 18 15 28 19 22 15 18 21 22 28 14 15 27 17 19 21 15 16 24 20 24 22 21 19 17 16 24 21 17 21 22 21 25 13 17 25 21 30 26 19 22 17 15 12 26 24 28 16 19 16 18 19 18 22 34 27 27 24 18 18 21 20 24 21 12 26 27 18 32
26 16 24 19 20 23 19 14 19 18 23 21 15 27 18 16 17 23 22 18 22 15 24 14 17 19 26 26 25 26 13 23 22 19 26 13 21 15 18 25 22 11 24 24 20 17 17 15 14 18 26 28 25 21 20 26 22 28 17 23 25 27 21 24 28 18 7 17 23 20 17 18 16 23 7 17 14 19 18 25 15 29 15 22 16 16 11 17 16 28 25 26 27 18 15 22 20 12 14 18
16 33 20 17 17 14 19 17 29 22 23 22 25 21 22 19 16 16 26 24 33 25 25 23 19 16 18 16 17 29 20 29 16 19 25 14 25 16 19 19 19 15 29 20 29 21 25 22 17 26 12 22 19 15 16 19 12 23 26 23 21 16 27 24 29 20 19 23 23 19 23 21 14 20 27 22 23 15 17 23 22 18 16 10 15 29 33 21 13 20 25 20 16 18 23 23 30 14 18 18
16 23 23 26 20 18 28 24 26 22 20 18 22 17 24 17 19 24 19 19 22 25 15 19 17 27 27 20 26 24 19 27 17 16 14 22 20 16 24 23 23 13 13 16 16 23 26 13 19 16 27 16 20 18 25 21 24 21 20 21 25 23 11 19 24 22 14 21 22 14 33 20 19 21 15 19 20 21 23 20 17 10 12 25 29 13 20 22 16 12 22 19 25 25 17 21 18 23 17 20
21 25 21 23 20 19 14 21 21 12 20 22 19 24 18 26 22 16 26 19 26 18 19 18 27 22 21 26 26 21 18 24 17 15 30 26 21 25 13 30 26 20 20 22 26 19 22 26 17 17 20 19 31 16 22 31 18 8 22 21 18 19 16 31 23 26 27 27 24 24 28 21 21 20 20 19 19 23 16 21 21 19 18 18 25 19 16 20 51 15 16 20 23 18 22 19 20 17 24 23
23 22 15 23 14 17 17 30 25 19 24 19 17 16 23 16 18 28 16 19 17 18 22 19 28 14 24 25 20 20 24 17 18 17 21 20 18 26 36 21 28 19 17 20 14 25 23 19 22 22 20 14 19 22 21 13 26 13 15 29 41 24 27 25 21 33 24 15 20 27 25 14 26 20 14 16 16 19 19 27 27 25 24 22 30 18 24 22 11 18 29 21 23 21 26 23 21 23 20 21
11 22 33 20 19 25 14 23 18 23 26 15 20 20 22 21 20 17 17 27 16 22 17 23 21 23 19 20 30 17 13 27 18 24 25 18 23 22 21 21 21 28 26 18 15 19 25 19 19 7 20 29 27 29 18 22 27 23 17 24 20 23 20 15 22 16 19 19 22 17 21 20 13 25 13 25 20 30 16 20 21 23 20 23 25 24 23 22 28 22 25 32 22 21 27 14 22 18 22 15
25 19 26 20 16 28 28 17 25 25 17 22 28 18 18 22 30 25 13 15 26 21 20 15 17 18 24 23 15 18 17 16 29 19 27 22 19 17 25 16 18 16 22 18 18 20 18 18 22 20 26 24 21 18 16 28 25 19 19 14 19 15 31 15 27 20 16 11 19 19 20 19 21 21 12 23 21 25 26 17 19 20 20 23 8 25 29 23 16 17 29 37 22 13 8 20 19 36 18 15
17 17 24 18 24 20 18 28 27 18 18 17 18 24 20 28 24 17 19 16 26 21 20 16 16 21 16 25 16 23 21 25 10 23 22 12 19 14 21 20 14 14 16 18 12 22 19 25 12 15 29 25 19 25 22 15 31 20 17 21 15 22 17 22 16 25 24 25 24 13 18 21 18 15 22 26 18 19 17 19 13 18 14 25 19 26 15 17 14 29 19 24 28 24 21 17 23 31 21 26
17 23 15 24 22 19 22 17 15 18 22 23 15 15 18 19 19 16 22 25 18 25 28 17 25 25 24 21 21 23 17 26 13 18 28 21 18 17 14 17 20 13 20 21 17 19 21 23 10 15 16 21 25 24 18 23 28 15 20 27 14 21 22 26 16 19 23 8 26 25 16 22 22 29 28 18 28 23 12 21 13 16 20 27 18 14 24 18 27 24 30 29 26 14 19 28 24 17 16 16
24 15 15 26 22 26 17 21 21 21 15 28 13 20 19 22 22 17 22 19 21 25 28 16 13 21 28 21 22 16 22 23 23 20 27 16 22 22 27 16 25 26 14 15 26 20 25 5 23 23 26 22 15 18 24 22 30 18 23 27 21 16 12 19 19 18 22 29 23 28 24 18 17 19 24 16 25 14 32 32 26 25 14 21 35 26 23 21 17 32 23 17 19 24 15 31 28 25 28 23
20 25 20 17 22 22 31 20 17 26 26 25 27 21 27 10 22 30 24 19 25 17 18 16 20 16 23 24 22 21 27 20 20 18 26 17 21 14 19 25 23 52 15 17 14 20 14 24 19 15 15 22 12 14 29 30 19 19 21 16 22 14 18 23 21 23 30 18 21 19 20 17 22 19 30 19 22 21 21 29 28 28 13 19 16 19 36 17 24 16 21 22 16 21 24 8 19 10 22 32
32 17 18 25 20 14 20 20 29 21 21 14 17 16 21 13 14 16 13 28 24 21 26 19 23 22 23 20 28 25 20 18 15 25 33 24 17 24 20 21 24 24 24 18 13 27 19 15 7 15 22 20 23 20 20 22 17 23 24 28 20 17 26 14 21 9 27 25 22 27 18 27 24 20 24 20 27 15 18 23 17 29 30 19 20 28 28 14 25 24 18 13 19 19 19 15 20 23 20 20
17 24 23 25 20 23 27 19 27 17 19 15 14 24 22 25 18 23 19 29 24 21 13 20 16 27 16 27 18 27 27 22 19 27 19 18 14 12 27 31 28 25 24 22 20 24 23 28 16 12 14 14 25 19 16 15 23 19 32 18 19 24 20 29 29 23 21 17 16 14 23 26 22 22 23 28 19 28 25 23 18 22 17 18 19 16 21 21 35 27 23 17 16 20 16 16 22 31 19 28
24 24 14 13 18 17 20 19 15 21 23 13 6 5 19 20 22 17 11 22 20 16 18 26 19 19 23 25 26 17 20 27 18 21 15 22 21 20 23 19 25 20 16 27 27 21 20 22 12 21 25 18 15 18 19 17 23 21 14 29 16 28 20 23 25 25 24 25 20 22 12 29 26 26 20 23 20 14 32 33 20 26 25 18 21 21 16 27 22 24 17 31 21 21 22 27 17 33 19 18
21 22 23 20 33 27 20 20 20 23 25 20 23 21 20 22 13 16 21 23 14 24 18 21 18 14 27 18 19 14 25 23 21 15 22 15 30 13 23 15 15 17 19 19 21 19 20 17 13 24 13 20 26 31 30 23 30 20 24 21 14 21 18 14 13 22 26 24 17 19 22 23 27 20 22 28 24 25 23 17 13 17 26 28 30 19 18 21 20 17 19 17 15 17 18 18 23 24 21 30
21 18 9 20 22 25 26 16 27 28 26 17 22 20 21 21 20 22 24 29 21 20 20 26 23 15 29 16 17 19 20 12 18 15 19 24 20 34 31 20 21 22 19 24 19 19 16 28 18 23 22 13 27 20 21 17 14 12 13 15 17 17 23 29 16 24 15 19 17 33 17 20 19 22 20 25 25 18 29 14 23 25 20 21 22 21 17 20 27 14 14 15 22 19 21 22 20 17 20 26
33 26 10 20 24 21 19 16 28 29 23 24 20 22 21 17 26 18 22 16 19 23 21 12 24 20 25 24 30 27 17 14 23 13 11 20 21 21 12 13 23 20 21 17 16 25 23 23 11 20 28 22 23 31 20 7 24 23 34 18 18 22 21 28 24 34 35 27 15 32 22 17 20 23 26 21 20 19 18 14 24 21 10 16 29 16 26 24 16 30 15 17 22 22 18 24 24 23 23 18
30 25 22 22 40 21 11 14 11 13 10 5 10 7 9 10 10 15 13 11 12 13 8 8 16 8 11 9 5 13 11 15 10 13 12 10 10 13 11 7 9 7 12 10 6 18 19 12 14 4 11 8 14 14 13 20 12 12 7 12 7 5 12 8 10 12 11 12 15 6 10 12 10 8 8 10 12 14 16 14 10 4 10 7 9 7 7 8 9 10 7 7 11 9 7 11 8 8 5 16
5 10 7 6 10 15 12 16 8 9 12 10 15 9 11 9 8 6 7 14 8 13 6 9 12 10                                                                          
