0.333333333333333 3485 33 38 40 32 41 48 34 40 48 44 32 35 32 33 39 35 34 30 34 43 43 27 26 53 36 35 38 42 42 43 35 36 41 49 23 37 35 38 40 35 45 35 47 26 42 43 10 32 35 49 41 36 39 37 38 30 34 29 34 33 37 47 34 44 34 33 34 39 32 37 40 43 46 38 37 39 38 44 45 40 33 30 40 33 37 43 21 32 28 36 38 42 27 35 37 37 34 31
20 39 51 39 41 27 33 51 32 32 26 34 37 38 34 37 29 44 55 67 11 36 48 18 49 53 34 36 33 40 37 39 33 74 47 30 40 20 32 39 41 27 33 37 50 37 41 41 26 37 28 53 35 43 27 39 42 40 33 40 39 31 46 44 40 36 43 29 34 28 48 41 39 24 35 37 40 38 39 40 57 32 44 56 36 36 42 34 37 40 41 33 32 40 33 41 58 37 33 37
43 44 45 43 44 50 39 42 46 30 34 44 40 33 34 35 51 30 36 53 29 42 38 33 31 28 38 38 29 37 25 32 41 33 32 26 41 23 37 41 26 41 40 37 22 31 33 49 34 40 44 33 25 44 32 35 38 25 32 26 39 37 38 31 48 38 25 33 51 41 35 37 34 30 37 36 29 31 44 55 39 22 84 45 27 33 31 36 38 41 43 26 47 47 38 36 33 46 37 36
45 27 27 42 39 34 30 31 41 37 34 36 46 24 35 48 41 26 31 44 39 38 30 30 27 35 31 30 32 33 38 45 30 36 39 41 40 56 26 34 29 31 45 28 36 34 35 31 34 27 38 35 30 34 41 33 24 32 39 36 33 33 40 35 40 29 41 37 35 30 42 34 27 31 34 33 40 31 47 20 28 33 46 12 28 54 37 41 29 38 32 52 53 40 40 37 34 38 31 43
41 28 38 46 35 46 22 38 41 37 43 47 37 31 21 36 41 48 38 31 36 36 35 48 38 26 35 37 26 52 36 18 40 40 39 30 33 40 31 31 40 30 30 32 27 31 25 50 37 35 44 41 32 38 40 29 40 41 28 47 34 41 39 42 39 33 32 35 39 39 42 32 36 31 34 43 45 42 32 34 37 43 31 47 35 38 41 42 44 40 37 32 37 44 35 24 36 53 35 52
26 47 41 48 24 46 31 28 35 37 43 34 52 34 40 31 35 32 40 25 37 49 48 39 32 28 28 45 36 27 36 32 28 34 46 31 35 43 37 28 37 26 44 25 32 30 34 41 33 38 38 32 37 37 27 31 42 30 38 31 35 51 40 36 34 35 40 33 40 27 29 42 36 34 44 32 36 48 38 42 21 35 44 35 44 44 37 41 39 41 39 51 31 34 38 37 29 39 36 46
37 35 40 24 36 27 37 38 51 33 41 22 32 33 39 29 26 37 32 41 44 37 43 39 43 40 50 31 32 32 49 37 22 36 42 43 26 30 44 44 34 33 36 41 42 29 32 33 34 37 40 41 36 37 26 43 46 35 28 34 38 38 35 39 34 29 37 17 46 38 35 34 35 37 36 36 39 33 46 46 45 37 35 37 29 34 36 31 33 47 36 39 38 35 48 28 8 46 26 33
42 31 27 27 30 33 34 40 40 42 38 24 32 35 43 36 35 42 23 46 40 41 30 41 31 36 46 29 44 48 41 32 33 36 45 25 35 43 40 43 37 34 35 32 35 41 32 35 31 21 32 43 28 36 35 29 34 31 37 32 40 38 30 36 44 41 40 32 27 39 29 33 33 33 35 34 29 34 18 38 40 26 33 30 33 27 33 35 35 30 36 42 47 46 38 30 30 31 33 33
35 36 26 45 43 36 29 32 43 31 19 40 26 73 19 86 83 39 37 28 29 26 33 32 38 33 39 24 47 36 31 42 34 33 39 41 23 32 32 31 35 30 38 28 13 38 40 40 27 34 28 32 41 39 39 33 44 42 35 44 34 43 38 43 23 40 38 37 34 20 32 36 40 32 36 45 35 45 29 18 28 41 37 40 43 28 37 35 35 40 41 33 39 30 30 26 24 37 39 27
41 29 32 27 31 37 36 32 42 43 33 35 31 48 43 34 34 39 40 29 29 57 24 34 46 43 38 41 43 41 47 26 36 36 26 49 36 37 42 39 20 70 43 51 32 35 44 33 28 16 31 37 39 31 28 35 31 52 36 42 36 37 33 35 28 42 34 36 36 29 28 38 39 35 39 44 29 46 47 41 39 34 31 31 40 33 42 37 32 34 43 40 33 36 40 29 34 34 37 37
33 38 20 38 32 50 47 37 32 42 40 41 34 36 39 40 42 32 46 33 37 48 44 35 35 34 34 39 34 30 25 32 44 24 27 35 42 29 46 41 37 36 40 36 33 41 29 39 41 45 40 32 23 40 20 33 34 10 37 39 44 42 28 48 34 30 17 36 31 43 36 38 36 29 28 42 18 10 46 45 30 31 46 43 42 36 30 29 40 36 40 45 32 18 40 36 39 31 35 35
38 51 59 40 26 37 24 39 41 34 32 35 45 39 26 45 39 31 38 36 35 29 38 33 34 34 23 32 45 34 27 48 35 41 34 27 27 37 50 34 43 35 25 29 24 32 42 50 36 31 50 51 33 25 29 31 35 36 46 38 22 43 30 12 27 47 39 20 37 43 30 30 34 42 31 38 32 32 45 45 35 23 37 37 36 37 34 38 35 47 44 24 38 31 35 35 39 37 52 36
45 34 43 31 50 42 36 49 25 45 29 38 36 32 33 50 40 52 27 29 34 25 38 24 36 37 40 35 38 40 23 22 36 26 23 34 40 37 32 38 46 37 40 40 27 35 41 37 36 35 35 32 33 38 42 41 33 45 33 33 33 27 28 49 34 26 34 33 31 40 29 38 54 36 34 33 23 36 40 38 40 37 36 37 34 28 28 38 30 32 36 35 36 49 37 37 33 33 44 35
42 30 34 36 21 34 30 42 42 34 45 30 50 46 24 44 29 56 40 28 41 37 28 36 50 37 33 30 47 31 45 42 34 34 31 44 29 35 36 43 38 38 23 41 42 38 45 27 38 39 37 27 40 40 32 42 36 41 47 45 31 37 28 28 37 47 28 26 32 50 41 39 44 36 32 31 35 38 44 45 38 38 35 44 39 35 35 44 35 46 33 26 45 26 23 27 39 40 41 50
32 36 40 35 35 43 38 36 40 42 44 21 31 27 31 34 39 38 47 33 36 36 27 37 38 34 32 31 40 36 42 43 32 41 33 39 40 38 38 43 40 31 30 34 40 46 35 36 37 41 29 40 36 41 25 47 38 33 25 40 31 33 28 33 32 26 30 31 44 60 41 41 62 38 35 34 29 36 33 40 45 34 40 27 36 34 42 46 35 34 38 46 29 44 37 36 30 43 28 33
38 36 37 36 40 31 33 38 36 38 24 31 37 32 26 41 19 41 46 35 29 39 25 42 42 42 38 43 37 45 37 29 45 35 34 35 27 39 34 44 39 43 41 43 36 41 30 32 35 37 25 30 34 35 38 48 34 32 40 27 39 32 38 28 37 38 41 35 36 43 41 32 50 43 35 41 36 28 27 41 22 38 37 44 31 39 42 36 25 37 28 37 41 31 30 46 36 39 32 21
41 42 32 41 37 40 41 28 27 28 27 35 35 25 27 32 35 36 37 42 33 35 41 42 33 26 39 31 36 32 27 40 29 36 11 26 20 43 38 40 43 30 28 36 45 17 36 23 35 31 34 37 28 32 28 36 33 21 35 38 33 35 26 33 37 36 39 30 28 34 38 41 37 44 37 25 28 48 41 38 43 44 37 49 35 30 42 33 29 25 34 38 68 78 52 73 56 35 40 26
34 42 36 30 40 38 49 30 37 41 29 27 46 34 35 25 41 42 28 36 22 32 38 44 34 31 29 41 31 38 37 25 28 46 35 32 38 29 25 44 31 48 40 27 42 47 43 34 23 40 30 34 45 45 34 28 40 19 27 30 30 47 48 48 36 36 31 36 31 43 28 24 24 31 42 36 32 39 29 28 45 38 47 41 37 43 47 32 39 37 31 28 20 34 50 31 43 33 38 29
28 34 31 33 29 44 35 47 35 37 44 39 33 37 37 34 40 36 39 31 30 34 39 50 32 36 31 40 31 39 27 52 36 37 38 25 40 36 44 41 31 25 44 40 40 30 31 36 41 35 39 39 28 31 28 48 39 24 45 48 38 34 48 37 39 35 43 44 37 41 37 32 26 34 31 40 34 43 41 27 46 29 45 39 30 31 33 31 29 32 28 29 39 40 31 47 55 34 35 52
32 41 30 33 45 39 37 36 41 39 44 43 48 36 31 20 26 42 35 40 40 31 35 25 44 45 38 39 26 36 42 29 36 44 42 35 37 32 32 28 47 27 57 35 36 39 25 37 40 45 36 28 35 26 27 34 35 35 30 39 38 32 34 45 45 32 35 26 40 34 39 43 41 31 38 38 29 31 25 21 35 34 38 30 42 30 36 33 42 26 34 19 34 38 29 22 38 46 29 28
33 36 35 44 39 41 33 40 42 37 36 30 25 32 37 35 31 35 28 46 35 29 35 35 36 41 24 44 30 45 34 41 40 37 29 31 26 36 44 43 34 33 27 36 34 31 38 33 32 42 37 39 40 42 34 47 18 29 36 31 42 36 34 34 44 36 38 34 27 29 34 36 48 34 22 39 25 41 39 33 30 24 41 42 48 31 48 30 27 25 37 39 31 36 25 36 48 21 29 42
18 49 39 35 48 38 52 41 26 44 35 41 45 32 28 37 37 38 34 46 39 40 32 34 27 41 32 36 39 35 26 39 38 38 42 33 37 37 32 36 34 37 30 37 37 31 38 22 30 32 36 36 28 33 37 42 41 35 30 44 29 31 20 38 48 32 25 36 39 37 41 28 14 38 43 30 31 46 46 34 26 30 37 28 45 46 41 33 32 37 55 39 35 53 38 32 33 46 37 36
41 36 37 41 41 36 34 37 47 27 24 32 49 28 35 36 42 43 34 36 30 24 32 32 32 36 34 30 30 40 33 27 26 38 45 32 35 38 42 38 34 33 34 43 30 31 41 33 39 43 40 45 38 38 35 30 26 37 37 16 40 33 31 43 25 13 43 41 31 33 34 29 24 57 36 47 39 32 40 36 37 32 27 34 45 42 27 40 43 32 43 27 30 34 36 37 42 29 34 32
37 46 33 30 33 35 31 29 32 45 34 43 35 39 31 31 28 42 41 36 30 36 36 32 37 30 45 39 28 38 46 38 22 40 29 19 45 28 41 37 39 33 40 26 34 34 33 30 34 26 26 31 29 35 41 46 36 47 41 36 40 33 39 47 30 34 32 24 34 41 24 16 13 28 35 43 34 30 47 22 32 34 28 30 43 30 34 26 38 38 21 35 25 39 35 41 47 31 38 32
26 25 33 43 32 42 21 33 23 29 37 34 33 29 34 38 31 37 19 25 49 31 40 43 29 39 31 27 47 45 44 41 42 28 50 41 35 36 43 33 31 46 13 46 36 43 33 27 32 36 27 39 41 29 31 27 29 32 35 39 36 45 24 53 25 43 38 38 47 38 36 31 48 38 40 36 28 33 31 32 31 32 30 41 34 42 34 32 35 38 30 42 32 26 36 28 31 40 21 28
41 31 35 31 48 40 34 28 33 42 28 45 37 28 29 37 54 26 32 37 38 22 47 38 35 44 45 42 45 32 47 27 36 38 35 34 31 37 29 42 45 29 35 42 38 34 34 32 35 37 42 56 47 28 29 50 39 40 38 37 41 36 30 41 41 31 48 43 37 39 33 35 35 35 30 41 34 30 27 20 42 34 37 36 24 34 26 45 29 34 31 27 32 39 31 45 31 37 39 41
37 41 37 32 32 32 34 36 36 50 37 28 36 22 27 33 31 41 27 14 51 31 49 22 40 40 34 22 33 33 34 31 42 38 35 30 46 39 36 23 27 24 44 51 37 37 41 36 18 43 34 33 41 40 42 35 36 37 47 45 34 29 33 40 42 33 46 35 35 32 34 41 39 43 32 42 49 36 32 40 28 42 28 34 33 35 44 33 39 28 20 45 40 48 43 43 31 28 44 35
34 34 36 28 33 36 39 32 32 27 29 40 28 31 46 49 54 23 44 26 33 38 33 37 37 31 43 31 42 44 29 32 46 36 44 43 37 27 48 28 25 38 32 37 33 38 39 35 34 33 33 38 23 33 47 29 32 39 40 33 23 30 46 30 42 26 36 31 44 36 38 43 29 26 36 28 45 46 54 33 43 31 56 28 32 42 37 41 52 32 24 46 36 18 44 37 39 34 40 29
39 28 29 18 32 43 34 41 33 37 39 29 35 47 52 28 36 27 41 38 28 38 44 33 36 45 36 30 25 34 37 37 38 31 27 45 38 33 26 32 28 43 43 45 38 37 48 23 65 46 41 49 40 42 42 28 41 39 39 29 38 44 30 34 36 40 48 20 39 29 46 44 28 34 36 34 24 42 30 36 33 17 33 37 37 33 45 35 37 37 44 34 35 22 31 39 43 28 42 39
36 29 29 37 41 39 31 48 37 36 50 38 45 31 39 40 34 36 38 29 35 45 19 34 43 26 31 47 49 36 38 39 27 32 40 33 31 36 44 36 39 32 34 38 28 36 28 45 39 16 35 35 37 42 38 39 28 44 31 30 39 45 37 20 41 34 43 44 21 35 33 14 37 34 26 44 39 40 38 28 36 45 37 38 34 32 19 34 40 35 43 36 40 45 35 33 39 31 33 26
47 43 48 35 41 38 33 29 35 33 41 41 33 32 44 45 28 43 32 45 38 44 29 29 37 41 35 32 35 40 44 45 16 30 32 33 28 37 27 32 41 30 49 42 27 33 30 28 37 34 36 39 30 33 35 42 34 32 37 36 40 40 45 33 38 27 35 35 44 39 26 43 36 46 43 43 36 26 30 39 39 32 30 33 34 39 29 36 48 27 33 35 47 30 26 30 32 39 45 46
30 40 41 29 39 50 36 32 34 33 44 18 35 31 52 33 38 50 36 41 43 21 35 38 39 41 28 28 43 32 38 34 24 35 40 32 38 38 40 27 43 50 34 32 24 51 34 52 41 35 35 46 32 30 39 31 34 33 27 39 38 31 27 36 50 44 33 38 34 33 49 50 39 41 40 32 24 37 29 34 37 28 43 29 37 36 35 28 39 35 25 35 31 33 37 34 30 39 32 37
19 25 42 39 25 23 55 45 41 23 36 31 44 43 39 33 38 33 30 14 29 51 29 40 34 23 34 37 36 45 37 38 34 35 48 37 32 45 41 31 8 20 35 38 52 34 31 37 43 31 27 43 42 23 37 35 42 28 50 44 36 46 43 39 42 45 39 43 45 30 38 37 38 37 50 40 29 26 34 38 37 31 38 37 40 41 52 36 43 40 37 38 38 39 35 32 42 33 43 48
26 31 37 43 48 35 36 40 30 32 34 59 35 39 31 43 30 30 16 10 29 33 46 49 9 21 16 17 18 19 12 19 20 18 12 27 17 25 7 13 14 22 14 20 15 20 21 16 27 24 18 10 15 16 18 33 16 21 21 20 18 9 12 12 17 17 20 17 20 15 19 14 18 12 21 28 14 15 20 16 18 17 25 25 24 14 23 27 22 14 18 18 18 24 15 17 17 18 11 17
14 16 17 17 22 21 25 12 19 16 23 22 16 26 23 24 17 16 22 10 21 17 19 19 26 10 10 14 14 20 20 22 15 24 16 13 18 12 17 22 15 26 18 18 23 17 11 16 6 16 20 14 22 17 28 16 19 21 26 11 16 16 13 19 14 23 16 17 23 12 18 16 15 14 24 25 14 16 20 18 24 16 12 23 26 16 16             
