0.428571428571429 3522 27 36 27 30 21 36 35 24 23 21 35 24 35 32 55 26 29 27 27 35 28 25 28 31 27 23 25 35 31 27 24 34 24 35 22 28 19 30 23 20 27 34 29 25 31 22 30 26 20 25 23 32 24 16 27 27 29 29 28 26 24 15 25 17 18 32 23 29 26 25 24 30 20 18 28 30 25 23 30 30 24 32 39 33 21 27 19 17 29 24 33 27 30 23 32 24 30 26
26 23 24 41 32 24 26 24 32 22 28 40 29 22 26 23 29 33 38 31 28 25 27 37 33 31 30 24 37 22 37 27 27 37 29 29 33 18 28 32 33 25 22 25 16 35 26 26 32 23 32 26 23 25 18 29 24 33 34 30 31 30 26 23 27 25 20 33 27 28 27 27 24 26 23 31 28 19 33 28 23 29 21 30 27 23 30 32 26 26 20 29 35 37 31 36 30 20 28 31
29 36 30 19 29 32 19 37 34 28 26 23 29 17 27 28 19 30 25 27 30 38 28 29 30 36 30 37 31 40 31 35 32 16 11 35 19 30 27 34 20 18 19 28 33 33 28 24 30 24 31 28 34 30 17 27 30 27 32 24 29 35 26 39 28 31 21 20 23 37 23 28 26 26 26 21 25 22 19 28 38 37 29 34 21 42 36 35 23 26 21 30 20 19 28 30 19 22 21 33
20 35 28 24 30 28 16 30 26 18 27 25 28 19 34 40 35 24 29 28 23 27 36 31 29 22 32 22 22 21 26 21 26 25 26 21 25 28 26 28 33 31 21 28 25 28 27 22 30 27 33 22 25 36 26 21 26 34 25 22 28 24 23 22 35 29 30 22 22 22 33 23 29 21 27 22 26 28 26 23 23 33 33 18 17 28 32 33 26 22 22 27 33 32 14 23 24 27 25 25
19 30 29 22 33 24 26 31 34 27 22 26 41 29 38 37 31 26 40 29 25 26 34 31 19 39 30 21 27 42 26 29 21 32 23 28 28 27 28 26 30 20 22 20 28 30 30 22 25 21 28 40 27 35 24 33 26 28 30 29 26 23 23 26 19 16 29 27 35 25 34 24 21 17 31 30 18 35 27 39 24 27 30 38 19 33 42 31 30 23 26 35 16 26 31 35 33 21 30 30
36 28 30 26 23 29 22 32 27 31 16 18 36 20 30 25 25 25 21 25 25 26 25 26 32 28 29 29 33 35 22 34 22 25 29 26 25 20 28 34 31 28 32 13 25 36 31 25 26 28 31 24 33 33 25 26 14 33 24 25 23 28 21 28 20 24 25 55 27 29 36 24 29 30 32 27 31 21 33 28 24 22 24 26 29 28 27 33 27 19 21 31 36 26 21 26 22 17 29 26
21 30 20 22 27 26 15 27 26 38 27 18 28 30 19 34 19 32 26 28 29 29 25 28 27 27 31 27 20 37 31 31 19 22 34 26 27 25 18 27 25 25 18 32 15 19 32 30 24 26 25 36 29 23 24 16 26 22 22 22 33 26 30 31 35 22 23 38 25 34 39 17 29 27 26 27 27 29 21 27 22 33 31 21 26 25 41 38 49 28 25 18 24 36 28 30 28 28 32 31
34 26 28 25 19 29 22 21 22 23 26 32 21 26 30 26 20 36 32 28 26 28 29 22 26 26 30 32 23 26 27 30 24 38 34 23 24 34 29 29 25 32 28 26 33 27 43 31 23 32 30 21 38 31 29 28 35 27 35 22 22 20 28 24 32 25 27 28 31 31 23 30 20 24 25 24 27 28 35 27 34 35 33 21 23 31 34 27 29 35 34 27 26 28 35 34 21 24 28 30
15 34 32 24 20 19 33 33 16 30 32 28 24 36 26 33 30 32 21 33 25 25 22 24 24 27 30 18 23 22 37 23 21 30 23 31 29 24 26 22 21 29 30 28 26 29 27 29 24 20 23 28 20 27 17 24 27 29 26 33 24 25 48 23 16 22 35 26 29 28 14 34 35 33 38 34 27 29 25 35 33 29 20 27 17 19 28 28 25 27 22 35 20 31 21 28 26 20 19 29
20 22 20 33 21 25 32 33 35 25 25 32 32 26 35 24 28 34 32 32 29 26 27 30 21 29 24 28 30 27 29 24 36 26 16 38 20 35 26 21 26 37 30 25 39 28 28 20 22 28 27 21 43 18 32 33 29 28 29 32 27 27 31 31 25 25 27 20 82 87 78 75 36 47 38 31 30 26 30 34 23 28 26 28 23 27 27 23 19 28 19 20 29 26 22 27 26 31 35 37
29 31 26 33 31 33 34 25 25 33 31 23 23 28 22 24 27 24 20 33 31 30 41 17 23 26 27 35 28 29 32 31 21 25 27 23 38 22 22 32 28 29 9 36 27 29 18 23 28 25 27 21 22 28 32 44 26 22 25 27 24 31 29 24 17 31 23 26 30 26 23 30 26 36 32 24 27 28 24 12 25 29 33 26 17 32 22 35 18 32 11 59 53 20 21 17 26 38 33 16
30 24 22 29 22 30 27 23 31 27 32 28 25 32 30 23 23 30 22 22 30 29 31 30 31 34 14 27 19 23 24 21 22 20 23 26 26 31 34 28 24 19 28 28 24 24 32 23 18 32 32 23 33 27 21 26 33 22 30 29 34 22 26 43 24 29 26 28 30 22 23 27 26 23 33 33 26 33 21 25 27 36 29 34 20 30 23 36 22 35 25 24 19 34 18 28 27 42 32 28
26 31 22 34 34 24 28 25 22 21 20 32 31 20 39 24 26 34 24 32 22 31 26 24 34 33 31 29 21 25 34 28 35 39 26 24 29 44 33 34 30 34 28 20 49 35 29 26 30 20 31 20 12 22 19 31 20 25 31 32 26 24 40 34 28 25 36 32 27 28 24 28 19 29 35 17 17 35 23 26 19 25 23 26 26 35 26 36 28 32 25 39 21 33 28 20 22 32 16 35
36 22 29 31 25 36 30 26 27 23 23 29 27 29 32 30 22 28 29 28 31 24 28 22 33 34 23 33 27 26 31 18 35 29 16 24 22 22 16 27 19 39 26 21 33 35 27 34 27 40 20 34 30 25 32 26 40 23 27 31 35 21 30 25 30 28 21 38 25 40 14 32 17 28 20 23 30 14 29 22 32 29 29 30 32 33 23 43 38 34 29 23 16 21 23 27 33 19 33 27
23 26 30 13 25 35 23 33 18 22 35 34 28 23 30 32 26 7 25 30 17 23 43 19 24 28 32 35 26 21 30 19 29 27 19 28 30 34 24 28 34 24 31 24 26 30 33 28 25 27 30 32 25 29 24 19 22 26 34 22 22 25 34 28 14 21 31 25 22 47 33 24 26 27 20 17 25 31 27 26 21 20 36 32 26 38 26 27 31 26 20 17 30 26 32 27 21 28 31 29
19 10 24 25 18 17 30 32 21 32 27 29 19 14 37 24 42 21 27 25 20 30 31 28 24 31 28 29 18 24 32 25 27 26 17 26 18 23 25 18 27 24 25 33 31 24 18 27 27 41 32 21 33 25 34 29 20 25 22 32 25 21 25 27 23 24 24 29 23 20 29 23 20 32 23 22 22 32 24 35 31 29 28 20 23 21 27 31 30 25 19 25 24 34 28 23 25 25 26 26
28 25 36 32 15 27 23 25 27 19 29 23 19 20 22 21 24 24 33 24 19 24 22 28 21 23 26 28 24 22 34 26 27 35 20 22 24 19 24 26 21 29 32 28 24 27 31 26 28 23 13 32 27 29 32 33 28 34 37 34 18 21 21 27 24 23 26 25 28 36 29 32 26 24 22 30 29 39 25 32 33 29 27 22 28 25 27 30 37 33 27 19 23 28 30 30 18 33 23 27
28 33 27 26 26 25 33 30 38 31 16 27 24 34 28 17 29 19 63 55 73 17 30 29 32 20 38 24 32 31 31 22 32 18 29 41 28 27 29 30 29 26 27 29 14 36 28 24 33 18 32 28 26 35 17 32 35 33 26 16 28 29 29 27 37 39 20 16 24 33 26 33 28 27 33 27 26 32 20 24 29 35 27 22 23 25 32 29 21 26 25 18 20 15 28 29 20 27 35 25
33 15 21 31 16 26 27 16 28 23 36 17 30 28 29 33 33 38 24 35 36 21 26 32 35 20 17 31 34 26 29 26 18 41 34 32 23 31 28 25 28 20 35 27 23 19 38 33 27 49 25 29 34 28 28 27 31 29 25 17 18 38 21 27 25 30 26 32 21 26 27 27 21 21 25 30 29 38 32 19 33 27 31 28 27 32 31 33 25 26 31 22 30 20 29 28 19 30 19 27
25 32 29 27 20 29 30 27 25 27 28 31 24 32 25 29 22 21 26 31 29 31 18 26 18 18 25 22 18 34 27 32 28 31 21 28 27 40 28 23 24 20 28 21 25 43 33 24 36 30 17 39 26 31 27 31 25 19 33 23 31 22 25 23 18 32 32 27 24 26 30 25 34 31 26 23 24 25 27 32 22 13 23 29 32 41 33 16 26 25 17 26 26 29 24 20 29 22 17 24
23 27 26 29 24 23 36 25 31 23 27 25 25 31 22 26 17 27 54 29 45 27 23 30 19 33 28 34 34 27 24 29 36 24 26 21 25 31 18 38 27 27 22 34 14 21 30 23 23 19 24 26 26 29 25 28 30 26 25 20 24 33 31 15 25 27 32 24 25 23 30 21 26 43 32 20 21 25 22 34 31 25 20 34 27 27 28 34 27 28 30 31 24 21 21 23 22 24 23 27
25 23 20 41 32 29 29 24 35 36 25 22 29 36 36 32 29 22 32 28 24 30 29 28 24 30 30 25 46 39 35 28 29 16 24 25 23 30 26 31 25 30 27 26 29 31 30 24 20 22 21 29 29 21 34 19 24 25 21 23 32 22 24 21 29 20 22 28 25 37 33 28 32 35 22 23 30 28 33 27 24 22 28 27 29 23 29 20 33 32 28 26 30 22 32 25 28 30 21 29
25 35 30 21 23 32 30 28 32 33 28 25 23 24 17 30 30 26 37 24 14 22 20 30 39 31 30 32 31 26 27 30 26 29 29 26 25 25 29 26 19 26 18 18 26 28 24 30 28 25 26 30 23 23 23 30 28 35 22 38 30 25 28 24 33 23 17 36 23 30 33 26 30 21 43 38 40 23 21 28 38 22 27 36 17 21 25 22 34 21 35 20 29 23 29 25 22 27 18 18
31 28 31 26 24 23 20 18 30 28 41 29 27 28 22 31 28 18 35 25 32 25 31 26 23 22 21 29 32 29 23 23 26 25 26 24 26 26 22 17 26 22 24 34 27 33 27 33 34 37 23 26 21 31 25 38 24 16 37 34 22 24 24 31 18 37 30 25 24 23 23 35 31 21 34 26 20 20 23 31 36 22 25 20 29 20 33 30 24 27 26 28 19 34 31 29 28 23 21 29
29 37 40 27 28 24 31 21 25 17 15 30 32 33 26 30 28 27 29 27 31 23 23 13 21 29 31 16 40 24 30 23 27 16 29 27 31 28 25 17 28 27 30 35 24 25 35 30 33 21 28 28 24 24 20 33 19 28 27 29 27 28 22 29 30 25 24 27 31 41 28 31 34 21 29 29 27 30 27 29 28 25 28 27 21 21 35 26 26 23 18 35 32 23 19 28 17 29 36 15
21 37 23 27 42 24 33 25 28 31 33 25 28 28 18 32 36 39 23 43 26 29 24 30 16 19 19 18 32 37 35 20 28 31 32 29 31 26 29 28 57 17 28 34 31 27 33 38 30 29 33 30 25 27 29 23 39 20 38 23 24 27 34 22 31 29 17 37 27 24 35 25 30 33 29 21 36 44 24 29 22 29 43 24 30 34 33 24 30 34 26 18 31 28 23 19 26 22 28 27
28 24 27 22 28 27 31 25 32 32 31 29 21 39 25 26 22 26 28 31 31 32 26 25 36 28 21 29 26 38 26 25 30 31 25 31 30 26 24 26 17 28 34 21 27 26 28 28 34 35 37 25 32 17 23 29 29 29 23 27 24 32 28 21 18 30 20 30 30 31 30 26 19 24 27 32 30 29 33 30 26 33 40 32 28 23 24 15 24 28 16 26 28 27 33 21 24 29 32 23
39 40 31 19 20 33 27 19 21 24 39 19 24 26 26 40 34 25 29 43 23 37 34 19 19 29 31 18 31 19 34 27 24 34 35 22 25 27 28 34 31 35 35 29 22 31 29 29 23 28 25 23 24 27 36 29 26 22 33 30 26 30 21 32 31 30 40 32 31 23 29 25 32 21 27 29 26 30 29 20 25 24 26 33 28 27 32 31 32 32 27 21 25 26 27 17 23 22 26 25
27 36 21 10 15 25 20 28 25 28 29 28 19 20 32 27 26 22 22 25 33 27 29 27 31 25 28 42 31 23 33 33 19 19 39 24 23 27 27 29 26 34 25 23 26 15 22 31 31 43 18 35 22 30 18 23 26 25 36 21 29 41 27 33 23 29 25 22 22 25 29 29 31 33 17 38 34 27 30 27 35 33 35 34 28 32 23 30 39 30 25 26 23 22 20 24 32 20 24 32
37 24 28 28 18 32 24 25 15 21 33 20 27 26 30 20 20 28 27 23 30 32 32 23 33 33 30 25 35 27 23 23 27 28 26 23 26 21 7 28 24 24 26 35 26 35 19 39 21 27 20 40 28 39 44 32 29 25 31 35 29 21 28 36 25 28 24 27 27 43 26 19 29 24 21 29 28 23 20 25 24 33 23 22 26 34 23 17 30 29 26 20 29 22 26 39 30 35 35 26
30 24 26 34 27 22 31 30 20 26 28 24 30 28 32 30 34 23 30 31 31 19 39 34 21 37 27 28 14 26 23 35 25 26 29 31 26 23 36 22 34 18 32 25 28 30 25 24 18 21 28 19 16 21 31 28 26 25 17 34 20 29 24 32 30 34 28 30 21 24 24 34 33 32 22 25 22 35 34 25 23 35 36 14 40 23 21 25 32 39 25 26 23 28 21 27 32 35 34 31
27 20 28 38 17 41 28 25 33 19 27 26 27 27 29 21 21 26 26 26 34 20 30 32 22 39 33 23 31 37 27 25 28 22 29 32 27 25 33 37 22 20 31 38 24 24 24 35 31 22 26 36 28 28 25 25 20 31 31 26 25 25 16 26 35 27 40 23 17 28 33 27 16 17 47 24 18 27 24 29 22 16 13 22 30 26 23 30 22 20 29 21 35 19 26 28 29 25 31 35
25 23 35 21 27 22 28 28 33 19 33 19 35 33 34 26 24 26 18 29 19 27 29 23 32 30 18 26 22 28 28 29 17 29 32 27 23 21 34 15 33 23 18 35 21 33 25 34 20 28 27 28 26 30 17 32 32 27 27 34 29 32 27 19 24 30 33 24 28 37 25 31 24 23 31 26 30 27 28 32 19 27 26 28 29 23 29 25 31 29 32 19 21 22 26 29 21 28 25 19
23 27 33 20 30 35 27 25 23 21 35 26 29 20 24 38 20 36 23 34 27 29 27 29 27 30 29 10 25 31 29 26 37 21 18 29 25 32 29 31 37 25 34 20 25 33 26 27 20 28 25 31 41 19 39 26 27 20 26 21 28 30 22 28 30 30 26 15 28 22 23 27 32 25 30 28 23 14 13 38 23 20 31 26 28 16 16 26 34 33 13 12 27 31 5 25 28 23 19 29
43 18 34 30 24 26 26 27 42 45 32 30 31 33 23 20 22 24 27 22 24 31 28 30 24 30 33 26 23 26 17 22 18 37 25 27 21 23 25 27 37 27 30 20 23 38 24 24 19 22 34 24 29 31 27 27 32 26 27 26 19 28 16 27 23 37 24 31 26 30 25 30 31 21 35 34 28 14 35 40 35 24 33 31 29 30 25 32 18 24 25 22 23 28 31 22 33 27 23 27
42 27 29 26 35 26 26 52 39 20 34 25 31 31 21 28 30 23 22 20 24 30 26 26                                                                            
