0.472136222910217 2612 17 21 19 16 21 12 30 16 26 16 8 21 20 18 23 26 24 22 20 25 23 19 13 23 20 14 15 20 13 15 17 16 13 24 16 24 21 21 19 15 19 19 16 17 21 19 30 11 18 14 17 14 18 14 23 15 32 16 17 19 26 17 14 20 20 29 28 12 18 23 21 22 19 15 16 21 12 19 23 22 13 22 14 23 23 15 20 18 17 13 19 19 19 42 75 47 18 21
29 22 14 19 19 28 16 16 24 17 19 13 19 16 13 21 17 20 20 20 13 21 13 26 17 24 20 14 10 19 27 27 22 24 23 14 16 22 15 19 20 27 26 13 24 17 14 16 14 22 15 11 20 15 17 23 28 24 17 16 25 22 20 16 18 26 14 22 20 21 16 16 20 18 10 18 15 24 15 16 26 19 18 19 13 26 20 26 19 13 18 16 18 26 16 18 13 24 18 14
16 25 20 17 20 20 19 13 24 15 17 27 13 13 19 23 17 19 21 22 12 17 18 18 22 22 20 17 19 21 35 12 13 21 20 19 25 21 9 19 16 23 15 19 14 18 24 26 15 24 19 15 16 20 19 23 16 16 16 20 15 19 19 21 25 19 19 23 17 21 19 24 20 18 16 24 20 23 27 17 21 15 15 16 24 20 16 26 33 19 18 19 23 11 24 21 24 22 20 22
25 22 18 20 19 13 20 28 15 27 14 20 19 23 30 17 26 15 18 24 21 18 16 18 23 21 25 20 20 28 20 13 17 25 20 24 23 21 12 20 26 25 20 17 21 22 22 17 19 14 17 17 24 20 24 18 22 16 17 25 17 16 17 14 27 12 24 24 20 20 15 20 21 21 18 19 10 18 14 22 19 25 22 10 26 23 12 12 19 13 23 28 14 13 32 27 16 20 14 19
26 17 16 30 11 21 20 23 22 23 23 20 20 18 16 24 19 16 19 15 24 26 16 24 22 19 23 26 17 19 20 21 23 16 21 22 18 22 16 18 13 25 22 20 23 19 24 11 29 23 17 19 18 24 21 28 17 24 23 23 14 20 26 24 21 25 21 21 6 17 24 16 21 19 15 18 29 21 22 19 21 15 17 21 14 17 15 27 29 12 21 15 20 14 19 17 18 13 27 17
19 15 15 20 19 18 14 23 22 15 32 22 11 16 22 17 17 20 16 17 26 23 21 18 14 25 12 25 21 26 16 30 23 21 35 19 18 10 45 15 14 13 21 22 19 16 24 23 36 20 15 22 19 17 11 18 24 18 23 28 24 19 15 23 20 13 25 17 20 31 25 15 27 24 27 13 19 17 23 19 17 23 28 16 18 7 19 18 33 20 15 17 18 20 22 29 21 26 15 19
26 9 20 20 18 24 19 17 20 19 16 23 27 22 18 13 22 16 23 13 16 12 18 20 20 18 20 23 25 24 19 14 19 25 21 18 26 18 21 21 14 24 21 23 26 21 20 25 17 65 24 22 28 13 11 21 25 19 19 19 16 12 17 24 25 18 20 18 14 20 16 21 19 17 9 15 13 20 20 18 26 20 25 17 19 24 24 13 22 24 24 18 15 25 27 21 14 13 16 24
22 21 17 20 19 16 24 22 23 24 30 26 12 23 25 13 32 20 23 16 15 16 19 20 33 23 10 18 20 22 19 21 17 24 24 22 24 17 17 7 39 32 41 48 15 15 24 15 19 21 20 20 36 21 16 25 21 19 15 22 15 23 21 13 21 9 18 21 17 19 24 20 22 17 18 15 22 17 22 17 27 24 15 23 13 21 23 19 17 21 25 15 10 19 12 25 22 20 21 31
17 14 12 22 16 19 14 27 25 19 24 35 36 21 15 17 22 26 20 23 15 28 19 22 19 24 10 23 25 22 30 23 9 23 15 14 20 22 13 18 15 10 22 15 18 20 17 21 18 16 18 21 18 25 23 17 20 20 19 24 30 29 30 12 18 16 17 15 21 13 27 21 21 13 19 16 22 20 26 26 15 18 26 20 24 12 19 17 29 16 22 16 23 17 22 18 15 23 16 26
18 14 22 14 19 18 17 15 17 25 14 19 28 16 20 17 23 14 18 17 15 19 24 24 20 19 20 21 26 18 26 18 16 10 25 14 15 21 22 26 19 20 25 21 21 18 15 19 13 23 22 16 11 26 19 23 13 23 15 26 21 19 16 17 24 24 16 16 17 26 15 18 11 22 17 17 19 22 23 16 13 27 18 19 16 26 10 29 12 21 23 29 16 19 40 19 19 22 12 21
18 27 31 21 29 22 20 22 16 21 13 8 25 18 28 21 27 17 18 20 17 17 18 18 19 24 10 21 25 23 19 19 19 23 21 25 20 15 22 22 17 31 14 17 25 18 22 24 16 25 16 15 20 27 17 24 18 21 24 22 20 26 21 26 28 13 19 22 18 17 15 22 20 20 23 26 23 19 44 15 25 24 23 24 20 18 24 21 22 20 29 26 28 20 23 25 19 21 20 12
21 20 22 18 18 28 18 23 20 19 13 25 18 22 17 23 20 19 18 22 21 13 18 12 20 23 18 15 23 15 18 18 19 21 13 23 22 26 28 21 21 11 20 23 15 11 20 15 14 17 16 23 12 21 14 17 20 21 13 14 19 27 7 20 26 18 17 26 20 20 12 25 20 24 14 12 14 19 25 25 16 10 21 18 16 11 16 15 9 18 17 20 22 17 26 18 22 18 19 24
16 24 24 21 19 14 22 14 16 14 12 14 17 25 18 23 21 19 17 23 33 17 20 17 20 18 13 15 20 23 24 27 17 19 26 17 31 20 25 25 16 16 14 24 26 20 14 22 24 21 31 21 23 21 23 20 22 19 19 23 22 20 12 17 13 18 17 23 22 19 22 25 24 30 19 22 27 20 21 20 20 17 22 20 14 27 55 49 52 33 16 18 25 22 23 27 28 22 24 14
18 19 26 29 19 24 27 16 21 20 27 18 18 21 13 17 22 18 24 18 17 16 19 16 18 17 19 22 22 23 14 21 19 23 28 21 30 24 14 22 15 23 20 18 21 22 23 21 24 23 19 19 20 20 16 19 21 17 31 20 29 26 20 20 24 20 23 16 22 17 21 16 18 19 22 22 16 24 12 15 21 24 18 30 26 18 27 19 17 13 19 18 17 27 26 17 15 25 25 25
17 14 12 24 25 27 21 25 24 18 19 20 13 28 26 16 19 17 12 23 23 30 17 12 20 19 17 26 21 24 17 29 27 24 24 22 18 16 16 18 25 23 25 23 11 18 15 17 19 18 20 10 27 17 20 24 21 33 20 18 31 14 20 18 13 24 21 30 14 15 23 20 17 23 10 13 27 18 21 22 15 23 20 20 26 18 25 17 21 23 22 27 20 26 14 16 22 17 23 25
20 10 18 18 21 22 24 18 25 20 12 15 20 22 14 22 19 29 17 20 13 27 20 24 21 20 28 16 15 17 20 14 25 19 27 17 15 22 23 26 24 20 14 21 10 17 26 19 14 23 16 12 14 14 18 29 18 17 16 22 14 30 21 18 27 21 17 29 19 15 21 15 17 23 13 17 20 26 24 22 22 17 20 18 13 25 27 20 26 11 27 31 17 17 20 20 21 24 17 25
24 16 23 26 16 20 17 20 22 22 18 17 27 25 20 17 21 15 18 25 24 16 16 18 22 15 11 15 17 22 19 15 19 20 16 17 16 12 19 18 23 17 14 17 22 16 24 19 21 17 23 18 16 18 23 15 25 13 20 33 27 24 19 16 21 21 19 24 15 13 22 18 17 14 21 18 11 16 20 23 31 17 11 19 19 16 29 29 17 19 19 20 22 14 25 18 19 21 23 19
18 22 21 23 19 24 23 25 24 23 12 24 14 11 16 21 24 22 19 25 17 18 25 17 22 15 11 18 26 17 25 13 14 21 14 18 17 15 24 24 23 22 21 21 17 8 14 16 16 22 22 18 23 20 15 19 15 23 23 25 20 26 26 20 19 20 19 16 19 16 11 13 18 22 21 21 27 25 15 22 18 18 23 17 24 13 15 25 24 13 17 17 20 23 15 23 11 15 13 17
20 26 25 24 21 17 18 15 18 27 22 19 16 21 19 17 28 22 18 22 20 24 24 18 25 18 18 23 21 23 14 22 27 24 18 12 14 17 20 24 15 21 23 17 28 22 13 19 16 17 21 21 23 25 27 29 19 22 25 16 23 16 17 26 23 11 22 27 23 15 21 20 12 22 15 16 18 25 19 23 15 21 19 23 18 16 16 21 16 16 29 20 20 23 12 27 16 18 13 20
18 18 19 24 21 17 24 33 24 13 19 16 20 14 17 16 14 17 22 14 18 23 17 23 21 19 19 20 16 17 18 17 13 20 22 20 18 27 17 17 21 16 20 16 25 21 24 22 18 16 23 14 22 29 17 17 20 20 24 24 24 14 17 20 21 14 24 23 20 23 15 28 17 14 17 25 24 15 13 21 26 18 24 13 20 22 15 19 21 23 22 25 27 17 30 18 24 18 14 21
17 8 15 15 24 15 13 17 29 24 26 18 19 23 12 17 16 17 16 20 18 17 20 21 25 25 28 28 19 19 14 14 14 15 23 14 13 22 21 20 29 20 14 17 24 13 21 11 16 15 17 12 23 21 25 16 20 16 21 15 18 21 12 14 20 31 19 13 16 13 17 13 25 15 24 19 22 12 16 20 20 15 17 20 17 20 22 22 15 17 24 22 26 28 21 10 15 18 18 27
12 9 23 8 15 21 23 17 16 24 20 15 15 20 20 12 17 25 19 20 13 21 18 15 20 19 21 16 20 13 27 18 15 20 26 19 12 9 22 21 20 21 12 26 22 14 22 19 21 24 12 24 21 24 19 26 22 14 20 18 22 24 12 19 20 19 24 21 25 27 22 8 29 18 25 21 24 20 21 20 24 29 14 19 23 24 23 16 20 24 22 21 26 25 17 23 13 18 21 19
16 28 25 17 20 28 24 14 16 22 11 18 17 19 27 25 15 21 19 9 15 27 15 11 26 15 13 16 18 17 18 30 17 20 22 21 19 24 25 23 19 17 19 20 18 18 17 15 20 15 18 17 22 16 18 21 18 18 21 12 22 22 9 19 22 21 21 23 14 24 29 14 21 21 13 20 18 20 17 18 17 18 5 23 27 20 21 22 12 21 23 19 19 14 19 22 17 15 22 18
27 21 28 18 20 17 16 21 22 20 19 14 12 26 19 19 21 18 10 24 22 24 14 18 28 21 13 23 25 18 20 13 20 23 9 24 27 18 22 17 16 22 17 12 16 12 20 14 21 22 20 24 25 21 23 25 17 27 18 21 16 16 25 19 19 13 14 13 21 14 19 17 31 14 15 13 14 22 22 18 15 20 16 27 21 14 26 15 17 22 14 13 18 22 23 25 22 16 20 17
14 21 19 14 32 12 25 20 15 16 21 19 31 19 16 23 26 21 19 24 30 19 12 23 23 17 11 28 20 16 18 10 19 14 20 15 14 24 13 20 22 21 16 20 16 24 14 15 13 28 15 18 25 15 18 18 20 20 21 24 16 22 14 18 16 10 24 13 9 20 18 19 17 16 18 19 19 16 26 16 16 20 21 22 17 25 22 17 20 19 19 23 14 30 18 19 20 25 16 20
19 27 14 18 21 21 20 17 18 20 17 28 17 15 17 27 25 23 20 8 10 7 15 7 8 8 9 11 10 11 7 10 7 12 5 10 15 8 9 9 12 15 13 14 17 12 7 10 12 9 7 16 8 7 11 12 9 12 10 11 5 10 18 8 8 8 9 11 4 12 6 7 10 9 8 7 8 17 12 4 4 9 4 9 6 16 8 8 7 6 6 6 12 12 11 12 8 14 10 10
7 8 11 7 12 9 11 7 15 16 11 12 15 10                                                                                      
