0.5 4403 24 23 30 22 25 18 18 29 16 28 23 25 26 26 16 27 33 18 112 25 12 22 20 24 15 20 18 14 19 14 32 31 19 30 28 18 16 29 36 25 28 17 25 20 22 23 28 27 27 23 28 36 22 21 27 31 24 28 31 20 26 19 15 20 14 25 24 26 22 23 19 28 15 20 28 25 29 30 18 27 18 25 25 18 24 21 15 21 22 26 24 20 23 22 16 23 28 16
26 27 20 30 26 26 22 17 19 17 26 29 27 18 26 33 24 19 24 30 30 21 22 25 20 25 18 17 10 27 29 24 22 20 25 18 31 27 19 26 28 27 31 23 19 25 25 20 19 33 26 35 38 33 31 18 8 24 19 26 21 20 28 15 20 22 24 18 16 15 25 21 29 19 14 13 27 19 24 37 22 21 32 15 12 30 30 17 40 23 22 24 22 25 21 21 21 25 24 28
15 26 21 22 26 22 21 25 12 24 23 30 24 12 21 24 19 21 22 19 27 17 14 18 31 15 24 25 21 21 17 20 20 26 10 26 21 26 18 29 23 30 14 27 23 11 23 25 20 26 27 25 24 25 27 22 26 21 27 25 31 20 26 30 15 34 27 28 21 27 22 23 26 18 25 31 17 25 22 22 26 16 22 19 27 30 27 20 18 23 33 22 22 28 13 17 18 20 18 28
22 33 21 30 15 27 23 24 18 28 15 27 24 22 30 20 24 22 20 21 31 22 17 20 20 20 19 28 26 29 21 22 20 25 26 33 15 33 24 21 25 32 25 22 23 21 28 29 24 23 21 18 25 20 21 25 30 22 26 27 20 33 25 25 17 24 37 32 25 13 31 16 25 14 27 24 19 16 23 11 20 22 26 19 25 25 17 25 28 23 13 22 34 9 22 29 33 20 25 32
21 30 19 26 17 17 22 19 30 24 27 27 28 20 27 16 26 27 21 23 16 21 18 20 18 21 19 20 20 23 26 23 16 20 34 31 24 29 20 19 21 25 28 28 25 22 31 29 13 20 21 23 24 20 18 25 17 31 20 23 16 20 29 34 15 29 26 21 33 25 28 18 21 24 28 24 31 32 23 19 29 31 23 22 25 29 26 30 24 23 25 23 21 23 13 22 29 25 23 21
22 25 40 22 21 16 29 26 14 32 22 19 24 24 27 20 20 27 21 27 20 20 15 30 25 28 18 28 23 17 27 30 32 13 19 21 25 22 22 18 21 30 29 23 15 27 29 24 22 27 33 37 22 17 30 22 24 31 29 30 21 24 30 20 24 16 30 19 23 23 23 16 25 30 22 25 31 25 22 24 27 38 29 27 27 27 24 25 20 33 26 28 25 27 31 27 24 29 26 27
28 19 24 19 16 21 23 25 28 19 19 26 25 24 26 27 29 20 25 24 16 26 22 29 21 18 33 24 15 29 28 22 23 25 21 27 32 21 18 19 22 29 18 24 22 27 22 23 27 26 29 29 23 22 24 32 20 18 18 34 21 17 20 18 31 26 26 26 19 24 24 35 32 30 24 16 30 27 31 27 20 26 32 16 20 23 24 19 26 25 27 21 21 25 30 21 19 21 18 27
19 21 13 25 37 22 27 25 37 19 29 32 29 28 21 25 26 14 23 28 25 16 18 22 31 32 33 26 23 24 24 22 25 22 16 33 19 21 23 34 12 24 23 25 30 26 37 20 26 20 20 30 21 24 36 29 26 24 19 25 29 24 29 33 25 22 26 31 24 29 22 29 28 27 26 29 23 31 23 18 16 27 25 29 23 23 29 26 17 25 13 27 24 21 26 9 28 26 26 25
20 15 26 34 24 36 28 33 23 30 25 20 32 27 12 22 23 24 30 32 22 23 35 20 26 8 23 25 26 21 18 20 30 19 25 24 34 19 18 21 27 25 21 20 19 34 28 31 22 33 17 28 22 30 29 26 33 35 28 22 22 18 24 20 24 25 28 28 23 33 24 27 27 19 20 25 31 25 27 20 29 27 23 30 21 31 25 29 25 23 33 18 26 19 25 18 31 21 27 14
15 8 17 14 10 22 22 22 15 18 26 32 22 20 21 27 33 27 32 27 23 24 25 25 18 20 16 25 17 18 28 24 28 19 23 21 22 18 28 19 22 18 20 19 19 18 19 15 22 19 22 28 21 21 13 17 26 15 23 24 31 31 23 24 19 23 17 16 19 20 22 27 20 14 17 21 20 22 21 20 18 18 21 23 19 22 26 11 22 21 25 24 23 22 16 23 24 20 23 16
21 23 23 29 26 26 22 30 30 17 22 23 16 17 25 18 18 28 14 26 22 19 31 27 30 27 20 23 28 22 26 16 31 17 21 27 23 20 20 26 24 19 30 34 16 17 26 10 19 26 17 17 22 27 21 21 26 19 15 13 16 26 25 28 13 16 24 22 11 15 20 23 21 20 24 29 20 20 24 19 15 19 27 16 15 22 24 23 16 27 21 17 26 17 15 16 16 19 25 30
26 26 26 25 11 21 25 24 22 21 25 26 30 21 26 23 21 15 28 29 21 27 29 23 27 28 26 19 21 35 26 8 27 26 25 21 30 16 25 24 20 25 21 23 14 26 15 20 27 26 19 31 21 17 15 26 30 19 27 19 27 21 19 20 21 15 30 22 25 24 10 21 24 25 34 26 25 26 26 30 34 28 19 17 31 28 19 30 21 19 27 28 23 26 25 23 24 26 22 19
28 26 26 27 24 27 19 23 18 18 28 22 26 25 23 24 24 20 22 16 16 28 19 17 26 24 24 29 25 24 23 23 28 31 21 22 25 18 22 17 29 26 23 15 29 20 22 28 22 26 26 8 73 75 90 39 61 54 67 54 18 28 31 21 17 23 25 27 33 19 28 20 17 23 19 39 22 19 34 21 17 38 20 19 21 19 23 30 24 26 29 25 21 24 20 19 25 33 29 29
28 24 24 27 24 24 21 24 20 28 23 19 24 33 20 23 27 28 23 34 26 26 22 19 28 20 36 29 26 23 15 17 23 23 14 25 22 35 37 24 26 22 21 24 30 30 29 23 26 17 21 25 17 26 28 17 23 21 20 16 24 24 30 29 44 18 15 20 32 28 27 20 31 26 27 25 22 15 26 31 18 25 17 27 28 27 53 25 26 30 25 31 26 21 23 18 32 20 27 22
22 10 32 32 24 20 23 28 20 33 19 28 25 24 16 22 24 32 16 26 22 20 19 24 23 18 29 19 27 22 25 28 30 27 22 19 19 24 21 23 25 23 24 18 23 25 27 25 32 23 23 21 19 23 24 27 15 22 19 24 27 20 24 15 22 26 16 23 26 22 22 21 22 24 25 21 26 27 23 32 26 14 31 19 21 22 22 28 24 32 21 22 35 27 23 20 26 16 26 16
25 24 26 23 33 18 32 29 33 15 24 29 21 10 24 23 17 25 11 18 24 31 22 18 30 26 24 16 22 29 22 13 26 23 27 18 30 18 22 20 21 23 23 28 17 28 16 19 16 31 21 16 32 28 25 22 21 22 29 24 28 23 29 26 27 28 27 23 25 19 20 31 30 23 17 23 36 23 18 29 30 24 20 28 20 30 19 30 28 19 17 19 20 20 29 31 23 38 31 31
21 23 17 29 25 23 24 19 28 18 28 22 21 18 28 20 25 21 30 24 26 21 21 21 27 38 23 19 16 24 22 14 22 27 29 22 21 20 21 20 30 20 16 23 18 24 32 20 20 23 15 27 20 20 25 17 16 24 27 13 20 23 18 26 19 18 25 29 21 19 23 24 22 34 26 14 22 24 31 24 28 21 13 19 25 30 19 20 18 25 27 24 21 30 18 17 20 22 25 26
20 35 15 23 17 33 20 26 18 31 29 24 18 18 32 32 22 17 24 16 21 29 23 26 22 21 18 25 17 26 34 26 28 25 16 24 20 40 27 20 34 27 19 21 24 23 21 33 27 17 11 21 31 19 12 30 28 20 20 24 29 26 23 18 24 35 25 22 29 27 29 24 30 26 35 30 11 45 26 29 16 21 26 15 31 25 34 25 20 28 25 34 25 26 28 33 22 31 28 26
19 20 20 24 32 20 22 29 26 26 34 33 20 27 8 29 11 27 19 27 29 16 30 30 20 29 10 31 21 18 24 32 16 23 27 26 30 35 27 25 26 28 20 22 17 17 28 22 22 29 19 36 23 24 19 27 22 27 28 37 24 29 28 26 19 33 24 28 27 23 26 25 17 24 22 29 23 25 22 28 26 20 24 30 19 29 29 26 26 18 23 25 20 14 20 29 18 27 32 32
25 24 22 29 22 31 23 30 25 30 20 28 29 17 21 16 25 12 31 34 21 21 31 36 19 19 20 15 25 26 23 26 28 26 24 19 30 22 20 23 30 20 22 21 25 29 31 19 32 24 46 56 20 20 18 20 35 30 22 33 25 19 31 22 28 23 27 25 30 30 28 23 17 26 13 17 21 29 18 21 24 34 19 25 21 9 25 16 14 28 30 23 22 21 20 24 23 24 23 17
17 21 21 26 19 30 25 26 19 26 22 19 24 30 23 27 20 24 22 29 15 15 31 30 32 27 26 22 20 14 24 15 22 15 24 28 28 25 28 16 33 30 19 23 27 36 18 27 20 24 21 31 26 27 29 26 27 24 20 22 22 37 28 25 24 34 25 17 27 28 25 33 23 24 31 23 26 23 23 29 31 24 19 28 27 25 24 28 30 25 17 27 33 31 15 31 25 30 19 16
24 16 28 29 30 18 22 18 23 39 26 20 27 19 20 29 30 26 30 28 21 21 30 23 21 33 24 26 25 20 30 24 20 34 24 21 21 25 17 29 25 22 20 28 31 19 24 19 22 30 33 21 22 19 33 25 30 25 21 31 25 28 25 23 29 35 25 24 16 19 30 17 21 25 26 29 26 28 27 26 22 37 27 28 24 24 26 21 12 34 26 22 26 25 25 26 33 25 17 23
20 25 18 28 17 30 11 26 17 24 23 30 27 24 34 26 28 29 28 25 24 30 25 25 21 20 30 18 29 22 28 21 22 32 22 22 18 24 20 31 19 19 18 24 16 24 30 23 24 25 20 71 24 69 78 47 76 29 49 17 25 34 29 19 31 25 20 23 19 23 22 28 19 22 20 23 30 14 21 25 25 29 28 27 32 26 16 22 24 9 16 14 15 29 10 19 16 36 28 17
22 27 23 33 24 28 36 23 18 22 26 31 23 28 22 35 19 31 24 28 24 25 23 16 26 25 22 17 21 21 25 31 21 17 20 22 16 23 23 15 27 15 25 21 30 24 13 34 24 21 13 18 30 23 25 31 24 26 25 21 23 13 22 23 13 16 26 33 26 19 30 21 30 25 17 29 14 27 19 20 22 25 23 27 25 31 15 26 21 16 30 24 19 32 24 31 20 19 15 18
24 26 20 26 44 27 13 24 28 30 22 24 23 26 21 31 25 13 15 29 25 18 27 25 29 20 30 26 31 28 20 24 25 27 24 24 38 16 25 23 15 28 11 25 22 22 27 30 29 24 18 19 23 22 21 22 40 23 22 25 25 22 21 22 16 34 29 20 21 25 22 18 23 31 17 18 19 26 25 28 28 22 28 33 24 23 13 19 18 23 22 25 19 22 22 27 24 31 21 24
27 25 23 22 22 25 29 34 25 26 18 25 23 25 27 18 25 28 23 32 28 23 23 22 24 29 23 16 19 24 21 18 17 33 27 26 25 25 27 30 20 20 25 30 24 22 26 28 23 29 36 29 28 10 32 15 22 16 25 29 25 24 26 23 19 20 29 30 22 24 13 19 24 24 14 24 25 25 23 29 23 32 36 32 22 21 19 22 27 33 25 17 20 20 25 21 14 30 30 19
21 21 25 33 23 16 25 23 27 24 36 50 26 19 25 26 24 21 25 27 26 28 18 28 27 20 25 37 31 29 20 32 27 16 25 28 23 20 22 21 16 27 21 23 14 22 24 28 36 14 28 19 19 23 24 25 23 17 17 26 22 24 31 32 29 19 27 30 25 15 23 25 21 32 35 15 18 28 26 29 27 14 28 29 28 24 19 20 31 22 19 29 26 18 18 26 25 17 25 24
18 22 20 29 28 27 24 18 21 25 18 20 19 15 27 19 24 17 23 33 31 19 25 20 21 28 22 21 19 24 32 25 25 17 11 29 25 15 19 23 18 30 21 27 22 18 22 23 26 29 30 21 29 26 24 26 24 28 22 17 30 14 22 20 16 33 20 26 22 27 19 25 22 27 21 46 17 29 35 28 26 16 18 21 25 21 20 15 16 22 26 22 26 24 34 22 22 26 22 25
25 20 19 17 40 17 21 27 18 23 10 18 22 19 25 26 26 28 28 27 19 16 22 20 20 24 21 25 25 21 24 23 27 15 28 19 28 25 28 26 28 15 29 20 24 18 30 20 18 26 27 18 27 20 25 24 16 31 27 26 17 29 20 32 30 31 23 24 16 25 27 18 20 28 27 26 22 21 25 24 24 28 28 23 23 25 26 28 27 24 28 24 27 22 26 27 17 20 16 24
24 25 26 30 23 22 21 21 21 22 25 22 26 28 23 18 29 17 31 19 28 28 19 27 19 24 25 26 29 21 26 22 27 26 42 32 19 23 21 21 28 15 15 24 31 16 25 22 20 26 23 26 24 26 27 29 25 14 31 30 23 20 23 23 18 30 18 24 16 24 21 25 21 20 32 26 24 26 17 17 36 21 23 23 22 31 20 24 20 28 25 20 20 22 12 34 27 22 19 25
33 28 23 23 23 13 18 27 24 21 17 26 22 19 33 26 15 14 21 23 25 24 17 23 27 21 28 20 22 10 21 21 26 30 18 24 23 33 28 18 27 24 23 25 14 11 32 22 24 30 20 22 18 21 26 16 22 24 27 26 14 21 28 15 24 30 26 18 29 21 28 20 16 26 32 28 26 25 26 30 22 33 27 20 21 27 27 23 21 17 27 26 22 19 24 8 32 15 30 27
34 27 15 22 21 17 20 27 18 26 25 18 10 20 20 27 23 28 19 23 27 24 20 19 20 21 31 21 16 27 24 26 15 24 32 21 26 20 17 25 19 26 20 22 22 20 26 29 26 29 23 25 21 23 20 18 22 28 20 16 25 21 16 24 22 20 18 23 24 26 32 24 25 28 31 19 22 29 20 23 20 27 26 18 30 25 24 20 30 22 25 34 23 24 20 20 25 21 30 24
25 19 39 18 37 13 18 29 29 27 26 22 29 24 23 21 30 27 24 25 12 13 39 29 22 22 20 33 20 22 34 21 22 24 17 29 33 30 18 21 27 16 26 21 17 30 20 18 21 18 24 30 21 20 22 22 21 22 25 26 36 25 22 21 27 22 20 19 23 23 25 20 20 25 22 20 16 18 21 20 25 22 20 28 18 19 17 21 12 22 14 23 20 24 17 21 33 20 16 29
24 26 22 28 32 13 17 25 36 23 31 29 22 19 20 24 26 25 19 15 28 22 28 24 30 19 28 33 23 23 33 14 29 19 14 18 27 25 21 32 20 23 22 29 17 23 22 18 15 21 20 22 30 27 25 22 16 12 19 25 17 32 25 23 23 20 30 28 26 17 23 31 25 25 14 21 21 21 28 19 35 28 31 27 26 22 22 29 25 20 31 36 22 65 26 13 25 15 26 29
16 20 19 16 14 21 31 37 12 25 18 30 24 21 32 27 25 29 26 30 18 26 20 20 17 24 28 28 23 22 15 16 32 23 23 24 33 26 24 25 22 24 28 21 24 26 30 25 33 24 17 21 23 21 26 26 20 23 26 17 27 22 23 17 23 22 24 23 30 32 33 13 25 34 18 27 27 33 22 34 35 20 29 26 17 24 34 24 23 26 21 23 18 21 21 19 16 23 29 23
24 18 19 26 33 23 25 27 21 18 24 22 30 25 26 21 28 16 18 21 22 21 23 28 25 21 22 8 18 24 25 27 28 20 26 20 27 16 23 28 32 19 27 30 22 20 16 26 34 27 30 25 19 22 26 28 24 30 17 20 24 22 20 18 22 25 26 21 31 23 27 20 25 24 27 21 14 19 33 33 22 28 28 30 26 25 26 16 18 18 24 19 19 17 30 23 25 16 15 17
18 14 19 27 19 25 16 26 21 21 30 21 24 18 24 26 22 25 25 13 22 25 29 31 24 33 20 36 32 19 22 22 20 19 33 21 28 23 27 18 32 27 13 15 18 16 16 28 30 23 20 25 24 26 22 24 32 32 23 37 26 19 25 27 31 27 21 26 30 24 19 17 17 33 26 26 20 28 17 27 18 24 21 27 37 26 31 25 26 21 17 23 23 20 21 23 26 25 20 22
19 44 29 16 31 21 11 23 17 33 21 18 24 27 21 21 18 26 21 23 22 29 18 26 19 18 27 32 23 26 19 20 23 26 22 12 33 18 25 27 26 26 22 17 25 35 26 30 21 18 23 27 26 20 23 18 18 19 19 39 23 30 18 22 15 18 19 37 22 26 21 14 14 24 17 30 14 28 20 21 24 34 25 28 24 26 19 24 19 30 17 19 25 17 35 32 17 33 23 21
30 25 14 24 23 20 18 19 24 25 24 18 21 22 16 32 30 21 30 26 22 28 29 17 27 23 19 19 26 22 26 19 18 24 19 16 16 25 19 20 22 31 29 22 22 22 28 20 19 25 29 30 13 20 35 15 28 32 17 20 20 35 19 24 25 22 17 29 22 20 21 17 31 22 24 19 25 26 30 18 28 21 29 20 29 25 25 26 26 24 24 28 24 28 32 18 28 31 21 25
28 20 18 21 20 27 34 27 20 16 35 16 27 27 25 22 24 28 26 29 21 30 26 24 26 28 28 29 22 26 28 26 27 23 16 35 21 27 28 19 19 15 23 18 25 22 28 22 21 22 32 36 23 22 18 29 26 22 28 22 25 31 27 25 23 24 27 26 22 28 28 26 27 29 19 28 23 26 26 18 27 17 17 21 28 23 21 16 28 31 27 27 21 24 20 26 19 26 26 25
31 29 24 34 16 32 20 20 26 26 28 26 31 23 24 29 24 23 20 28 19 23 33 31 14 22 19 32 25 22 23 30 24 25 35 27 20 24 26 32 31 26 24 22 17 16 24 26 25 15 27 31 21 26 19 20 24 26 21 15 17 19 18 14 16 22 30 24 15 20 14 24 15 25 24 22 25 25 15 34 24 19 32 19 20 21 26 31 20 12 24 18 22 33 28 18 25 18 21 28
33 25 31 25 23 14 21 20 28 27 26 26 26 19 24 14 27 14 18 26 26 34 18 24 24 25 25 20 21 22 21 22 21 18 22 24 28 17 35 21 25 27 30 15 29 24 21 14 24 25 27 32 16 23 20 21 19 16 32 29 30 22 19 33 26 38 18 29 26 27 23 28 17 18 27 26 20 31 32 27 27 28 37 33 21 20 26 26 16 30 23 18 18 25 21 21 27 22 19 27
20 31 19 29 20 21 24 22 29 26 22 33 26 26 29 30 26 19 32 25 19 26 34 24 13 26 27 27 18 19 29 38 29 19 28 25 33 24 17 26 19 9 14 14 17 11 10 7 7 18 8 10 10 14 10 14 13 4 14 11 15 8 11 12 13 7 5 11 8 8 14 10 12 6 14 17 7 15 12 8 16 8 6 19 12 9 15 8 13 10 15 12 5 10 16 12 8 9 8 8
11 11 13 13 8 19 15 20 10 7 6 8 11 11 11 9 11 11 12 10 11 12 7 17 12 10 8 6 5 8 7 6 14 16 12 13 11 11 10 8 8 7 13 11 20 8 9 8 11 12 15 9 11 12 17 13 13 16 13 12 13 15 11 9 8 12 13 16 10 12 8 12 10 12 11 14 12 8 11 11 8 10 10 7 8 8 20 18 12 5 12 11 18 8 12 11 12 7 14 12
8 13 13 16 14                                                                                               
