0.448275862068966 2683 17 22 22 24 26 25 22 22 25 26 27 14 9 21 20 22 16 19 15 19 21 20 27 22 13 21 18 23 27 17 16 23 31 24 19 21 21 17 16 22 25 18 20 25 20 17 20 19 17 22 29 22 23 25 25 18 20 25 26 26 25 27 25 21 18 28 26 16 17 27 10 23 24 18 20 29 32 22 21 18 30 18 20 75 17 20 21 22 22 23 25 37 34 21 19 26 26 29
26 21 22 24 17 23 21 22 28 29 23 13 19 15 23 29 22 20 20 22 14 18 29 22 16 17 25 19 24 18 19 15 23 18 24 24 19 21 28 24 15 28 23 16 30 20 36 27 29 24 27 24 15 21 16 15 15 24 16 14 31 10 21 23 23 23 22 19 19 18 21 30 24 24 29 17 29 28 16 20 27 18 30 15 11 21 23 31 15 29 17 21 29 21 25 21 24 21 23 27
19 34 20 17 26 20 31 34 23 19 23 26 20 25 23 24 26 15 26 31 25 22 24 23 28 23 21 21 15 28 22 14 23 24 18 31 23 18 14 21 27 21 23 18 19 31 23 17 33 32 33 25 13 22 22 24 21 15 21 15 23 15 18 17 21 19 14 16 17 17 16 25 21 24 18 21 21 23 27 16 21 14 30 22 13 21 20 12 33 27 25 20 24 24 17 19 17 17 19 20
22 29 15 27 17 23 17 26 20 21 26 24 15 27 20 20 19 24 18 25 22 22 28 27 28 17 30 17 21 23 23 23 24 22 20 19 25 18 21 18 24 20 24 17 18 28 23 31 19 15 23 24 19 19 20 17 26 19 26 20 14 18 25 33 15 20 18 21 20 27 17 17 26 26 12 24 21 23 18 29 22 18 19 29 24 15 12 24 22 16 23 19 30 12 22 21 28 32 16 20
31 20 29 25 24 20 14 28 20 25 20 19 21 18 25 28 25 25 18 12 27 21 21 26 18 15 18 24 20 25 23 15 20 17 17 19 27 18 29 22 23 23 23 19 23 24 16 18 26 23 27 13 24 22 28 21 16 22 42 27 23 22 17 20 15 17 17 25 28 20 17 22 24 28 29 16 26 20 21 22 31 23 22 16 17 23 18 30 15 27 23 28 28 22 26 24 24 18 17 17
14 22 22 23 17 21 17 20 22 16 28 16 18 22 22 19 34 14 29 29 23 18 16 12 18 19 16 18 19 23 27 23 17 20 24 23 23 21 21 16 19 25 14 21 27 15 27 18 23 27 24 17 24 24 23 17 21 22 27 24 16 31 27 19 19 21 19 21 19 14 20 25 26 22 18 24 18 29 25 13 26 19 28 29 17 24 32 20 25 18 36 13 28 31 19 17 29 15 19 25
25 10 29 17 22 20 13 19 23 23 26 25 23 25 22 25 24 21 21 22 26 25 20 25 26 11 17 16 19 18 16 17 15 15 16 11 21 30 21 13 26 21 32 27 18 22 26 20 27 25 17 17 25 18 22 17 19 16 49 51 11 38 61 27 19 25 24 23 27 28 15 22 30 21 28 22 22 25 24 20 14 23 30 17 16 24 15 10 17 25 19 28 22 18 17 25 23 15 13 17
20 28 19 22 29 20 15 14 29 19 25 28 21 23 14 27 19 13 17 22 26 22 26 23 16 20 26 14 22 31 28 28 23 25 20 26 23 17 18 24 24 24 12 29 31 23 21 21 28 15 53 68 40 20 23 26 19 22 22 15 31 24 21 19 23 25 22 17 20 27 17 17 25 31 15 25 21 21 24 21 21 28 14 24 21 19 30 19 23 14 26 23 18 33 16 18 31 29 16 17
21 21 19 18 15 19 35 15 23 26 17 25 29 17 20 26 24 23 20 20 14 20 16 14 23 25 15 20 18 25 37 23 24 18 19 25 18 17 23 21 20 24 23 21 19 25 34 24 25 15 16 34 24 26 20 20 30 21 17 23 16 18 18 23 20 21 19 23 24 24 28 25 22 27 15 29 19 21 18 26 18 11 23 26 21 18 27 17 23 19 25 24 28 25 25 29 14 20 22 20
12 18 14 18 21 24 19 22 31 29 27 18 20 30 22 33 18 19 27 9 21 20 18 31 25 24 32 22 24 23 29 19 16 23 20 14 27 34 23 27 19 21 20 20 26 28 14 22 23 15 22 18 23 22 14 24 27 20 19 22 17 6 25 20 15 21 23 25 22 15 16 19 27 25 25 20 9 21 18 20 19 23 17 22 33 19 22 26 33 25 15 24 25 12 23 25 23 22 17 28
23 26 21 17 19 20 12 26 37 19 20 23 21 27 24 20 25 18 11 13 31 10 11 26 22 29 23 21 21 16 27 24 37 21 18 23 15 22 26 21 22 22 25 18 19 24 24 28 19 19 22 15 26 23 18 21 19 15 21 32 25 14 21 19 22 17 18 20 23 27 30 19 18 23 21 29 25 15 21 28 28 19 21 16 16 26 14 22 15 24 29 23 26 25 20 23 12 21 19 18
23 23 36 24 21 21 21 22 29 23 21 17 19 16 26 22 26 23 19 15 24 25 19 22 12 24 23 17 17 19 30 19 17 17 21 30 19 19 23 23 22 21 22 24 31 14 24 29 23 22 28 19 27 21 26 18 26 25 18 54 27 21 17 24 19 26 22 22 23 28 22 19 15 20 21 21 31 29 17 28 21 16 19 15 22 20 20 24 18 14 15 22 16 23 26 18 24 13 33 16
19 28 16 20 25 22 31 26 16 22 27 12 21 33 24 21 27 22 21 23 21 18 21 17 22 21 17 27 24 20 14 19 25 20 25 16 27 20 27 21 24 22 19 13 27 16 21 21 15 24 26 18 23 20 26 22 29 25 18 30 14 22 22 27 27 25 25 24 15 23 14 26 25 26 20 26 18 32 32 19 11 22 23 27 20 20 26 18 22 27 30 23 27 26 32 23 22 26 21 25
16 26 20 21 16 34 24 19 18 18 14 19 16 27 22 14 11 19 33 29 32 19 30 22 22 22 22 22 25 18 22 23 16 25 26 53 43 27 23 25 26 15 21 16 21 19 26 25 21 18 27 25 23 21 28 21 22 20 30 36 20 7 25 24 23 21 20 21 26 26 17 17 13 21 18 18 20 26 16 24 19 19 28 13 14 20 19 27 28 18 23 21 21 28 30 21 32 13 25 23
23 31 17 20 20 20 23 30 19 19 19 18 22 13 22 18 15 21 21 19 16 25 19 18 38 28 13 28 17 19 21 20 22 18 27 17 24 23 19 28 30 21 27 19 26 20 18 18 28 23 22 19 28 20 29 25 28 21 19 21 17 14 17 24 15 18 22 19 22 18 26 21 17 20 21 19 22 17 23 22 14 26 23 20 20 28 28 25 29 21 25 19 33 25 17 19 20 26 14 18
27 26 20 24 17 13 24 19 17 23 20 27 21 30 22 15 25 19 29 16 17 26 18 13 13 25 21 21 17 29 19 28 18 30 18 24 15 10 32 22 21 28 12 33 18 20 18 22 18 30 28 23 22 25 20 17 21 24 9 23 24 13 24 20 12 18 19 12 19 29 17 20 39 18 16 20 21 17 25 21 15 25 21 19 17 22 28 22 21 29 18 25 20 18 20 15 15 20 24 21
17 25 20 22 20 19 26 18 24 24 19 19 18 30 27 12 13 22 26 27 13 24 23 19 22 17 23 23 24 16 24 30 25 31 19 20 31 22 27 20 18 24 18 23 21 22 19 25 25 20 29 17 30 29 21 42 21 21 31 16 24 21 28 27 19 25 17 19 17 24 19 25 22 27 12 19 25 33 18 18 23 22 23 20 14 16 20 26 21 30 26 23 29 22 21 17 21 25 21 8
23 19 28 22 22 22 39 20 26 21 28 20 27 21 27 9 23 23 18 23 20 29 29 21 19 27 15 26 18 25 24 19 22 15 19 17 21 20 25 18 20 28 12 25 20 21 21 17 22 24 20 23 17 20 16 18 16 27 29 22 26 28 31 19 24 27 27 16 25 20 33 20 15 21 24 28 27 20 20 27 22 21 19 12 25 22 19 18 16 26 29 21 15 21 21 25 17 13 20 23
17 21 28 32 29 23 27 15 35 23 24 25 24 15 26 21 7 25 12 18 20 22 27 15 16 23 21 23 28 25 17 20 19 16 18 28 20 21 21 23 16 24 19 18 18 17 21 15 25 28 20 20 17 25 23 21 20 17 15 15 20 25 23 15 19 20 20 18 27 25 23 20 25 19 20 18 32 19 24 25 18 23 28 18 27 16 34 17 21 14 21 17 23 22 14 22 22 19 12 18
24 23 21 20 20 20 19 11 26 20 9 18 26 16 21 22 23 26 20 18 30 22 12 31 25 22 22 22 22 29 16 17 22 28 17 15 27 22 26 25 13 24 23 20 19 23 20 16 22 23 23 26 26 21 24 21 19 27 14 24 21 34 26 17 22 23 24 15 26 23 17 22 24 21 37 23 26 23 23 21 22 24 26 21 36 24 21 31 16 24 12 26 28 30 22 20 33 19 23 22
19 19 28 24 22 14 25 22 21 20 27 18 18 21 24 18 14 24 16 33 18 28 23 22 17 22 21 15 12 20 33 19 21 18 19 23 17 13 17 18 24 25 19 21 21 19 15 26 22 17 21 28 28 16 25 30 19 33 20 19 21 23 20 26 26 23 38 16 24 20 25 17 23 23 16 29 21 17 22 12 23 28 11 14 30 22 20 31 24 15 23 16 20 32 19 28 32 29 18 28
21 18 25 29 27 22 19 25 18 25 23 19 29 23 20 18 18 25 29 29 27 25 19 27 18 14 21 18 15 24 23 15 21 22 31 11 16 15 26 23 25 34 27 27 20 25 23 15 17 23 25 29 22 17 25 14 22 21 20 17 18 24 21 23 16 29 23 21 24 17 29 24 31 25 34 19 15 32 15 23 23 29 27 10 14 18 22 27 23 14 19 26 22 27 15 21 28 26 15 30
23 42 21 25 24 17 27 23 22 21 24 23 26 18 23 24 26 24 19 25 14 24 16 15 18 24 17 24 25 20 24 17 28 24 20 25 21 24 16 25 19 22 30 21 21 28 29 24 27 19 21 13 22 19 23 23 16 22 19 25 26 19 21 19 21 22 23 19 16 22 26 19 20 26 24 29 16 24 14 9 22 15 18 23 28 24 19 21 18 36 29 24 17 9 25 24 25 17 25 27
22 13 18 22 28 27 17 21 21 22 32 24 17 34 17 18 19 22 25 26 17 16 13 22 24 25 25 22 22 30 24 20 18 14 20 24 17 30 20 24 17 27 23 9 24 14 29 26 23 16 18 20 22 26 10 22 18 18 14 25 28 16 29 24 23 14 19 22 20 19 29 22 31 20 20 24 18 23 20 20 15 15 20 24 18 20 14 14 28 27 18 19 21 21 19 20 26 26 27 22
24 15 32 17 17 23 22 21 20 16 28 20 24 29 11 13 21 36 23 21 18 14 21 17 22 29 23 15 25 30 22 24 22 21 17 24 15 36 24 22 25 22 14 23 18 19 12 18 21 22 12 18 19 16 23 13 19 24 9 24 23 23 23 23 23 24 20 24 19 20 21 14 24 18 31 20 32 19 23 25 26 22 19 15 12 25 27 22 23 20 28 27 18 12 19 24 20 16 24 21
23 15 19 21 21 8 24 47 10 34 31 11 18 21 16 24 26 25 25 19 15 26 20 22 23 19 14 20 9 19 15 21 32 35 19 12 22 24 25 24 15 16 27 15 22 14 25 12 22 21 19 18 26 22 23 16 27 34 19 23 22 18 15 23 22 28 25 22 19 29 21 27 17 22 53 17 6 18 40 13 11 14 6 11 15 11 7 11 13 10 14 6 9 10 6 14 11 11 13 5
10 12 9 8 7 10 11 18 7 11 6 15 12 7 9 9 7 11 9 5 12 12 9 11 9 14 13 7 10 10 14 14 5 13 11 8 14 12 15 13 11 6 9 9 10 10 13 11 11 8 6 14 9 13 10 7 6 9 13 7 9 8 7 8 11 12 9 12 10 7 8 8 12 13 8 11 11 12 8 8 8 9 10 12 13               
