0.5 2799 21 19 20 23 22 31 27 24 21 20 24 19 25 29 18 34 18 20 18 20 26 23 19 26 17 26 24 10 24 29 20 26 20 23 31 23 24 19 20 31 26 25 18 26 25 33 12 21 16 23 24 29 16 22 16 25 15 24 26 26 15 23 18 27 20 16 15 34 17 23 20 16 19 30 21 23 18 43 20 24 20 20 27 30 23 19 20 35 18 21 23 15 23 27 21 31 28 20
15 27 27 18 21 29 29 26 24 25 20 28 21 25 14 25 26 17 19 21 27 22 28 24 22 18 29 20 17 21 24 29 16 20 29 28 25 34 20 14 23 14 16 12 21 22 26 26 20 21 28 14 25 25 23 20 23 13 18 24 19 12 23 68 29 25 13 19 21 12 33 21 20 36 21 19 23 21 22 24 28 15 27 22 28 29 25 24 18 26 27 25 20 29 30 23 23 19 24 22
27 27 23 16 19 23 18 23 20 26 18 28 22 22 21 30 27 24 14 24 21 26 28 28 15 33 19 18 14 29 28 27 18 21 20 26 23 18 23 20 29 26 18 31 27 23 21 28 20 30 24 46 23 25 27 23 18 22 17 27 22 23 23 19 28 21 25 28 16 25 27 20 35 35 20 24 23 25 25 16 30 22 29 23 23 24 27 25 19 23 20 15 16 22 17 25 22 27 22 21
26 24 18 18 25 23 25 26 21 29 12 24 23 19 23 19 24 22 22 18 21 15 24 21 32 28 26 20 27 22 23 26 25 21 21 28 26 24 16 18 19 24 29 22 29 23 20 30 21 27 30 27 24 27 23 29 22 22 20 26 30 26 20 16 24 30 20 13 23 13 19 22 19 28 19 26 21 25 31 44 21 22 19 18 19 37 24 33 22 26 26 24 23 24 28 16 20 25 13 24
18 22 27 26 29 29 20 19 22 29 23 31 17 23 34 22 28 26 21 30 21 22 24 27 27 19 25 23 21 20 23 20 28 17 19 26 31 29 12 32 32 24 23 17 15 20 19 18 20 19 32 20 26 19 28 27 27 18 27 15 29 20 32 32 33 20 19 22 28 12 22 18 20 21 30 26 20 27 18 20 19 34 25 28 23 21 15 29 22 31 21 25 20 25 19 23 31 15 19 25
23 25 18 28 28 18 27 28 31 16 21 19 12 18 29 22 24 23 16 28 24 23 18 16 22 35 24 19 21 23 22 17 18 31 29 25 22 24 17 27 18 21 22 23 24 28 30 17 28 17 26 27 20 17 27 26 21 23 22 20 25 28 25 20 16 22 23 22 23 24 30 16 16 16 10 14 30 23 21 22 30 19 23 15 26 23 22 23 22 24 20 16 29 21 23 18 27 22 29 24
11 28 27 23 20 16 16 24 18 20 25 29 30 22 22 29 31 30 20 20 19 19 31 9 26 15 34 18 19 23 23 19 21 15 30 22 27 28 29 25 19 17 27 22 26 27 23 22 32 21 11 28 32 19 22 14 25 19 17 21 22 20 27 19 36 26 17 28 33 26 34 11 21 28 29 29 30 15 23 22 18 23 16 14 31 26 31 32 15 18 29 28 32 37 19 16 32 20 26 28
19 27 29 9 30 25 24 25 18 19 26 22 23 22 17 16 26 18 17 22 18 34 22 31 23 26 15 35 20 13 28 17 32 28 21 15 29 31 23 22 33 25 28 24 20 27 23 27 29 25 19 23 13 22 27 22 36 31 17 16 20 24 22 28 18 23 26 17 20 28 22 28 27 23 27 27 20 18 16 32 21 20 22 21 21 20 22 17 20 19 21 19 31 29 24 17 32 37 9 21
13 25 27 23 25 11 24 24 25 38 22 28 21 13 12 20 19 17 18 27 30 21 24 17 23 33 22 15 17 17 22 18 22 20 27 25 18 19 30 28 23 20 15 12 27 24 23 19 18 22 20 18 28 22 22 20 28 21 27 24 26 30 27 25 21 14 17 22 16 17 19 18 33 21 18 19 18 18 22 22 37 22 17 20 26 22 26 26 19 28 26 28 32 23 22 16 24 22 22 30
26 17 23 22 15 34 21 26 15 25 22 30 23 24 25 32 24 17 21 25 23 22 28 17 19 15 23 33 32 23 26 31 25 18 23 20 24 25 25 21 21 33 28 29 19 19 22 33 17 21 16 30 25 28 25 22 21 24 22 24 29 17 24 17 20 21 14 28 35 23 29 24 23 15 18 18 18 20 23 20 17 22 23 26 27 30 23 22 21 24 22 21 19 27 22 29 25 24 21 26
21 32 32 28 11 23 26 22 25 28 20 18 24 19 26 24 18 18 21 15 20 17 29 28 19 23 26 31 24 27 28 18 19 24 27 29 15 24 28 25 18 27 26 22 28 27 26 28 36 21 23 26 19 25 17 20 19 21 31 8 20 31 24 31 19 23 23 27 24 25 25 26 25 30 18 24 20 24 23 25 35 13 25 33 20 23 26 24 22 28 25 13 24 29 24 29 30 22 35 21
25 22 18 29 25 21 22 21 25 23 31 19 27 28 19 22 40 22 24 23 15 19 24 24 20 24 22 26 25 14 21 24 24 19 10 31 22 21 22 20 22 21 23 22 21 15 24 23 20 27 23 35 21 14 10 20 19 18 15 27 28 21 22 24 16 28 15 17 25 27 16 21 27 23 29 26 15 24 24 29 11 24 26 22 22 12 18 26 37 16 25 19 16 32 10 20 28 30 16 26
20 24 20 28 24 24 34 22 24 24 16 20 29 24 25 60 15 22 32 23 19 18 16 29 29 18 18 35 23 18 24 26 22 23 25 25 18 24 32 27 31 21 26 16 16 36 19 23 23 30 22 22 16 28 17 22 25 17 13 21 22 25 33 22 15 26 21 26 34 31 17 30 15 18 33 17 22 21 30 30 27 15 25 23 17 30 18 30 28 28 15 23 28 23 21 22 25 27 22 29
28 15 22 27 28 26 27 20 39 20 21 22 21 19 33 22 26 29 25 18 20 13 22 26 24 26 24 17 22 21 30 23 21 19 24 25 31 20 24 26 20 26 31 22 24 31 25 22 24 17 21 23 28 43 27 23 28 28 16 16 24 21 30 23 16 30 28 29 23 24 13 24 23 25 24 23 22 25 35 22 24 33 24 28 28 19 39 14 19 23 26 15 30 28 26 23 18 21 27 32
12 22 30 29 23 11 22 67 46 64 35 16 19 29 26 25 19 21 24 21 23 21 17 25 23 21 25 21 28 32 24 27 21 28 12 22 22 26 28 23 27 27 16 25 20 27 23 34 21 29 17 24 22 24 21 14 20 17 21 20 13 25 28 29 30 23 34 32 13 25 18 24 33 28 13 29 22 21 23 26 22 23 24 27 32 31 28 25 20 14 21 19 19 22 30 19 23 17 31 25
26 24 18 24 30 22 31 20 27 23 22 29 21 18 27 21 19 15 27 27 18 19 24 22 26 19 27 23 32 24 19 24 15 25 22 34 28 17 32 23 19 22 22 26 27 17 21 32 25 21 28 18 26 31 29 27 29 26 19 17 20 21 28 27 19 18 21 25 33 31 19 24 19 27 23 20 26 32 21 29 38 15 25 12 21 27 17 21 22 27 20 32 19 24 24 23 26 27 27 27
19 25 26 21 15 22 23 26 25 28 20 26 17 26 11 22 23 12 18 26 25 29 34 21 21 23 21 18 21 26 19 23 25 26 26 29 21 30 17 27 25 25 26 30 22 26 30 20 22 16 27 29 25 19 20 26 20 29 30 22 21 20 25 30 23 28 19 17 27 22 13 15 30 19 27 25 21 25 25 21 24 20 19 19 28 19 21 12 24 23 21 25 19 30 26 10 18 11 14 18
25 16 15 23 15 18 19 25 22 19 22 24 19 23 17 19 17 25 19 26 23 17 20 30 28 24 19 21 21 19 18 18 24 31 24 24 16 24 29 21 36 21 16 29 22 22 18 26 16 24 19 18 16 24 38 25 22 15 30 21 26 24 22 26 18 21 25 18 24 19 27 16 28 23 26 28 25 17 22 17 22 24 24 29 29 17 21 18 30 26 21 14 27 28 20 16 16 21 18 19
23 25 27 16 18 22 23 22 18 32 19 22 25 26 22 24 23 18 25 28 28 24 22 18 13 27 26 23 24 25 22 18 27 22 23 26 22 22 30 22 24 19 14 22 31 22 18 31 12 23 22 32 12 29 17 19 21 18 25 30 26 17 24 24 20 18 22 19 20 19 13 23 38 18 25 22 20 24 17 25 28 17 29 25 25 26 15 26 20 27 14 28 24 25 19 14 22 15 17 18
25 22 31 34 28 19 15 22 22 20 22 26 29 14 16 13 21 18 20 30 21 36 22 24 24 25 15 19 18 21 16 17 25 21 27 16 22 19 18 23 22 18 33 21 25 21 27 24 24 25 25 29 23 28 19 28 29 24 17 19 20 26 35 20 26 25 26 21 20 30 13 28 25 16 28 23 20 25 19 17 20 24 27 18 26 25 20 22 28 25 19 27 18 25 16 29 24 23 21 22
25 22 23 18 23 17 28 19 22 24 26 24 27 19 19 27 33 18 27 26 27 29 28 25 33 18 24 28 20 35 25 23 26 19 28 30 27 27 24 18 22 32 17 18 29 31 26 18 13 32 24 20 30 15 33 24 24 25 18 27 35 19 26 19 18 21 30 21 22 18 28 19 22 22 19 20 25 27 26 23 23 18 17 19 16 34 27 23 16 18 19 34 24 30 28 23 23 26 28 22
31 14 17 21 24 23 32 19 10 22 24 28 27 20 27 23 20 24 25 23 25 22 23 33 24 20 15 22 24 26 22 29 25 20 15 20 23 19 27 20 27 27 22 15 23 16 30 22 15 20 27 31 23 20 20 29 23 18 13 15 17 23 16 20 21 16 30 17 18 24 25 15 24 25 34 14 24 24 22 20 22 24 28 17 28 20 21 26 14 21 24 28 19 27 15 16 23 17 24 16
22 22 27 29 19 18 17 22 21 22 24 30 29 21 27 25 27 19 21 21 19 22 26 16 22 19 25 26 31 18 31 25 24 26 24 23 20 16 26 21 18 22 17 31 15 13 12 29 15 24 23 19 18 24 16 26 15 18 23 26 21 26 14 29 21 18 24 36 19 18 23 24 24 20 23 29 21 19 23 33 26 21 37 18 21 25 30 24 18 30 22 17 30 24 24 25 15 20 23 24
28 23 16 30 30 22 20 23 17 27 28 33 22 28 20 20 25 22 18 21 30 20 36 30 13 27 25 18 19 18 31 25 24 20 26 15 15 23 26 18 20 21 24 23 26 28 32 28 24 21 14 27 20 13 26 26 15 24 27 22 23 27 27 22 17 23 30 20 17 21 16 21 31 19 28 24 22 20 23 21 22 19 16 19 31 27 26 17 31 21 27 25 12 17 16 13 24 27 34 36
21 29 22 21 26 16 24 17 21 26 26 28 24 26 28 19 32 23 15 17 24 31 24 27 24 28 13 32 22 21 22 19 22 20 19 9 20 33 23 24 31 27 15 25 20 24 25 24 22 27 24 21 25 21 25 26 20 17 24 18 19 27 27 16 19 24 26 30 18 25 14 22 20 28 21 19 23 18 25 27 23 27 27 24 22 15 16 19 18 19 18 16 24 23 26 16 28 27 30 21
20 16 12 41 12 13 21 20 16 26 13 26 26 17 20 23 19 27 19 19 19 32 10 23 18 14 24 26 25 19 15 21 21 26 17 12 16 28 25 24 21 26 24 15 28 17 22 22 25 24 23 17 14 22 30 19 21 20 17 24 31 19 26 24 22 26 19 24 20 37 20 30 26 21 26 17 22 17 15 30 20 24 24 21 28 22 34 36 19 20 23 26 26 26 20 30 21 16 28 24
22 28 16 17 25 20 17 22 21 17 21 27 11 31 20 13 30 25 20 27 30 30 26 30 31 34 21 25 27 19 25 29 27 30 19 23 34 27 24 20 19 20 26 31 19 22 18 24 35 19 23 38 21 22 19 36 26 20 27 18 22 15 25 20 15 29 27 15 22 25 23 23 25 20 27 28 22 21 21 21 26 27 21 9 11 7 8 8 8 10 16 10 9 11 8 13 14 17 8 7
11 11 12 11 11 11 9 11 9 12 12 12 10 13 11 13 13 18 12 11 14 9 10 14 13 16 7 7 10 9 14 12 8 12 8 17 11 6 6 10 10 16 8 6 12 10 7 9 15 13 10 9 10 11 13 10 13 17 14 10 10 18 10 18 15 8 12 10 15 11 8 8 8 13 14 16 8 15 10 18 10 12 13 13 15 10 11 8 16 8 21 12 8 7 14 18 6 7 8 19
17                                                                                                   
