0.428571428571429 2558 19 26 21 22 23 20 24 13 26 19 16 16 14 21 15 18 13 19 23 17 28 25 13 19 17 17 29 23 20 19 24 21 22 15 19 28 18 14 16 23 26 26 24 23 22 24 22 16 19 14 25 12 27 24 24 24 18 19 20 22 17 25 16 16 22 20 25 18 18 23 24 23 25 17 26 19 24 26 30 28 28 18 30 18 30 19 12 16 19 37 20 15 19 15 22 18 23 19
26 16 19 11 23 14 15 21 22 29 17 20 21 20 31 15 19 9 22 17 21 14 23 25 16 21 24 17 26 18 27 17 16 23 22 21 30 14 21 19 24 22 19 19 14 25 18 14 23 25 22 21 24 21 23 20 11 24 18 17 18 14 20 17 25 24 21 24 18 25 23 16 29 26 28 24 22 22 21 11 17 19 25 12 22 26 14 19 17 14 21 22 21 11 15 20 24 28 20 29
22 14 18 28 22 20 26 17 18 17 23 23 21 10 18 25 24 33 29 23 13 29 24 26 24 10 25 18 23 20 17 14 19 24 25 23 27 23 18 15 17 33 13 18 23 18 22 23 30 16 10 17 16 17 26 20 24 12 20 17 22 14 21 18 16 21 19 23 17 12 10 29 23 22 27 14 23 20 17 23 26 22 24 26 15 21 21 29 23 25 17 14 21 22 14 28 24 22 19 21
19 26 16 13 17 15 16 22 24 25 22 30 24 15 15 20 18 29 22 22 15 31 23 17 25 26 23 20 25 20 23 23 13 28 25 26 14 13 20 24 13 17 17 21 21 16 16 17 21 20 26 30 28 24 19 18 21 24 15 16 25 16 24 25 21 12 23 20 24 28 16 22 17 16 24 19 18 22 21 18 12 16 20 15 15 14 21 23 16 21 24 18 18 24 22 19 14 17 17 26
21 23 17 21 17 21 21 14 19 19 17 22 26 21 33 19 16 39 20 22 16 9 15 14 18 27 15 21 18 16 15 26 28 21 26 20 19 23 19 20 19 24 16 17 23 23 23 22 21 18 16 15 20 19 27 30 20 22 21 19 22 17 13 21 24 21 23 21 12 12 25 22 21 13 16 20 28 22 26 17 19 17 17 16 20 32 17 24 26 26 20 23 19 19 29 16 22 27 20 33
7 22 25 23 21 24 18 22 27 25 16 15 24 25 20 18 21 18 17 14 11 21 21 17 21 18 12 19 21 17 21 16 13 17 23 21 22 21 13 28 23 22 16 28 16 20 20 21 22 19 17 21 17 20 11 17 24 20 27 16 19 36 25 22 25 19 23 22 24 22 17 27 23 13 17 25 32 30 23 17 26 31 19 17 27 14 10 23 32 22 15 19 24 31 28 22 21 19 13 16
16 23 20 30 13 19 29 24 21 19 23 21 27 19 23 16 25 16 25 27 29 11 23 16 26 18 23 23 14 14 15 29 23 13 25 28 22 23 32 15 18 19 18 26 30 17 18 15 18 21 17 18 18 26 19 17 18 22 25 15 19 18 14 19 16 28 23 23 12 22 23 20 23 17 28 12 25 19 24 16 24 28 19 25 11 23 18 24 25 28 17 18 21 16 16 18 18 21 24 15
21 19 16 22 16 31 17 22 30 24 21 24 14 25 20 18 24 13 15 10 23 18 20 22 21 19 25 18 17 24 20 71 25 23 26 16 17 18 5 15 10 15 19 27 21 18 10 24 18 21 26 20 24 21 15 19 19 23 28 21 17 18 17 18 16 16 10 16 17 19 21 15 19 14 17 20 23 19 14 20 19 21 17 23 26 13 21 19 22 20 20 14 30 30 31 14 30 20 19 19
24 20 19 28 21 23 20 16 14 15 17 18 24 18 30 23 21 16 11 23 19 24 20 21 15 17 22 26 13 26 17 14 20 20 26 14 18 27 27 15 31 8 18 12 26 13 22 29 27 19 14 18 25 17 22 25 29 30 25 30 28 26 18 16 29 21 21 12 12 24 16 29 23 22 22 23 19 18 14 21 17 22 14 20 24 21 19 21 16 26 13 18 26 6 14 22 21 27 16 27
22 20 16 20 12 24 24 15 29 19 13 18 26 21 26 17 21 26 26 14 18 19 24 24 23 18 20 26 15 24 20 13 17 19 24 16 24 20 20 16 23 13 26 15 22 11 17 19 21 15 25 26 14 21 18 21 31 29 15 21 14 18 17 22 17 27 24 22 19 27 13 19 25 21 23 21 17 18 16 15 18 16 22 19 25 18 19 19 15 21 19 19 15 19 19 17 23 26 14 30
30 22 12 14 9 18 21 19 21 15 15 26 23 11 16 18 32 13 25 16 18 22 20 18 17 21 21 21 13 15 21 19 23 16 22 29 15 15 21 33 17 22 20 17 24 17 28 21 20 17 15 32 19 25 25 21 27 18 24 17 22 13 24 18 19 23 21 18 16 16 22 15 13 23 21 18 17 19 16 18 16 33 33 60 20 18 17 27 25 18 28 26 23 27 25 25 23 13 17 17
18 23 19 28 16 26 18 16 18 25 29 29 23 18 17 23 17 27 22 12 23 16 27 14 16 15 23 33 23 13 16 16 20 26 20 30 20 20 24 25 24 21 12 18 21 37 17 26 22 23 22 15 30 23 24 20 27 13 17 26 18 18 17 29 25 18 27 26 30 15 25 16 22 18 23 18 15 14 17 23 28 18 28 18 21 28 22 24 25 20 21 17 20 21 31 16 18 14 15 14
20 18 19 14 18 25 17 23 23 15 19 15 29 24 25 27 17 21 27 17 21 19 22 19 15 18 20 24 20 15 18 22 18 18 12 19 18 23 22 15 26 18 25 20 16 24 25 18 24 20 24 14 20 23 22 12 17 28 23 23 18 22 15 20 19 18 22 18 21 17 22 17 34 22 24 21 28 14 18 22 22 24 21 25 13 20 20 17 22 24 19 26 16 17 18 27 20 20 21 21
15 16 23 26 26 20 26 18 23 18 21 21 18 13 26 22 20 22 14 7 23 26 21 19 22 24 28 26 11 16 20 22 26 15 25 15 30 13 16 16 19 20 20 20 21 22 24 20 24 20 17 12 19 29 17 14 19 23 17 18 23 15 18 14 15 20 29 21 26 17 17 25 26 20 16 23 22 13 13 17 25 20 18 21 18 18 20 26 19 23 12 18 13 17 22 19 24 18 20 32
18 15 16 22 16 15 21 21 20 23 24 25 15 23 15 15 15 17 23 23 19 26 18 19 25 19 11 25 21 22 19 19 19 23 18 21 25 21 17 16 21 21 16 19 16 26 26 16 24 20 22 23 18 21 29 21 24 27 25 20 22 20 15 20 19 21 25 27 24 13 21 26 18 13 21 21 20 16 21 11 20 24 20 19 23 14 17 24 16 20 19 20 19 16 20 25 19 20 17 24
24 19 14 18 22 14 20 19 14 22 16 20 16 18 18 19 14 28 23 10 28 15 17 15 26 21 21 17 28 18 12 20 24 9 17 20 15 14 20 18 20 20 13 20 23 15 19 27 21 21 18 13 25 23 22 14 23 13 16 23 22 21 22 17 12 21 26 20 19 15 26 25 11 10 30 24 14 15 22 15 23 25 19 16 19 15 24 17 33 16 12 15 25 25 30 20 28 15 25 14
27 30 29 18 26 26 16 24 24 16 20 11 20 23 24 27 20 22 18 17 20 19 22 18 18 15 27 26 15 24 20 19 14 29 19 19 20 23 16 13 15 9 29 22 20 22 16 23 18 17 20 15 20 20 23 11 28 20 21 16 23 19 16 21 16 21 17 24 16 19 19 22 17 22 25 9 17 25 26 26 18 23 26 18 16 15 25 21 20 28 15 24 21 15 24 23 20 10 21 19
20 22 22 21 22 22 22 26 24 11 27 25 17 23 29 18 22 20 24 23 15 27 29 18 20 24 20 19 21 19 18 24 26 28 26 23 24 25 18 26 14 25 22 23 29 30 18 24 26 23 21 24 13 24 17 23 26 17 27 19 30 26 22 22 17 20 20 18 19 24 24 21 20 18 25 18 23 22 30 23 30 23 19 29 16 15 12 20 19 21 21 23 22 17 17 24 24 25 25 29
19 13 21 24 28 15 17 26 22 14 21 19 27 18 20 21 19 19 27 19 24 16 23 18 21 19 24 17 21 19 24 17 23 26 21 21 19 20 23 24 23 21 11 23 18 24 15 19 18 21 28 21 18 23 19 21 12 19 25 18 17 13 18 27 17 18 15 19 12 22 35 27 31 32 24 19 24 23 18 16 21 22 15 18 15 14 22 26 24 24 17 23 22 28 15 18 23 27 19 21
21 16 9 21 24 9 26 18 24 14 18 22 17 25 23 32 21 23 14 25 22 30 18 32 16 23 21 15 26 21 17 17 19 11 29 17 22 27 30 25 22 6 12 25 27 16 22 29 17 22 15 20 21 20 20 11 18 21 27 16 12 28 16 21 20 16 15 16 21 16 11 23 23 22 27 18 27 19 11 17 14 18 18 22 18 21 18 26 23 27 26 15 20 21 20 21 29 24 29 22
15 24 25 19 20 21 20 17 20 17 22 17 20 16 16 13 23 21 23 23 18 23 23 15 16 13 12 21 19 18 22 34 17 17 25 22 23 21 19 16 17 24 16 19 24 16 24 14 18 21 15 19 21 19 19 14 19 20 28 26 17 27 17 20 20 18 21 17 26 24 25 19 16 11 22 18 15 19 23 18 28 19 20 20 24 16 24 28 16 22 19 24 18 24 11 21 25 26 21 21
20 21 25 17 20 18 11 22 17 20 23 18 29 23 20 21 29 18 17 19 15 19 24 20 20 20 17 15 20 18 18 27 16 12 13 21 11 19 25 15 20 18 15 24 18 27 11 29 14 13 16 20 20 14 18 8 21 35 17 17 20 25 15 17 17 17 18 17 10 21 16 28 23 26 20 23 21 19 21 26 16 19 15 27 19 26 27 19 18 23 21 17 15 16 22 17 21 21 22 23
14 25 20 23 18 21 24 23 15 13 19 18 18 18 23 23 15 23 5 14 11 24 21 24 20 18 22 19 24 17 20 17 12 19 27 28 20 22 13 13 33 18 21 19 19 20 17 6 24 16 16 23 16 28 25 16 11 24 16 23 18 24 31 22 21 19 21 24 13 30 20 19 14 25 25 18 18 15 24 21 18 24 19 27 17 13 15 15 26 18 22 16 27 19 15 22 22 18 28 18
22 14 20 23 23 19 24 25 20 28 19 28 27 24 16 28 27 17 26 25 18 20 21 21 20 26 17 24 20 11 13 19 21 21 26 19 25 27 16 16 11 17 25 23 14 24 16 19 20 19 26 18 15 11 30 30 19 19 11 22 22 19 21 16 28 25 23 27 20 24 15 18 25 27 20 16 21 20 19 19 8 23 16 24 17 22 16 23 16 21 14 23 23 13 11 18 17 23 23 14
36 19 14 15 28 21 17 25 14 28 22 16 28 20 21 18 20 14 17 23 19 16 21 21 27 21 12 28 17 15 20 18 23 17 20 20 22 16 20 28 16 29 22 21 24 20 24 22 27 18 17 22 18 4 8 6 11 10 8 5 9 13 7 10 11 11 9 11 10 9 13 6 7 17 6 10 12 11 18 9 10 11 8 8 13 7 12 5 14 9 12 10 10 13 11 15 9 9 17 8
8 19 12 16 17 13 4 12 10 9 10 8 9 15 11 16 7 7 12 10 8 12 14 12 7 9 5 11 10 6 9 8 9 8 11 6 18 8 8 9 12 14 11 11 14 10 9 11 11 12 11 11 12 8 11 13 13 10 38 8                                        
