0.28 3561 25 21 25 33 21 21 18 12 21 18 24 18 28 19 25 32 25 12 19 37 26 24 20 27 32 22 19 23 20 28 22 27 27 20 23 20 25 37 32 15 20 25 21 25 21 23 21 18 33 28 20 26 25 22 38 32 21 28 27 26 26 23 28 25 23 26 21 26 30 25 37 25 22 19 31 23 24 31 20 23 23 30 38 27 20 29 27 24 20 21 25 24 27 33 17 33 27 27
26 27 23 32 29 25 18 29 27 28 18 30 18 28 26 28 28 35 32 24 15 26 17 26 29 25 24 24 23 22 29 23 24 17 24 80 23 27 28 32 30 23 26 26 24 29 21 15 32 34 16 34 20 21 22 35 26 27 20 15 28 25 25 29 19 27 23 28 28 24 33 25 27 16 18 30 22 24 20 24 19 24 32 19 20 23 26 27 25 28 29 20 26 23 36 23 24 17 19 26
23 24 21 24 19 21 23 23 23 16 21 17 11 19 21 25 23 19 24 28 24 22 31 18 20 18 24 20 18 26 25 22 21 26 25 20 26 15 28 22 25 31 24 29 21 24 25 23 30 24 18 22 19 20 25 30 23 26 20 24 22 21 20 18 26 24 22 14 18 20 19 29 16 21 27 22 23 24 31 21 32 20 27 30 22 16 17 22 19 26 22 23 16 26 23 26 22 28 25 28
26 48 25 22 23 18 17 28 20 25 26 21 26 21 19 26 20 25 22 33 28 28 19 20 16 18 23 31 21 32 25 19 34 24 18 21 38 25 23 24 22 16 31 21 13 24 22 22 19 16 17 26 23 21 26 21 20 18 28 24 37 23 22 25 16 16 23 33 24 17 33 20 20 25 24 18 22 24 19 26 20 26 23 25 20 22 14 30 25 18 25 16 21 27 29 33 14 23 30 29
19 17 24 16 23 21 22 23 19 21 24 19 17 21 16 20 26 23 23 21 19 23 31 19 27 33 27 20 31 9 27 27 18 27 31 24 26 16 20 23 27 21 14 33 24 23 23 17 21 20 27 24 25 18 11 31 17 39 23 29 21 22 30 30 22 24 19 29 19 21 25 23 18 21 27 25 14 21 21 28 23 19 30 26 18 22 44 19 22 26 25 22 18 19 18 24 26 17 25 24
30 28 16 22 27 22 36 24 28 21 18 22 26 27 20 25 20 13 23 21 23 25 26 18 26 27 26 24 18 20 23 21 30 34 25 30 21 24 29 24 26 34 16 26 28 30 24 23 16 23 32 23 22 22 14 27 30 14 28 19 22 28 25 20 24 30 19 26 24 24 20 21 26 33 21 23 23 19 26 25 24 28 24 27 31 25 30 24 27 34 22 23 22 10 17 26 23 21 25 20
25 26 38 26 35 23 15 22 35 24 31 18 16 25 23 33 21 22 30 22 25 30 23 23 21 29 12 27 20 12 28 27 21 15 25 31 16 23 33 24 22 16 23 31 23 30 26 28 30 15 16 23 30 18 28 34 34 24 22 36 22 26 30 24 27 20 21 24 34 25 30 31 17 23 30 26 20 20 15 20 19 25 23 19 22 25 32 27 26 22 27 28 34 33 22 18 23 35 19 26
19 24 29 20 23 23 27 25 23 23 19 20 29 29 26 18 21 30 24 24 20 25 13 15 16 28 33 32 20 21 19 19 15 25 27 19 21 29 20 18 22 19 26 20 20 21 22 20 14 25 16 26 18 26 21 23 24 23 23 27 32 23 19 29 23 19 22 22 21 26 28 25 27 29 20 24 22 20 27 28 22 24 17 17 25 18 23 25 31 27 18 17 27 19 34 26 25 25 17 18
25 16 19 18 30 13 21 26 26 23 28 14 30 21 30 20 21 23 24 19 20 21 18 29 20 18 16 31 17 22 16 23 32 21 22 18 24 22 27 23 18 26 20 26 20 21 31 23 20 17 21 26 23 21 16 29 23 12 25 24 29 23 25 20 26 17 24 34 23 18 27 23 26 27 23 26 24 16 23 29 19 17 18 20 29 25 21 19 21 17 25 24 23 14 22 26 33 25 21 36
28 26 18 25 26 30 16 17 28 23 19 27 24 22 36 22 28 35 11 10 27 17 20 22 14 25 26 30 22 23 23 15 20 20 21 26 23 23 24 19 16 28 18 25 22 27 19 38 20 24 32 21 30 20 36 30 17 31 21 22 18 27 18 33 33 22 26 20 26 24 33 23 16 24 26 18 22 25 28 27 23 21 21 20 34 21 21 23 23 36 34 22 28 23 17 26 24 20 8 69
37 26 26 23 20 32 23 16 27 24 21 29 33 16 19 26 30 18 29 25 21 31 25 19 11 26 18 15 15 30 22 23 28 30 21 22 23 20 30 27 19 29 20 20 26 31 31 26 22 19 27 22 29 27 23 24 17 30 19 15 28 23 26 22 24 25 20 18 34 30 23 23 26 19 26 26 23 31 14 14 34 28 15 21 23 26 21 23 28 23 21 18 15 20 24 25 23 29 22 16
20 26 30 29 17 26 24 23 15 27 23 29 25 22 19 31 24 16 33 19 24 51 37 24 26 23 20 23 30 22 23 31 17 18 27 17 18 27 24 26 22 35 14 24 31 28 30 32 25 20 21 21 13 24 20 32 25 25 24 21 31 21 25 22 32 20 24 19 21 22 19 27 28 20 22 22 25 23 23 28 16 24 26 33 21 22 28 23 16 26 35 33 19 23 22 20 26 21 18 26
25 17 22 20 20 24 27 30 11 30 25 19 23 24 25 26 18 24 29 26 28 26 26 27 19 23 27 33 23 24 25 22 22 29 22 19 25 22 12 23 28 21 26 27 15 27 18 27 20 24 23 28 23 23 21 27 27 23 21 23 27 19 25 30 14 22 27 15 19 27 16 16 24 22 24 20 14 30 26 26 18 28 32 13 29 30 19 10 29 19 24 20 16 24 17 16 24 25 29 31
30 21 19 26 22 28 27 22 25 16 16 33 19 23 27 24 24 24 26 25 36 22 23 25 25 27 22 24 20 22 27 25 23 17 20 15 22 24 18 31 24 26 33 28 28 21 18 22 24 19 27 24 28 21 26 28 26 25 21 28 17 22 25 23 14 25 19 29 16 16 26 17 25 32 28 23 26 18 19 31 25 21 24 23 28 28 23 19 15 24 25 15 23 25 28 22 19 29 26 15
11 18 27 24 22 31 22 15 24 20 21 23 25 27 19 25 25 19 19 31 33 24 24 16 21 26 26 19 25 29 28 19 29 23 15 18 21 23 26 22 23 19 28 19 25 28 28 22 22 41 23 20 24 29 29 38 20 36 29 14 29 22 27 34 21 17 27 22 22 26 34 25 25 22 23 23 18 25 27 23 22 23 13 17 22 21 14 27 26 29 28 30 21 21 26 29 20 23 31 30
25 24 19 23 21 23 21 31 20 27 14 26 24 25 28 27 34 39 18 52 23 13 25 25 23 19 30 28 19 18 15 27 20 27 23 33 32 25 25 21 31 27 22 30 26 18 23 22 24 26 21 22 26 24 18 16 20 20 20 16 25 24 24 29 24 18 21 24 20 24 26 22 20 22 36 30 24 29 27 29 25 26 23 29 20 17 26 28 20 27 28 30 20 29 21 17 21 20 19 28
28 27 24 27 20 27 26 24 26 19 27 28 29 21 17 23 28 27 22 31 22 23 25 17 26 26 21 21 25 25 32 33 21 26 21 13 20 19 25 16 23 25 23 24 30 20 26 30 22 23 23 28 28 18 28 17 27 23 23 23 26 31 18 33 23 22 18 23 17 16 21 26 25 30 27 28 21 28 13 22 30 20 15 31 20 25 30 24 25 25 22 28 16 22 20 26 24 19 33 21
24 23 27 26 26 26 23 32 29 22 22 30 27 21 21 26 21 21 22 27 29 20 23 18 19 20 24 22 26 22 21 20 24 25 24 23 23 24 22 24 24 28 23 22 27 23 32 36 28 16 16 24 27 23 26 22 18 18 19 24 19 14 28 25 21 16 27 29 18 29 13 18 25 26 22 24 27 22 30 28 20 23 14 34 24 23 41 29 44 22 22 27 15 29 24 22 24 14 23 31
20 14 28 22 22 17 22 28 27 33 23 23 19 25 21 25 19 28 26 19 28 20 13 29 23 18 21 19 26 18 24 26 14 22 24 24 22 22 24 26 25 22 29 18 19 30 17 30 26 27 19 15 28 24 34 30 17 18 17 20 21 32 21 29 24 34 26 23 32 19 19 29 27 19 17 26 34 27 17 20 25 18 24 16 17 24 28 31 29 17 27 25 27 23 24 25 13 32 27 26
15 32 28 34 21 25 34 22 20 18 20 23 25 25 21 31 23 23 22 18 25 24 32 16 20 22 25 20 23 21 25 25 23 29 28 21 23 26 23 29 25 23 20 34 14 18 21 15 34 18 28 28 21 24 22 29 18 31 21 25 23 24 19 16 26 23 21 31 15 30 27 24 36 26 29 20 19 17 22 35 21 18 21 24 23 21 25 21 15 30 22 30 21 26 27 32 30 28 28 24
21 17 27 23 24 28 24 30 23 19 28 22 25 24 27 23 22 35 23 26 21 23 25 25 22 15 26 21 23 26 27 18 19 17 28 25 24 25 24 20 15 17 12 30 31 30 17 26 27 20 22 24 19 26 24 27 27 24 25 23 18 23 28 22 18 23 21 17 22 30 24 22 30 20 35 33 19 14 19 17 23 18 25 29 21 31 26 25 26 20 35 11 24 24 22 20 24 26 20 18
26 18 21 27 27 21 21 19 28 33 26 21 19 27 18 31 24 23 27 24 21 27 30 22 23 23 28 26 17 23 21 30 20 22 22 28 17 16 26 25 27 23 20 23 27 26 31 27 23 22 25 22 21 28 28 32 32 21 14 24 27 13 23 26 28 24 29 27 16 24 30 25 23 29 20 31 14 22 23 19 28 23 21 27 20 23 21 29 23 25 19 26 22 25 24 20 18 19 25 23
29 20 25 22 31 31 18 19 24 22 21 24 25 25 36 23 26 24 26 21 20 19 19 24 19 15 24 21 30 29 35 21 36 25 23 28 22 20 22 22 29 15 22 20 30 21 13 29 20 20 21 22 19 28 31 21 31 33 19 18 23 28 30 22 27 20 25 23 21 16 21 26 25 29 18 27 18 24 19 28 19 21 25 33 15 25 19 23 26 15 25 24 24 25 21 29 21 21 20 18
21 25 19 20 19 29 31 25 25 23 20 29 26 22 23 17 20 26 13 25 24 21 21 21 22 24 15 23 19 22 30 24 25 20 32 20 29 15 22 19 32 22 26 23 24 18 22 31 23 22 27 20 22 22 34 22 21 27 23 31 21 18 27 16 25 21 24 21 23 13 19 28 24 16 24 20 23 32 26 20 39 22 18 23 35 25 21 16 18 34 29 23 26 12 22 23 18 26 21 22
22 22 17 26 30 27 30 30 27 27 24 28 21 19 26 21 27 25 27 21 30 25 26 29 26 24 23 20 23 26 22 24 25 24 23 26 24 32 17 27 25 28 29 21 28 24 17 31 32 26 18 19 26 17 17 20 23 29 26 18 27 31 21 22 21 36 10 20 21 23 21 27 20 26 28 19 21 20 22 27 25 29 21 22 20 25 19 29 18 27 25 19 17 22 21 14 25 18 25 21
13 21 24 22 21 16 26 22 21 20 26 29 25 17 22 26 26 25 23 24 19 22 22 27 26 20 19 27 26 20 20 23 20 20 26 27 34 60 21 20 23 23 14 26 17 19 18 30 28 29 25 22 22 17 26 27 23 25 24 18 19 18 27 16 18 29 21 21 26 25 27 24 27 26 32 22 24 18 35 29 23 30 23 22 26 17 26 26 19 28 21 11 18 24 28 27 16 22 26 27
29 28 26 20 24 9 19 29 24 23 25 23 18 23 31 23 23 22 18 27 19 31 19 30 18 33 30 31 27 21 22 38 26 16 27 23 28 27 22 22 31 12 31 27 32 24 23 26 26 21 27 15 19 14 18 22 24 36 26 29 20 27 25 19 17 26 19 32 21 23 13 27 20 32 21 22 35 24 21 23 21 29 18 27 28 28 31 19 20 23 28 26 17 18 24 20 27 35 23 25
26 24 23 23 23 18 22 21 17 20 22 19 27 34 24 28 19 24 20 27 27 26 21 27 26 22 23 15 23 24 20 21 14 26 19 24 17 17 26 21 31 23 22 18 26 18 25 30 25 19 18 26 28 28 18 20 16 25 26 25 34 21 26 25 22 33 27 30 19 25 34 30 29 21 19 26 24 25 21 22 21 17 26 28 28 21 20 25 15 15 29 24 32 18 21 23 25 23 24 23
18 21 24 18 20 23 26 26 19 18 23 25 21 24 24 17 18 29 33 25 24 29 26 33 16 22 18 34 29 23 27 25 19 25 23 20 14 27 17 28 28 25 23 19 22 28 14 22 16 25 26 24 21 26 20 27 19 19 18 34 18 17 25 26 26 28 26 26 16 23 27 17 24 21 29 32 30 28 23 14 24 25 22 22 18 32 23 36 26 22 22 20 14 30 29 21 30 27 15 27
18 26 16 18 24 22 23 10 28 26 24 26 20 28 26 27 24 21 22 31 17 27 22 23 25 20 25 20 22 21 26 22 21 19 21 30 27 20 28 21 27 29 24 21 18 25 28 26 21 31 25 18 19 30 22 19 25 23 19 19 21 25 11 26 19 17 22 22 29 20 19 14 26 27 21 29 21 22 27 14 14 34 23 21 22 29 25 17 32 22 25 31 25 25 25 28 26 24 36 16
21 25 26 24 18 35 18 17 28 13 24 26 26 21 19 22 31 21 31 25 22 16 23 22 26 22 24 16 29 20 18 23 18 29 28 17 25 22 24 19 29 27 22 17 23 25 26 17 22 24 25 13 24 26 25 10 21 16 26 19 19 21 22 30 17 22 22 21 31 20 18 27 18 22 18 23 27 26 19 27 31 13 24 26 18 29 25 26 25 27 33 27 29 28 26 18 20 27 22 24
30 14 15 27 31 27 31 20 38 22 22 22 23 11 27 23 25 18 25 25 25 30 32 26 20 22 20 29 29 25 23 17 21 30 30 23 22 31 26 24 20 25 23 31 19 24 25 29 26 33 33 31 14 24 24 25 27 28 33 29 37 20 21 27 21 24 17 19 13 19 31 27 16 26 34 28 20 24 18 21 22 23 18 24 24 20 31 21 21 20 24 26 28 17 25 26 24 22 26 30
26 22 21 18 25 27 22 13 28 22 26 24 29 25 18 24 27 31 21 27 22 29 22 18 27 27 15 29 16 21 27 33 28 29 22 17 26 22 20 27 22 30 26 20 19 17 29 20 24 26 21 27 19 17 26 33 18 19 26 23 27 17 28 16 23 23 16 33 19 24 18 27 30 24 19 27 18 18 18 11 28 26 27 27 21 27 32 33 34 20 20 24 24 31 29 22 21 23 25 26
24 22 23 33 29 24 28 24 20 23 32 22 29 21 26 31 18 19 27 28 16 25 15 28 26 19 25 30 21 21 28 22 25 25 22 27 25 19 25 18 22 26 26 23 20 30 26 27 32 17 16 26 27 20 26 27 21 24 19 28 15 25 14 26 21 24 21 28 18 24 34 21 17 27 21 17 20 24 30 20 30 18 19 18 34 26 22 29 22 14 27 19 24 23 26 20 19 26 20 27
22 21 25 19 20 20 22 25 17 22 29 21 26 27 16 21 21 20 28 26 15 19 24 24 17 17 16 18 25 17 25 19 30 19 19 14 27 32 21 20 14 19 28 31 16 40 20 21 21 21 22 19 23 22 24 30 12 25 15 27 15 12 34 26 19 25 24 32 24 26 23 28 17 29 24 20 24 23 25 31 24 20 25 22 20 17 25 18 16 19 25 26 29 35 24 24 17 32 16 24
24 16 18 26 21 23 26 18 26 23 21 20 19 20 25 28 28 22 18 27 27 20 26 16 23 17 19 19 23 27 20 22 23 29 20 22 20 31 20 23 22 19 20 22 24 30 24 20 21 37 17 33 16 21 22 30 17 26 19 26 24 24 36                                     
