0.466666666666667 2520 19 17 14 19 22 18 17 20 13 15 12 19 11 12 16 12 23 24 15 17 19 15 9 24 15 14 19 21 16 15 23 13 14 15 20 10 16 17 23 12 16 12 12 18 20 24 18 19 27 12 15 15 13 15 23 14 18 8 21 17 18 22 22 15 16 21 22 17 16 21 7 18 18 20 17 19 22 13 12 14 12 13 22 21 17 16 20 20 19 22 23 13 13 14 17 17 15 27
26 48 34 15 22 16 17 17 23 17 17 14 16 28 20 17 17 13 15 11 19 17 12 14 19 21 19 19 15 12 14 13 12 12 20 30 17 13 20 21 11 19 26 22 18 16 22 17 17 17 19 13 16 20 12 14 13 17 24 15 11 24 18 9 28 23 16 12 23 17 20 13 16 10 17 9 13 12 19 12 16 15 14 20 10 10 20 22 9 14 14 15 12 16 22 15 14 17 14 19
20 12 25 14 15 10 17 15 17 13 16 18 14 13 19 16 13 21 18 18 18 11 6 20 15 20 19 18 14 21 18 11 19 17 11 21 14 17 16 19 9 8 12 18 20 20 19 18 21 13 13 13 22 14 16 17 15 10 19 20 16 13 17 20 16 23 15 12 19 15 17 16 12 14 24 15 16 17 19 17 13 18 18 18 22 23 19 19 25 19 14 16 15 19 21 14 17 17 22 25
11 12 8 17 21 18 21 19 15 14 12 20 19 14 9 20 16 8 15 8 15 21 15 19 22 17 11 16 20 25 12 18 26 18 15 18 15 20 18 18 13 13 12 15 17 12 17 18 12 17 24 23 15 17 12 16 14 18 15 19 16 16 12 21 18 16 19 17 13 16 17 15 21 14 20 22 16 30 17 24 13 21 17 21 9 10 17 15 20 16 20 17 20 25 16 19 27 16 19 17
31 16 19 16 19 11 20 19 10 22 17 13 16 12 17 15 19 13 16 14 12 14 14 12 13 21 18 14 14 15 18 20 25 16 15 15 21 12 25 20 21 20 23 15 22 15 16 16 13 16 19 19 18 32 13 23 23 20 22 13 14 15 18 20 10 25 17 27 23 16 10 23 11 17 28 13 13 18 12 20 22 15 21 13 14 17 20 15 15 14 15 27 12 15 17 12 14 19 15 17
14 21 20 8 16 22 9 9 17 14 14 16 17 18 20 15 13 19 19 15 12 14 15 10 12 16 15 22 27 21 13 14 14 23 25 21 21 15 21 8 19 15 17 15 20 15 18 20 15 12 15 27 17 26 30 7 19 11 17 13 17 17 11 17 15 21 9 18 17 19 19 20 23 22 17 22 20 13 15 14 16 18 21 23 24 12 14 14 22 21 17 22 20 17 10 17 12 24 18 10
13 27 21 16 13 13 24 18 26 15 17 14 16 19 16 16 25 21 16 14 17 12 24 17 19 9 16 13 15 12 20 12 17 14 17 17 21 24 23 18 16 15 22 27 13 12 22 10 22 13 17 19 16 13 24 11 19 16 24 20 14 15 19 15 19 27 17 16 12 14 12 18 14 20 16 17 23 22 22 13 24 17 12 12 20 22 25 15 16 23 14 13 11 32 23 21 18 13 19 12
16 21 12 17 21 10 20 16 14 16 18 17 9 19 18 24 16 27 22 21 35 16 27 9 18 24 16 17 15 12 23 12 14 17 19 14 19 21 19 17 13 17 17 21 16 25 15 18 19 20 23 18 12 16 20 27 20 13 20 14 17 24 20 27 15 15 16 16 22 13 24 11 17 19 14 22 16 18 15 21 14 13 15 11 14 16 15 25 24 16 20 19 15 19 10 21 10 12 16 19
14 14 19 18 11 30 16 15 10 21 13 16 24 19 20 23 18 20 22 25 28 13 16 16 12 12 22 25 18 13 15 21 17 8 17 16 13 17 15 21 10 20 20 25 13 18 20 22 26 20 23 16 15 13 18 18 17 21 13 20 22 15 13 16 18 13 18 19 17 17 19 19 18 17 11 14 15 10 13 21 20 20 15 9 20 17 13 12 17 19 21 24 17 17 11 20 22 20 22 19
21 20 21 13 13 18 23 19 18 19 13 21 22 20 23 19 21 16 15 15 20 14 24 19 10 22 17 19 20 19 19 14 27 17 19 15 16 17 14 17 14 24 19 15 15 22 24 16 14 16 18 16 17 21 16 14 12 15 8 10 14 13 20 29 13 27 20 14 16 19 15 19 16 17 20 20 16 16 21 15 16 10 18 14 20 22 18 11 16 15 13 11 22 7 23 23 22 11 22 15
16 20 17 18 18 24 15 13 19 20 13 17 20 16 13 15 14 14 21 8 21 29 10 13 23 20 19 18 15 16 18 13 14 22 28 19 23 14 10 16 15 14 17 13 17 20 15 16 16 25 13 17 20 16 4 23 24 15 15 24 23 16 18 13 20 17 20 18 21 14 16 19 16 15 20 17 20 7 14 22 18 13 12 18 18 22 14 19 23 9 17 19 20 16 21 26 15 18 22 23
17 21 22 12 12 20 30 14 16 27 17 20 12 10 16 16 20 22 22 18 17 22 20 16 16 18 15 11 23 19 15 18 19 18 10 13 20 16 13 13 14 15 14 18 19 16 16 13 13 19 17 17 17 17 20 23 7 12 24 13 22 21 16 18 14 15 16 17 21 15 16 21 19 18 15 17 11 26 12 15 21 22 15 27 16 21 13 12 17 26 18 24 17 15 17 24 15 14 22 15
13 22 21 23 21 22 24 17 19 14 12 19 13 18 13 16 18 10 21 26 22 24 22 17 14 11 29 17 22 19 17 17 18 16 16 14 17 11 23 12 14 17 17 19 18 21 20 15 20 21 23 19 13 17 16 20 20 19 17 12 16 23 23 13 22 8 17 14 16 15 17 17 18 16 17 14 13 16 15 21 19 16 18 16 15 20 17 15 14 17 14 16 16 14 13 30 20 15 14 14
14 13 14 14 19 15 20 15 17 24 24 16 13 12 20 25 18 12 11 15 20 15 15 21 24 34 23 20 16 19 13 5 18 21 8 18 12 17 16 26 22 24 18 15 21 16 21 18 15 22 9 19 16 9 16 16 20 17 21 13 18 8 16 13 21 14 16 13 15 14 17 18 19 17 16 23 13 18 17 20 21 21 20 18 16 18 20 18 19 16 15 20 22 18 17 15 16 16 14 33
15 12 18 15 13 21 17 14 13 11 20 9 15 15 15 20 16 16 24 18 27 13 26 16 23 13 13 12 15 16 18 8 15 18 25 12 18 24 21 16 15 12 23 15 20 25 19 20 22 20 18 12 17 16 14 15 16 19 16 17 14 19 15 17 17 17 15 14 17 22 25 13 13 16 17 16 19 16 17 13 17 18 22 16 17 11 17 16 17 20 17 13 23 21 13 16 20 22 15 12
24 11 13 19 17 14 16 18 13 17 18 16 18 13 16 12 20 30 13 25 10 17 17 15 18 17 12 25 23 21 21 19 14 17 20 20 26 19 25 11 19 17 12 18 25 17 12 25 17 19 19 19 13 14 9 15 16 19 18 13 25 22 12 15 16 12 10 21 24 18 27 16 39 19 19 24 14 15 21 25 20 14 14 17 16 20 12 18 14 11 19 20 24 13 14 16 15 21 22 19
20 15 12 20 22 15 23 20 20 14 16 16 12 21 12 17 13 21 10 22 12 18 12 14 29 20 13 22 16 20 29 12 18 17 18 21 20 11 10 18 15 11 17 16 20 21 13 19 10 21 13 20 26 17 14 34 12 18 12 23 16 10 16 15 16 19 20 21 24 19 19 15 15 17 13 14 18 11 21 18 12 20 14 12 18 18 18 15 18 18 20 20 11 10 18 12 26 19 15 18
15 15 25 15 19 22 20 21 18 17 21 16 15 17 20 19 15 20 13 25 15 23 20 23 16 18 11 17 14 14 20 11 23 23 13 18 22 17 16 14 21 21 16 20 22 19 14 20 19 15 19 16 18 14 19 20 10 14 11 17 17 18 15 9 27 17 16 24 20 18 18 19 19 23 19 18 15 13 15 17 16 14 15 8 24 14 21 16 12 20 11 17 17 15 17 18 16 14 19 26
25 14 14 24 17 21 18 14 14 17 11 17 14 14 12 17 18 20 17 25 10 21 16 18 15 24 17 22 18 14 28 21 14 28 14 16 17 18 13 21 24 17 12 14 18 10 13 17 21 13 14 12 13 17 26 17 12 17 18 17 28 13 17 17 19 23 24 19 18 16 17 14 16 17 17 22 17 17 14 16 13 19 19 20 14 15 21 22 14 20 28 28 16 13 11 14 20 12 15 23
12 15 16 16 20 13 14 13 13 17 14 21 20 14 17 24 15 13 26 21 17 19 17 21 26 17 16 21 14 11 17 18 23 11 13 22 17 15 17 8 15 18 23 17 18 9 14 16 22 16 14 16 18 17 24 15 14 14 19 14 18 13 17 13 23 11 16 23 20 15 16 18 14 21 13 15 16 23 21 13 11 18 32 12 17 21 15 12 20 20 13 18 25 16 20 13 15 12 31 9
10 15 12 19 19 12 14 24 12 18 14 17 16 14 17 13 18 16 18 20 13 18 22 21 20 17 18 16 10 15 16 18 21 15 12 13 15 23 17 18 10 18 15 18 13 19 21 17 20 19 14 15 15 13 18 17 17 17 13 14 16 14 22 17 18 12 14 28 23 22 16 16 20 19 19 25 16 19 14 12 11 16 21 14 19 15 19 14 13 21 17 11 17 20 16 16 15 11 19 14
16 20 16 13 14 14 20 14 27 13 17 16 17 26 18 17 12 10 19 19 15 20 14 15 22 20 26 11 16 12 21 22 10 17 18 16 14 18 16 18 15 11 13 20 16 18 28 18 15 18 16 20 13 20 14 18 21 22 25 19 12 14 17 23 19 17 18 15 16 16 15 18 19 22 21 23 13 18 14 18 13 19 19 22 16 20 15 13 20 12 17 21 13 16 14 23 15 19 16 12
20 21 19 4 11 24 12 18 18 19 18 13 21 10 10 22 21 21 19 15 19 21 13 21 18 16 19 16 17 22 14 18 11 21 16 24 16 14 18 15 14 19 24 24 20 16 15 18 20 16 18 26 17 14 14 14 18 9 14 15 17 10 14 11 13 15 18 28 26 28 18 17 20 18 14 24 17 9 11 18 13 14 17 15 22 17 20 14 15 10 10 21 13 16 16 20 15 16 11 13
20 15 17 17 16 13 16 19 21 22 17 24 20 17 17 15 14 11 12 24 15 11 14 16 17 17 21 10 18 17 14 22 19 20 16 19 12 24 25 18 20 16 17 13 17 25 20 18 27 19 36 12 12 8 14 38 21 15 21 18 15 20 14 22 18 13 17 12 15 17 23 13 25 15 19 23 10 11 15 16 20 13 21 27 14 20 20 13 17 20 19 12 23 15 12 30 20 18 14 19
18 23 18 10 16 26 14 27 17 15 25 25 20 9 18 21 19 16 23 29 8 6 12 6 11 10 8 4 10 6 11 6 10 10 8 9 6 10 5 11 10 12 7 7 7 6 8 9 11 7 10 9 8 10 11 10 9 9 10 8 11 6 7 10 10 8 12 7 5 7 8 7 11 13 13 11 12 12 9 9 7 7 9 11 13 7 10 7 10 4 8 20 12 9 6 7 13 8 9 8
7 17 8 8 7 11 5 8 11 22 7 7 8 9 8 4 7 8 8 4 10 5                                                                              
