0.423076923076923 2691 27 30 22 29 24 27 32 28 17 26 24 26 26 18 31 26 27 23 24 34 34 28 15 31 21 26 42 17 19 24 36 27 26 22 29 18 24 19 20 31 36 29 29 25 23 24 25 28 28 26 22 20 19 28 32 24 12 21 16 25 26 26 22 34 28 33 17 25 21 30 32 17 13 25 33 36 25 22 21 28 28 27 26 23 21 32 23 28 25 33 21 21 15 26 31 19 32 26
26 25 35 30 24 22 21 27 27 19 20 16 73 21 29 22 33 20 21 22 38 26 8 42 23 36 27 28 27 28 30 28 26 23 24 30 25 30 23 18 30 30 28 22 24 25 24 21 18 25 22 23 19 17 22 28 28 25 32 18 24 24 16 23 16 28 25 27 20 29 21 28 25 26 21 20 27 23 19 16 22 35 23 27 26 23 20 21 30 37 26 28 30 30 29 18 23 33 22 20
26 23 14 23 21 16 28 35 21 36 25 33 27 39 33 37 10 34 15 23 19 26 21 23 29 29 21 22 18 19 11 22 31 30 27 26 29 28 25 30 26 25 30 67 34 19 21 21 21 39 33 22 21 18 26 22 20 34 24 20 21 36 24 27 19 26 29 25 21 27 16 17 23 26 25 30 21 22 22 21 17 30 29 29 27 29 24 18 30 24 18 28 30 30 29 28 31 23 26 26
27 20 22 26 37 33 23 20 21 19 29 25 15 29 22 27 23 24 22 26 29 39 28 18 22 24 27 20 32 21 37 21 22 26 22 26 29 30 35 29 18 26 26 43 28 28 15 26 29 17 25 25 22 26 19 22 17 29 15 33 20 14 28 23 26 34 23 29 25 23 29 27 28 20 31 29 20 23 18 23 30 23 19 18 30 16 24 30 34 21 24 26 33 19 35 37 26 22 27 25
25 23 31 37 31 30 29 32 26 21 21 21 28 31 32 25 30 23 20 22 23 21 26 25 27 24 16 29 39 23 30 29 22 24 23 22 25 19 28 57 20 27 23 22 30 16 28 20 29 26 35 31 30 26 18 27 22 32 25 28 21 31 31 25 25 12 27 29 29 32 16 25 26 19 26 26 16 35 30 29 31 34 27 27 27 29 30 25 36 35 27 26 28 33 26 18 17 27 24 33
23 24 29 21 31 27 19 21 14 18 32 27 20 34 27 37 25 19 29 31 31 23 23 12 20 24 22 27 17 29 23 25 23 33 26 28 23 28 32 25 26 32 16 27 25 34 17 24 25 27 26 25 30 29 33 20 22 30 28 24 28 24 30 19 28 27 32 18 24 27 25 14 25 20 23 26 18 31 28 27 20 28 22 33 25 26 24 27 23 34 22 18 32 27 24 19 35 26 25 22
34 26 15 20 34 18 23 24 21 19 27 27 21 22 22 29 23 25 19 15 22 17 24 20 21 24 21 21 28 15 18 32 29 21 27 19 28 26 29 25 21 17 18 18 23 15 20 30 22 20 33 28 22 21 19 23 19 27 19 21 29 23 16 34 15 32 22 30 31 25 40 18 24 19 18 17 16 28 28 29 39 27 32 22 36 22 15 21 29 23 27 27 23 27 22 29 35 27 18 19
7 33 26 18 12 25 31 27 17 16 22 22 25 32 19 21 28 20 27 25 25 36 27 24 29 26 20 15 33 23 25 20 21 25 26 30 24 13 26 37 21 30 27 29 23 24 25 23 30 22 49 49 43 23 37 27 30 29 36 24 28 29 26 19 30 35 28 21 25 26 23 31 25 38 28 29 25 24 41 31 25 14 25 22 17 20 20 26 22 36 21 27 34 17 26 28 28 31 25 30
24 25 27 18 27 16 36 26 15 29 24 25 39 30 36 30 28 32 39 30 23 37 32 21 25 36 28 37 19 33 21 21 22 22 15 27 24 27 21 23 17 33 19 16 24 29 28 21 23 24 21 18 28 25 25 31 19 28 23 18 28 17 26 26 20 26 26 24 29 25 29 22 15 25 21 27 16 29 30 29 24 28 25 30 20 41 23 24 29 21 29 26 15 29 22 33 23 21 28 25
33 20 32 22 31 16 23 23 33 25 24 32 23 24 12 30 37 23 26 19 27 13 29 30 39 22 32 36 34 25 21 26 33 31 27 32 33 28 30 25 24 26 31 32 24 22 21 17 28 29 31 25 30 20 19 20 23 23 27 30 25 32 21 21 26 11 19 23 28 22 25 30 29 32 25 19 23 29 22 18 22 29 29 16 17 18 25 28 22 24 21 25 23 20 20 20 32 30 29 29
23 29 22 20 31 20 23 14 20 28 24 27 19 25 24 26 24 16 37 24 25 18 22 23 31 26 24 23 26 28 26 13 23 29 27 26 17 25 30 24 29 21 19 33 28 21 33 35 37 21 25 21 23 24 19 22 26 22 30 36 19 34 27 30 31 28 31 27 26 23 25 19 24 24 24 23 36 23 27 28 28 28 26 19 23 25 29 31 28 35 18 24 28 26 25 24 28 33 33 29
29 45 35 33 29 22 22 23 32 24 22 21 39 20 21 39 30 30 28 19 24 23 26 23 30 24 27 25 23 30 18 26 29 32 25 19 19 32 25 22 19 26 27 25 22 27 31 23 21 28 21 17 8 20 24 17 17 24 17 31 35 10 34 30 30 29 21 23 28 21 22 26 24 21 30 29 27 28 30 14 24 24 22 22 26 27 24 19 37 20 26 34 23 37 34 23 21 16 28 29
28 18 19 25 33 26 30 37 23 18 32 30 25 32 22 17 27 26 30 23 25 19 22 31 36 27 22 25 31 29 17 21 27 20 24 23 31 23 28 32 13 26 17 31 21 22 26 29 21 15 30 31 24 22 23 18 25 24 24 30 26 20 24 22 30 22 18 32 29 15 21 26 27 24 28 34 27 20 37 32 20 22 31 26 25 25 35 37 24 31 23 24 35 35 11 26 31 25 27 26
31 24 36 23 25 24 29 28 23 30 19 26 21 26 18 28 29 19 27 22 28 24 28 19 28 19 18 34 20 26 25 21 21 21 28 47 28 20 19 27 35 25 19 23 18 30 22 36 27 25 26 24 20 27 31 29 22 28 24 20 30 17 25 21 24 36 38 28 34 27 30 22 25 22 29 27 27 27 26 24 24 23 9 24 26 28 14 27 32 37 22 22 18 26 26 18 22 27 24 26
35 22 13 25 23 27 26 24 20 34 25 15 27 23 30 29 29 25 19 31 26 23 20 28 21 24 27 25 29 31 21 31 33 29 22 32 30 21 27 20 36 24 31 23 31 21 26 28 23 24 26 28 31 32 24 22 25 22 27 24 33 24 30 19 24 15 32 21 18 20 29 33 22 27 34 29 38 31 30 25 27 19 23 35 27 32 14 31 29 25 21 18 16 23 36 19 22 23 15 26
30 15 21 24 21 25 30 26 25 29 27 24 28 25 29 25 26 28 12 20 15 23 22 26 32 21 23 28 25 22 24 20 25 24 28 30 20 33 26 34 32 36 30 34 27 33 28 32 27 27 29 24 24 27 26 30 35 31 30 24 26 27 20 21 19 30 32 27 32 20 26 27 25 22 24 18 30 17 36 15 30 22 27 16 22 24 25 26 28 25 23 21 19 33 23 12 26 25 37 39
24 25 25 30 17 19 25 19 28 29 31 28 23 35 26 25 27 20 20 30 29 29 23 34 22 35 21 26 17 28 32 29 24 24 25 24 32 27 24 34 25 32 27 21 22 24 20 26 21 29 25 21 28 25 20 17 23 24 29 29 28 28 21 17 24 17 22 14 20 26 30 25 18 21 13 28 36 30 23 36 30 20 30 24 22 20 23 20 22 19 29 22 22 20 21 31 22 23 24 18
30 25 22 21 22 17 21 24 25 23 21 34 27 24 22 23 19 34 32 29 23 16 13 32 29 28 22 25 20 30 25 28 28 27 22 19 21 30 21 17 30 17 26 28 22 26 20 20 24 22 27 30 24 22 25 22 30 19 29 36 28 18 30 25 25 28 25 30 23 24 26 22 30 27 27 21 33 14 19 21 31 20 28 25 30 22 28 27 32 20 22 13 17 19 20 25 19 36 28 29
18 24 25 32 28 19 29 25 29 25 22 27 20 31 23 23 21 27 26 23 21 26 29 19 22 26 23 34 28 17 30 20 23 24 29 27 19 19 30 22 18 30 23 24 17 30 25 25 26 23 22 15 25 28 23 20 19 18 26 27 26 26 27 17 19 16 23 19 19 23 22 33 26 23 20 18 21 28 22 24 31 19 25 28 27 19 16 18 24 27 34 25 24 23 33 23 31 32 23 29
32 21 27 23 35 42 21 19 26 18 20 26 38 26 21 23 25 22 25 31 21 20 24 21 36 21 15 23 18 27 23 26 22 30 16 25 18 25 32 30 21 28 23 26 26 27 30 24 19 22 24 23 24 16 26 29 17 23 25 24 27 28 29 27 18 29 21 16 27 42 19 28 25 31 17 19 23 25 13 30 18 26 22 33 29 22 27 23 27 37 28 22 31 22 23 24 29 28 23 24
25 18 27 20 24 24 26 20 21 33 19 18 26 16 18 20 19 27 27 25 18 25 27 24 32 14 32 22 28 35 27 31 18 27 23 17 24 20 28 25 20 21 15 29 39 30 30 22 27 22 29 31 24 26 25 25 23 26 22 26 24 19 31 27 31 21 21 27 23 25 28 20 20 20 32 33 28 18 25 18 25 25 17 28 28 25 37 29 29 26 29 17 29 23 25 24 24 23 16 23
23 14 21 29 23 25 25 22 20 26 23 29 30 21 19 26 27 20 24 17 23 21 27 29 27 35 26 21 28 39 32 24 28 19 18 29 24 28 25 34 23 18 37 35 27 14 37 27 23 28 25 20 15 33 31 25 17 15 30 20 20 27 33 25 24 25 24 35 27 25 19 16 22 27 31 27 42 24 25 22 27 24 19 21 25 26 23 21 19 23 33 23 21 19 22 37 31 32 28 34
24 23 18 24 16 21 26 18 24 17 29 21 24 18 33 14 24 20 31 37 34 28 15 28 25 26 28 26 16 27 25 22 18 22 19 25 31 23 29 24 22 22 22 17 26 32 25 37 21 27 22 23 29 28 25 31 34 33 19 25 21 23 27 37 23 25 19 19 24 29 29 30 29 25 25 22 31 20 24 20 33 34 22 33 16 18 24 19 24 23 36 38 26 21 19 22 27 34 29 29
23 30 33 20 26 27 28 20 18 32 21 61 26 26 28 12 33 27 26 23 25 16 25 19 28 27 37 33 33 23 41 30 27 26 20 21 19 28 21 34 24 23 23 29 30 30 21 27 23 24 25 29 28 26 11 25 26 22 29 25 20 26 23 24 28 27 32 24 23 23 19 31 28 29 21 22 26 24 21 24 19 30 33 28 28 25 19 24 24 21 33 25 29 26 27 21 26 19 7 19
20 37 23 39 29 23 18 28 25 18 22 39 34 27 19 22 22 24 27 10 31 18 20 23 13 26 24 24 20 33 28 29 17 27 21 34 30 28 22 31 31 25 19 33 23 33 24 20 27 22 21 30 28 20 24 25 27 33 25 32 24 23 19 31 25 23 38 29 25 28 24 21 36 25 26 23 31 12 32 21 18 23 16 22 23 25 23 19 21 24 24 30 34 32 30 25 27 31 14 27
32 22 21 21 26 23 26 13 24 25 26 42 27 23 23 26 31 13 23 24 25 20 35 20 33 23 27 32 26 19 29 28 22 24 23 22 17 11 24 17 19 30 21 22 15 24 26 13 21 19 15 25 18 22 25 29 23 32 15 26 17 24 28 26 25 30 29 19 21 27 27 21 23 23 29 33 34 31 35 24 26 29 17 24 23 19 21 16 31 20 19 33 23 24 22 27 22 21 12 12
15 9 13 5 8 18 23 16 9 15 19 18 14 9 13 11 13 14 9 11 19 17 16 19 15 18 10 16 10 17 11 7 7 11 18 12 11 18 20 8 9 21 5 12 13 10 7 16 15 12 6 19 10 11 9 9 10 11 7 15 18 6 10 15 10 13 15 9 10 9 16 11 16 14 7 11 20 12 15 14 17 10 9 10 9 11 18 13 8 12 14 9 10       
