0.380952380952381 3261 32 33 31 34 35 42 35 35 38 27 41 36 34 39 35 26 23 32 41 29 39 36 30 30 29 40 28 46 33 36 42 32 41 36 34 18 32 10 38 36 47 40 39 38 41 37 39 45 31 26 32 31 26 35 40 31 55 44 40 41 28 46 30 36 37 36 24 26 42 32 42 45 35 33 38 35 51 21 30 31 35 32 36 33 39 30 38 38 43 40 36 24 35 41 29 25 28 30
44 40 42 25 66 34 31 28 34 38 38 37 33 40 40 25 28 26 38 29 40 33 34 39 40 40 39 30 39 39 19 45 34 29 34 42 19 36 40 48 43 37 21 17 30 39 43 35 27 48 35 41 35 48 34 31 33 24 39 27 35 26 36 19 29 46 35 40 36 43 25 41 43 38 40 35 32 29 33 45 19 28 44 29 34 26 32 27 40 37 38 39 20 35 31 42 34 27 34 35
32 20 34 37 32 36 35 43 34 24 45 37 34 28 34 36 43 40 35 44 41 25 39 33 40 37 38 29 34 33 44 43 43 41 39 31 44 41 45 48 32 43 33 43 46 28 26 30 34 42 27 33 30 33 21 34 35 37 39 35 35 44 44 24 34 39 36 44 42 28 43 28 39 36 33 36 30 42 30 37 33 37 26 30 36 32 34 31 34 44 49 38 41 35 42 34 26 26 30 41
42 32 39 33 32 42 31 43 34 37 23 34 38 32 44 23 32 31 47 26 41 35 30 25 46 35 31 34 38 46 27 50 39 41 22 35 45 40 27 46 28 27 28 43 37 33 30 39 39 35 25 43 42 39 33 34 50 30 34 40 33 28 19 35 40 28 34 30 30 40 39 33 41 34 39 34 28 26 43 37 32 35 31 37 30 30 36 43 26 32 28 28 34 36 35 19 37 48 37 29
43 35 32 28 27 31 28 26 25 37 34 42 35 40 25 34 42 37 33 33 36 36 35 31 49 34 29 24 40 39 42 30 39 11 38 33 32 45 42 36 39 22 18 45 31 38 31 32 31 42 37 24 32 33 33 25 32 33 26 36 35 34 39 33 36 35 40 39 35 36 36 43 49 30 41 43 38 41 43 45 33 49 46 11 28 37 26 40 41 39 33 32 31 35 28 41 29 41 28 28
38 34 28 29 36 42 42 28 40 40 40 42 44 49 39 34 38 35 38 28 30 33 36 35 30 35 45 41 44 35 35 33 42 36 29 28 34 26 33 43 31 39 29 39 39 37 38 22 26 28 32 25 29 42 42 25 30 37 30 37 38 32 29 32 32 34 30 29 34 29 28 36 41 47 37 31 37 29 34 42 36 41 27 23 24 31 33 27 39 30 43 33 36 36 36 38 35 24 37 36
32 30 35 26 38 30 37 34 43 42 31 31 32 41 30 39 38 35 58 50 42 32 34 33 33 36 38 32 34 36 26 32 29 31 32 33 41 36 28 40 31 28 37 40 32 37 40 42 29 38 35 36 47 43 34 31 37 23 32 27 33 31 45 46 43 31 42 28 36 40 29 34 33 39 22 24 38 28 47 39 30 26 29 35 33 32 39 40 27 34 25 33 26 35 26 33 32 38 27 28
44 24 26 32 34 36 29 19 30 29 35 34 38 27 30 32 32 25 36 37 32 33 45 33 31 32 30 16 41 44 30 35 42 19 25 24 25 47 33 34 38 36 44 31 41 36 49 26 39 41 40 33 34 41 34 37 35 30 32 30 39 16 30 36 43 27 42 35 130 62 68 41 26 23 38 33 27 37 42 39 37 41 30 38 33 30 37 35 31 35 39 40 31 31 39 42 33 26 35 27
37 43 39 33 38 33 38 30 36 34 28 24 45 35 36 37 26 37 36 42 47 30 28 40 38 32 34 43 32 28 49 31 35 32 42 23 39 43 36 28 35 36 43 33 38 28 24 37 37 37 33 33 19 31 32 34 28 35 29 41 33 31 28 27 37 25 46 37 22 36 33 35 33 36 38 41 46 45 38 53 30 33 24 31 32 41 38 43 42 38 35 44 37 28 23 44 42 33 25 57
55 69 83 26 36 40 24 35 23 40 29 39 29 32 34 45 41 33 37 38 38 32 30 33 34 36 33 38 36 32 39 34 27 33 37 31 38 31 35 29 33 33 33 33 38 43 37 48 44 50 34 32 26 30 27 34 35 41 41 29 37 32 26 32 35 29 38 44 25 37 50 34 46 30 29 33 30 34 34 41 33 38 37 68 34 49 26 34 33 27 26 37 21 73 34 45 38 29 23 14
31 46 42 40 29 39 34 34 31 22 31 38 36 42 32 28 25 37 39 41 27 41 40 34 30 25 37 30 25 30 40 30 34 40 35 28 37 32 31 36 39 35 32 38 34 35 24 30 32 36 30 35 32 39 31 39 30 42 28 39 37 31 35 35 33 26 27 28 30 33 34 36 40 47 50 30 15 39 38 34 42 34 27 30 37 44 91 23 42 32 20 26 44 34 31 39 32 46 40 40
36 41 38 28 21 39 45 37 24 39 43 24 35 27 33 30 33 42 27 36 28 29 31 28 40 40 28 40 35 31 25 37 28 25 39 36 35 43 32 40 48 37 28 9 32 33 36 17 32 23 31 40 37 33 25 31 37 38 39 50 41 34 34 27 54 26 30 32 24 28 34 26 32 33 39 46 39 30 35 32 42 34 36 39 35 41 38 30 46 40 41 30 35 39 29 35 29 32 29 39
37 26 33 31 32 40 43 48 38 35 31 45 33 31 37 26 36 37 29 30 35 35 44 43 31 34 38 42 41 35 31 35 24 38 20 38 35 31 46 37 33 31 31 24 31 45 45 34 30 26 27 34 38 29 39 32 21 26 43 32 38 38 32 38 32 35 37 33 36 41 36 27 30 27 24 39 14 37 39 26 35 43 6 41 39 32 37 30 28 35 26 33 41 30 34 30 39 36 38 41
38 30 43 37 29 35 35 41 31 39 33 35 29 46 46 43 45 19 26 31 32 34 28 47 28 39 37 23 37 40 51 29 30 43 40 38 33 27 50 32 35 22 30 43 32 44 36 30 36 33 29 36 42 28 44 37 26 38 34 42 35 34 35 29 24 35 26 36 30 27 38 33 26 42 33 37 35 37 39 36 34 28 42 29 36 42 33 32 61 32 43 22 32 40 34 33 39 35 48 41
36 42 26 24 42 22 33 35 36 40 46 30 40 32 41 30 36 34 34 41 44 37 42 39 40 17 25 23 28 34 32 34 32 35 40 39 26 38 25 44 37 29 46 28 28 28 45 30 40 38 36 39 34 30 39 27 19 28 32 41 30 38 34 22 32 33 35 30 36 31 41 34 40 33 34 20 30 32 27 39 34 38 43 37 32 24 23 27 28 30 32 34 34 36 30 32 36 32 42 34
35 34 34 33 43 43 40 25 38 35 34 37 39 42 34 38 35 28 30 33 31 26 39 29 41 29 46 42 21 33 40 42 39 42 17 39 23 43 24 45 39 25 41 38 45 42 43 37 37 33 28 30 27 35 26 34 36 34 46 37 30 24 25 31 43 28 41 29 33 39 30 32 30 38 31 30 39 37 31 41 34 27 25 41 30 33 28 35 29 32 30 34 43 35 37 32 34 40 75 70
20 44 38 38 46 32 27 41 33 33 25 48 40 44 40 35 23 45 31 38 40 40 33 39 40 20 46 32 33 40 37 34 11 35 33 37 24 39 42 39 38 31 21 24 35 42 38 35 27 44 48 41 40 44 44 35 41 43 39 34 33 42 50 35 35 21 29 46 40 29 28 41 36 24 29 29 26 33 27 34 33 30 24 28 31 38 37 36 41 35 30 35 32 36 33 38 38 39 36 32
36 38 32 47 33 37 27 26 41 31 34 35 44 39 38 45 31 43 27 47 36 37 28 38 32 42 48 34 23 21 33 35 32 29 38 38 32 28 38 30 33 37 38 44 31 43 40 38 41 37 32 37 31 40 35 40 25 28 35 36 32 18 34 21 35 37 35 40 31 42 40 25 44 19 37 30 33 40 31 30 31 37 28 28 33 21 35 36 33 28 36 28 30 22 31 23 33 22 30 17
32 30 27 26 38 38 38 36 42 19 41 41 26 33 31 37 44 40 31 19 38 26 33 38 38 35 26 43 22 43 32 38 30 20 29 27 46 25 24 31 37 21 38 42 36 35 33 28 39 29 43 26 44 24 40 47 30 42 35 26 38 32 32 43 31 36 22 30 24 31 28 38 50 30 21 27 27 28 32 22 35 49 32 36 31 30 34 31 38 32 30 36 40 22 34 31 36 30 40 40
34 40 36 37 32 34 28 35 36 35 39 25 38 26 40 32 36 35 38 24 22 28 44 27 43 40 32 32 31 37 32 41 39 36 32 46 26 23 43 30 36 23 33 43 31 38 31 35 29 31 33 24 39 34 27 32 30 26 18 41 35 40 43 39 28 33 29 33 38 27 28 15 41 31 36 31 34 38 44 38 43 42 44 33 25 28 48 42 19 36 37 41 27 42 37 34 34 34 38 34
33 39 30 43 34 31 27 26 35 34 41 34 33 28 44 35 35 32 36 36 38 42 29 31 29 27 33 39 35 55 43 51 29 24 33 27 33 25 38 36 39 44 37 29 42 28 39 26 29 42 33 26 30 29 25 40 37 40 34 35 47 38 43 25 37 33 39 41 33 45 41 27 45 27 43 32 39 36 38 45 36 44 43 40 33 32 35 29 42 24 32 43 34 21 38 34 23 43 34 27
47 34 32 30 38 43 38 36 16 34 34 30 36 35 35 34 28 30 40 19 30 31 30 34 31 39 38 38 52 38 30 40 32 22 47 32 22 31 35 39 34 39 35 40 35 48 35 38 33 39 32 30 25 42 41 48 31 54 35 34 31 28 28 38 36 47 32 32 32 38 26 26 38 37 25 38 39 30 39 32 29 30 38 36 52 36 37 29 38 42 34 34 45 35 32 34 37 33 37 30
27 17 33 39 27 51 30 20 30 31 17 35 28 43 37 28 37 41 29 30 34 39 47 31 38 40 29 20 39 40 30 31 24 38 24 33 44 43 33 37 30 40 28 40 47 41 24 45 38 37 31 22 38 33 27 47 41 38 41 38 41 32 25 43 34 34 47 24 36 49 36 37 33 48 35 30 35 32 30 30 36 27 40 27 45 36 24 34 41 34 31 30 38 30 43 35 44 48 32 50
38 20 37 28 38 20 37 38 27 27 41 39 48 42 37 38 28 32 34 33 40 30 40 32 40 27 31 21 22 37 48 35 36 35 28 28 39 52 15 30 43 32 40 19 43 22 45 40 35 33 32 36 43 29 32 29 35 45 25 33 32 42 37 22 30 33 28 31 31 37 26 34 33 43 28 31 32 40 45 27 36 41 32 44 36 45 35 31 50 37 38 38 34 30 25 34 43 33 34 35
47 29 27 37 37 30 30 36 23 42 34 19 36 42 35 29 43 20 40 43 27 38 32 29 36 35 30 36 37 26 39 41 32 37 33 39 33 31 32 47 47 45 43 18 34 35 30 45 40 35 21 34 31 36 32 48 36 37 35 14 39 38 29 32 28 45 35 34 34 44 33 31 27 39 34 31 31 29 34 41 43 39 39 22 39 28 44 37 33 33 24 28 39 42 35 37 34 34 40 40
38 41 37 41 28 43 39 37 32 26 16 32 32 41 34 30 37 29 37 43 47 43 43 34 31 31 34 31 39 32 30 32 33 26 29 35 39 34 30 33 40 39 34 45 32 45 38 38 23 34 30 29 33 34 30 29 39 32 44 24 40 37 40 36 42 43 28 35 40 41 18 32 35 37 36 33 36 35 39 39 50 31 16 34 33 30 46 36 37 33 33 37 43 32 21 45 37 41 47 31
37 49 30 36 38 39 42 22 33 27 30 37 36 25 35 38 30 39 27 27 35 42 31 38 32 23 35 25 27 33 32 56 38 36 34 27 39 41 31 35 50 42 28 31 32 34 41 54 37 32 41 31 30 34 26 32 43 33 31 31 20 44 30 36 16 10 43 41 40 21 40 31 34 35 40 33 29 35 34 32 27 43 34 44 44 31 35 37 40 36 34 27 33 45 29 30 39 35 35 36
36 33 41 43 35 32 34 41 37 42 29 39 30 47 47 34 40 44 38 52 35 39 38 31 43 34 28 34 31 39 46 28 32 17 57 22 44 35 37 45 29 35 46 29 35 28 41 27 29 28 34 35 39 26 34 45 45 42 27 36 43 37 30 23 25 22 32 44 37 33 43 40 40 51 26 30 31 46 13 30 40 34 40 32 37 39 31 37 12 27 34 40 39 31 27 34 36 31 30 32
34 45 34 36 28 37 27 30 27 46 42 39 19 48 45 33 27 38 25 36 29 40 34 27 35 27 27 32 27 35 31 43 39 34 30 34 35 26 26 34 39 29 37 43 25 37 41 34 25 30 41 30 33 34 42 24 36 29 22 36 31 33 47 38 37 45 33 46 42 24 22 35 44 29 30 26 36 38 38 36 34 29 36 27 27 44 42 31 39 38 28 41 40 43 28 34 30 44 36 32
35 30 31 42 35 36 24 35 44 32 31 36 42 41 26 30 43 44 33 29 35 32 28 32 41 35 35 41 29 36 37 24 29 29 28 39 26 43 28 24 37 29 39 35 39 27 22 49 45 36 32 35 29 16 41 40 36 38 30 36 34 30 39 25 31 35 33 23 40 38 29 48 37 37 32 32 37 33 45 29 27 39 43 11 36 43 37 40 46 37 35 34 28 37 35 31 20 29 30 32
36 38 25 39 35 31 29 27 30 28 36 33 31 28 32 36 29 35 23 30 41 31 40 30 36 28 33 40 41 28 32 37 39 35 38 27 47 25 34 25 37 43 23 33 38 31 41 33 22 38 33 24 35 27 41 37 39 38 33 36 42 34 37 36 30 40 37 26 36 31 38 43 26 25 33 38 25 37 41 34 26 23 35 31 33 29 34 31 31 33 30 41 24 39 30 34 32 39 36 31
39 39 37 48 28 39 40 37 34 36 37 31 45 31 30 33 11 11 12 22 16 20 16 18 20 17 19 23 14 10 15 17 18 18 11 20 20 23 23 14 14 13 16 15 14 12 21 14 19 19 28 22 18 13 15 13 15 25 17 19 29 10 12 19 24 21 13 25 22 13 19 14 20 16 19 15 18 21 16 30 21 23 16 5 11 15 23 22 18 17 10 19 16 12 12 8 18 28 20 14
21 14 20 17 23 17 16 22 22 13 21 16 23 14 21 18 17 20 20 19 23 21 18 14 13 13 13 17 15 10 14 8 24 28 15 14 18 19 20 18 15 16 24 13 16 14 24 16 29 10 13 20 25 13 17 20 21 15 15 9 29 20 20                                     
