0.375 3206 29 22 34 33 27 43 20 30 26 20 26 30 25 28 22 23 18 33 22 31 35 18 26 27 32 26 24 26 27 21 15 22 22 24 40 28 26 27 22 14 26 31 11 18 31 31 25 36 38 24 21 31 22 31 18 34 26 28 23 30 24 20 34 32 27 24 21 25 29 14 26 26 14 23 36 18 30 34 20 25 34 29 30 19 22 29 21 32 24 26 28 17 26 32 22 19 22 25
27 22 24 19 28 18 27 22 30 34 21 39 35 26 28 19 36 23 23 27 40 18 38 31 33 16 20 16 28 27 24 24 24 34 26 25 29 27 20 29 37 26 10 27 22 21 14 29 27 28 27 29 20 24 25 24 26 24 27 26 26 24 19 15 27 24 22 31 26 30 32 28 22 20 30 30 23 25 25 30 26 22 31 28 23 27 31 33 33 28 28 24 21 26 22 24 33 24 33 27
33 42 25 20 24 28 26 22 20 23 23 25 27 6 21 23 24 16 18 19 23 28 31 27 28 35 32 21 23 15 30 30 20 30 35 28 30 29 25 26 24 23 23 24 30 26 31 29 18 24 27 27 20 21 36 35 26 30 24 31 21 23 22 23 18 24 17 25 21 27 27 25 28 23 36 24 26 15 35 35 22 23 26 24 27 31 31 26 26 21 31 24 15 23 26 25 25 25 15 33
22 26 24 27 23 40 21 22 26 27 16 21 32 28 27 25 25 22 27 20 33 36 25 23 31 27 12 30 33 24 26 29 22 29 19 31 21 25 27 25 17 35 27 31 22 27 28 25 34 31 15 18 20 27 29 20 26 21 30 25 18 26 25 27 26 21 24 30 19 25 13 29 18 26 27 26 20 24 23 32 30 38 39 22 31 32 32 19 30 31 32 22 22 29 27 26 24 36 28 23
24 30 31 28 24 27 18 16 14 21 25 33 23 25 21 18 23 29 27 14 31 16 26 23 27 25 26 25 23 31 18 26 25 31 20 23 21 21 25 19 26 28 30 30 26 27 25 24 19 36 37 21 32 28 17 35 27 25 24 25 18 30 33 27 27 26 24 38 22 21 21 26 21 26 17 23 24 35 22 27 28 22 34 31 17 35 23 32 29 29 26 28 22 35 28 17 24 27 30 27
36 25 28 26 26 31 26 20 33 25 36 20 33 28 25 20 39 27 23 30 30 26 24 28 33 22 28 27 22 31 28 22 32 31 24 13 26 23 30 33 24 25 24 28 33 23 28 35 29 30 21 25 27 36 26 34 16 27 27 23 29 28 28 31 25 31 22 26 25 20 18 25 23 22 24 20 23 24 32 27 23 30 25 34 31 20 25 36 29 27 38 26 26 20 33 28 22 27 26 18
20 30 31 20 18 25 34 27 28 23 33 27 29 35 11 37 39 30 31 24 28 22 24 27 27 25 22 20 26 30 40 35 25 28 24 30 36 29 38 14 18 26 25 26 29 33 25 28 24 26 22 30 21 19 32 27 35 29 26 33 28 26 32 30 23 30 17 32 28 25 25 31 22 38 31 22 25 21 33 28 22 30 29 30 20 26 21 24 29 32 31 27 29 26 25 25 27 19 43 25
25 22 24 20 36 22 22 24 24 29 23 34 32 32 28 28 24 25 20 33 29 29 28 21 28 26 24 39 28 28 22 25 27 42 20 27 25 30 26 30 26 28 27 22 31 19 25 27 32 31 37 50 31 35 25 18 17 29 17 27 25 17 16 19 29 27 34 19 17 33 32 25 34 33 25 21 23 22 27 19 29 22 21 30 24 30 28 24 23 22 31 28 23 28 22 30 22 25 24 32
28 24 21 22 22 22 25 23 29 21 24 24 21 26 37 27 25 22 25 22 24 34 22 32 31 32 26 26 31 23 22 25 21 23 22 18 19 18 18 27 28 24 20 25 12 27 21 27 21 19 20 27 27 23 20 31 19 13 21 26 23 23 22 26 34 23 30 30 27 30 23 25 28 22 28 25 30 21 31 19 17 20 20 22 30 22 33 25 28 27 38 31 27 25 33 26 23 33 34 27
23 30 26 23 26 26 27 30 24 27 28 28 30 34 30 24 13 21 23 26 27 29 32 40 23 31 28 20 22 23 32 22 23 26 29 36 33 30 24 24 22 35 31 33 32 29 26 23 24 22 26 44 30 26 26 25 30 31 29 17 31 30 35 28 29 23 27 29 13 26 12 28 67 22 22 37 25 32 22 26 41 25 23 30 23 27 21 30 35 32 30 17 34 24 24 28 19 24 20 21
27 24 27 31 22 25 24 31 18 22 20 23 28 26 19 36 24 32 33 24 24 28 32 29 29 38 33 20 31 24 22 25 24 34 29 32 20 35 22 40 19 25 34 26 36 27 22 38 19 28 24 24 29 29 27 29 29 22 28 27 27 27 18 27 40 17 23 28 19 26 26 18 29 22 25 23 23 25 20 27 30 22 24 30 22 23 27 30 29 29 33 26 26 31 23 28 19 21 21 29
27 29 20 29 21 18 29 33 24 24 23 21 15 19 27 21 32 29 23 22 26 27 38 28 27 20 38 22 24 27 30 18 34 27 27 30 26 28 24 25 25 19 28 24 23 26 16 22 24 32 29 29 35 31 29 26 20 27 27 25 25 23 22 26 31 32 36 35 33 26 29 26 28 32 29 28 30 21 20 20 32 24 15 31 28 22 25 27 26 34 33 30 22 17 31 40 24 25 24 19
25 26 18 33 15 24 24 37 21 26 26 30 22 43 33 23 25 17 26 30 37 23 28 23 29 20 33 20 31 22 24 30 23 17 29 37 26 34 28 20 24 29 25 23 25 30 27 25 25 26 28 28 30 18 25 37 24 29 23 31 24 31 26 25 25 35 27 26 26 24 20 38 25 29 26 20 25 18 22 24 31 27 27 32 36 25 29 31 26 29 24 28 19 32 23 26 23 22 25 43
30 32 28 30 25 20 30 22 27 31 22 31 26 38 27 19 25 28 22 25 19 30 30 26 32 27 17 23 22 26 33 26 33 37 30 23 21 29 24 24 32 20 31 20 23 27 30 20 30 19 28 25 32 26 23 22 34 26 23 22 28 16 28 33 33 25 21 20 23 26 37 26 30 34 20 29 26 20 26 30 26 18 30 32 25 25 19 29 26 20 30 21 24 39 27 14 24 34 19 35
23 25 26 21 27 19 22 20 29 31 31 22 29 26 23 29 28 24 34 21 23 28 39 29 33 22 28 22 36 21 33 32 23 14 23 18 26 27 22 22 22 33 18 15 37 23 30 20 25 27 23 29 32 32 26 26 29 29 33 33 35 34 27 30 36 34 19 28 16 24 24 23 25 29 37 28 26 32 27 35 22 28 29 20 35 15 32 19 37 33 25 27 19 26 29 26 20 25 35 20
27 24 37 27 25 21 20 22 18 19 21 27 26 19 23 36 32 27 27 27 25 33 37 29 18 33 25 25 26 30 31 23 30 27 23 23 37 31 37 33 24 27 29 25 28 26 26 26 26 36 24 33 21 22 20 40 22 30 31 19 31 25 31 22 23 25 19 29 24 25 23 30 21 33 27 26 30 28 34 24 34 25 35 22 26 24 31 25 21 27 22 21 24 34 29 28 29 20 16 22
25 26 24 38 36 30 30 27 19 22 45 47 34 46 28 23 21 21 28 22 32 25 32 22 18 24 20 37 22 21 22 24 27 29 28 20 27 32 26 28 23 35 30 25 34 20 30 18 19 31 25 17 28 20 32 26 17 22 21 24 27 34 30 35 19 24 21 27 23 22 31 21 25 22 25 25 26 31 21 32 27 27 23 30 22 31 27 23 19 15 21 20 29 19 34 26 32 22 20 29
26 21 34 25 27 30 20 28 25 21 23 32 23 23 26 32 28 28 25 28 26 22 23 23 27 23 28 36 31 26 29 24 30 27 25 17 26 21 22 25 28 19 36 25 31 35 24 25 25 27 22 22 24 29 23 24 22 27 21 29 31 24 18 24 20 30 25 20 17 24 19 34 23 22 21 29 24 19 24 33 27 21 26 27 30 28 28 25 24 21 24 20 20 28 29 16 19 21 31 25
21 21 28 20 33 27 23 21 22 24 29 25 24 37 20 29 30 24 27 21 28 17 29 27 22 30 19 28 25 24 38 25 16 24 30 20 17 23 26 25 32 28 18 31 21 29 29 21 37 19 17 29 29 15 34 27 18 26 27 20 19 31 27 37 26 26 26 25 36 30 21 35 22 28 29 19 23 23 36 21 17 22 26 21 32 24 31 34 20 24 26 19 21 24 26 18 33 20 24 28
15 30 25 20 28 28 37 26 40 21 26 27 24 31 31 22 27 29 23 30 23 24 23 31 28 22 24 26 23 28 24 35 38 24 29 30 39 20 29 32 28 18 21 23 25 22 29 24 25 25 28 16 22 15 18 20 19 25 27 27 23 26 18 26 18 36 34 24 22 33 22 21 31 35 34 27 23 27 33 23 29 21 27 29 25 22 30 29 27 26 30 22 28 23 23 32 29 23 28 32
32 32 34 30 21 36 18 23 18 34 34 22 25 32 27 33 23 24 18 28 25 18 27 27 19 23 20 21 34 27 27 26 21 28 27 29 26 22 24 26 28 28 26 18 27 31 24 17 17 27 16 15 22 24 27 32 24 27 33 27 33 27 19 30 22 24 20 22 23 27 28 28 22 35 24 23 20 24 24 22 23 26 23 42 17 34 39 30 34 11 22 18 29 21 28 36 28 24 19 27
30 30 23 21 22 20 35 22 26 17 21 26 38 26 27 24 18 22 31 22 14 19 21 25 33 28 24 20 22 22 18 19 37 22 33 23 15 31 21 35 23 21 33 28 32 22 17 31 23 36 28 20 23 23 21 27 32 23 25 29 19 24 27 27 20 38 29 26 20 23 30 23 30 31 26 28 31 26 29 22 23 26 16 23 25 32 36 24 23 34 28 25 21 30 26 32 30 28 39 21
30 24 22 24 18 17 25 34 26 19 28 28 24 19 29 20 12 19 22 17 32 18 35 21 32 39 27 26 27 32 23 19 26 21 30 24 24 29 27 28 20 31 29 27 19 28 28 28 22 27 24 22 26 27 38 30 26 35 18 23 30 34 32 29 17 27 24 33 28 32 29 31 27 34 15 24 28 18 15 22 25 33 26 23 23 33 31 27 31 22 32 25 25 29 24 22 26 35 23 30
30 34 32 26 32 26 20 29 29 34 36 25 20 30 25 25 27 27 32 31 27 19 28 30 35 20 20 23 23 23 28 29 24 28 27 22 32 15 28 32 17 31 32 21 24 21 29 10 28 19 21 25 34 30 25 28 26 29 36 25 17 31 23 24 29 32 37 20 42 27 29 26 23 26 22 29 31 28 17 24 26 21 18 33 34 28 23 28 48 60 29 22 21 30 27 28 31 22 24 30
25 26 26 22 28 22 28 29 38 35 25 36 25 34 31 26 20 22 29 31 27 27 31 32 21 28 20 23 30 23 29 30 27 32 28 29 31 27 29 26 29 29 21 30 27 35 37 20 15 36 25 33 25 23 21 18 31 27 25 33 26 32 23 23 19 28 22 34 17 27 28 25 23 21 17 30 30 28 23 27 24 26 23 20 22 20 22 26 31 27 26 31 27 24 24 31 30 29 26 32
21 29 20 24 37 34 27 27 29 33 26 20 24 21 22 26 22 26 28 20 23 23 40 32 26 32 25 21 24 21 23 26 33 42 32 18 28 29 34 32 31 25 30 35 27 26 29 25 34 26 29 24 22 24 21 25 30 26 37 23 27 23 20 25 25 25 19 30 28 19 19 25 24 23 16 19 33 26 33 25 30 17 19 26 30 32 24 25 26 26 32 23 24 25 17 20 23 30 31 29
33 25 32 25 24 26 30 31 24 32 27 28 30 21 31 21 29 28 29 29 24 25 31 30 39 24 30 22 22 31 26 37 34 28 21 22 30 29 24 28 27 31 36 36 30 34 20 26 29 27 30 23 33 24 20 29 25 28 17 23 29 29 21 20 25 17 33 26 24 21 16 21 27 29 29 30 18 35 24 25 25 26 28 25 22 25 25 23 36 28 35 23 25 34 33 25 32 34 32 26
28 21 24 26 28 27 34 35 26 18 30 26 16 28 30 32 32 17 29 39 29 29 26 20 24 26 32 24 32 30 23 21 29 24 32 23 29 25 30 19 22 30 37 27 34 23 17 28 33 32 33 24 24 23 28 26 20 22 21 29 26 35 32 25 28 26 24 20 23 32 20 25 36 22 20 33 22 21 27 25 24 23 35 27 23 23 23 27 28 26 38 25 22 25 20 30 20 29 31 22
28 25 26 31 18 16 20 37 27 17 22 28 25 8 29 27 29 20 23 27 18 37 25 30 35 25 27 32 29 31 28 26 27 24 35 28 36 29 22 29 24 23 22 22 34 23 20 26 27 34 27 26 32 34 23 20 20 21 34 23 24 28 17 24 20 12 23 24 30 25 27 35 21 15 29 25 28 22 44 24 31 42 29 17 29 19 28 23 14 25 21 18 23 19 29 25 20 30 23 29
23 30 26 35 16 27 14 19 39 29 27 20 26 21 24 22 32 29 33 29 32 30 31 26 32 27 18 28 17 23 30 27 23 22 33 24 27 33 25 31 29 26 21 31 24 34 18 20 34 21 34 16 25 20 30 18 34 24 29 24 25 32 14 32 35 27 19 23 29 32 31 18 17 20 21 28 21 33 23 19 25 23 23 20 25 32 17 21 29 25 35 25 26 26 27 24 34 32 21 27
24 22 30 40 27 23 32 21 25 26 31 24 24 15 22 33 21 28 25 33 27 29 27 28 36 31 30 15 21 28 24 30 26 27 26 28 24 30 25 21 30 22 37 25 26 31 36 29 23 23 25 28 38 31 34 25 22 24 25 31 13 27 29 21 22 23 29 18 29 23 33 21 28 27 27 30 26 39 25 14 9 10 15 9 13 12 8 12 15 18 20 10 14 11 13 10 12 5 9 11
7 16 8 11 13 10 16 14 16 12 19 11 13 12 17 14 13 13 8 7 6 12 18 14 5 9 14 12 7 13 12 13 12 17 16 9 11 12 17 11 19 13 6 7 16 9 8 12 12 13 11 12 11 11 17 18 12 11 19 11 16 10 13 18 18 10 10 20 8 11 8 10 15 12 5 5 8 17 7 13 15 13 6 19 18 14 16 11 10 9 12 15 13 13 12 14 13 16 13 13
15 9 5 12 11 9 13 17                                                                                            
