0.473684210526316 3161 25 23 26 12 20 24 22 24 14 16 21 22 27 20 15 13 24 16 29 11 23 24 23 22 21 17 24 23 25 17 17 22 32 25 20 20 24 25 22 21 20 28 26 24 18 20 30 25 19 13 26 15 20 17 19 16 26 19 22 19 18 15 11 18 17 20 21 15 25 27 16 22 23 17 24 21 24 27 16 16 28 24 21 18 20 15 18 30 15 29 19 18 27 21 19 15 18 25
17 18 19 24 20 19 19 18 20 19 26 16 19 18 26 19 25 16 18 24 18 27 17 13 24 19 12 22 20 18 27 26 20 22 13 19 14 24 15 17 14 15 11 24 18 24 14 21 22 25 22 18 20 13 15 22 19 26 23 14 31 14 18 12 20 25 26 20 27 16 14 13 21 15 21 12 23 10 27 20 24 15 17 21 21 19 19 25 16 23 19 25 23 22 18 15 16 20 24 23
20 18 17 23 17 17 21 28 17 27 23 14 19 37 20 21 15 19 23 27 23 19 18 19 18 13 14 26 22 15 23 15 16 18 18 24 13 17 19 18 25 23 22 16 18 25 26 22 22 12 18 19 20 24 19 17 22 21 22 15 16 28 28 21 24 10 28 18 24 18 19 18 16 23 19 20 29 13 18 21 15 13 17 13 20 20 21 19 25 24 27 27 31 29 16 25 15 21 18 20
22 21 27 22 18 19 27 17 13 16 19 24 18 20 18 21 17 26 14 19 21 23 16 24 17 15 19 20 22 25 23 23 19 35 26 23 21 21 10 24 23 14 31 17 19 16 16 17 15 24 25 17 16 21 25 25 19 19 21 18 18 21 18 28 29 23 22 19 22 27 22 18 27 19 20 30 9 12 23 23 16 16 13 22 21 20 24 24 16 26 28 20 26 25 24 24 29 22 20 26
17 21 18 22 22 16 14 17 16 18 26 21 11 26 25 16 20 10 19 20 17 18 20 25 23 29 19 22 21 28 19 19 26 16 19 20 27 21 21 26 13 24 14 20 18 20 12 24 20 11 21 21 18 21 22 19 23 21 23 21 29 16 32 27 18 21 18 18 20 18 27 18 18 11 17 21 29 28 19 19 24 19 27 20 23 25 27 21 23 27 9 18 22 22 17 14 20 12 28 28
19 23 26 19 31 22 17 19 26 30 21 21 22 19 22 30 18 20 22 22 22 21 19 24 17 19 19 8 17 26 28 23 23 16 21 20 20 18 23 21 26 18 24 19 31 25 22 19 23 25 19 22 26 19 15 26 7 27 21 16 13 16 21 18 20 18 23 18 29 28 13 19 20 28 19 17 12 26 18 17 18 20 23 28 19 23 26 30 21 24 20 19 19 19 19 17 20 28 22 19
31 14 20 18 14 22 20 22 21 18 23 26 23 16 21 21 25 21 19 18 20 26 10 21 14 18 20 17 23 20 27 16 19 26 31 19 16 22 20 25 29 19 20 17 18 21 14 20 24 21 8 19 16 21 32 18 15 26 11 17 26 19 17 16 23 21 22 17 14 22 23 13 24 13 17 15 22 22 19 19 19 23 16 7 16 25 20 23 19 22 19 20 21 20 25 18 16 19 28 17
31 17 15 15 13 16 22 21 27 16 15 27 19 26 17 19 17 26 15 20 13 14 20 24 17 20 24 21 16 19 19 22 20 24 13 29 15 23 29 15 29 26 25 27 23 13 21 20 16 20 21 27 25 20 16 21 21 17 13 16 30 31 48 37 21 20 24 22 27 13 26 20 20 19 13 17 13 17 19 14 20 18 17 26 28 19 23 24 23 18 23 19 18 17 27 24 20 22 17 19
30 21 15 20 20 22 25 20 20 22 22 22 14 14 20 21 35 16 21 27 15 19 21 22 18 15 18 19 26 19 18 19 23 26 22 13 25 27 18 22 21 23 18 23 15 21 35 15 9 27 6 22 18 17 19 19 11 24 12 18 21 17 16 15 19 21 22 18 20 23 13 15 17 21 16 24 23 20 22 13 20 15 20 25 21 23 22 17 19 17 15 24 25 29 22 16 21 22 20 13
31 19 20 19 24 25 21 21 28 30 15 11 13 20 18 14 15 25 19 16 23 28 16 24 21 16 21 15 20 17 26 13 18 11 21 25 10 16 17 20 25 27 19 39 17 14 22 17 12 20 20 25 33 23 21 11 40 39 26 23 19 18 18 28 16 14 28 21 22 16 11 18 16 18 20 19 19 23 18 19 20 17 17 18 16 21 13 25 14 40 25 24 14 15 23 27 14 14 18 17
16 30 22 21 27 19 12 25 16 17 24 24 23 21 18 18 22 24 20 24 23 16 23 25 25 17 10 18 31 26 32 29 22 21 21 22 25 25 30 16 25 13 23 13 20 19 18 19 22 24 14 21 24 22 19 26 14 19 12 18 20 16 23 17 29 23 14 19 15 24 21 21 16 20 26 15 18 26 14 11 18 26 27 13 29 24 13 18 23 13 21 20 33 20 19 18 32 24 15 17
23 23 29 18 23 24 17 18 22 20 24 26 16 21 15 22 24 23 23 20 20 29 29 30 12 20 22 24 17 25 26 19 16 23 18 28 19 27 22 18 20 23 21 22 23 28 18 15 23 17 12 15 27 25 18 26 20 20 27 11 10 12 19 27 18 17 17 26 21 22 20 21 21 23 21 22 20 24 18 21 23 21 16 19 20 16 16 25 25 19 25 18 22 17 20 15 14 26 14 23
20 14 20 31 22 14 19 14 19 27 21 20 27 17 21 33 18 18 19 13 15 28 23 13 16 13 23 30 24 22 19 28 17 17 12 15 35 16 25 25 27 12 15 18 17 23 19 18 15 21 19 17 21 15 21 23 23 19 18 16 24 17 20 21 19 21 14 21 20 21 18 19 19 20 18 29 15 22 14 12 18 26 23 20 16 32 24 20 33 22 14 21 18 23 22 22 16 18 23 20
25 22 21 16 19 31 21 13 25 13 24 24 23 19 18 16 25 21 16 25 22 18 21 21 22 15 15 20 23 22 19 19 17 17 14 23 21 19 19 25 21 12 22 16 22 21 27 25 23 15 19 18 27 13 15 19 18 18 14 18 17 18 27 16 17 29 13 20 25 22 25 21 25 22 23 23 20 17 24 15 28 22 19 22 18 19 17 18 25 24 18 9 21 15 20 25 24 24 13 19
27 11 18 23 25 30 24 18 29 20 23 19 24 20 16 22 18 21 22 14 19 17 18 15 13 16 21 20 20 22 11 18 19 17 18 28 25 16 26 29 16 32 37 38 21 19 19 17 31 13 31 22 15 23 20 23 24 24 20 31 20 19 24 12 19 24 17 22 23 22 22 21 16 22 14 13 20 26 21 21 21 24 20 28 22 17 18 24 19 46 42 50 49 15 23 21 24 20 25 19
21 18 7 28 17 22 21 15 29 16 19 23 12 18 24 21 24 24 21 14 18 17 14 16 19 16 17 13 25 28 20 22 17 17 18 19 17 20 23 32 19 20 25 22 21 23 20 17 17 16 23 19 17 14 17 28 24 27 12 25 23 27 13 19 15 30 21 28 22 22 20 17 26 28 14 19 26 9 13 16 17 17 22 15 18 22 17 20 26 21 16 18 12 14 17 23 20 22 23 18
20 27 13 15 17 15 21 23 16 20 28 21 17 20 24 31 16 18 22 12 19 20 18 19 30 22 33 22 25 20 26 14 21 26 19 18 22 20 22 27 24 21 16 16 24 18 20 24 16 27 14 29 22 29 22 20 22 26 25 23 30 13 27 18 17 26 19 15 16 19 16 21 22 25 20 14 19 20 18 17 23 23 15 18 14 22 23 17 15 21 18 16 19 18 28 32 24 26 33 22
18 30 24 18 25 22 20 30 21 30 14 24 16 18 26 27 30 25 28 23 19 25 25 26 24 22 19 24 23 21 29 28 19 23 21 23 21 15 29 22 21 15 21 25 25 19 21 18 22 15 17 18 20 24 19 19 21 14 20 31 19 14 16 26 16 50 23 28 26 24 18 13 25 24 21 27 25 15 13 26 18 19 16 19 17 13 23 16 18 16 23 10 25 25 16 27 23 20 20 19
15 19 13 15 18 26 21 15 15 21 29 24 22 20 16 31 27 26 18 23 20 29 23 20 14 27 22 29 27 14 16 14 38 19 19 16 13 21 17 24 18 20 18 24 18 15 19 12 24 20 17 21 21 27 20 12 20 13 27 14 13 24 25 17 14 22 19 15 22 25 15 24 15 16 19 18 27 22 19 17 26 20 33 21 27 21 31 19 28 14 15 22 30 28 15 30 24 18 19 21
21 19 16 20 29 17 17 18 16 20 19 21 15 12 22 20 21 19 20 20 20 19 20 15 22 19 25 22 17 18 26 18 6 20 19 18 12 18 18 19 18 19 23 18 22 15 23 18 22 23 21 25 26 17 26 29 25 22 27 23 14 18 20 18 15 22 22 20 14 16 12 25 11 21 24 26 19 19 15 16 21 15 26 19 18 21 12 15 21 22 20 20 14 17 19 15 17 23 14 16
29 27 17 14 19 20 14 17 30 16 16 22 18 27 15 10 24 19 17 12 21 18 19 16 22 29 20 19 24 20 16 20 31 19 18 19 25 26 28 21 20 20 17 14 15 23 13 17 23 19 19 17 20 8 16 20 22 18 16 18 15 22 18 23 26 20 30 18 25 17 23 14 21 20 22 16 14 16 22 18 17 19 21 15 15 19 18 17 19 17 20 19 21 28 19 23 20 14 17 26
16 22 13 17 20 19 25 12 20 24 16 22 19 26 26 21 17 16 28 23 8 24 25 26 21 26 19 24 21 18 12 17 19 9 18 25 22 19 22 22 18 24 14 20 15 18 18 24 36 18 15 19 26 25 20 23 24 21 19 17 19 11 22 22 23 19 20 15 23 16 18 19 17 19 21 19 22 19 21 31 26 13 9 19 14 20 17 15 17 18 20 16 19 15 17 19 24 24 21 17
14 18 25 23 17 19 16 17 27 16 19 14 21 20 21 27 15 16 23 17 24 24 17 16 28 22 14 21 19 15 23 18 19 25 17 25 25 24 20 23 18 17 12 27 23 19 25 24 21 20 18 20 33 25 18 15 13 26 19 11 22 29 20 20 22 27 14 16 18 24 21 14 22 25 20 19 18 12 15 17 27 14 23 27 21 18 12 22 29 26 29 17 16 22 26 23 19 28 24 16
21 23 16 22 17 21 19 15 28 24 18 16 17 27 30 16 28 11 21 18 19 19 19 26 18 19 15 26 16 16 20 25 18 19 26 27 12 19 23 19 21 23 23 19 28 20 26 25 21 14 20 16 20 15 15 18 22 24 21 15 13 15 15 16 20 21 20 21 20 14 21 32 27 18 20 20 19 23 17 27 19 20 19 26 13 18 19 20 27 26 23 16 19 21 14 26 13 25 23 16
18 30 25 9 23 20 22 30 26 26 23 25 20 26 18 24 32 18 19 24 22 13 13 15 27 19 26 22 11 18 29 23 24 25 19 19 20 24 20 25 11 25 27 25 17 18 26 22 14 10 24 22 26 25 24 37 17 17 14 23 19 23 19 26 31 22 17 17 18 24 25 18 40 15 22 22 22 16 20 11 22 21 17 20 27 15 21 26 27 18 14 15 24 25 23 17 38 23 20 21
31 26 25 20 17 22 25 17 28 20 31 14 22 15 27 19 26 20 27 22 18 18 16 15 20 25 20 21 21 12 23 23 20 11 17 22 27 16 26 17 13 24 23 22 15 18 15 35 18 22 20 28 23 24 26 19 19 13 32 21 24 20 15 16 22 25 17 9 18 24 27 17 26 26 20 17 25 16 21 29 22 17 26 15 15 21 23 33 15 25 25 22 19 21 18 24 29 24 19 21
20 19 15 14 20 17 22 21 19 18 19 18 27 21 19 19 19 19 28 23 16 28 27 22 20 21 23 14 17 25 20 23 26 23 17 21 18 14 21 20 10 17 22 21 19 24 24 26 25 21 30 26 17 22 17 18 15 15 14 9 20 26 16 20 18 18 23 20 17 21 18 22 31 21 10 14 27 15 23 22 22 18 22 22 25 19 20 11 25 20 21 21 21 20 16 16 24 25 18 20
18 21 21 21 20 25 23 25 20 20 19 22 22 18 16 27 16 18 21 21 10 19 19 32 25 19 20 17 24 22 27 19 19 19 26 26 20 18 22 22 21 17 18 19 16 19 32 19 20 19 15 22 23 22 30 19 19 20 17 14 27 18 21 17 19 21 22 21 22 12 20 27 26 22 24 14 20 12 21 27 19 18 27 23 33 26 30 21 18 25 18 13 23 18 24 13 22 22 12 19
23 13 17 27 22 22 21 16 24 21 20 17 15 21 18 15 23 24 18 21 25 26 23 18 21 22 22 26 18 19 27 22 13 6 19 15 17 15 32 15 17 19 13 22 26 27 19 20 24 27 19 25 20 23 36 15 14 16 15 25 25 19 23 17 16 13 32 16 11 17 27 30 24 17 22 14 20 18 24 28 23 18 27 16 18 16 14 14 18 26 23 6 27 17 22 17 23 19 22 17
15 14 22 25 16 27 15 28 19 14 20 22 24 25 13 30 22 11 23 9 19 13 20 13 14 16 15 26 21 31 25 28 16 24 15 18 24 24 17 19 15 22 17 27 23 16 17 20 15 23 26 25 18 17 23 14 26 23 16 27 21 13 18 19 20 17 26 14 19 20 17 19 20 20 27 18 12 25 19 22 29 17 23 21 18 25 12 20 17 26 30 20 22 17 19 22 23 22 13 16
16 21 16 18 20 20 21 20 32 20 22 29 20 20 26 24 10 29 24 16 27 16 7 18 18 21 20 22 20 20 23 20 16 16 27 18 20 19 17 14 9 23 16 14 18 13 17 18 20 20 19 23 9 13 19 12 15 20 17 22 20 21 25 19 15 18 16 23 21 11 18 10 20 20 21 23 19 15 25 26 14 22 17 23 16 28 17 14 20 23 19 17 17 22 20 11 20 19 35 23
17 20 30 26 17 16 19 22 20 18 19 19 17 23 17 31 19 24 26 19 22 21 16 19 19 27 21 26 17 22 17 16 19 21 20 18 34 13 25 18 29 16 18 19 22 19 24 24 12 17 20 20 31 17 17 16 10 25 23 12 18 20 19                                     
