0.411764705882353 4809 37 40 36 46 29 29 32 28 25 30 30 32 35 29 36 33 25 29 26 34 36 35 36 39 25 23 25 32 40 29 26 32 29 36 26 33 29 43 33 33 47 38 31 26 26 40 26 27 25 40 42 32 40 28 26 37 38 32 34 30 34 16 32 23 29 29 27 36 32 27 38 34 18 26 21 42 31 35 30 31 31 37 29 32 24 29 36 19 28 26 31 28 28 26 17 37 24 39
44 33 21 31 40 31 39 29 26 32 32 33 30 27 41 44 30 44 50 25 40 32 33 29 23 43 31 17 27 33 27 29 31 25 26 41 38 22 32 40 36 31 33 28 21 43 39 29 35 38 38 35 24 26 30 25 33 27 28 32 40 29 27 29 28 32 28 26 31 30 35 33 81 50 14 85 60 28 25 47 37 28 22 30 36 41 30 32 31 33 33 37 32 36 33 30 27 31 22 31
37 25 30 36 26 38 35 17 26 44 34 33 43 43 28 26 29 37 27 24 44 31 19 26 26 33 23 33 41 32 36 35 43 29 31 44 35 31 43 23 37 28 39 28 34 37 26 33 29 31 29 26 30 38 26 35 30 35 40 37 31 27 34 33 36 39 42 29 30 36 30 25 21 25 25 32 35 23 24 27 29 26 34 35 39 39 34 36 31 30 39 36 23 30 29 28 29 29 21 32
20 29 25 27 25 28 31 31 21 38 24 19 31 24 31 30 31 33 32 28 38 23 22 45 34 28 30 35 37 33 34 34 37 20 48 29 30 28 30 34 28 27 34 45 45 32 39 22 30 38 37 43 25 38 28 35 29 29 29 28 34 39 30 15 44 20 36 20 32 36 31 34 46 24 28 40 31 30 32 25 25 36 25 41 27 31 27 24 34 21 25 35 30 32 24 34 34 32 24 29
25 30 37 29 32 28 35 27 37 42 27 34 43 41 16 31 38 42 43 35 34 35 31 19 35 29 22 45 36 32 28 43 44 32 33 27 32 37 19 36 19 36 32 26 28 40 27 30 23 28 37 28 30 28 29 38 36 35 32 30 30 36 22 32 23 28 22 34 25 32 32 42 28 27 30 48 26 25 18 33 33 37 38 30 30 25 32 23 35 37 31 36 33 45 38 32 17 44 37 28
33 22 29 46 37 35 28 34 30 38 45 19 32 25 30 24 22 22 27 31 55 50 32 27 37 35 34 29 29 30 35 37 29 28 44 47 28 35 28 32 20 29 31 37 39 38 35 29 31 30 35 36 26 31 22 32 35 36 33 26 36 24 29 36 29 43 29 42 31 34 25 33 41 39 24 30 31 36 35 43 36 35 35 28 35 42 31 41 37 38 20 35 22 28 27 33 29 37 33 28
33 34 30 47 41 27 31 29 30 33 56 38 27 32 28 35 37 15 48 42 37 38 31 33 47 38 31 30 25 41 35 19 37 28 37 36 35 29 33 29 35 33 37 31 52 27 18 15 29 39 31 37 29 34 36 26 32 28 38 35 33 38 44 36 41 28 35 30 27 34 27 31 31 40 38 40 36 35 38 34 25 27 24 36 30 41 28 28 27 29 38 29 37 33 36 27 33 38 44 30
26 48 31 35 44 37 46 29 34 44 33 40 32 29 34 37 40 31 31 26 30 36 36 32 35 40 23 45 29 16 43 26 28 48 38 37 37 32 30 30 34 43 26 28 32 30 31 32 41 32 33 34 34 28 42 37 16 32 23 48 32 39 34 34 28 43 32 34 42 31 26 38 35 33 30 39 32 33 31 32 26 35 34 27 24 33 34 31 41 38 30 37 38 27 34 41 34 48 42 27
41 49 32 35 20 29 37 32 41 27 25 36 29 30 12 29 15 27 37 37 25 28 28 47 36 25 30 45 29 28 35 31 30 29 28 31 27 46 32 40 41 30 28 21 36 33 29 41 33 28 41 28 27 31 25 24 44 47 31 29 29 29 32 27 44 30 36 35 36 34 30 41 27 25 31 24 41 27 26 27 35 38 28 35 42 35 41 34 36 36 49 36 37 30 35 23 23 35 37 36
23 30 38 40 27 36 36 24 31 30 37 28 35 27 29 24 26 34 39 38 46 33 26 20 35 33 19 26 17 21 27 38 33 29 21 27 24 31 38 25 33 28 32 32 29 37 34 39 28 28 29 35 33 23 34 20 23 31 17 26 19 43 23 40 32 26 35 24 37 31 22 35 35 33 33 32 33 37 32 35 33 34 27 31 33 32 36 35 28 20 30 30 29 24 22 40 21 32 31 36
24 32 33 33 28 25 37 30 25 21 42 31 37 30 40 36 34 24 30 34 35 29 33 45 33 30 29 35 31 29 28 16 42 35 37 23 29 26 40 27 38 35 42 28 29 33 30 30 36 23 36 23 30 34 27 23 38 36 36 43 22 27 25 33 23 29 34 34 31 34 25 33 32 35 31 40 18 30 33 43 38 36 32 39 36 30 32 29 31 22 33 35 45 35 23 23 30 38 28 43
24 28 32 39 36 20 36 35 41 40 30 37 22 35 37 39 19 39 37 32 26 33 44 35 34 30 21 34 35 32 35 35 35 28 37 33 39 35 33 29 30 30 34 43 32 29 26 30 43 35 21 30 21 34 39 31 40 28 32 21 34 32 35 28 35 27 41 28 60 56 27 29 27 27 29 32 27 33 38 31 34 29 36 38 42 38 30 23 35 24 29 35 33 22 45 33 34 46 30 29
37 28 32 25 29 37 30 21 47 40 27 38 32 29 25 31 41 31 33 46 39 29 26 29 34 32 28 37 36 40 27 29 24 24 27 29 31 24 38 29 27 31 37 29 34 32 32 33 40 27 29 39 51 35 31 30 33 40 40 38 38 26 34 37 29 37 34 32 40 36 35 41 50 44 28 31 24 39 29 40 32 29 28 33 27 24 29 36 23 36 32 33 27 28 34 24 35 31 34 31
26 29 27 28 31 21 37 27 28 24 25 20 35 38 25 39 35 42 35 33 24 44 32 34 34 28 23 32 24 32 34 34 34 34 41 156 32 20 32 98 78 69 16 15 18 33 30 39 5 30 17 31 38 25 29 30 28 33 39 32 39 46 21 25 28 29 33 33 25 38 26 38 32 29 21 36 36 35 43 29 27 35 20 38 28 34 38 26 33 46 41 26 35 37 37 34 27 30 30 24
29 33 26 36 30 37 27 21 31 29 34 33 37 32 36 41 37 23 28 32 31 31 47 35 31 28 39 37 47 26 36 28 21 28 37 30 33 21 38 40 27 27 40 38 37 28 25 43 38 31 35 29 33 37 34 38 28 23 32 37 38 35 32 42 28 29 36 29 34 37 23 55 26 26 35 32 25 29 30 25 29 43 29 35 31 42 45 43 44 38 27 28 27 35 31 33 32 34 36 27
25 31 27 37 23 41 34 38 39 24 29 33 20 42 41 32 34 34 20 30 32 30 43 45 37 14 30 37 36 39 33 36 28 22 22 29 37 18 39 16 36 31 25 32 28 38 31 37 30 35 26 31 39 33 34 45 23 39 33 11 38 35 40 33 37 27 29 38 38 32 26 37 34 33 40 31 35 35 38 51 37 28 30 34 37 32 24 45 26 34 23 31 26 40 30 46 33 36 31 39
41 35 38 35 40 47 30 40 36 34 52 37 41 29 33 33 35 26 26 36 35 36 28 37 50 31 32 27 28 29 25 24 29 26 23 20 39 24 34 30 32 27 31 37 28 33 39 28 34 33 23 27 37 29 18 32 33 30 33 34 38 19 48 29 42 31 36 26 26 41 34 25 36 29 28 26 39 28 34 31 28 38 42 39 40 28 33 28 24 18 26 39 34 31 28 33 41 43 29 24
27 24 38 27 27 35 30 32 40 40 31 29 34 37 35 25 26 33 28 32 22 27 36 36 23 38 33 36 30 45 30 34 32 35 31 35 37 34 24 31 24 35 25 34 39 41 38 29 42 26 28 24 37 23 27 34 25 29 31 28 33 30 37 30 35 25 25 43 34 38 22 30 24 32 23 33 29 31 36 20 34 21 22 27 46 40 41 28 32 34 36 43 30 34 38 25 38 34 42 34
34 36 39 42 31 47 21 32 39 37 27 43 31 39 34 34 34 27 48 36 35 33 20 25 34 39 30 31 29 43 29 32 31 24 27 44 33 29 39 33 23 41 32 36 33 34 42 54 41 22 39 39 40 32 39 37 33 28 65 37 33 42 34 32 33 26 32 28 29 29 39 38 41 31 47 28 34 37 25 37 25 34 31 44 32 30 38 40 55 44 32 45 43 49 44 49 46 13 43 43
40 35 44 39 42 46 50 38 52 46 40 51 50 51 49 53 37 48 34 34 25 47 52 39 42 44 23 40 39 34 48 40 42 58 51 51 45 34 44 54 41 26 33 42 40 48 51 50 54 52 55 47 43 51 50 48 32 47 53 48 54 46 53 43 34 55 41 42 36 43 58 15 37 44 40 51 54 56 39 55 44 41 41 40 45 51 55 39 24 36 41 42 45 47 47 52 38 48 40 44
38 47 49 55 33 35 50 32 50 35 50 38 38 48 48 36 40 51 40 48 38 41 40 60 47 14 41 37 40 48 47 54 43 42 28 43 39 47 48 45 37 48 52 48 44 45 56 39 42 39 47 48 44 41 56 35 64 53 35 38 43 54 41 21 42 42 46 42 35 17 22 52 61 32 91 31 47 50 46 52 53 49 43 44 62 40 50 49 39 37 46 43 34 51 51 42 42 30 53 44
45 38 48 36 52 54 59 18 41 50 53 38 45 52 59 52 50 45 35 47 45 46 35 47 46 37 44 51 35 40 36 44 45 39 42 45 52 49 40 59 41 39 45 42 40 43 43 31 36 35 53 48 47 35 56 52 55 51 40 44 36 44 44 46 41 59 46 41 52 53 38 44 40 58 41 49 44 36 42 34 43 49 51 45 54 38 45 47 54 51 35 38 58 51 46 46 45 37 44 56
55 51 49 45 38 49 25 46 20 45 41 20 52 45 53 40 41 49 32 44 42 49 58 50 51 45 53 54 30 39 47 44 42 42 54 50 54 48 45 50 50 34 42 55 56 24 45 52 60 52 39 49 49 50 59 40 56 44 47 47 49 39 49 47 50 43 34 52 49 54 52 44 48 44 47 39 63 49 51 37 26 52 40 58 48 52 42 45 53 38 39 53 48 47 49 33 23 52 38 46
37 45 38 54 57 34 40 42 48 32 53 36 46 46 58 56 39 27 45 40 46 41 51 58 42 41 36 51 39 48 41 42 55 27 36 24 39 33 29 31 26 36 39 22 35 40 28 31 28 33 32 21 30 35 27 45 36 41 45 33 36 37 31 39 36 34 30 43 22 52 38 36 30 34 31 23 27 28 35 45 42 31 35 27 25 29 26 24 43 36 33 38 38 36 33 30 33 30 31 28
36 39 29 41 28 27 29 24 44 33 32 47 28 30 35 30 24 32 36 45 32 42 33 34 49 67 98 92 89 23 17 30 36 43 33 31 35 27 27 44 30 39 31 28 33 33 36 22 37 26 21 35 39 37 23 25 29 38 38 24 47 34 34 38 34 32 22 33 27 25 26 31 31 35 44 41 29 29 23 31 26 26 24 33 34 31 32 37 7 19 27 31 42 24 28 45 36 29 30 42
37 32 43 37 27 28 21 39 20 51 40 32 33 24 29 35 36 30 26 43 17 37 29 32 30 32 30 29 32 27 30 29 28 32 31 19 31 38 31 33 21 29 34 23 26 27 38 33 33 32 27 29 29 36 31 30 39 20 26 30 41 31 38 28 35 32 25 38 32 23 33 34 30 31 32 34 32 25 36 30 39 29 30 32 41 43 31 26 34 18 40 30 28 30 35 47 27 34 32 27
27 29 20 33 29 23 32 37 37 33 47 27 22 39 21 39 28 25 29 27 31 30 34 31 25 34 32 25 32 34 34 28 25 43 39 35 37 30 24 25 20 27 32 34 23 31 38 32 27 41 42 27 36 36 34 33 31 29 28 33 37 33 31 24 17 31 21 34 41 33 41 29 34 45 24 33 39 31 32 26 31 33 36 30 35 29 25 38 38 37 40 28 29 28 33 30 38 31 31 18
29 47 38 18 39 26 18 29 42 39 28 36 36 37 25 38 32 27 32 29 32 37 40 28 23 28 35 31 32 30 34 46 29 40 28 38 32 29 35 37 40 32 30 23 33 29 24 37 27 37 28 22 26 33 35 27 23 28 32 32 24 24 29 31 34 26 29 34 34 40 24 29 33 26 47 26 32 42 29 29 30 25 36 29 28 27 27 33 30 39 35 36 24 34 38 35 21 35 30 27
31 29 27 22 33 34 32 37 41 40 28 36 28 28 30 32 27 35 26 26 30 33 35 37 32 35 25 40 32 32 36 37 26 32 34 29 28 34 29 31 39 31 26 32 27 31 26 32 44 41 34 32 33 26 32 37 24 34 32 32 20 26 31 34 30 31 31 33 44 41 36 23 35 47 37 32 34 21 35 30 32 40 34 30 30 25 40 27 31 37 29 28 32 32 37 37 21 18 28 34
35 36 45 45 22 33 44 24 40 32 36 27 30 36 37 29 37 29 34 43 28 40 30 26 44 27 36 31 29 25 38 39 35 36 29 36 33 48 31 40 31 34 32 33 34 29 32 34 25 23 34 27 34 23 28 31 26 31 32 37 26 30 28 27 42 34 29 31 29 35 32 35 38 38 32 28 28 32 24 34 34 28 36 30 31 34 46 47 41 24 31 41 36 31 33 28 31 33 29 33
29 40 31 33 28 28 39 36 43 29 27 37 35 14 29 34 36 27 30 22 33 36 33 38 27 24 35 31 32 40 35 35 37 34 29 40 41 32 35 32 22 34 35 32 31 32 42 29 30 31 33 21 25 20 20 29 50 33 28 23 37 27 37 21 37 33 36 35 33 42 29 28 33 25 14 32 27 31 31 26 31 33 32 27 21 38 35 34 24 28 32 34 30 31 45 25 21 26 27 35
35 33 33 32 24 37 28 30 25 34 29 40 30 29 23 32 33 26 31 33 46 33 34 24 33 27 31 36 38 35 29 44 38 29 23 37 38 32 26 28 32 33 28 23 28 21 28 31 29 36 32 23 33 39 35 31 24 26 29 20 41 37 34 43 35 26 27 34 31 27 26 26 30 34 29 32 35 28 30 35 29 36 34 46 25 25 33 23 33 31 22 38 29 30 27 35 30 37 39 37
25 29 36 21 22 26 19 34 20 32 25 32 32 34 28 41 30 23 30 35 42 32 34 37 17 39 36 28 30 25 29 36 40 33 33 43 20 35 39 35 22 23 26 28 26 41 29 35 39 25 26 30 36 27 35 26 23 34 22 40 30 43 31 31 39 37 29 28 34 33 31 36 31 29 33 38 30 37 24 36 33 38 29 26 25 29 38 26 32 30 43 29 28 39 34 40 27 27 38 20
27 36 26 27 28 46 27 35 28 30 31 32 27 36 33 31 29 34 33 34 33 29 35 30 20 38 33 22 28 41 30 26 31 38 33 32 39 27 25 28 48 48 29 27 27 45 35 26 30 37 31 36 30 35 26 33 38 24 36 34 36 41 39 34 31 38 22 29 32 34 34 36 38 35 37 29 28 37 31 32 22 35 39 36 36 30 39 38 41 36 21 25 39 27 34 44 28 31 35 36
35 28 37 34 34 29 37 31 28 47 40 30 32 40 29 26 26 22 39 17 37 35 21 38 28 30 32 31 29 32 27 37 35 34 33 37 37 42 35 22 25 27 30 32 29 27 30 28 36 36 32 27 36 17 39 24 27 28 28 32 28 28 34 33 36 45 21 34 21 18 31 29 37 40 36 37 39 32 34 23 38 27 30 23 37 45 33 32 24 30 29 23 36 43 36 30 22 32 29 37
45 33 29 26 27 47 24 37 31 25 28 39 28 32 32 33 30 41 33 40 31 32 33 35 40 42 25 31 34 31 22 33 35 39 37 23 30 30 39 31 37 26 27 38 30 30 29 34 21 30 33 38 37 35 23 26 31 34 31 30 42 22 38 28 35 38 33 35 35 34 32 22 33 42 53 42 50 27 38 30 26 29 30 26 34 36 21 24 35 39 27 34 35 34 33 26 28 19 32 23
30 39 28 40 31 32 49 28 33 28 41 32 43 23 34 22 40 31 31 29 33 32 24 37 34 33 29 30 27 28 43 30 23 29 29 38 32 38 26 36 34 37 26 25 39 43 40 28 36 36 35 27 36 27 29 29 44 21 24 28 24 34 31 39 26 31 32 30 28 42 46 31 32 38 31 34 27 29 29 35 24 33 39 26 32 29 26 33 33 26 39 38 34 35 35 20 30 32 30 27
28 25 33 29 34 47 37 33 37 29 29 31 28 32 33 32 33 29 23 32 30 25 22 38 36 42 38 42 25 25 32 42 28 38 36 23 35 42 24 30 50 25 36 36 35 32 32 33 20 26 26 35 17 36 39 30 20 28 39 36 37 38 28 38 28 27 34 44 34 33 42 37 31 28 29 24 36 36 36 43 27 23 27 26 34 32 28 37 33 36 21 34 40 39 28 43 29 36 39 33
35 39 40 23 33 33 33 36 21 31 27 34 31 37 37 45 35 45 26 27 38 28 36 43 28 29 36 33 31 29 42 34 31 25 21 33 34 31 37 48 43 40 28 35 31 35 32 32 30 29 32 39 27 30 26 32 41 29 26 31 48 32 29 29 35 29 28 28 27 34 31 39 31 27 25 41 33 31 30 31 24 33 29 21 34 29 18 22 26 31 40 24 27 37 39 26 37 34 31 33
30 28 23 32 33 38 24 31 40 31 30 28 34 42 27 34 34 53 24 31 27 30 17 35 38 38 32 28 32 32 32 25 36 32 29 35 34 35 28 40 36 29 33 27 39 30 38 17 34 27 30 29 31 47 31 35 29 29 32 32 31 33 33 38 45 34 32 44 32 35 25 19 37 24 33 32 46 40 24 34 25 34 23 32 46 31 25 38 28 26 27 32 29 40 41 42 25 32 29 29
33 31 34 42 36 35 39 24 34 34 35 37 23 38 37 28 30 30 32 41 31 34 34 29 27 30 26 34 51 34 29 26 28 41 44 27 36 27 32 22 27 29 40 27 20 36 37 31 42 34 29 39 40 29 35 28 34 35 34 29 37 32 26 25 27 34 33 25 40 37 28 32 35 27 33 35 27 32 39 43 31 41 18 39 36 32 28 33 34 31 30 36 33 40 31 33 34 36 35 28
30 34 36 29 37 25 24 37 37 28 27 38 25 39 33 21 32 41 37 32 30 37 36 34 35 33 33 36 31 30 33 46 33 37 42 30 24 25 28 29 25 29 15 43 36 33 23 32 40 32 27 27 36 32 23 23 31 40 30 37 25 45 32 27 27 33 34 31 24 25 32 27 22 28 39 27 29 25 33 39 31 26 33 28 36 33 34 25 29 7 25 27 40 34 31 27 31 30 29 33
46 35 33 25 27 27 35 35 27 27 30 37 31 27 33 30 23 25 35 35 35 33 32 36 8 37 35 34 31 37 28 39 46 27 33 22 33 32 36 36 27 30 25 27 44 26 30 34 28 35 23 40 28 39 32 40 35 31 34 34 35 26 31 41 28 35 29 36 24 21 33 34 31 30 47 40 28 20 31 31 29 28 36 23 36 41 38 28 31 39 34 29 39 38 30 27 41 42 19 27
33 27 24 31 41 37 38 24 27 33 43 30 22 28 25 33 32 35 44 26 36 28 24 21 21 26 30 27 28 17 37 30 40 32 28 29 30 32 42 17 34 30 31 42 14 36 21 28 39 21 42 34 24 31 34 25 22 30 34 36 34 35 43 28 37 23 34 31 34 33 35 28 32 31 42 21 29 25 26 20 33 35 37 33 33 29 18 31 24 40 30 27 36 39 28 35 37 32 35 33
38 32 38 29 20 27 35 27 30 34 26 29 41 33 31 27 36 35 22 26 33 36 34 45 30 22 25 33 33 32 24 41 26 20 33 30 34 39 37 26 26 27 25 29 37 31 19 33 31 27 18 26 25 35 28 38 25 31 30 29 38 24 38 30 34 39 31 36 32 31 22 28 32 36 24 32 37 35 34 37 45 30 30 36 34 34 31 33 43 30 31 26 40 30 38 37 33 29 28 32
37 37 25 17 36 22 36 22 18 94 33 31 36 62 57 24 32 35 45 44 28 23 43 28 30 23 32 32 36 33 34 36 37 32 26 33 27 23 33 30 39 37 33 27 24 20 28 34 28 35 32 41 30 35 25 29 51 43 31 29 21 32 37 32 37 42 22 25 37 39 34 38 34 36 33 30 27 48 26 35 37 38 28 29 31 33 34 27 31 31 27 36 27 34 33 30 27 23 25 24
16 31 22 28 27 21 24 16 18 14 10 8 14 13 18 16 23 24 15 14 22 14 24 11 20 22 22 18 18 22 13 11 15 14 19 18 22 16 15 22 12 16 17 10 11 14 17 17 14 14 11 20 19 18 19 16 25 15 12 14 14 23 11 13 17 25 15 19 14 17 15 13 14 17 12 9 13 19 12 12 9 12 13 26 15 15 6 14 18 18 18 14 14 17 11 19 20 7 17 6
12 16 15 15 19 16 20 20 22 17 6 20 31 13 15 16 15 9 21 12 21 12 13 15 15 21 12 12 18 12 18 12 14 9 8 19 15 11 18 18 13 19 18 16 15 13 16 16 20 13 21 18 16 20 19 15 14 13 11 16 14 23 11 15 15 18 15 16 17 15 12 13 18 7 20 10 20 12 11 12 17 12 11 12 18 14 11 14 18 11 15 18 15 14 13 11 24 16 6 11
19 15 17 12 16 12 20 13 10 17 18                                                                                         
