0.391304347826087 3154 16 26 23 29 22 26 29 19 28 25 28 31 25 23 25 29 24 29 24 24 23 20 26 31 31 21 22 15 32 25 26 23 26 21 23 34 23 30 26 19 33 32 20 26 32 28 27 22 31 23 29 27 21 26 28 22 32 26 30 15 15 18 17 21 32 25 30 43 28 35 17 23 29 26 23 22 23 21 31 21 27 26 25 20 24 34 19 29 29 22 24 21 25 25 25 20 19 34
20 29 24 27 26 21 23 25 26 20 27 35 19 24 27 26 24 27 28 21 27 22 27 37 22 20 26 19 25 35 45 21 30 22 13 24 22 17 26 25 36 28 27 27 38 27 23 23 25 23 21 30 14 28 20 29 23 25 27 25 27 24 27 24 21 18 32 21 35 29 13 21 36 27 15 21 22 32 28 26 24 26 24 21 17 20 25 21 21 31 31 23 20 18 30 22 17 26 25 32
21 27 28 21 22 11 24 24 24 27 17 20 25 27 30 27 27 24 19 26 26 24 22 20 30 19 12 24 28 13 18 25 26 22 21 24 24 23 23 33 26 21 32 21 31 32 19 19 26 15 13 27 32 18 29 29 23 22 22 19 25 27 15 17 24 30 30 19 33 18 31 29 29 22 28 17 19 21 20 22 23 25 22 33 19 19 26 25 18 38 19 26 18 23 29 22 19 31 17 27
18 22 31 21 16 25 23 24 23 22 24 30 23 28 18 14 17 21 30 25 17 31 21 20 14 18 23 17 31 30 17 29 23 18 16 19 22 32 26 25 21 14 22 22 26 39 29 30 28 19 35 28 29 19 20 24 20 22 19 18 25 20 19 20 23 17 26 25 26 20 16 35 20 18 27 29 33 23 31 16 30 33 23 37 22 25 25 21 32 21 27 29 21 22 18 24 21 22 25 15
20 26 22 24 24 29 16 25 26 17 20 21 23 28 19 24 21 24 22 28 20 23 25 21 22 21 22 19 15 21 33 27 31 15 22 33 24 25 21 29 22 17 23 31 24 29 30 20 26 24 26 33 18 22 24 37 12 25 16 37 22 16 22 19 18 22 17 20 28 33 17 21 26 16 32 14 26 29 22 20 33 24 26 31 19 29 15 18 20 15 29 24 30 28 29 28 23 24 21 18
23 16 21 25 35 26 25 24 31 21 26 22 27 22 20 28 19 23 24 27 16 17 23 24 21 29 22 21 13 25 22 19 15 28 28 21 30 26 17 21 20 24 43 21 19 27 31 23 28 19 27 17 18 26 27 31 16 18 24 20 37 21 24 26 18 19 30 23 16 16 30 28 23 38 30 31 19 22 25 20 28 22 25 17 26 36 24 27 26 30 26 28 23 21 26 24 25 20 25 28
25 29 18 21 30 29 23 26 18 14 25 30 38 19 30 22 26 30 24 27 20 15 26 19 31 20 30 24 24 20 27 18 27 27 27 30 27 18 34 20 35 27 17 29 26 27 25 28 23 22 22 24 20 26 27 20 19 21 22 32 24 17 26 24 15 28 14 19 25 19 28 28 16 28 26 28 33 27 25 24 28 26 22 21 28 31 18 17 23 26 23 38 22 29 22 21 25 28 24 22
15 18 24 27 27 31 36 23 28 15 25 19 16 20 20 22 14 25 30 18 31 29 29 32 28 24 33 19 25 22 30 25 35 22 27 19 27 15 24 23 21 19 21 32 18 26 29 31 29 21 27 22 30 24 24 19 22 25 25 23 12 20 19 21 24 27 26 24 19 28 23 25 26 28 27 35 24 28 21 28 24 20 20 31 23 27 21 23 30 20 11 26 22 30 27 23 12 23 28 30
36 30 20 28 28 34 24 24 18 27 39 17 29 21 25 23 18 27 23 26 24 26 21 19 21 23 30 30 21 20 26 25 22 22 28 14 22 20 22 19 22 27 26 24 28 23 28 26 27 19 26 23 15 21 17 29 33 23 23 24 28 23 24 24 16 30 23 23 25 20 20 26 24 29 23 22 23 33 20 19 34 27 26 19 22 23 24 23 32 16 22 11 27 67 77 84 36 70 26 24
28 33 18 15 18 20 25 24 21 16 26 23 25 24 27 21 24 26 12 15 17 22 24 23 26 25 25 28 29 25 25 31 24 26 21 34 30 24 26 29 24 21 26 22 25 28 28 16 16 25 20 17 27 19 25 21 22 25 28 28 26 24 17 33 28 24 24 32 13 21 24 24 16 28 32 21 23 25 28 25 18 19 19 26 27 18 23 30 26 24 21 37 20 25 26 21 18 29 20 39
19 36 29 18 25 15 29 21 24 27 23 28 19 22 22 18 27 17 28 17 22 17 24 25 28 33 27 18 16 22 29 25 26 24 13 20 25 27 23 27 29 30 26 15 23 29 32 14 30 29 18 20 26 20 24 24 17 23 29 29 25 22 32 25 25 23 21 24 19 17 19 25 22 17 27 24 29 29 19 20 16 21 24 23 21 33 21 18 23 29 22 26 18 27 16 27 22 16 29 23
23 20 25 20 31 32 29 34 20 25 16 17 25 14 23 23 36 31 29 17 14 24 24 22 23 22 25 24 21 30 20 23 25 21 27 21 23 23 22 15 26 20 19 23 24 21 24 22 24 23 25 27 23 34 24 28 15 25 25 27 23 24 26 19 22 24 29 24 21 20 31 28 22 27 29 27 29 20 20 25 29 18 16 25 20 23 24 17 23 23 23 28 17 17 18 22 23 18 14 17
20 21 23 24 19 24 28 31 24 23 24 23 23 23 21 21 15 27 14 31 20 39 24 19 28 30 15 24 28 26 19 20 28 28 27 25 20 22 33 28 26 27 26 27 24 18 29 31 23 28 25 16 25 24 26 18 28 22 20 24 27 11 32 26 18 24 22 23 27 16 23 26 19 27 12 26 25 27 23 18 13 30 26 29 22 21 34 23 26 36 25 19 27 34 21 31 25 17 28 18
28 25 30 27 28 21 16 19 25 29 30 27 30 21 27 19 28 17 29 28 20 26 26 26 18 23 21 30 28 28 24 17 23 25 21 19 23 16 26 19 20 21 20 22 17 20 23 28 22 27 21 20 31 18 23 22 33 29 17 23 32 24 23 25 29 17 34 28 31 22 22 29 21 17 31 23 22 18 20 28 13 38 16 25 18 25 21 24 27 21 23 25 12 20 22 23 21 25 21 18
20 25 25 28 27 24 26 25 26 19 21 14 25 17 16 31 25 25 18 29 20 23 22 29 36 17 23 31 21 18 20 24 25 28 16 22 16 27 27 20 25 22 29 17 29 19 27 26 23 18 26 23 21 20 18 34 25 25 24 9 25 26 19 23 24 24 20 25 24 30 21 27 30 28 20 33 20 24 29 24 25 26 19 32 25 33 25 25 30 21 23 18 22 20 24 20 19 28 18 20
30 31 31 27 25 20 26 15 29 23 22 32 21 21 17 23 31 21 24 20 22 21 22 22 23 21 24 26 28 22 24 35 32 35 22 25 26 22 23 25 26 19 22 27 30 25 25 18 19 53 64 71 33 27 23 15 22 29 17 28 22 13 24 22 23 20 18 27 13 30 23 27 26 22 26 26 13 31 24 34 29 22 23 18 30 23 17 34 28 43 21 20 32 27 20 21 26 19 26 20
24 27 19 15 21 26 23 39 23 18 21 20 26 19 29 19 21 31 28 26 27 28 29 33 26 16 24 26 23 14 23 21 24 26 26 38 20 24 29 26 37 25 30 32 29 28 29 24 32 20 20 31 27 27 31 25 20 22 39 21 28 16 25 21 26 16 16 31 31 29 20 33 15 28 23 21 25 19 19 32 26 27 21 28 30 21 32 23 22 23 22 22 27 24 24 17 29 24 22 31
28 32 28 28 29 20 26 26 20 31 18 25 32 38 33 24 26 30 20 13 20 21 25 24 19 21 20 23 26 19 24 35 15 21 28 25 16 24 17 16 22 22 24 24 25 27 27 31 23 24 25 31 19 23 26 32 28 18 23 19 22 24 30 31 14 26 27 23 22 23 24 26 28 15 23 20 21 19 22 30 23 27 21 20 26 24 19 26 17 24 28 19 29 29 17 28 19 19 36 26
23 24 24 39 16 31 17 14 37 27 20 22 26 18 31 24 37 24 19 27 37 25 28 23 26 19 23 28 28 32 25 23 22 19 23 34 19 31 18 18 31 32 26 20 28 22 31 40 32 27 30 34 20 21 25 30 33 18 23 20 23 31 24 11 27 27 24 22 27 18 17 22 27 22 24 27 32 27 31 26 16 28 25 12 23 31 26 26 28 19 22 21 20 19 18 21 14 27 24 14
23 23 26 25 26 19 19 24 29 24 30 26 20 15 15 23 27 23 28 23 24 19 20 21 21 21 19 34 22 24 23 31 26 31 29 26 11 20 19 19 17 17 18 18 16 21 20 20 23 39 18 22 28 19 25 14 25 24 20 20 12 29 22 19 23 26 15 28 23 29 19 34 27 17 17 23 25 21 18 23 17 26 22 40 17 20 29 24 18 26 21 28 26 17 25 19 24 26 17 32
22 20 24 28 27 16 19 26 29 24 28 16 26 27 27 19 30 33 26 31 23 17 14 19 21 17 22 27 15 26 32 20 28 20 31 27 20 33 25 23 28 21 25 37 21 24 23 20 19 28 23 27 26 22 28 19 31 21 19 28 26 32 30 20 28 29 28 24 24 17 26 16 27 32 23 22 19 15 21 22 24 26 22 14 36 18 20 29 29 18 28 31 28 15 17 27 19 24 29 18
18 23 26 25 26 31 27 28 25 25 25 23 21 28 33 24 19 23 16 15 30 16 18 20 25 20 29 22 25 27 33 22 25 21 19 21 17 20 19 23 28 23 29 34 22 24 22 24 21 26 26 25 24 34 20 20 21 28 25 29 19 21 24 30 27 21 26 14 25 22 21 21 19 24 19 21 22 21 21 32 31 27 24 34 29 21 32 28 29 22 25 20 14 20 30 21 35 22 27 25
15 27 16 18 24 21 22 23 21 31 14 20 21 21 24 17 14 18 15 22 17 27 20 24 26 20 20 19 19 20 11 22 21 28 19 20 26 22 18 23 21 27 18 23 23 24 31 21 26 18 28 21 26 25 29 26 20 22 27 21 12 16 26 20 31 13 33 22 25 31 19 32 26 16 27 22 22 19 25 27 34 29 19 23 26 29 26 28 32 30 29 21 28 22 18 23 23 18 20 20
25 29 24 16 25 30 24 21 29 32 34 26 22 20 19 20 25 35 34 25 17 27 28 27 27 28 19 19 28 28 20 25 27 26 12 21 29 29 23 28 28 27 23 18 22 23 19 17 25 23 33 28 30 13 33 40 25 25 27 33 20 17 25 21 18 24 24 12 26 24 19 18 25 22 22 15 27 26 22 27 19 24 17 21 26 18 24 19 20 25 26 22 21 32 15 27 25 16 41 20
23 18 21 29 26 22 24 26 29 31 21 27 22 23 25 27 25 24 30 23 28 27 30 26 27 25 25 33 25 24 20 16 25 23 40 20 28 26 37 21 12 34 30 19 20 30 18 25 23 19 19 15 28 17 17 25 21 35 19 30 24 20 22 26 24 18 14 22 20 11 30 19 27 28 16 27 24 32 24 25 20 31 20 24 22 18 18 17 15 21 26 25 12 16 24 16 18 23 21 19
22 29 17 29 20 27 22 30 25 25 14 21 20 22 19 19 36 34 27 22 16 22 25 17 19 18 31 21 23 27 39 28 22 22 21 25 29 28 29 29 26 20 27 25 37 24 25 18 23 27 28 23 24 21 22 22 30 26 21 27 25 18 23 28 22 30 25 31 25 24 28 25 26 16 21 28 18 23 20 31 23 26 25 27 24 9 40 22 28 30 25 32 32 26 23 25 21 23 17 22
16 22 28 19 25 36 43 27 20 20 21 21 25 28 21 22 18 26 22 30 24 20 19 32 20 18 19 17 20 22 26 34 21 20 17 8 26 33 22 16 18 28 23 33 26 18 22 29 14 20 22 27 24 19 16 27 26 31 21 18 13 19 18 21 25 25 25 24 18 27 19 26 16 22 18 24 24 18 30 28 22 25 18 20 24 26 31 30 22 29 20 20 28 26 24 19 26 20 39 25
27 37 30 17 29 18 30 33 18 20 27 23 16 20 30 20 27 26 11 18 27 21 32 25 24 28 25 22 26 25 25 16 17 26 26 24 23 23 20 26 24 14 32 20 23 29 19 26 30 26 17 35 23 32 22 29 19 33 26 24 19 14 27 25 18 16 17 28 18 22 32 23 27 14 27 26 25 20 17 22 23 27 17 18 22 23 22 23 29 25 33 20 21 28 28 24 24 24 28 23
19 15 34 25 17 29 21 21 27 33 24 26 23 28 32 18 31 20 17 17 18 18 18 15 24 21 25 21 14 25 34 21 17 24 22 28 27 28 22 26 24 27 25 23 28 27 21 16 32 17 31 25 26 29 18 21 32 23 22 37 14 24 16 28 25 21 30 23 25 27 29 19 27 31 22 38 32 26 32 22 23 25 24 25 22 25 27 22 20 28 27 21 23 23 26 29 22 22 25 37
26 15 22 24 21 25 20 16 19 26 30 25 25 25 29 26 18 27 22 25 27 25 18 26 32 19 26 30 26 21 25 25 28 22 20 24 19 24 28 11 27 30 18 23 21 33 30 21 25 24 26 24 25 28 23 28 33 22 26 17 24 24 30 19 17 16 23 25 18 30 31 26 28 15 18 26 19 21 22 29 24 23 28 30 33 22 23 20 19 25 37 28 26 38 22 28 20 28 27 19
35 23 16 31 24 17 25 30 25 25 26 20 35 27 20 30 16 23 24 15 25 21 30 15 27 20 23 21 17 19 18 17 22 21 35 32 18 22 14 23 22 22 18 21 29 28 21 25 27 25 29 18 28 28 31 22 28 19 18 33 30 35 36 32 21 22 22 24 24 25 24 24 20 29 26 24 22 23 24 25 22 22 34 23 31 21 27 32 20 22 24 25 21 25 16 19 29 19 26 30
20 24 18 23 33 20 19 27 21 21 20 23 23 16 27 12 19 22 31 25 21 20 26 24 20 22 26 13 21 29 22 28 15 16 35 16 17 30 22 21 15 23 28 20 20 27 18 32 26 21 20 18 29 26 25 28                                            
