0.476190476190476 3534 24 18 23 25 27 22 14 21 29 24 23 23 16 23 23 17 24 37 29 28 31 19 21 27 23 22 26 18 25 12 30 17 41 21 19 17 18 20 18 25 26 16 33 28 32 27 31 27 26 15 24 19 18 30 32 26 25 26 22 24 25 23 23 27 11 19 11 28 21 22 30 26 19 23 17 28 22 26 31 26 28 21 26 21 22 26 27 23 26 27 37 24 30 25 16 22 29 21
20 29 18 29 21 26 23 24 21 30 24 31 21 21 19 17 26 26 26 46 20 17 28 23 26 23 31 23 27 21 30 23 20 16 21 28 14 27 34 23 23 26 25 29 30 23 23 22 18 23 25 21 19 41 20 18 13 29 32 28 20 26 23 23 34 28 21 30 28 20 17 28 21 27 19 30 23 31 26 27 24 23 13 21 18 27 34 20 30 25 21 22 28 24 27 33 31 22 17 22
25 28 28 25 24 24 32 31 30 32 24 30 18 29 28 18 25 20 22 7 34 35 21 37 26 17 19 28 34 23 35 28 25 29 28 25 24 25 29 27 19 26 26 25 21 35 20 26 20 21 32 28 34 27 24 22 31 23 33 21 19 27 23 29 27 20 31 33 32 31 29 24 23 28 18 30 22 27 33 24 32 28 25 26 21 27 20 28 24 31 21 24 24 26 27 29 32 19 29 45
31 27 29 30 27 24 38 21 29 23 40 25 25 23 17 26 26 24 19 28 17 35 25 22 24 24 16 32 30 28 37 29 23 28 14 17 17 28 30 20 29 21 27 27 32 21 25 26 22 37 25 21 39 18 38 41 26 24 26 19 25 28 23 31 28 20 30 30 24 20 24 27 28 32 39 23 26 14 31 23 26 28 28 27 25 21 31 29 30 29 34 26 24 27 27 27 21 27 36 23
31 11 26 30 23 26 39 29 20 24 30 34 28 22 27 19 26 18 25 29 26 31 28 28 27 22 29 26 34 29 29 18 23 23 26 34 23 35 23 30 20 27 23 26 28 36 32 20 25 31 27 25 34 32 23 20 32 27 22 25 25 27 29 34 20 20 26 29 33 17 33 28 31 29 28 36 29 28 25 32 24 36 27 31 46 20 37 27 28 21 28 26 23 24 20 24 18 30 35 25
26 25 35 29 28 33 30 27 29 35 29 26 25 31 39 27 19 35 34 25 23 22 17 32 29 26 31 32 35 18 27 22 26 33 24 30 21 21 24 33 37 24 27 18 27 31 36 22 26 24 22 15 23 35 31 23 30 21 28 23 28 32 24 28 29 39 31 32 33 28 27 26 38 31 34 39 26 31 30 29 25 29 14 28 35 22 36 32 21 25 22 36 38 28 30 39 28 23 34 30
27 35 30 27 20 22 25 28 30 21 30 22 22 25 28 34 31 26 35 30 27 22 29 20 33 24 33 24 36 29 19 29 34 29 27 22 33 23 21 26 39 31 27 30 25 33 20 22 25 36 27 21 39 19 24 11 21 28 27 32 38 19 17 26 27 29 27 26 38 34 27 25 26 20 31 38 29 23 29 32 24 29 31 23 44 30 33 32 45 24 31 27 26 18 20 31 24 30 21 21
30 23 31 28 17 35 19 18 34 28 30 24 26 25 28 28 17 24 37 32 23 30 26 18 19 26 25 20 28 24 32 24 24 38 39 31 19 26 25 32 28 31 34 30 28 22 29 20 20 24 26 21 25 33 30 18 26 20 21 24 25 31 36 23 25 25 28 27 25 23 30 28 29 17 34 16 26 35 35 26 16 27 24 30 30 24 36 35 20 22 23 25 22 56 24 20 29 23 43 18
32 28 22 43 25 19 19 8 23 42 34 28 24 25 28 25 33 28 17 23 24 21 31 31 30 30 31 26 26 21 31 19 28 26 25 20 28 32 32 27 23 18 26 20 26 31 25 16 31 38 29 29 21 21 29 26 30 27 29 38 20 29 19 21 31 37 38 29 27 31 35 31 29 28 15 20 28 23 28 28 29 23 24 32 21 31 37 26 24 23 29 37 16 15 26 28 27 22 95 82
12 35 47 17 27 24 29 36 26 22 22 27 26 28 32 26 35 24 21 27 17 5 29 27 14 23 26 26 38 25 32 22 27 36 28 34 23 26 30 24 25 25 19 29 35 30 28 27 31 26 29 28 22 32 28 31 33 22 21 18 25 26 20 28 27 22 28 32 35 23 25 23 31 26 20 33 25 31 20 37 38 28 32 29 16 27 35 26 30 28 30 38 29 28 28 39 20 35 24 29
28 28 24 32 17 35 22 22 27 33 23 18 28 28 16 29 25 36 31 27 24 26 35 30 24 21 26 12 32 24 36 25 26 33 37 37 33 23 29 30 30 19 33 31 40 18 24 25 35 22 29 24 25 22 21 26 36 21 25 28 31 33 30 25 23 14 25 29 24 33 18 26 22 33 22 30 28 32 24 24 23 22 23 18 36 25 12 21 37 26 30 33 26 24 17 22 26 37 27 33
23 19 26 29 22 26 18 19 23 30 20 32 25 28 25 26 31 16 25 22 20 18 30 28 26 30 14 18 22 23 26 27 27 24 22 21 24 31 46 33 25 36 20 29 25 34 33 22 26 27 25 33 33 32 39 29 26 28 28 29 32 18 34 24 26 33 30 20 32 29 26 25 33 24 23 25 21 22 33 34 25 32 24 26 26 19 29 30 32 28 13 21 24 26 27 31 32 35 29 26
25 29 36 30 14 35 20 21 19 19 25 27 23 27 36 26 41 28 20 20 35 29 22 25 23 27 17 30 19 26 16 26 42 23 15 21 29 34 22 37 39 32 29 31 33 30 19 41 32 24 28 30 25 30 30 19 17 32 33 30 24 27 21 32 24 24 27 33 29 33 25 29 29 23 29 29 31 24 19 17 23 24 19 24 20 20 23 23 23 28 30 24 19 19 22 17 18 32 24 27
25 34 38 26 28 26 32 17 30 24 20 22 32 22 27 27 21 32 21 34 24 32 24 17 29 20 24 31 40 29 26 16 26 26 23 24 28 27 33 30 29 24 33 19 27 34 34 31 18 19 14 27 22 21 28 24 34 32 31 31 19 26 20 35 22 24 20 31 27 33 28 22 22 27 19 21 18 12 31 37 25 23 30 24 29 24 29 30 25 18 28 27 28 38 26 33 26 31 22 23
19 27 28 18 23 24 20 25 14 20 29 25 30 26 18 20 23 12 30 26 26 26 17 34 22 34 16 30 25 19 17 25 35 28 28 33 22 20 32 37 34 29 23 28 33 37 23 28 19 23 20 28 23 31 7 33 25 36 25 19 28 24 32 31 24 29 22 20 23 28 23 29 21 34 26 26 29 21 18 28 21 22 20 28 27 18 29 13 25 21 26 27 22 24 30 34 27 35 30 32
29 29 23 32 21 16 22 30 26 18 17 28 13 31 11 25 23 30 33 27 18 35 27 26 20 29 33 32 13 41 28 29 18 30 33 33 31 29 31 22 27 26 37 27 21 29 27 33 20 21 17 28 27 24 29 32 27 24 35 17 29 24 25 24 19 29 21 25 26 29 23 24 33 35 33 36 28 21 27 34 31 30 31 27 15 20 25 23 27 30 23 24 27 11 29 27 17 30 31 30
38 25 33 24 29 27 25 25 29 24 22 28 37 24 21 25 26 31 26 33 32 33 35 37 22 31 32 26 34 26 17 21 25 31 21 27 35 26 28 20 28 33 58 42 92 50 42 24 22 21 31 26 35 30 31 24 31 33 33 36 28 29 27 21 29 28 28 28 14 22 25 27 34 29 21 29 27 23 25 28 34 22 27 21 26 33 21 30 30 32 31 12 16 24 26 35 27 27 31 29
26 30 26 27 17 38 19 21 33 24 28 28 31 31 27 31 32 34 28 26 23 30 24 17 23 29 21 33 18 31 25 24 27 20 25 21 26 20 34 27 20 23 29 15 30 30 22 22 28 23 31 24 21 21 35 19 24 30 33 22 29 21 20 40 24 26 27 21 29 21 21 20 26 41 24 27 21 27 7 21 24 26 23 30 34 18 16 31 24 29 38 27 31 28 21 18 28 28 27 29
26 14 25 35 25 27 32 15 24 29 27 26 25 33 28 14 22 16 26 24 22 25 21 31 24 23 25 21 22 28 20 24 24 18 25 19 25 20 26 32 24 26 33 35 26 19 32 25 20 29 33 24 18 24 27 32 30 20 28 29 18 25 30 23 25 27 27 22 26 22 24 29 28 26 25 33 22 26 26 33 27 26 28 30 40 28 29 27 23 20 23 32 22 20 29 24 22 27 35 33
22 32 23 33 35 21 36 24 21 28 28 27 33 21 38 24 31 28 27 27 29 10 18 29 30 24 31 23 35 15 20 31 35 32 24 22 34 28 27 18 38 26 19 29 20 26 37 27 24 15 26 27 32 24 22 25 22 24 23 11 15 24 27 21 31 19 30 26 15 24 27 23 19 22 15 35 30 26 18 31 22 32 29 29 25 32 34 26 26 24 16 27 27 30 17 26 29 17 22 32
27 26 31 18 33 23 27 28 31 36 9 18 34 38 25 35 34 30 33 29 29 23 23 31 31 30 24 19 28 21 32 28 24 28 33 38 25 20 32 25 25 27 21 28 32 29 32 33 23 73 23 27 26 19 26 17 24 21 29 24 27 34 24 28 21 26 21 25 20 30 21 32 28 33 29 19 24 32 32 28 19 16 38 29 31 27 24 26 27 36 26 24 30 24 14 24 26 17 38 36
21 24 25 32 23 29 27 21 28 24 22 20 36 20 17 33 30 23 25 24 20 21 33 22 31 23 35 32 26 27 26 29 26 26 27 25 28 15 26 21 34 38 35 38 31 30 22 30 24 24 34 23 27 19 27 22 21 37 24 28 32 21 32 23 23 28 27 36 25 16 16 26 24 25 30 23 19 28 19 23 36 27 31 26 18 29 22 29 26 28 19 30 26 29 20 26 28 21 31 30
29 31 19 35 31 31 28 15 19 18 23 18 28 24 24 21 21 30 17 25 27 23 27 34 30 35 30 31 36 33 38 20 20 28 24 31 30 25 35 26 25 21 23 22 31 26 33 17 30 30 29 26 33 24 21 22 21 30 24 23 29 20 28 35 23 27 26 28 31 25 26 24 24 24 30 24 26 22 30 26 29 15 29 30 14 33 27 34 23 25 22 27 23 24 35 27 37 24 29 38
32 41 27 30 38 20 22 36 32 27 26 38 32 27 19 38 30 42 28 27 25 34 19 24 21 22 23 43 21 19 25 25 26 42 22 30 26 20 19 32 25 29 22 30 33 32 23 23 30 36 33 28 31 30 24 30 33 23 43 35 18 20 26 26 19 23 32 31 30 29 31 29 25 34 30 23 24 23 28 21 32 22 27 25 35 28 28 18 27 25 34 29 31 25 24 24 18 30 31 27
31 21 11 10 17 22 29 28 21 26 34 26 23 29 19 22 20 25 28 34 25 34 31 32 26 24 28 21 31 24 34 28 33 18 27 27 22 27 31 29 24 22 28 29 27 20 20 32 34 27 17 20 24 42 32 25 17 25 28 22 17 29 24 26 28 32 35 28 21 27 22 23 31 27 29 31 25 22 21 34 28 34 32 26 21 29 30 20 19 32 20 23 29 24 22 21 23 17 33 28
23 38 24 26 27 32 25 31 28 31 25 16 30 24 28 30 17 19 25 19 26 22 33 26 21 24 29 30 25 29 29 31 21 40 35 36 20 25 34 29 25 28 27 23 25 29 28 30 25 15 32 29 27 13 32 24 28 21 15 22 32 25 25 24 19 25 40 31 20 28 23 32 23 22 29 27 32 23 17 29 25 28 36 31 21 25 31 22 28 23 36 24 27 38 23 33 27 19 28 31
18 26 28 42 19 25 33 34 41 23 24 32 33 25 32 20 20 26 35 25 26 20 23 19 29 27 22 30 29 22 20 35 20 31 22 25 33 24 33 22 31 28 22 21 34 28 33 33 17 27 29 33 22 40 23 25 31 25 24 23 31 26 23 23 33 27 25 40 35 28 25 38 27 29 22 31 33 37 21 28 37 33 38 35 30 25 36 25 24 35 21 31 32 22 32 23 26 29 25 37
26 35 21 19 22 29 26 16 29 32 28 30 25 30 19 26 26 26 10 37 39 26 29 22 16 34 26 31 34 26 31 30 22 37 28 27 37 32 28 33 22 35 21 27 34 24 23 28 21 29 29 29 26 31 29 34 26 23 28 25 29 32 29 33 33 17 26 28 17 30 34 47 20 27 28 20 37 39 32 38 28 24 28 25 35 37 22 19 28 26 24 31 21 42 29 17 29 31 26 32
29 18 25 29 25 18 27 28 29 28 26 33 20 27 25 26 22 27 24 23 29 28 36 36 30 31 24 23 26 25 37 35 21 27 32 26 27 27 33 34 30 36 25 28 31 28 21 29 22 17 32 25 22 36 28 28 27 24 29 30 27 24 36 26 28 28 20 22 19 27 32 30 33 27 24 19 18 25 32 37 30 27 26 29 21 29 30 23 31 30 35 27 22 31 34 24 26 27 26 25
33 22 21 24 19 30 26 24 25 37 22 21 31 18 26 26 22 28 31 34 27 29 29 23 29 35 31 25 29 28 22 22 25 21 34 30 29 25 30 23 26 22 35 19 28 27 33 23 26 25 29 30 24 28 29 31 29 44 35 29 37 28 35 25 35 28 19 29 21 32 21 37 31 37 33 30 32 18 30 21 28 25 33 35 23 18 29 37 28 30 30 20 17 23 35 26 34 30 25 31
27 23 32 19 28 25 37 32 39 37 28 30 31 25 24 29 17 29 32 36 17 33 23 21 24 27 27 25 36 31 35 31 32 25 33 29 21 32 27 29 31 22 21 26 20 33 36 30 33 24 25 40 29 38 24 27 37 27 20 35 35 35 34 30 23 33 25 37 28 41 25 29 32 25 38 28 28 18 31 20 42 27 29 42 15 21 31 26 35 32 27 36 29 25 29 30 41 27 28 30
26 35 26 28 28 19 18 33 17 38 26 23 27 24 21 31 39 16 25 25 31 41 27 27 32 20 32 24 25 30 16 14 37 18 21 39 29 23 32 23 31 30 12 18 26 26 31 18 31 24 23 25 22 28 33 30 38 20 30 29 21 27 24 32 28 28 30 29 27 24 16 35 23 27 20 33 33 26 19 24 30 30 32 25 21 39 33 23 24 23 42 26 23 26 22 19 28 27 26 27
28 32 37 30 19 30 21 26 28 26 28 18 30 24 29 30 29 29 34 35 25 30 30 27 21 25 27 27 34 29 33 30 25 27 17 24 38 29 27 22 22 30 36 41 25 31 24 25 21 24 27 22 27 31 27 28 35 28 30 34 26 21 19 24 27 23 30 23 28 18 29 39 40 29 33 24 36 26 33 28 22 31 36 23 27 30 30 31 30 20 29 25 32 31 24 19 37 30 32 30
23 31 29 22 27 33 30 20 16 21 16 26 19 26 29 28 24 30 31 27 32 15 36 32 26 28 21 23 42 26 25 33 33 25 33 22 21 20 21 21 29 27 30 38 19 27 29 30 32 24 22 28 32 27 28 26 21 22 32 21 34 35 30 31 26 28 34 30 25 22 25 15 31 31 32 32 28 31 23 36 24 30 22 26 27 32 32 36 34 28 26 23 26 19 14 29 27 30 16 31
38 27 19 18 33 35 30 25 25 29 18 31 40 25 28 20 26 20 32 19 30 34 26 26 37 20 27 38 22 24 30 34 27 24 26 35 27 33 30 36 22 30 25 35 21 23 32 32 14 22 33 35 25 31 28 28 24 28 26 25 43 30 29 34 28 24 24 24 25 30 27 30 24 30 34 43 28 38 26 33 29 24 24 32 25 27 23 21 15 32 22 33 22 23 22 30 29 25 25 26
14 28 27 36 19 39 26 36 35 26 31 28 32 20 26 25 36 23 19 29 28 28 32 29 19 29 23 26 28 34 28 26 29 17 24 33                                                                
