0.5 2473 17 11 18 23 12 16 21 7 15 13 16 16 16 19 11 17 25 13 22 20 16 8 13 17 21 14 16 19 15 14 18 12 15 13 24 18 13 12 12 14 17 16 16 14 20 18 23 16 22 20 13 13 19 11 28 13 9 13 13 9 9 19 15 16 15 18 27 16 16 15 24 16 14 18 12 18 11 15 14 17 10 9 19 23 16 13 13 22 12 15 12 36 12 17 21 12 13 13
10 9 17 17 13 16 10 12 10 14 12 18 15 15 20 10 14 15 18 18 17 16 21 17 17 15 22 14 8 14 20 20 18 10 11 18 15 20 22 12 17 20 12 10 13 18 18 11 24 16 19 15 13 10 17 19 9 9 21 19 13 11 10 11 18 12 8 12 18 18 20 16 18 16 13 16 17 17 12 17 22 9 17 9 11 18 12 16 13 15 16 11 15 24 15 22 16 10 18 15
10 18 18 9 13 13 14 20 12 18 16 12 10 10 11 15 8 13 15 19 15 10 15 15 17 16 18 14 14 6 18 17 11 18 13 21 18 10 9 16 11 15 16 13 15 25 19 9 16 20 13 15 16 17 16 7 14 11 22 11 12 19 18 21 30 12 24 19 18 13 10 12 17 15 16 12 15 24 13 14 15 14 17 23 13 14 21 20 21 22 26 18 20 16 14 9 17 15 16 13
17 22 17 9 18 16 18 19 16 14 22 14 15 13 16 25 15 23 16 15 17 20 12 16 17 21 13 24 16 24 15 10 23 10 13 13 25 12 12 12 14 19 16 18 24 20 18 18 16 21 14 18 16 20 19 14 19 11 21 13 19 14 13 15 20 20 21 13 13 17 14 14 16 22 23 21 13 19 15 14 15 12 17 12 20 17 12 12 19 9 18 17 20 11 12 11 16 13 19 7
15 12 21 26 16 10 13 16 26 9 11 15 18 13 12 15 23 15 17 11 18 14 16 14 10 15 11 15 10 20 14 18 17 13 18 14 15 10 16 17 16 18 20 14 16 17 21 15 9 8 17 11 15 18 19 21 19 18 20 15 20 13 15 17 15 18 16 24 15 24 12 21 20 18 18 16 13 13 20 13 17 11 17 20 9 22 17 12 13 19 14 13 14 15 10 17 20 16 18 6
17 7 13 14 20 11 10 16 18 15 9 12 11 13 16 18 17 19 21 16 16 14 21 15 10 19 19 15 14 13 17 24 21 13 14 12 20 17 16 22 22 12 15 12 12 13 11 24 20 12 15 18 20 15 15 21 17 19 12 13 12 10 15 23 21 14 15 14 17 12 13 29 17 14 13 22 16 12 14 8 23 18 12 19 20 13 14 17 25 10 17 14 12 16 23 11 18 14 13 19
19 15 18 19 13 15 19 15 21 14 18 10 13 13 23 19 9 17 14 14 10 14 13 14 17 18 14 17 15 15 16 16 5 14 14 16 16 16 10 7 18 13 23 13 14 14 15 15 12 11 23 15 16 19 9 16 10 14 19 12 14 14 20 13 22 16 20 17 13 18 19 20 15 14 21 14 13 12 18 15 16 10 14 15 12 23 23 14 17 12 17 15 14 15 11 21 14 16 16 9
14 15 9 21 20 18 14 12 11 17 15 16 11 11 9 7 14 8 10 14 27 14 13 19 24 24 18 12 11 24 10 21 14 21 13 16 14 17 18 18 10 11 16 14 14 17 24 17 15 14 20 17 14 17 18 17 11 12 24 14 14 13 15 18 20 15 12 17 16 13 18 17 20 24 16 19 13 17 17 17 12 11 16 9 12 20 15 17 6 20 9 10 16 13 15 15 14 18 20 13
15 24 15 13 17 16 13 18 7 21 21 16 12 13 12 11 13 19 17 20 9 20 18 12 17 18 26 20 20 12 16 13 10 10 20 22 18 15 22 13 10 14 19 18 9 12 17 16 20 9 12 9 18 18 18 9 13 14 20 23 14 11 10 14 26 18 28 16 21 12 19 19 19 20 15 17 10 14 23 22 11 11 15 18 13 22 15 12 18 22 15 17 18 15 17 12 20 25 20 21
10 20 19 19 13 15 16 13 13 17 19 20 12 25 19 14 18 20 11 22 18 14 11 14 9 19 15 8 29 18 19 11 18 16 26 18 12 14 18 14 18 13 24 17 16 16 9 14 18 19 17 17 19 14 9 20 16 13 12 16 6 23 17 21 20 13 9 15 19 15 17 16 14 18 19 16 21 18 12 17 17 16 8 15 17 22 25 9 15 11 15 16 16 12 17 12 16 18 11 13
15 20 15 14 14 20 15 16 13 19 13 13 14 20 20 16 13 12 25 15 17 19 16 19 20 24 19 17 16 15 18 17 15 23 16 9 15 21 10 17 8 13 15 19 12 12 16 19 16 29 14 23 11 17 17 14 18 12 16 14 18 23 19 23 14 14 19 9 22 20 12 11 16 12 17 13 11 14 20 16 20 25 15 13 11 23 15 13 11 19 17 10 15 11 17 16 13 19 16 18
17 9 17 30 20 23 14 12 13 19 14 22 25 20 12 18 13 18 24 17 11 17 26 17 16 21 12 29 14 16 15 20 16 20 18 19 19 20 15 14 19 18 16 14 26 10 19 15 16 16 13 19 22 18 12 12 14 15 18 16 14 14 24 23 19 18 19 13 18 12 19 15 18 26 16 19 13 15 18 17 6 19 11 16 14 15 10 21 15 8 16 14 15 9 18 19 11 13 22 13
22 16 8 17 17 20 11 14 19 12 17 20 23 14 25 11 13 22 21 18 23 19 12 14 19 15 13 17 12 14 22 17 12 17 21 11 19 13 16 19 16 15 46 15 12 15 19 12 11 17 17 16 17 21 9 10 19 16 19 14 12 21 15 13 16 15 16 15 15 13 8 18 13 14 23 10 18 11 11 17 11 12 20 18 19 16 13 17 11 9 18 11 20 18 16 11 12 18 13 18
16 11 15 8 17 16 21 20 19 10 11 20 12 14 13 19 10 21 19 15 11 17 15 19 15 14 17 24 8 23 18 22 12 20 17 14 23 18 12 14 20 11 9 20 12 13 14 15 15 15 20 14 13 18 17 18 13 15 15 11 12 11 11 22 25 20 13 12 14 17 16 13 11 18 15 21 9 12 14 10 18 27 12 22 13 13 13 13 14 15 18 16 17 19 20 16 16 11 15 16
21 14 11 18 11 18 17 15 19 13 13 12 18 17 18 21 15 15 18 16 18 17 18 14 18 10 19 14 12 13 15 16 11 11 20 12 14 27 14 14 14 11 10 15 25 17 13 14 17 15 15 23 14 13 19 19 20 11 12 11 22 16 13 23 17 13 17 13 13 15 21 19 16 18 17 18 17 18 14 13 14 9 17 22 16 13 18 12 12 15 14 14 19 14 23 15 11 10 6 18
20 17 19 15 14 23 17 13 15 17 21 16 18 12 18 15 11 16 18 10 16 17 18 22 23 16 17 23 8 23 9 20 14 15 15 19 17 18 27 21 14 21 18 9 16 20 17 11 13 11 21 14 11 26 11 12 15 19 18 18 20 17 14 13 8 24 16 25 16 21 12 15 15 11 13 18 13 11 13 14 14 16 13 11 14 21 9 20 17 15 14 12 16 8 18 18 19 21 16 19
13 22 14 21 16 21 19 16 17 19 17 15 10 18 18 16 25 14 19 14 17 18 18 14 14 15 15 16 21 17 13 19 19 11 11 15 13 18 11 11 19 21 16 11 23 12 23 13 9 16 20 20 17 19 17 17 11 15 20 14 17 15 18 18 18 16 21 9 23 14 10 20 17 17 19 18 17 17 21 23 16 25 12 13 16 15 11 11 11 14 14 24 13 26 27 20 17 21 16 13
24 21 18 24 17 11 20 13 21 11 19 20 17 15 22 19 11 13 13 22 18 18 15 18 18 13 18 16 20 24 11 12 19 18 20 8 14 18 11 23 17 15 20 22 19 21 9 24 26 18 20 9 18 13 21 21 13 13 12 13 23 17 11 19 13 15 17 26 17 13 23 15 14 17 11 20 16 12 24 23 9 13 17 16 14 21 21 14 18 20 13 24 16 20 18 13 24 7 21 15
18 8 22 14 15 20 23 26 23 15 26 15 15 15 17 14 21 9 23 17 16 24 7 23 22 11 15 12 21 18 16 20 23 24 17 22 18 16 13 14 19 26 15 13 13 13 24 17 18 17 19 8 26 18 14 16 20 18 18 27 18 18 15 18 15 19 23 16 13 17 18 20 14 13 18 13 14 15 20 14 19 18 16 13 10 22 12 20 21 23 24 6 12 23 13 11 18 19 17 19
5 16 23 14 16 14 14 17 12 12 22 16 25 17 21 12 7 19 14 13 15 4 11 16 20 13 24 14 19 9 15 13 14 17 15 11 16 18 10 15 24 12 17 14 21 13 20 16 17 19 13 9 11 14 26 10 16 14 12 25 13 17 13 11 10 14 14 16 18 14 13 16 14 15 18 13 13 17 13 12 17 9 14 19 16 16 15 19 13 15 18 22 18 17 15 19 14 15 15 29
17 22 15 16 23 19 15 15 13 11 16 12 23 12 8 15 20 15 21 11 23 11 19 15 16 21 18 13 12 9 13 13 21 21 18 23 15 9 13 15 11 11 15 16 18 18 12 18 15 14 15 7 11 13 22 18 17 17 13 20 19 10 15 15 26 18 18 15 10 19 22 10 15 16 18 11 9 16 18 16 16 18 10 10 9 17 21 20 17 13 14 10 20 20 21 18 10 12 18 23
18 16 20 17 12 19 19 14 18 19 24 20 16 13 24 15 13 11 13 16 20 16 17 20 15 12 21 18 19 27 14 17 24 11 16 15 21 20 21 15 17 17 13 21 13 11 20 18 25 12 17 14 16 16 18 11 17 11 13 16 16 15 22 20 9 14 14 17 11 12 10 17 11 6 19 18 9 13 8 7 12 11 16 15 10 15 14 5 14 12 12 10 10 12 9 15 16 9 18 8
13 23 11 13 11 8 19 19 17 14 12 16 13 20 12 13 13 11 15 21 13 12 12 11 14 7 14 8 15 14 13 15 17 12 9 15 12 17 17 10 11 24 13 18 14 17 13 15 12 16 14 19 15 13 18 15 14 14 10 15 15 16 15 16 11 15 16 18 15 15 12 19 20 15 16 20 15 15 17 16 16 15 18 12 6 18 9 10 16 8 15 18 18 10 15 16 18 14 10 12
16 15 17 9 17 11 14 18 8 15 23 20 15 12 20 16 19 11 17 15 15 9 16 16 20 20 11 20 21 26 18 13 14 21 18 12 8 14 14 8 11 15 13 23 11 21 21 12 20 14 11 17 16 15 8 15 16 14 11 11 17 17 16 19 10 14 17 19 17 18 15 14 20 16 17 13 13 8 9 7 11 5 6 10 8 11 12 12 5 4 15 6 9 12 7 6 14 11 6 7
11 4 10 11 9 10 14 8 7 5 14 10 7 12 5 9 6 8 10 11 7 5 8 6 11 15 8 13 8 13 4 11 7 7 9 12 9 8 12 6 4 8 11 6 9 6 5 9 9 5 5 13 9 12 14 10 12 13 4 9 5 9 6 13 10 10 11 6 10 14 5 9 11 11 21                         
