0.470588235294118 2793 34 27 28 26 21 22 33 36 28 29 28 37 33 26 23 35 33 41 23 30 29 33 24 40 38 35 32 43 33 34 23 39 25 33 35 33 32 48 34 27 36 34 32 25 39 31 26 22 33 28 35 36 39 31 19 34 35 30 68 32 41 26 21 16 42 34 24 31 30 34 27 28 32 24 27 21 24 27 27 28 33 31 28 28 20 34 28 38 34 36 31 32 24 67 33 36 65 20
29 37 31 29 42 40 31 41 27 32 22 39 34 40 36 31 31 19 34 34 27 23 19 33 30 27 29 27 28 30 33 32 32 36 32 25 26 30 33 37 33 25 39 31 34 26 29 33 26 30 33 21 27 34 38 29 44 27 30 27 22 33 34 30 26 21 23 32 29 27 30 39 24 30 26 34 31 32 37 30 26 27 28 28 27 28 22 31 21 27 38 33 35 31 44 24 15 29 24 18
30 34 23 29 24 26 29 29 22 14 27 29 25 27 36 24 25 37 41 31 38 28 36 27 31 20 24 18 32 39 33 42 30 21 25 40 25 25 25 25 32 66 44 40 26 30 31 24 39 29 23 12 33 30 23 36 19 28 22 29 27 31 27 36 28 34 38 34 34 26 35 28 29 30 24 26 26 27 36 28 25 28 23 39 25 29 30 28 38 28 22 35 31 31 24 22 27 35 33 40
29 35 29 37 24 28 28 30 31 36 35 23 31 32 39 36 27 34 28 21 23 25 28 32 25 34 34 34 33 42 26 26 35 34 37 36 41 28 27 29 33 25 29 29 29 35 26 25 17 24 21 28 25 22 23 32 28 20 31 33 38 24 18 25 30 26 32 33 29 24 36 24 26 21 28 22 32 35 33 17 31 24 31 34 36 26 17 29 24 29 21 29 20 38 33 31 33 26 22 28
35 27 30 31 26 25 36 24 31 30 26 31 42 19 31 29 21 31 35 35 27 38 27 25 23 33 22 33 32 29 23 31 30 24 27 39 26 33 30 29 48 16 27 38 39 23 29 7 23 38 32 35 41 24 30 34 29 30 27 32 17 25 31 29 27 25 13 30 24 26 27 29 35 34 32 26 29 23 25 40 31 40 18 31 35 30 36 22 32 34 26 29 13 32 27 30 19 34 28 32
35 24 32 36 32 38 33 23 39 31 40 29 29 25 29 28 31 29 28 21 32 33 14 26 40 24 32 33 24 30 39 19 23 34 28 32 31 31 26 23 34 26 24 35 29 42 31 37 30 36 24 36 33 30 18 26 26 13 26 41 29 26 22 26 30 26 38 34 27 30 24 25 28 34 30 25 31 56 30 29 28 23 35 37 38 28 24 27 38 30 30 22 41 35 29 34 28 40 32 31
30 31 26 23 42 24 32 31 30 40 28 30 17 20 33 25 30 24 26 34 30 30 34 34 27 33 32 20 22 32 23 18 34 32 32 35 27 41 32 30 28 40 26 28 29 26 27 38 32 21 32 30 29 26 25 28 36 27 29 37 24 29 28 35 32 37 32 35 34 30 22 36 37 24 38 29 18 25 24 40 44 32 30 37 26 36 23 26 32 22 33 26 19 27 28 23 27 34 28 32
25 19 32 28 30 26 32 25 29 38 30 27 27 37 24 33 30 25 27 24 23 36 33 26 20 17 32 30 27 18 18 36 23 33 37 34 24 29 39 40 32 29 25 26 26 34 28 35 20 20 23 25 21 29 31 16 21 30 29 31 35 37 23 32 29 36 27 41 22 29 19 39 33 34 31 22 37 25 22 41 28 23 35 33 28 78 6 41 32 21 23 22 34 16 38 33 36 35 35 24
30 24 33 29 28 29 34 34 30 28 22 27 27 24 31 29 38 35 43 31 22 32 32 30 19 27 42 29 41 28 29 37 21 48 22 39 33 23 15 38 33 28 34 33 30 31 30 31 34 28 26 26 28 30 29 28 27 30 30 48 24 27 27 29 26 22 40 39 37 25 36 21 26 25 29 35 31 36 39 38 33 30 22 28 24 28 36 47 27 45 23 39 36 23 40 35 25 23 27 29
23 25 26 25 26 32 27 28 36 30 25 27 25 20 30 29 35 46 25 38 38 27 34 36 41 33 34 31 35 23 36 37 40 33 32 28 24 28 34 36 31 35 30 28 31 31 39 31 29 31 35 32 29 24 29 40 33 26 34 42 33 41 43 32 37 30 32 29 25 38 28 35 29 24 35 29 39 17 28 35 39 26 30 28 32 32 24 21 38 34 40 27 32 31 22 25 34 28 32 40
34 28 32 38 37 34 30 23 33 32 25 23 31 25 23 43 36 35 29 38 31 22 29 27 31 28 37 30 30 31 33 30 23 36 26 24 21 34 30 27 26 25 34 25 25 30 35 33 31 28 23 33 26 25 40 29 29 26 28 26 30 33 28 28 24 30 23 36 31 28 37 26 34 32 23 29 42 29 27 37 32 41 36 34 28 32 34 35 28 31 34 29 38 24 31 35 33 30 38 35
27 28 30 34 27 24 32 30 28 37 39 34 38 31 27 39 30 23 48 31 30 20 17 40 36 38 31 29 23 32 28 23 18 24 31 34 26 34 32 31 28 36 25 35 27 34 35 22 20 20 25 26 28 26 25 26 17 27 35 42 32 35 28 33 27 36 24 29 29 25 23 30 23 37 25 31 24 31 34 40 40 35 31 39 32 33 29 27 34 26 29 31 27 25 29 33 20 35 20 36
23 33 32 25 38 26 29 20 30 24 38 25 24 24 28 25 27 35 42 33 30 33 34 28 35 28 26 29 30 30 41 23 36 25 35 28 30 19 27 37 32 17 39 41 30 21 35 27 31 29 32 23 27 27 23 34 29 32 32 35 27 30 27 30 36 29 37 37 32 35 24 26 27 21 41 28 27 27 32 33 41 31 40 32 36 30 22 29 26 29 29 19 24 28 26 28 29 33 21 20
40 37 34 29 24 25 31 38 22 28 21 37 24 26 24 29 27 29 30 30 27 36 35 30 31 33 18 40 39 22 36 37 43 31 41 39 30 21 35 32 31 25 34 28 32 29 26 36 18 32 29 32 35 13 34 26 32 31 36 33 35 28 35 33 31 36 22 26 32 22 41 23 29 24 37 29 24 24 30 27 33 38 31 45 25 30 54 28 67 33 24 29 34 25 26 32 29 30 27 28
29 26 26 36 30 28 38 31 35 23 19 30 27 26 24 31 18 21 36 40 38 23 27 32 24 32 21 15 17 39 34 29 27 28 33 30 33 40 20 22 25 28 21 30 39 38 28 24 23 27 28 23 25 24 17 22 28 37 42 28 29 34 26 23 30 25 35 28 29 24 24 34 33 27 44 26 29 26 24 34 18 37 22 24 29 31 25 33 28 30 26 30 32 30 30 20 29 33 28 32
33 22 38 15 29 33 24 28 31 24 26 28 17 39 23 24 21 18 34 23 21 24 19 20 25 28 23 32 31 31 37 26 30 21 23 34 16 33 34 30 33 21 24 29 20 20 31 28 29 37 35 30 44 28 30 31 27 33 24 35 42 35 32 17 30 28 26 21 31 39 18 33 15 32 34 37 29 34 29 20 33 31 25 21 29 31 31 36 20 26 20 27 32 42 21 34 20 23 28 16
38 23 29 32 29 32 28 19 23 35 31 32 29 17 35 28 26 29 38 25 34 28 26 27 28 23 31 23 26 33 39 26 29 29 28 35 36 41 30 26 22 42 21 35 36 35 31 22 21 25 27 34 28 25 33 28 41 29 27 29 35 30 29 32 38 35 25 24 32 26 27 22 23 29 32 12 27 25 34 33 31 25 34 21 43 23 26 26 28 27 41 35 36 35 14 32 32 32 26 32
30 34 31 34 31 30 26 33 24 26 34 42 25 24 27 28 30 26 25 30 35 21 32 24 41 27 35 16 39 23 43 49 29 23 19 28 26 19 25 27 31 50 28 26 30 39 24 36 33 34 28 34 35 27 25 31 28 37 35 21 12 35 28 30 32 22 23 24 28 32 32 24 27 31 31 31 31 27 36 37 31 35 28 27 36 33 35 36 41 34 30 24 35 33 44 29 28 48 45 26
36 33 25 32 31 26 25 36 36 18 30 28 37 28 33 20 26 36 35 37 24 29 34 33 32 23 25 30 29 24 30 34 34 17 27 28 17 29 16 25 30 35 26 26 33 31 23 34 31 29 33 29 26 33 15 28 28 16 32 37 34 22 30 27 22 40 20 32 37 34 29 25 26 18 26 42 25 30 26 24 31 32 45 23 25 34 39 14 30 30 26 29 30 25 28 25 34 20 40 23
34 26 24 23 20 33 23 33 17 27 24 33 43 29 34 29 35 29 32 32 26 30 41 28 29 38 30 28 32 31 45 26 37 35 24 32 28 35 28 31 23 35 39 37 30 41 24 28 30 34 25 35 24 27 29 24 32 24 31 34 32 33 29 34 23 31 26 22 26 33 23 22 31 29 29 30 27 36 22 25 22 25 34 29 22 19 22 32 33 29 19 28 33 28 30 34 30 32 40 33
37 38 29 28 40 30 35 38 17 28 29 31 26 29 25 31 32 28 28 31 23 33 27 40 35 31 25 19 34 22 28 31 10 31 31 26 32 32 24 29 39 30 33 19 26 17 33 30 24 28 37 36 35 36 29 33 34 19 31 25 26 29 30 16 21 28 23 27 24 41 34 35 28 27 43 41 29 36 42 38 36 33 34 30 32 21 45 31 26 21 39 29 29 24 24 28 27 30 17 31
42 24 14 26 21 37 27 31 34 27 28 20 26 28 26 25 25 28 34 34 33 22 26 23 23 35 29 38 21 31 33 24 25 24 20 27 29 26 24 20 29 28 30 29 36 26 37 30 22 26 26 21 32 24 33 25 32 18 29 21 28 30 26 28 33 26 19 22 30 34 37 33 32 27 31 36 25 22 30 35 35 23 34 35 26 24 32 37 29 30 22 32 45 28 28 29 39 24 22 27
20 25 33 28 26 34 12 31 28 39 30 24 24 19 40 31 21 26 37 28 30 29 27 44 26 41 38 39 26 40 28 34 18 34 30 27 29 33 32 29 33 18 35 33 27 35 26 31 26 35 41 27 25 24 36 22 31 36 32 33 37 23 11 29 11 35 38 36 35 29 31 29 28 33 28 25 25 28 27 27 34 34 29 33 28 26 25 34 31 29 34 25 33 39 34 31 36 29 28 28
14 46 24 29 18 23 32 26 28 24 33 27 25 28 35 32 21 29 32 29 25 34 27 39 28 23 31 26 34 34 29 23 29 30 29 18 31 32 25 29 26 30 33 22 37 29 36 35 26 37 42 32 38 33 28 39 32 32 38 21 41 32 36 29 31 31 29 26 37 31 28 37 29 32 35 32 28 40 31 33 36 24 23 19 40 22 37 28 38 39 33 27 22 30 23 32 36 20 39 31
24 22 35 31 31 32 26 25 44 15 37 32 39 32 37 40 10 26 30 29 25 27 38 21 29 24 20 34 36 37 32 31 26 29 25 39 26 34 25 33 37 30 33 27 27 21 32 37 19 28 29 33 30 27 26 29 33 40 26 32 37 36 32 28 33 15 20 36 29 31 28 39 44 39 26 28 19 34 17 21 30 26 23 31 40 32 29 26 43 30 25 34 32 30 41 31 15 37 38 35
36 34 36 27 29 33 35 20 26 23 28 28 42 32 17 43 20 42 30 37 34 29 28 25 35 37 27 29 39 34 29 27 31 28 21 20 20 26 17 18 29 33 32 28 34 33 33 35 34 37 31 38 49 33 36 29 32 15 38 31 36 26 30 21 34 28 25 31 25 39 26 30 27 33 28 41 21 36 41 25 21 34 31 37 36 42 23 32 27 33 28 24 30 28 29 21 40 29 27 34
23 19 22 30 34 32 35 28 36 35 26 33 24 44 30 33 25 37 30 24 34 27 26 25 46 34 22 26 32 29 28 32 19 30 29 32 29 28 23 32 34 35 34 23 22 23 31 26 31 24 25 26 26 29 29 27 23 29 23 33 22 27 42 27 27 21 22 36 29 34 27 23 24 26 24 31 30 23 22 35 36 37 17 37 33 37 31 37 51 30 35 27 28 30 17 14 17 13 12 19
14 22 14 14 21 15 16 18 12 14 17 10 9 10 12 20 12 21 7 17 15 19 16 20 14 22 19 20 18 14 21 11 7 17 18 15 24 13 13 10 9 7 19 17 16 15 18 16 13 21 13 19 12 19 22 14 13 12 13 6 14 13 14 19 14 14 20 14 15 6 13 12 17 15 15 14 17 13 10 13 22 9 9 10 16 28 40 36 16 8 19 26 15 14 27     
