0.428571428571429 3043 24 27 27 27 25 29 30 31 36 25 36 36 24 25 33 30 31 42 26 24 22 18 28 39 25 25 22 26 34 29 34 21 24 27 28 36 25 29 30 23 20 24 49 31 23 26 24 28 29 31 37 30 18 36 20 25 31 24 35 27 27 24 32 18 25 22 29 44 31 19 21 34 24 26 33 24 31 21 32 27 24 28 19 23 29 35 38 37 29 24 32 39 31 20 22 26 31 27
31 28 49 48 59 28 31 23 22 52 29 37 26 21 22 41 43 33 29 29 13 27 36 22 26 26 27 29 30 24 29 30 32 27 29 27 38 25 24 22 28 29 26 30 27 35 27 33 28 20 30 32 20 19 31 22 24 30 28 36 28 21 23 28 30 30 20 29 26 19 30 34 25 26 26 33 32 25 23 29 36 45 35 22 20 20 26 29 26 19 33 32 31 29 26 30 28 16 35 25
28 30 24 32 34 39 27 30 20 41 31 33 29 33 26 32 35 38 31 25 33 25 25 25 28 38 27 25 34 30 33 38 37 40 33 37 26 27 26 35 19 22 29 18 28 30 22 31 35 31 30 31 18 24 23 38 27 33 28 19 37 28 29 46 34 24 37 32 22 26 36 27 25 30 29 28 25 30 35 26 30 30 26 36 33 34 32 22 21 30 29 30 33 24 31 21 31 28 29 40
38 25 37 35 38 27 35 24 39 39 24 18 24 21 30 28 24 29 34 27 46 28 34 30 22 22 23 31 24 43 28 23 29 41 37 42 35 31 26 29 28 31 28 36 32 31 39 26 26 26 22 24 33 22 35 32 25 41 33 28 31 36 37 25 21 26 26 30 30 31 28 32 27 34 24 27 37 31 36 38 36 26 30 32 30 33 20 26 26 28 34 27 26 47 25 35 31 29 35 26
30 32 31 27 28 23 25 36 21 42 23 34 37 25 21 24 30 25 29 34 26 25 24 24 18 30 29 38 21 32 33 36 20 34 30 22 30 37 27 23 33 30 26 25 34 36 27 34 35 24 22 28 40 19 34 24 24 23 26 28 37 34 19 27 32 31 31 30 21 23 30 28 22 39 34 21 40 24 26 21 27 24 31 28 19 17 29 19 24 37 31 27 33 26 26 29 38 35 30 22
34 40 37 28 28 36 31 21 26 24 20 32 16 27 40 40 28 29 28 30 34 24 29 20 30 33 25 20 32 38 28 22 34 24 30 30 24 33 34 22 22 33 31 19 33 17 31 27 27 33 19 39 26 25 28 19 35 22 27 32 34 26 30 29 26 39 28 21 25 22 29 24 32 32 16 30 25 34 24 30 27 28 26 27 38 33 25 38 39 32 23 35 30 24 34 28 32 27 26 27
31 36 27 34 22 28 28 25 24 24 34 28 29 31 29 29 29 27 40 22 22 26 35 31 28 32 24 24 34 30 25 28 28 29 24 25 28 20 27 35 23 45 32 30 29 34 31 37 39 35 30 28 26 28 31 33 33 31 42 18 21 33 33 34 32 30 24 29 23 25 26 36 38 29 24 35 27 28 33 26 32 29 30 33 24 25 32 25 28 22 28 24 27 12 26 28 37 22 23 22
33 34 20 32 25 29 26 21 28 28 25 24 31 32 28 28 29 24 31 31 30 28 32 28 31 28 33 24 12 33 26 32 35 35 26 19 19 28 26 31 28 35 24 30 32 35 33 28 25 28 30 24 29 30 26 26 31 34 36 23 25 29 30 25 35 33 38 29 35 33 32 34 34 26 29 29 29 33 40 33 33 30 30 18 33 29 33 39 35 42 27 48 37 27 31 26 32 26 39 32
26 35 33 23 28 28 38 24 29 24 42 30 34 35 21 23 22 33 33 29 31 41 33 32 34 27 33 22 40 34 22 23 33 30 97 40 27 34 32 36 28 37 32 25 41 39 25 29 27 32 25 32 26 33 18 19 34 27 25 29 31 20 20 30 35 30 32 31 19 26 26 34 28 35 40 24 38 17 30 32 31 33 28 28 30 39 30 30 27 30 36 38 27 37 34 36 23 30 30 30
28 18 37 27 23 18 30 21 31 31 38 22 24 29 26 27 33 29 41 21 30 19 35 31 31 20 27 37 36 29 25 31 28 34 32 24 27 29 31 31 37 35 26 28 27 28 19 33 56 55 40 41 43 54 27 30 26 26 26 26 20 29 28 27 42 22 19 32 28 20 26 31 33 30 31 27 29 24 32 24 31 40 36 38 24 27 40 26 41 32 25 44 19 25 35 30 34 30 38 29
25 35 25 35 36 24 28 31 24 32 26 31 19 21 32 26 39 17 30 34 27 32 25 19 27 31 30 33 37 27 32 30 32 37 14 26 39 36 34 31 32 34 21 24 30 24 36 35 29 24 18 32 28 26 31 26 21 30 33 36 40 32 24 32 36 19 37 23 35 37 28 28 32 28 24 35 26 38 26 42 37 24 20 31 27 39 29 33 18 40 34 36 39 22 26 19 28 34 17 24
17 30 35 35 35 35 22 35 33 26 38 40 32 33 34 21 23 36 31 31 34 21 36 30 31 24 33 25 26 28 31 21 26 23 26 32 30 25 28 29 30 43 22 35 25 32 23 20 37 19 25 34 33 35 23 25 28 27 26 29 33 33 26 33 30 34 26 24 37 36 44 27 26 27 27 29 32 27 27 26 25 36 25 33 27 25 24 27 28 32 31 22 36 33 30 32 38 34 23 20
33 22 36 39 28 29 30 37 35 25 34 32 31 40 29 34 36 31 36 26 33 30 34 33 23 24 19 31 24 34 35 26 25 37 29 32 28 28 22 18 39 31 22 23 32 25 22 38 33 24 23 22 30 33 26 29 25 25 34 24 29 40 23 22 25 27 20 25 32 39 28 30 25 26 26 28 29 33 25 35 39 31 25 24 26 28 38 30 25 28 31 33 33 25 32 34 42 37 31 25
24 29 25 32 37 25 34 32 27 36 25 28 26 32 25 33 30 27 30 31 22 27 29 29 27 33 28 40 24 20 25 28 28 33 38 30 24 30 29 40 25 27 38 30 36 28 27 33 41 22 29 35 31 28 40 30 33 43 41 26 35 27 31 34 26 31 27 26 25 30 35 33 31 25 25 33 35 26 32 26 24 37 33 35 28 29 37 31 24 45 30 21 36 28 28 29 30 35 28 31
33 38 27 20 30 42 41 34 26 45 33 36 35 32 34 37 30 31 30 35 26 34 40 27 37 33 29 36 27 35 41 24 25 28 26 22 37 36 35 39 31 26 31 28 32 25 32 26 24 34 37 27 35 17 34 20 32 27 38 39 33 19 30 29 22 29 28 26 35 36 29 42 30 37 28 33 39 39 38 28 53 16 58 47 49 33 38 35 30 33 31 30 37 37 23 24 19 37 27 34
23 29 28 22 30 16 26 19 29 17 35 33 32 42 20 32 41 35 35 28 31 24 39 37 60 42 34 27 27 28 30 29 34 37 20 26 32 43 29 31 29 30 27 41 34 34 16 37 33 21 18 31 21 43 25 22 18 36 15 39 26 31 37 22 29 33 28 33 24 30 31 30 28 25 26 31 30 22 33 26 33 24 28 32 27 28 28 22 24 19 28 27 24 18 14 23 26 33 27 19
33 24 37 22 26 32 35 14 23 20 16 31 38 30 24 35 28 37 28 26 17 26 37 28 19 31 22 35 26 30 21 25 27 30 23 22 31 25 27 17 24 30 32 30 23 23 28 31 21 22 29 16 35 36 25 34 36 21 32 27 25 21 34 24 17 29 32 12 29 25 23 16 29 23 26 31 28 22 21 30 31 32 34 32 36 29 37 34 24 32 19 24 30 21 25 40 24 21 30 28
27 33 24 22 34 29 30 26 27 32 22 32 24 43 28 25 33 27 29 18 33 32 21 21 22 20 30 32 26 31 28 31 33 36 32 23 25 19 25 40 27 30 42 34 25 32 24 36 25 28 36 30 32 26 28 32 31 26 29 31 22 26 34 21 24 26 33 46 32 24 29 24 30 24 33 26 34 19 33 35 30 23 41 26 24 24 41 32 32 21 24 38 32 24 29 30 32 19 23 34
28 38 34 25 36 21 31 32 31 32 37 24 30 25 31 36 28 33 29 30 21 33 27 24 31 26 34 24 27 31 24 27 29 28 22 27 40 36 27 29 38 23 35 36 37 39 20 33 26 31 20 29 34 31 30 32 28 30 28 25 25 24 29 37 30 23 25 23 28 26 35 30 26 37 29 31 27 32 28 40 34 39 24 32 43 32 22 33 33 16 35 19 15 36 31 29 26 34 25 26
38 38 34 31 27 34 32 30 44 27 20 25 31 36 26 26 25 25 20 27 23 30 35 17 34 37 22 23 35 33 39 35 31 31 42 36 36 32 28 27 34 37 20 27 30 38 34 32 27 24 26 24 27 33 23 24 28 45 35 30 25 29 31 31 34 25 39 37 27 31 37 35 26 36 29 26 24 26 24 24 34 29 24 20 32 30 22 36 26 24 32 23 21 33 33 28 28 37 26 26
26 31 31 36 33 34 37 26 20 31 29 21 25 34 38 38 71 34 27 40 30 18 18 24 30 26 29 30 25 33 27 23 32 38 25 34 41 32 30 30 27 23 13 11 31 31 39 29 32 33 29 30 39 21 29 24 29 24 30 31 27 33 24 29 36 28 32 29 35 27 24 28 32 18 26 24 33 20 35 24 22 34 29 31 8 31 25 36 35 30 33 25 26 27 29 22 29 27 24 30
36 27 26 35 26 31 30 38 23 22 25 28 18 30 25 24 34 24 31 45 27 25 24 14 27 33 37 26 31 28 27 32 29 30 31 31 38 25 20 37 33 45 29 24 27 19 22 29 42 42 23 47 31 27 21 21 22 31 23 35 21 33 30 36 28 25 31 32 17 29 29 25 28 45 34 30 31 23 29 31 31 18 36 39 35 22 38 28 19 33 30 24 34 34 35 26 31 33 49 30
37 24 30 27 28 26 16 35 23 30 31 26 37 29 24 34 32 34 23 20 32 29 28 31 32 32 23 30 31 29 32 34 33 29 27 30 34 32 37 20 24 16 21 37 34 22 26 31 33 40 30 23 19 22 31 33 21 28 22 29 28 25 42 27 32 30 21 20 21 18 34 28 27 32 17 32 46 31 22 35 30 24 33 26 27 35 43 24 22 26 30 22 33 29 26 23 27 27 25 32
21 30 26 33 42 31 33 32 26 24 30 36 25 31 39 32 36 18 29 21 22 26 25 22 18 33 26 28 35 33 17 27 19 28 26 25 22 27 36 33 22 37 32 36 25 16 29 30 28 21 32 31 39 44 29 12 30 25 25 29 26 34 31 33 22 27 20 30 24 21 34 29 27 27 36 19 34 25 29 35 25 24 25 31 37 34 33 40 37 38 28 27 33 29 29 25 31 25 28 41
31 28 23 34 30 35 29 25 35 25 28 32 18 30 22 32 32 27 26 31 33 33 29 29 35 33 33 23 15 28 26 27 35 23 21 33 34 24 22 38 25 26 29 24 29 31 21 28 33 25 25 27 38 35 34 31 25 32 36 33 24 39 30 35 27 34 26 26 37 30 26 32 31 22 29 32 26 25 17 35 33 24 26 33 38 25 28 32 31 28 28 25 25 26 39 23 20 35 28 21
16 30 40 28 41 25 44 33 32 30 34 34 32 26 24 28 17 21 34 33 32 32 23 31 37 31 26 29 26 29 32 26 35 25 31 28 33 28 23 29 29 25 36 34 35 26 34 24 39 28 40 30 24 29 27 28 27 37 45 41 32 28 28 39 38 22 26 35 27 29 31 30 31 33 20 32 26 35 35 34 39 37 30 29 26 26 34 30 35 20 18 31 20 29 26 27 33 32 35 36
35 46 34 29 21 21 26 36 36 19 33 34 29 28 36 22 34 27 34 23 34 35 37 33 37 29 26 28 36 32 32 25 32 19 31 28 30 25 33 27 30 23 30 27 37 30 31 44 34 36 32 19 30 26 37 29 24 23 30 18 32 28 31 25 35 31 33 27 27 38 30 34 22 24 36 38 33 26 25 29 24 20 33 30 30 32 34 23 28 26 25 27 15 33 34 36 34 31 29 27
26 30 34 34 37 23 29 13 21 36 30 26 28 31 39 23 28 28 28 41 28 33 31 29 40 30 25 30 35 31 37 33 33 33 28 29 30 29 32 20 25 28 40 17 26 33 22 37 30 26 29 35 16 25 29 30 38 23 35 28 31 27 21 38 19 30 25 38 20 27 33 32 24 28 28 32 33 39 28 29 33 38 31 29 35 14 35 41 27 34 34 33 29 34 28 40 37 25 27 32
32 47 25 31 30 34 31 21 27 35 28 23 39 23 35 26 39 21 44 23 31 21 39 26 36 23 28 30 31 26 34 27 26 24 32 28 31 35 23 33 30 30 21 32 33 34 25 19 13 13 35 19 36 31 28 27 29 36 33 31 21 25 26 27 35 34 33 24 30 43 20 31 26 34 32 26 31 38 28 41 21 28 29 33 34 27 25 40 22 33 20 31 27 27 39 29 31 29 34 26
33 26 10 24 30 29 33 29 28 25 41 32 16 41 22 20 20 17 14 23 23 15 22 12 11 16 12 13 9 12 12 18 19 17 18 10 12 13 10 12 14 16 16 12 17 19 18 12 18 20 12 21 13 19 9 14 14 13 19 11 16 16 18 15 10 8 14 18 17 10 11 7 19 14 19 15 17 18 10 22 13 13 23 22 17 23 17 14 13 13 14 16 12 11 16 13 16 18 14 17
11 22 16 12 14 12 21 19 19 18 11 17 6 11 23 23 17 11 18 16 13 16 18 17 17 9 10 16 16 14 15 16 13 17 17 19 11 11 25 12 9 17 32 13 23                                                       
