0.45 3635 38 24 35 36 36 20 26 34 33 14 28 25 24 34 35 27 31 29 36 37 47 28 34 28 34 26 22 30 31 31 28 29 27 28 18 24 31 27 24 28 31 27 38 29 26 24 37 28 26 22 36 27 21 38 33 24 25 34 17 33 20 39 28 33 26 23 31 24 33 29 34 19 41 32 26 28 31 23 38 26 37 25 34 30 34 32 29 20 29 20 29 38 26 43 25 29 28 17
34 29 20 32 26 19 30 29 22 25 38 29 14 21 39 18 33 64 66 24 39 24 34 24 30 23 28 14 21 25 22 27 30 32 28 26 26 34 33 30 20 15 35 29 27 36 22 25 25 20 23 32 32 38 22 24 27 27 23 25 37 31 38 13 26 29 28 45 25 22 35 24 28 21 22 27 29 28 20 15 39 30 30 32 23 20 28 46 23 30 32 18 27 28 30 32 23 24 20 39
33 18 32 30 34 32 32 25 38 24 28 28 29 28 35 27 24 26 34 22 31 24 27 28 39 25 30 16 22 29 31 39 26 31 32 24 28 19 28 44 27 28 20 24 31 39 25 34 24 31 24 32 23 35 29 23 45 21 27 32 31 24 33 31 35 27 20 25 35 26 30 27 40 24 30 33 29 30 26 28 22 35 30 34 29 29 26 25 26 41 27 26 28 26 28 29 22 26 37 25
30 22 20 39 34 25 26 28 22 27 32 25 28 34 42 36 34 33 22 25 34 35 32 31 38 17 30 31 27 24 23 29 36 35 34 37 33 37 29 34 27 41 33 30 34 28 31 32 33 34 28 32 36 26 37 35 27 21 36 43 26 28 31 32 28 24 27 32 33 35 35 27 24 36 34 24 32 28 24 25 30 34 23 31 25 47 23 37 23 40 43 31 28 26 23 29 27 24 27 31
38 17 23 32 20 31 26 32 23 28 29 33 19 28 29 16 30 25 21 30 24 30 27 23 28 40 26 24 26 34 29 30 31 34 33 27 35 29 21 39 29 28 33 37 52 28 39 33 25 31 33 29 27 27 37 32 32 20 41 30 27 38 37 33 23 16 31 37 29 26 25 36 21 30 35 34 34 39 36 25 30 26 30 30 32 28 25 24 19 30 26 30 38 32 25 41 40 34 39 28
24 44 32 27 42 28 31 32 36 33 41 42 37 32 28 30 27 26 32 39 31 91 27 32 27 34 32 27 36 26 21 24 28 22 27 28 43 29 33 32 24 33 15 27 43 34 26 27 37 32 30 22 28 31 34 24 30 31 36 31 36 34 30 35 37 32 35 26 38 24 26 32 36 24 25 32 34 29 25 27 26 46 31 39 21 32 29 29 42 19 24 25 19 43 34 34 29 29 29 29
36 25 20 23 24 42 23 34 26 38 30 26 36 38 26 39 30 25 36 23 19 35 31 25 35 28 32 32 32 35 26 39 34 28 35 15 31 26 28 35 24 28 42 25 28 29 33 23 31 32 26 27 30 34 40 35 40 25 28 25 29 19 35 37 34 28 21 25 39 29 27 38 30 23 22 21 28 29 29 35 33 27 29 27 43 26 28 27 28 29 22 36 40 25 31 26 30 37 24 36
31 27 25 26 30 35 24 29 33 27 26 25 27 28 29 41 32 29 29 25 18 30 22 30 38 29 21 23 21 32 30 34 20 26 21 33 34 22 32 33 35 18 34 22 26 19 32 29 24 21 29 23 31 25 33 22 26 20 30 35 31 33 21 39 35 24 23 21 26 30 24 25 33 33 21 42 34 27 22 31 23 25 26 30 30 25 27 25 32 28 28 28 20 30 28 33 26 33 29 34
33 30 23 26 20 34 34 35 34 25 29 20 28 28 33 34 18 21 19 24 41 31 23 29 35 24 26 29 30 26 24 19 36 30 26 28 34 32 32 32 32 31 33 32 32 25 27 33 30 37 36 30 33 39 35 26 25 19 36 25 34 19 21 19 29 30 27 34 23 34 32 32 27 26 40 68 42 26 35 25 38 37 22 24 28 27 31 38 38 27 39 26 25 19 29 9 42 30 26 30
31 35 30 32 37 19 44 25 25 29 24 28 26 33 24 17 17 19 18 33 41 29 28 27 38 22 34 27 29 28 41 37 31 14 25 32 31 33 33 22 38 32 29 27 40 24 33 24 37 42 30 45 39 26 38 36 29 24 29 18 26 25 25 27 28 29 24 24 29 29 25 36 31 44 33 25 25 32 24 41 29 28 29 24 29 33 28 30 35 27 38 43 84 22 28 25 23 24 27 37
34 38 31 33 27 19 25 31 24 21 33 27 32 35 36 37 35 36 43 36 33 32 29 42 28 33 48 29 27 34 24 31 23 28 31 28 27 31 32 37 41 28 18 27 35 24 49 26 24 38 30 36 37 25 28 33 29 24 29 26 40 52 25 24 36 29 34 32 32 35 26 33 27 17 48 30 34 29 25 20 31 26 28 23 28 29 21 26 24 34 25 32 28 37 38 19 37 35 25 26
27 19 41 31 38 26 17 33 55 40 25 20 36 35 53 29 20 19 14 23 25 21 31 30 24 34 27 30 25 25 25 33 26 23 35 26 19 22 49 29 34 22 32 25 24 26 32 26 39 22 41 25 21 24 33 20 27 37 33 34 27 26 29 23 24 28 29 31 34 31 31 21 26 21 38 29 33 35 20 31 29 41 35 25 31 21 32 22 30 16 20 30 27 18 24 22 28 25 36 34
34 24 41 34 41 28 36 28 27 28 35 36 28 13 18 33 29 26 29 32 32 24 28 23 32 29 27 37 23 17 28 31 26 26 34 36 26 24 30 32 20 34 34 24 30 32 35 32 20 36 25 26 32 29 38 26 31 22 46 26 21 34 32 33 25 27 24 25 27 29 31 29 33 38 30 30 31 28 21 25 26 25 34 25 22 29 22 24 19 33 24 23 24 30 27 39 26 20 24 23
33 39 31 27 25 20 31 30 33 27 30 29 28 39 34 33 25 39 25 38 33 25 28 30 28 33 26 41 34 22 40 24 31 33 28 28 31 29 24 34 26 29 37 53 30 32 26 31 34 27 27 24 31 21 28 26 26 31 31 18 27 24 25 21 25 39 33 28 37 39 29 30 36 34 33 19 37 17 35 21 32 34 26 17 28 29 31 19 25 19 36 25 35 23 26 26 35 35 29 15
36 24 30 30 33 35 16 28 30 28 27 28 39 32 29 29 31 32 32 27 26 28 27 31 22 24 26 29 25 30 31 25 32 29 34 20 29 29 22 28 34 31 22 34 23 37 27 25 26 29 37 31 22 34 29 37 29 39 29 25 35 29 24 27 25 37 29 34 29 37 40 33 27 30 34 24 28 40 24 31 37 26 26 33 31 37 30 28 37 29 24 29 32 24 34 32 26 27 24 31
29 36 34 26 27 24 38 30 26 27 38 31 31 28 24 22 8 32 20 29 30 23 24 23 25 74 28 28 28 11 35 22 19 34 28 22 34 36 30 30 34 26 40 24 23 26 28 27 35 20 35 23 30 23 34 27 30 30 25 26 21 24 20 32 25 33 24 29 25 33 42 26 31 28 29 25 26 32 23 29 32 36 30 23 30 25 33 27 35 33 34 25 24 23 23 41 27 31 30 36
31 33 25 23 28 27 28 28 27 23 32 37 34 25 29 32 20 37 36 33 33 27 26 30 31 26 27 24 33 30 29 26 22 22 29 17 27 31 26 26 28 25 43 30 25 25 27 26 32 21 25 21 26 28 27 28 31 28 23 33 33 31 20 31 26 28 32 38 41 35 30 22 20 18 35 20 29 34 30 24 31 27 17 26 28 26 26 28 22 20 31 27 23 36 34 31 27 25 27 36
28 31 34 34 45 26 37 31 29 32 30 22 38 28 23 33 35 29 38 23 26 31 36 25 31 29 23 26 32 20 30 31 32 23 28 37 32 28 23 38 34 24 22 35 33 40 30 31 36 31 23 32 30 31 28 36 29 32 31 26 39 42 27 35 72 63 25 32 50 43 44 55 31 36 25 32 25 27 29 29 29 33 36 32 36 28 28 31 31 25 25 18 34 32 37 34 21 24 26 27
25 32 20 28 32 35 23 31 28 23 24 26 37 27 23 37 13 32 35 28 24 30 24 27 29 19 32 32 43 57 31 33 32 34 40 29 29 21 23 33 26 24 26 25 24 32 25 38 32 35 30 24 23 26 37 42 42 40 16 27 29 19 49 36 24 35 33 19 22 30 24 29 28 26 28 18 24 37 25 33 32 23 31 20 23 47 37 33 16 17 27 24 27 16 34 34 15 33 23 27
32 27 26 34 33 30 28 28 23 28 25 26 25 19 21 33 36 26 43 37 27 27 26 21 31 29 49 31 21 28 42 24 23 26 24 18 27 33 39 29 25 25 36 31 26 24 26 38 35 27 35 23 35 23 16 38 23 30 25 25 32 25 24 27 27 26 33 26 30 31 30 24 25 21 27 27 32 29 40 25 27 27 38 32 23 42 38 31 28 31 42 26 30 30 23 37 24 27 29 35
34 29 24 33 29 28 27 31 33 27 38 26 35 26 29 39 36 30 24 21 34 32 32 26 31 27 30 29 31 25 23 36 35 27 46 28 33 22 26 28 31 17 27 26 26 25 31 36 31 31 25 29 37 37 30 31 14 28 29 28 24 28 28 19 24 29 34 24 28 33 16 25 33 25 27 32 30 26 33 25 30 22 21 32 33 36 30 32 35 31 30 35 23 25 32 48 25 26 39 30
42 27 32 29 31 18 37 44 27 25 32 29 18 26 22 28 26 32 32 29 13 31 26 31 35 34 20 29 31 19 41 24 32 24 28 29 29 27 30 18 24 40 25 26 34 28 26 25 28 29 36 27 32 29 27 26 28 25 31 26 37 34 31 35 25 34 30 33 32 30 28 32 32 33 36 22 26 27 18 32 36 32 36 35 25 32 40 17 31 24 29 25 21 19 22 19 32 32 30 29
25 33 18 26 32 26 18 32 22 25 27 34 24 26 29 24 28 18 28 20 27 26 31 27 30 27 22 20 22 30 26 28 26 29 27 26 26 37 14 33 26 36 33 28 40 46 32 41 25 40 28 36 29 26 35 33 28 31 37 29 25 33 38 15 24 32 24 26 22 37 29 35 29 22 28 33 30 33 32 32 31 25 24 27 15 23 34 27 27 25 31 32 22 26 23 27 27 27 27 36
31 33 35 25 24 20 33 28 25 24 18 37 35 28 33 27 32 34 20 29 31 36 35 27 19 38 34 32 28 27 27 44 29 28 29 25 26 24 27 35 33 24 28 26 30 35 28 35 31 22 28 29 29 25 36 29 31 32 20 24 31 26 22 31 30 22 33 23 26 21 28 33 31 40 43 30 34 28 31 32 24 25 22 32 29 29 36 28 23 38 32 38 40 28 21 24 18 21 30 27
25 27 30 35 31 29 45 39 29 29 31 33 39 35 26 31 24 38 27 32 34 28 29 18 29 28 39 24 27 31 29 24 30 27 33 35 27 21 28 35 25 26 28 34 16 28 33 35 30 33 25 25 23 21 25 21 27 12 26 32 27 31 20 27 23 28 30 24 31 24 26 33 27 33 40 29 27 27 27 25 44 29 29 34 25 24 22 30 47 23 33 28 29 9 28 39 34 30 20 31
24 27 30 36 26 31 31 42 24 25 33 33 44 22 25 35 22 31 32 27 30 22 27 34 36 34 33 21 31 28 23 33 36 34 35 25 34 16 28 26 30 30 28 21 25 36 31 25 29 30 40 27 24 20 35 26 21 38 31 30 40 27 26 35 31 24 24 49 29 24 32 24 24 34 18 30 30 30 32 32 27 36 27 22 27 25 34 25 17 28 30 26 29 32 35 33 36 29 36 31
35 28 38 35 21 24 28 30 36 31 18 29 21 26 30 17 43 22 25 32 28 45 29 26 30 31 29 23 31 22 29 31 31 30 20 22 33 42 30 28 18 26 30 22 35 29 26 36 25 43 24 18 38 41 40 15 35 21 32 24 29 30 38 29 26 28 26 27 31 27 26 29 25 32 35 21 38 32 32 20 26 31 29 41 35 24 36 34 20 21 26 37 33 35 31 24 27 35 32 26
30 27 20 32 31 33 31 28 34 24 26 33 32 33 20 17 33 22 37 14 30 37 30 30 28 29 23 35 37 33 29 40 34 22 32 37 26 33 22 26 33 44 33 21 21 36 32 36 37 38 35 43 36 28 29 30 29 22 20 22 43 28 27 27 33 19 35 32 24 37 37 29 27 25 31 34 28 23 31 24 28 21 38 27 23 25 27 23 36 22 25 40 39 33 21 36 25 26 36 26
29 26 38 27 28 31 26 24 32 37 40 30 29 32 31 18 29 24 25 25 19 29 23 26 24 25 27 24 27 23 30 26 19 27 27 21 27 40 23 29 28 23 36 21 13 23 34 27 23 34 20 29 35 19 31 37 34 28 22 30 28 33 28 26 22 31 23 23 18 20 32 35 29 30 31 26 31 20 31 28 34 25 36 32 30 31 22 28 21 29 41 22 22 19 24 26 33 36 27 35
32 31 29 17 35 18 33 29 42 32 22 28 29 24 21 24 26 25 31 40 31 36 31 37 34 39 22 32 39 38 25 17 34 29 30 30 28 20 31 21 35 29 32 40 23 32 34 29 31 26 17 28 29 38 30 31 21 22 28 26 31 23 27 36 32 35 43 31 30 25 26 22 30 35 33 30 29 26 34 22 25 26 39 29 27 20 31 29 33 19 29 28 36 33 15 30 37 36 29 29
31 33 24 32 29 33 30 21 28 34 37 26 20 29 30 34 45 37 31 33 25 33 33 35 29 17 20 29 31 36 34 30 29 26 20 33 26 44 22 29 31 28 33 37 28 27 19 34 36 35 29 33 47 30 30 20 31 32 34 39 27 29 37 28 26 24 23 27 36 32 34 28 25 30 36 32 32 19 29 28 25 24 30 37 22 36 25 27 27 27 33 39 37 26 38 28 23 33 29 31
32 31 31 41 46 18 27 29 20 26 29 31 29 28 49 29 27 27 19 28 21 25 35 19 24 27 45 37 30 29 35 24 26 20 23 29 23 27 35 28 26 25 31 21 30 35 27 27 33 22 24 23 23 31 29 15 26 23 27 46 23 35 31 28 29 28 39 26 33 24 36 25 22 25 28 19 15 23 20 34 23 39 27 36 30 27 20 29 25 26 30 19 31 31 31 24 24 31 30 33
30 29 26 29 18 29 23 19 31 28 28 35 37 29 25 31 28 28 37 38 31 31 34 30 23 32 31 34 28 20 16 34 19 30 25 26 29 28 27 27 32 27 21 21 36 20 32 33 27 34 42 27 37 29 25 29 27 26 28 33 20 26 32 29 23 34 27 24 27 32 29 29 26 11 22 21 27 33 34 27 28 39 22 27 23 29 30 29 22 27 23 26 10 32 29 38 25 26 30 27
28 37 28 30 21 15 39 43 18 29 27 29 33 37 28 18 33 31 31 31 35 37 29 19 35 33 28 32 25 35 25 29 31 30 28 37 34 29 22 20 28 37 31 32 25 38 31 41 24 26 30 26 27 26 30 29 37 34 19 31 21 30 30 32 27 30 28 21 29 29 35 34 35 27 28 44 35 37 13 22 26 30 35 31 33 26 28 35 25 32 28 26 32 34 25 30 24 19 42 9
24 33 29 30 26 26 42 31 32 27 32 18 30 26 33 26 22 35 24 31 23 35 25 33 33 22 26 22 34 27 33 27 28 37 31 37 20 29 31 36 39 19 25 27 42 29 41 23 29 34 25 16 26 33 29 28 33 26 19 29 23 35 36 23 23 30 32 21 26 36 25 32 37 42 26 29 24 19 21 25 34 39 35 30 25 35 26 9 19 11 12 9 16 15 15 9 17 12 13 15
15 19 13 12 18 8 14 12 14 7 19 18 13 15 16 12 25 15 9 13 15 12 15 11 13 8 11 16 9 14 14 19 13 17 13 12 21 11 16 23 20 5 19 16 8 11 10 10 6 20 10 6 6 16 16 12 11 11 13 21 15 16 8 12 16 10 15 18 10 7 11 13 12 7 15 18 12 10 17 16 13 14 12 25 14 18 18 16 14 19 12 15 7 14 17 11 12 13 14 14
8 11 15 9 19 18 13 16 24 16 14 21 15 12 16 9 19 14 14 18 9 8 20 13 13 20 10 14 8 18 13 15 21 10 16 13 13                                                               
