0.483870967741935 2817 25 31 27 23 29 30 25 27 27 39 24 35 24 24 26 21 23 26 22 30 27 21 16 23 24 30 25 31 25 17 26 34 21 27 25 31 21 21 25 23 21 32 23 19 30 27 24 24 22 20 28 25 27 21 24 26 30 16 21 22 20 21 21 21 25 22 29 27 29 26 16 23 33 21 22 22 24 27 16 18 16 33 23 32 27 24 19 25 20 29 23 25 24 34 20 20 20 15
31 19 17 21 26 20 22 19 28 16 18 27 17 22 29 23 23 27 27 25 18 22 25 27 28 25 29 28 23 13 28 17 19 26 20 25 18 28 30 25 34 27 20 23 21 25 19 20 29 21 17 27 25 29 16 29 20 25 23 22 28 28 21 21 41 31 18 27 24 28 21 22 21 23 21 19 24 22 22 18 21 31 27 24 30 24 26 23 31 31 34 25 22 15 21 29 18 24 18 22
23 22 32 24 26 25 18 28 28 27 28 15 26 25 20 33 31 31 31 24 22 21 28 20 28 19 17 31 20 22 21 25 16 27 21 20 15 34 27 23 27 29 16 26 18 19 34 17 20 23 23 31 29 19 27 34 24 17 25 33 25 19 31 23 23 11 23 24 21 30 29 30 19 24 22 23 14 28 15 24 27 21 15 25 27 24 23 31 23 29 16 24 28 20 24 16 22 27 23 22
19 24 25 20 25 29 32 21 29 27 17 26 20 25 28 25 35 20 30 30 28 16 36 31 34 20 30 20 31 30 24 29 15 23 26 21 18 16 26 25 27 29 20 25 25 26 25 18 28 26 32 26 22 26 22 30 25 32 34 26 24 24 25 29 20 25 17 26 38 27 15 28 35 26 32 32 37 24 32 27 32 18 26 23 28 34 29 23 24 34 23 22 19 24 29 22 24 17 24 19
29 25 23 28 21 15 21 31 20 13 28 31 22 26 18 39 16 18 23 23 22 21 30 17 17 23 13 22 18 20 18 17 27 30 28 30 15 23 27 21 22 16 26 23 19 34 30 27 30 23 20 30 31 21 27 27 24 28 28 32 29 25 25 21 24 24 28 26 25 24 29 24 27 31 23 29 24 26 21 25 17 16 16 21 16 23 27 22 28 41 30 16 25 26 23 31 26 17 25 24
26 24 36 23 20 19 22 31 15 19 26 27 18 26 18 27 25 29 27 18 20 20 27 32 26 35 29 29 21 24 24 27 19 18 26 14 31 28 26 23 20 18 19 30 21 19 28 34 31 24 25 19 13 17 33 25 22 31 35 28 25 26 19 30 28 28 25 26 29 20 16 24 28 25 25 13 31 27 18 22 25 29 26 24 36 23 24 21 20 20 24 27 28 29 26 27 29 28 19 36
23 24 27 14 24 24 19 22 28 27 33 29 23 24 27 19 30 22 22 24 25 30 21 27 25 22 26 27 17 19 28 28 24 13 22 19 30 22 26 21 21 23 38 17 26 30 20 25 26 23 12 21 23 21 23 22 29 18 25 23 25 22 32 24 26 18 17 30 29 26 22 24 24 21 23 20 36 24 24 32 21 36 36 18 30 17 19 27 31 30 38 28 31 23 24 22 15 27 20 38
32 28 35 18 23 23 24 20 16 20 26 19 28 23 28 33 28 21 27 22 19 18 24 28 23 28 26 29 25 23 23 27 24 14 25 27 25 23 23 20 23 32 27 27 25 21 31 28 24 24 29 17 22 20 24 23 29 16 19 22 29 23 29 19 27 20 28 23 29 27 27 26 29 26 29 31 29 19 28 36 20 25 19 50 32 25 32 37 22 36 23 25 20 29 22 25 26 25 23 25
20 28 37 25 22 22 34 18 25 21 21 34 31 25 30 24 35 22 31 19 29 37 26 28 27 34 33 33 30 34 23 36 27 29 37 32 35 18 18 26 22 22 23 31 23 26 27 28 22 27 31 36 25 32 12 24 20 21 18 25 19 29 22 13 32 21 30 31 28 37 36 12 27 28 22 19 40 26 27 23 19 21 25 13 22 41 37 18 26 30 28 26 12 27 17 24 17 23 24 19
22 25 21 21 26 31 21 30 21 22 24 13 29 24 23 19 22 29 31 27 31 26 22 21 21 22 15 17 28 13 20 21 14 23 22 22 36 28 19 31 36 19 22 25 24 19 22 20 27 24 28 25 27 30 24 36 23 26 27 25 32 23 27 21 15 26 29 30 30 29 33 32 29 31 21 26 23 24 32 22 22 28 33 20 26 22 26 31 27 29 29 34 25 20 33 19 20 18 26 30
27 19 21 35 19 27 28 26 36 22 21 29 30 22 27 21 23 28 11 18 16 19 23 33 25 20 20 21 22 27 19 31 21 26 22 26 27 25 28 22 14 26 20 23 17 21 27 25 21 20 16 26 18 32 21 30 28 21 27 26 25 32 24 27 22 23 29 27 28 27 25 38 24 33 28 24 21 21 33 30 20 23 28 23 23 25 31 31 24 28 30 21 28 28 25 18 29 21 25 20
24 37 26 27 25 20 29 29 27 25 26 24 31 28 20 29 39 16 23 24 26 25 32 36 7 26 16 22 21 23 27 19 15 19 28 14 22 18 26 18 23 21 21 21 38 24 18 23 20 25 18 26 26 30 26 29 19 25 14 24 17 19 29 21 29 19 24 25 25 39 27 32 22 30 24 26 22 24 29 23 29 36 22 26 23 28 31 29 16 22 27 25 29 19 26 26 18 28 25 34
31 27 30 19 21 31 30 41 25 20 19 25 15 21 35 29 18 15 22 23 11 18 30 25 19 19 23 15 25 22 20 24 26 24 33 27 33 26 23 24 28 18 26 29 22 38 22 23 30 25 23 15 22 22 19 18 27 25 43 16 24 18 26 22 22 39 25 13 24 15 18 28 30 30 23 27 26 29 38 28 26 21 25 22 20 28 28 27 21 30 18 22 24 32 28 21 28 34 19 23
16 26 32 27 36 24 25 27 25 30 18 30 27 33 30 35 22 22 24 23 24 29 27 22 28 23 17 23 24 28 40 27 28 17 19 20 29 29 31 31 31 21 34 25 33 24 22 28 23 31 26 26 27 18 26 18 21 30 16 26 26 17 20 36 21 17 23 30 25 23 25 20 14 14 31 20 29 22 22 27 22 22 27 23 30 17 22 24 23 32 25 31 17 33 31 35 28 24 10 29
13 29 24 28 23 31 30 23 24 18 27 16 16 30 31 23 28 32 26 71 51 20 28 19 26 34 21 38 30 37 22 22 20 26 38 20 19 23 18 30 30 25 24 31 26 23 24 24 15 27 30 29 33 23 32 31 60 13 17 30 28 23 29 27 28 35 26 21 34 17 25 22 29 27 25 30 27 31 20 20 25 23 26 26 32 28 21 26 28 34 28 24 25 29 32 24 25 27 41 29
28 30 17 29 26 23 23 20 22 32 28 22 31 29 20 34 25 36 24 26 19 26 32 28 35 27 26 29 22 35 26 30 33 24 27 42 33 21 29 28 26 28 25 21 35 29 38 14 24 28 18 27 31 27 20 27 25 20 12 15 18 30 40 19 26 20 33 22 19 27 12 24 24 17 20 28 30 26 25 28 12 26 24 18 17 21 26 17 29 21 31 32 34 32 24 23 27 20 31 25
28 27 22 22 28 23 34 24 30 35 31 20 30 28 32 24 22 29 25 32 32 22 30 29 20 24 31 24 32 32 23 26 21 32 29 35 33 16 19 21 22 24 29 36 20 19 34 22 26 27 24 18 26 29 39 22 33 29 29 27 37 31 28 24 26 26 26 21 31 29 15 30 29 32 28 20 27 24 38 17 35 19 32 23 25 30 24 25 40 29 29 30 24 15 28 22 21 19 29 25
28 31 33 24 22 22 25 21 25 28 35 26 22 30 25 25 23 21 25 29 26 21 31 29 24 24 20 18 32 25 9 24 17 17 33 27 37 28 22 23 20 27 28 28 20 27 25 17 30 23 24 27 23 29 26 26 29 23 28 28 22 25 19 25 26 27 24 18 25 34 28 23 25 36 19 18 31 25 30 16 24 38 27 22 24 23 21 22 25 23 21 27 23 25 31 27 34 27 23 26
22 31 23 28 21 21 22 30 33 25 25 20 29 28 21 36 20 24 14 21 26 25 27 24 19 27 16 29 29 25 26 22 19 31 22 21 20 20 19 24 34 31 33 15 30 20 25 26 20 30 31 20 18 33 27 35 23 33 29 27 22 26 28 12 25 27 11 33 17 31 28 27 22 23 30 33 32 26 28 27 22 17 23 21 21 31 24 25 25 27 20 29 29 22 29 18 18 16 17 21
28 21 26 23 16 16 21 21 28 27 30 18 28 20 19 15 26 16 22 42 22 28 21 23 22 23 28 16 26 18 24 28 29 27 32 24 20 32 14 15 13 24 24 33 20 21 21 21 23 23 22 16 25 26 22 21 21 30 16 23 29 22 29 26 25 20 18 33 31 19 19 24 24 20 28 41 39 24 31 18 23 35 24 22 30 30 28 24 23 24 24 17 37 22 25 22 17 22 27 36
11 27 26 17 17 35 18 26 24 23 33 29 18 22 31 35 22 24 18 18 22 21 38 31 17 21 19 25 18 20 30 26 31 21 16 22 27 34 32 22 32 27 20 17 24 31 32 28 25 28 29 30 26 22 22 26 22 21 24 32 24 23 24 33 29 20 23 22 29 30 24 21 35 30 26 28 29 23 24 27 21 22 25 30 24 20 26 21 29 15 25 16 29 30 32 27 32 10 23 28
22 33 26 29 20 25 29 25 34 27 31 32 35 30 29 22 26 23 30 31 31 36 32 26 28 29 17 33 21 24 22 18 23 24 35 22 21 25 24 23 27 22 39 28 23 16 30 35 27 23 16 28 28 33 22 26 33 28 34 16 26 21 24 25 20 22 26 20 17 38 31 27 23 18 18 27 25 23 32 28 19 18 20 26 35 26 28 24 20 26 19 26 17 22 43 23 24 25 34 26
25 24 24 27 25 31 25 26 28 21 31 32 25 21 20 21 32 20 22 32 28 24 23 28 28 20 18 29 19 9 26 34 27 33 34 23 30 23 19 32 20 26 30 27 17 24 23 27 23 31 14 30 33 29 16 22 19 19 22 28 23 29 26 16 28 29 24 23 17 22 33 30 24 16 28 16 27 18 34 29 22 23 20 20 27 30 23 22 15 23 21 24 30 36 22 23 27 26 34 29
32 20 22 20 28 31 23 21 24 23 36 25 25 21 27 24 22 27 20 17 33 25 36 28 24 27 27 22 25 21 27 24 29 24 20 28 29 39 31 26 15 22 23 26 26 18 26 17 22 15 32 15 27 26 33 23 30 22 25 31 30 19 21 32 25 17 35 25 26 28 34 15 19 22 22 19 32 29 29 30 18 28 28 19 17 22 18 25 30 26 28 30 22 32 33 18 23 29 27 27
20 20 29 22 26 26 11 12 16 33 24 21 23 26 17 31 28 23 31 28 24 30 27 68 22 21 20 30 26 24 21 20 27 25 28 31 20 29 28 29 23 29 23 31 26 15 30 28 28 22 32 26 30 20 36 27 17 26 29 17 18 25 25 30 31 15 24 29 27 28 21 23 20 28 29 29 29 33 28 28 28 23 25 35 31 26 30 22 21 22 28 31 24 21 23 23 29 25 35 20
32 35 20 31 22 29 22 25 32 16 22 22 23 28 26 26 22 25 23 31 25 18 18 26 25 23 26 23 26 23 24 30 26 28 26 23 25 18 19 23 24 26 20 26 28 21 31 23 25 17 29 30 28 28 33 25 33 20 30 31 24 30 19 27 17 20 22 24 28 20 27 28 30 22 21 26 16 29 31 24 28 29 33 28 27 30 29 27 27 22 22 31 25 24 27 30 22 26 27 33
31 16 18 34 28 31 22 22 32 20 21 24 21 23 18 25 21 23 24 19 29 20 26 23 25 13 15 26 18 17 21 14 20 17 23 28 31 19 17 26 26 25 16 27 29 17 35 22 25 27 24 27 29 21 24 22 21 28 23 26 23 28 19 27 18 32 21 24 27 30 24 23 30 24 31 24 32 34 26 22 18 31 28 28 25 29 29 26 37 19 31 26 18 29 25 25 29 15 22 25
21 38 40 18 30 19 18 23 28 22 28 20 11 15 6 15 15 12 6 8 14 8 8 15 8 17 14 14 12 19 18 11 19 13 16 10 10 14 23 13 14 13 9 13 17 13 8 16 14 14 8 12 17 15 12 19 9 11 9 16 5 10 10 11 12 10 13 16 10 12 9 9 10 8 10 15 10 7 10 9 7 15 12 11 11 12 8 12 6 12 9 17 12 11 12 10 14 10 8 10
13 21 7 18 12 8 8 24 22 15 17 9 18 13 11 14 16 4 10                                                                                 
