0.482758620689655 2789 30 29 34 29 31 32 21 33 31 34 24 17 27 21 19 21 27 32 30 23 22 27 29 26 25 24 24 26 28 35 30 33 21 26 22 29 23 25 36 27 20 22 18 16 24 26 17 26 18 27 23 25 16 19 29 17 19 21 16 24 33 17 27 14 23 32 16 16 27 23 18 22 30 18 25 25 16 34 26 23 23 22 18 27 27 24 26 17 19 16 15 20 28 21 22 30 29 23
37 26 26 29 26 27 22 32 22 19 34 17 36 35 8 23 22 22 18 16 28 37 29 23 16 22 38 26 30 25 15 25 31 18 17 31 19 35 27 26 26 25 21 28 25 18 28 19 24 21 21 29 20 17 17 38 20 28 15 26 33 20 21 21 29 29 21 24 18 29 28 25 27 35 19 21 22 20 27 23 33 17 26 19 24 29 25 25 25 31 27 22 30 20 13 35 27 24 26 16
32 28 22 30 37 26 33 31 22 23 23 29 32 20 27 25 25 26 27 20 26 27 28 33 26 26 20 29 17 28 20 26 27 26 33 36 33 26 26 23 24 28 27 28 26 30 32 24 24 17 23 29 30 28 29 18 33 25 18 19 18 22 31 18 20 20 27 23 21 25 22 24 28 26 18 20 34 27 25 35 32 24 26 20 21 23 22 28 35 22 17 37 21 22 24 27 36 37 32 24
16 31 24 23 21 39 19 26 27 32 20 34 29 25 22 29 28 32 35 31 33 23 24 27 39 32 32 35 25 31 12 34 19 29 21 31 34 26 33 25 25 26 16 28 23 22 21 23 21 30 20 25 25 28 31 23 25 29 32 28 25 24 20 17 28 20 25 33 17 29 22 29 30 26 30 10 24 28 21 28 30 23 21 25 23 32 23 28 38 30 25 25 30 37 33 30 30 28 16 44
39 24 25 23 19 34 27 24 24 26 22 18 21 29 28 26 19 29 20 28 20 26 27 23 18 27 20 21 20 23 28 24 24 17 18 39 11 23 27 38 38 21 24 29 23 25 35 24 36 21 25 27 26 24 34 30 27 32 20 30 23 29 30 24 19 16 18 23 28 25 26 27 22 18 29 21 18 27 22 22 27 22 22 24 22 29 40 37 33 23 24 27 30 29 26 41 30 21 33 30
24 29 34 23 22 30 28 31 28 26 36 26 26 26 21 32 16 30 18 25 26 21 17 28 17 26 14 24 32 27 17 31 32 30 26 19 20 32 30 27 25 28 30 25 28 26 25 33 24 28 40 24 20 22 25 20 22 24 25 24 23 17 34 33 25 26 25 31 22 9 26 28 24 33 22 19 22 40 15 26 31 25 17 31 14 20 33 24 26 26 23 22 23 27 29 16 30 30 33 24
34 28 21 24 24 35 27 27 29 24 23 16 26 19 17 22 22 29 27 17 30 30 40 34 25 32 14 25 24 32 18 21 30 31 25 27 33 21 19 11 22 21 22 31 29 21 28 27 30 34 22 27 21 29 26 25 16 22 22 25 32 18 25 31 28 29 29 26 33 32 22 19 28 30 17 20 19 20 20 32 29 28 26 31 18 30 21 28 26 18 24 20 31 27 23 24 25 25 36 18
28 24 25 26 15 28 30 33 27 27 28 24 27 26 27 33 30 31 31 26 25 33 27 17 37 42 30 32 22 22 38 23 12 27 30 23 22 22 22 28 27 28 26 23 35 16 30 21 26 30 26 23 23 28 28 22 25 32 27 26 25 29 20 26 23 26 29 33 26 33 63 31 22 25 25 29 23 22 14 61 28 22 23 16 21 22 30 30 31 26 32 25 30 31 35 24 25 30 27 24
33 24 21 29 31 27 29 27 29 18 21 28 30 30 27 11 21 24 26 21 26 29 19 27 18 32 26 18 29 37 24 28 26 19 27 32 24 28 29 25 36 22 35 30 34 28 19 16 20 28 11 21 29 40 23 22 23 42 41 10 27 30 35 27 33 25 27 32 25 27 27 28 30 22 26 24 27 38 39 44 45 25 34 32 27 30 12 19 35 38 20 29 29 25 24 22 23 30 22 20
31 29 24 19 23 22 33 25 24 31 21 23 30 26 25 31 34 25 11 27 38 27 29 34 31 27 22 24 17 22 25 19 29 25 24 16 39 33 30 23 24 17 31 21 27 45 13 31 20 31 23 22 17 31 12 28 17 32 27 34 25 39 25 33 20 16 22 32 27 22 17 28 14 24 29 18 11 27 24 43 24 29 24 29 25 15 26 24 25 29 22 20 24 21 38 29 27 29 24 29
25 21 21 16 15 24 24 19 24 30 19 23 27 30 34 25 21 26 29 25 39 15 29 30 30 19 30 20 31 34 21 27 33 23 19 28 15 26 28 27 27 35 43 21 31 29 36 29 23 27 31 19 27 31 31 35 29 20 19 25 24 23 17 38 25 20 24 28 32 28 19 31 25 19 27 26 20 23 18 15 24 27 21 30 21 25 29 25 24 39 28 32 23 26 18 33 21 20 17 26
22 29 29 24 21 17 23 32 23 22 27 29 25 19 28 26 22 28 20 30 25 24 20 24 29 25 25 35 31 19 24 25 26 26 23 31 26 36 23 20 29 26 29 19 22 21 32 26 30 18 20 36 17 35 25 19 22 31 25 28 17 14 18 26 26 13 25 24 18 26 26 24 22 29 27 19 24 22 20 24 30 18 25 22 25 30 20 33 26 19 26 23 20 25 24 26 29 25 27 20
22 27 19 19 18 21 23 29 29 31 29 27 27 20 22 19 19 16 21 31 14 17 12 25 21 29 26 34 25 22 28 34 20 24 12 28 15 28 29 27 25 24 23 34 16 25 14 25 21 22 19 22 31 25 28 20 8 30 23 33 25 28 33 29 23 26 24 27 17 28 28 16 23 22 26 20 22 24 17 25 27 34 18 23 30 19 30 16 19 30 30 18 30 17 24 25 19 13 21 16
14 24 21 25 19 26 25 25 16 20 34 26 32 24 26 26 39 31 32 25 27 33 27 36 25 35 20 25 16 20 27 21 32 17 11 31 24 25 24 17 26 24 29 25 30 21 32 39 30 30 28 28 18 23 28 18 26 26 39 19 32 27 15 34 35 26 23 24 32 29 28 23 30 29 31 26 18 37 32 75 52 47 61 23 24 26 29 22 23 36 14 30 26 34 18 21 29 21 22 26
33 24 27 26 32 31 20 27 36 24 24 32 27 28 25 27 30 24 39 28 35 21 25 39 33 19 27 29 26 35 20 30 29 25 26 25 27 19 27 24 42 30 22 23 26 23 22 30 31 28 25 21 27 25 31 25 26 30 30 28 22 20 20 18 25 19 19 21 24 26 27 21 31 25 18 16 19 23 14 26 28 15 22 22 25 19 15 24 16 22 17 20 23 27 30 27 32 18 18 30
21 18 27 21 26 17 21 23 19 31 20 28 16 25 20 21 30 18 27 20 24 28 28 26 25 27 22 23 25 13 23 21 29 21 17 27 22 20 17 17 14 15 17 22 12 16 25 29 24 20 18 27 34 19 22 20 29 29 32 24 21 23 19 30 25 21 19 19 17 23 13 25 27 31 27 7 39 22 16 31 22 26 24 31 30 21 22 18 24 23 23 19 16 23 19 28 18 26 19 18
17 31 17 24 23 25 16 24 27 25 30 17 24 16 21 28 29 11 18 27 23 23 19 19 35 18 32 24 22 20 20 23 33 22 37 26 30 21 32 26 21 13 20 24 27 16 21 24 33 21 26 24 19 23 33 30 25 29 15 19 31 20 24 32 23 31 15 21 16 19 26 32 25 28 29 21 23 20 19 30 28 24 23 20 19 15 25 15 21 23 25 26 35 22 19 20 27 24 18 30
27 29 35 23 29 31 23 19 28 22 32 20 19 21 21 30 24 33 26 27 21 40 35 13 13 23 15 15 28 18 30 18 25 18 22 20 26 27 26 33 38 29 24 22 25 34 24 17 28 22 31 30 22 23 27 26 36 28 24 32 16 32 25 25 39 37 36 19 26 24 32 26 25 21 27 33 25 22 25 26 44 25 14 28 21 27 18 23 27 23 30 26 34 19 27 32 22 33 22 16
20 27 27 20 24 29 35 30 25 35 29 25 26 29 31 19 13 13 24 15 25 31 21 22 21 20 20 33 21 26 28 23 27 28 28 26 18 22 24 14 20 24 14 26 28 20 16 28 26 28 33 22 27 16 26 28 27 25 20 24 35 26 25 26 27 18 19 23 26 31 31 29 27 27 34 24 31 23 28 28 25 25 24 19 25 31 22 21 27 25 29 14 34 21 20 17 16 29 21 23
22 15 30 26 27 21 27 21 24 23 23 18 24 19 32 21 27 24 26 23 31 37 34 22 26 23 27 29 24 25 19 24 28 27 25 26 26 26 32 28 26 27 22 30 21 36 28 16 28 24 13 15 19 23 26 26 20 27 27 17 23 26 25 21 25 23 14 40 20 30 22 18 15 32 22 16 20 33 18 33 21 21 30 34 19 24 12 25 25 25 23 23 24 19 26 20 24 18 25 29
18 24 25 33 40 34 30 26 27 26 22 32 27 23 25 22 23 18 23 26 17 25 16 26 31 31 25 20 23 26 30 20 34 22 25 24 29 27 24 33 26 19 19 20 23 27 26 15 18 14 32 23 24 31 23 18 13 22 19 14 23 22 16 19 22 39 15 16 35 23 36 23 18 24 23 35 25 24 24 29 26 18 18 24 19 26 28 29 25 23 30 20 17 22 22 13 33 35 22 22
19 20 27 35 27 34 27 23 24 8 32 25 26 24 23 23 26 29 26 30 25 36 30 26 24 23 29 15 27 27 26 20 29 32 25 24 22 23 24 18 20 27 27 32 30 35 27 21 25 13 15 34 20 34 21 15 28 28 19 28 28 30 30 25 19 28 20 24 34 20 28 27 21 38 30 27 32 24 21 36 29 14 25 32 18 28 30 35 23 28 25 35 24 24 26 21 25 23 25 27
27 22 24 25 20 27 26 27 29 34 21 30 27 39 20 28 27 20 22 38 32 20 27 21 28 24 24 27 27 23 22 15 27 28 33 13 21 13 29 13 20 22 36 21 21 31 31 14 32 26 15 24 29 27 32 25 18 33 24 37 23 25 30 13 22 23 25 23 30 32 19 31 29 32 36 24 30 30 26 25 23 28 28 28 16 29 27 26 25 19 21 23 22 20 17 21 29 20 24 16
24 21 11 35 30 22 24 26 32 22 24 22 27 20 27 20 21 26 24 33 29 35 21 34 27 24 22 31 22 21 29 30 28 24 34 24 35 24 23 21 21 28 24 20 23 16 25 26 23 23 22 24 18 31 18 27 22 27 21 25 23 26 32 10 26 36 28 30 22 28 17 21 30 27 28 34 20 17 23 29 27 28 25 28 20 19 27 22 33 21 26 28 30 30 24 28 23 26 30 25
25 19 33 32 14 31 26 18 26 17 29 30 40 29 27 25 22 18 31 24 26 27 22 27 29 26 32 32 20 23 28 35 17 22 21 19 17 21 28 15 25 18 29 38 29 20 28 25 36 22 23 34 30 23 23 24 22 21 20 29 31 13 26 20 29 22 25 22 18 27 28 14 16 27 15 24 26 23 22 23 21 30 24 28 40 26 24 23 37 30 24 22 27 29 29 25 27 18 27 31
23 24 28 25 22 25 26 24 25 24 24 23 26 25 25 27 21 28 25 26 27 23 15 32 27 22 22 28 26 25 22 23 29 27 35 31 24 29 26 32 27 22 22 26 24 16 24 31 27 24 20 26 24 29 32 32 26 32 22 20 25 30 27 35 17 22 17 29 24 17 25 19 18 26 17 13 20 21 25 29 30 27 26 28 26 26 28 24 23 30 30 26 37 17 10 11 50 45 18 28
20 27 30 28 21 26 25 30 26 31 33 20 28 21 34 29 25 27 28 36 36 27 30 20 34 21 30 22 38 28 44 25 31 29 12 27 23 17 17 22 20 19 33 26 30 35 28 27 15 29 27 26 25 22 23 24 17 21 28 54 9 14 24 12 17 14 8 12 9 14 14 18 10 4 5 12 16 13 10 10 16 11 5 7 10 12 8 9 15 28 11 11 14 15 11 15 11 9 11 8
7 12 8 11 9 15 10 14 15 15 11 7 6 15 19 9 9 17 8 10 9 9 12 9 11 10 17 13 17 8 11 10 8 16 10 12 10 10 11 10 12 14 10 7 13 12 10 16 16 7 10 17 10 9 14 8 13 14 10 16 4 10 5 5 10 8 11 8 13 11 7 14 18 8 9 6 10 10 12 13 12 9 15 7 12 12 14 6 12 21 10         
