0.444444444444444 2909 13 21 17 23 22 18 13 19 19 24 15 22 26 22 27 26 25 19 22 28 27 19 25 23 19 20 25 18 24 22 26 12 29 25 13 32 23 20 24 28 16 21 20 16 17 19 28 25 19 17 25 26 33 30 17 33 19 20 18 18 19 22 31 22 34 24 21 40 23 19 27 23 31 29 21 25 10 17 21 31 18 28 19 18 24 22 23 22 33 19 20 26 25 28 21 22 28 28
22 22 27 20 24 24 32 32 28 21 30 87 44 39 25 24 17 19 18 22 18 25 27 22 15 15 35 26 20 39 18 27 24 19 28 21 14 33 26 24 17 21 24 19 29 33 20 27 24 22 29 26 20 15 18 31 18 17 19 26 13 19 26 25 20 17 21 31 26 22 19 32 19 20 20 22 23 19 19 24 18 19 24 22 26 20 31 21 20 21 18 32 13 36 24 22 27 24 18 23
24 25 22 15 21 25 23 30 28 13 20 18 19 20 23 33 13 28 23 26 25 28 18 17 27 22 28 20 20 22 22 30 18 19 20 15 26 27 28 16 20 15 14 24 33 20 20 23 25 37 23 18 21 21 23 14 24 18 18 18 26 22 21 26 21 29 22 26 18 28 21 29 26 14 20 25 21 22 30 17 25 16 22 26 23 23 21 26 19 32 21 24 16 24 17 20 29 18 17 31
29 20 24 21 17 22 24 22 20 20 18 24 19 20 23 33 19 16 21 15 27 19 16 23 24 19 21 15 20 24 20 13 17 23 16 24 20 28 18 17 28 19 14 17 23 28 16 21 26 31 28 18 12 15 11 24 34 19 19 18 15 27 23 15 26 11 20 25 25 18 20 31 19 16 32 22 25 18 16 17 24 20 29 21 15 22 24 21 18 18 13 29 28 23 18 24 17 22 31 21
29 24 23 17 21 32 26 12 29 17 24 15 12 35 26 14 26 30 24 23 17 21 26 22 23 22 21 21 24 27 26 28 18 21 24 27 22 25 28 24 19 16 20 28 13 21 19 17 22 24 19 22 20 25 21 23 22 18 15 16 14 23 24 20 23 24 17 22 19 21 16 26 24 21 22 20 38 23 16 13 19 26 22 22 19 19 12 16 12 21 13 22 24 13 22 21 30 31 34 23
13 18 23 21 21 16 20 14 22 26 26 27 26 21 19 23 26 23 25 23 23 27 23 23 17 16 26 19 24 20 17 22 24 28 16 21 20 16 18 31 22 21 20 28 24 21 18 10 16 24 21 21 21 14 24 25 20 12 24 21 16 22 17 25 26 19 19 17 28 17 17 19 23 25 24 20 5 24 22 19 24 24 29 20 17 19 16 18 18 12 24 20 22 23 21 18 17 18 24 18
29 27 26 23 14 14 30 21 12 23 24 26 14 25 24 21 23 21 24 24 16 21 35 21 30 18 20 29 15 25 27 23 20 18 17 24 26 22 30 25 24 21 21 34 21 16 21 21 8 21 23 28 19 25 24 29 22 26 19 21 24 26 26 20 20 19 29 16 14 19 27 14 19 26 15 30 23 19 27 27 29 17 20 26 14 22 38 24 18 16 19 22 29 26 24 21 18 23 21 20
26 30 32 22 12 18 20 18 18 17 25 23 17 23 46 22 22 21 25 18 22 16 21 27 18 26 17 16 25 25 33 24 29 22 22 28 23 22 23 23 24 19 25 26 30 21 29 27 24 25 23 29 16 24 17 23 25 18 22 27 23 28 24 18 23 26 27 20 23 14 28 22 16 21 22 20 14 14 22 17 18 30 21 21 25 21 28 21 31 27 20 20 27 21 17 24 16 24 24 16
24 23 12 21 18 18 15 20 27 24 20 31 27 21 17 26 24 11 18 17 19 17 20 28 21 26 13 25 17 24 17 20 28 19 25 24 25 23 29 16 25 25 23 17 16 18 26 31 22 25 21 22 14 20 30 16 25 20 23 21 21 19 21 18 21 24 24 20 18 21 14 20 14 17 24 19 24 25 26 20 22 16 17 18 25 22 19 15 16 28 20 23 23 23 19 25 17 22 22 20
20 23 25 27 36 24 15 17 29 22 20 25 23 24 15 14 23 19 15 20 26 27 22 19 25 17 17 26 22 24 27 21 19 25 12 30 24 28 29 19 17 22 23 21 20 17 18 20 26 21 24 25 24 27 27 22 22 13 13 17 21 20 24 21 26 22 18 19 17 19 21 24 22 22 18 29 19 32 20 26 25 23 28 26 22 26 22 25 18 19 57 19 16 22 25 17 31 19 26 9
25 27 16 21 26 30 25 20 21 22 27 18 26 26 25 26 14 30 17 30 21 25 23 37 30 12 25 18 21 26 17 16 23 22 26 35 16 19 18 23 17 24 21 17 27 25 25 29 27 23 19 14 23 17 18 34 24 19 14 24 21 24 19 34 23 15 20 29 21 22 17 20 29 28 23 19 23 21 20 19 12 25 19 21 25 22 22 28 15 22 19 22 25 27 22 24 16 25 25 21
35 20 23 26 18 29 19 14 20 20 25 18 15 26 23 16 20 27 19 19 24 18 19 24 16 19 20 19 22 16 20 18 23 27 18 26 22 26 21 19 16 18 23 18 26 25 33 22 21 21 25 21 20 22 17 23 19 19 23 24 21 19 25 32 21 14 19 36 23 28 25 28 16 25 16 20 21 15 14 23 19 25 23 21 22 30 16 31 18 17 26 18 23 23 25 32 18 26 21 19
21 20 29 17 23 18 19 26 24 22 26 23 24 25 22 30 23 30 21 23 25 17 10 20 17 28 19 25 14 20 19 18 20 21 15 20 28 34 31 18 17 19 27 12 17 13 24 13 22 32 23 23 30 26 19 26 28 25 22 19 22 18 21 23 14 36 22 22 22 20 19 22 16 21 19 31 20 21 26 19 19 25 23 24 32 15 20 22 20 23 18 31 17 18 14 5 16 26 19 16
8 21 24 28 13 24 22 22 27 24 26 24 24 24 23 14 16 26 22 12 18 26 20 35 28 27 26 25 23 14 26 25 19 23 14 21 31 21 15 24 22 18 18 29 27 31 24 20 21 25 30 19 34 20 19 19 19 22 20 24 25 25 35 26 25 23 22 14 23 21 26 17 16 18 19 21 25 23 17 25 15 25 22 26 23 22 38 19 17 26 15 22 18 30 29 21 19 25 21 20
23 18 22 15 31 17 21 26 20 25 21 25 25 17 27 22 20 18 17 27 19 27 20 27 14 25 21 17 25 18 18 21 48 38 21 17 23 23 17 22 30 24 24 22 21 11 22 26 18 14 20 32 13 24 15 16 24 18 21 17 27 32 18 16 26 15 18 14 18 21 18 18 19 15 26 14 18 24 17 22 23 41 23 21 18 29 22 18 17 16 21 28 23 23 13 23 19 31 16 19
24 20 16 17 19 21 26 23 19 22 22 24 16 12 28 33 17 14 22 21 22 16 20 25 26 21 28 24 30 18 27 24 21 21 25 26 19 28 18 11 20 16 21 38 20 24 16 24 24 28 18 25 23 24 19 28 18 22 29 14 19 20 27 19 18 19 9 10 19 28 40 20 19 19 21 29 33 21 16 30 17 21 13 26 23 21 26 21 30 26 24 20 23 18 22 29 30 21 12 20
13 17 20 27 34 17 22 27 27 19 19 19 26 17 17 20 23 26 8 27 15 24 18 15 21 25 25 24 19 24 21 17 22 15 25 21 13 22 22 17 18 25 23 20 19 29 22 26 30 23 28 24 19 26 29 23 23 34 14 25 18 30 18 30 35 28 21 21 22 19 33 24 27 24 26 16 18 29 16 17 12 17 17 24 14 19 27 19 22 28 18 23 12 27 19 17 21 18 22 18
27 26 26 15 19 19 22 15 31 23 24 23 27 19 14 31 22 25 24 17 20 24 21 24 18 20 20 30 25 19 26 28 27 28 25 26 25 17 9 20 21 31 23 25 31 23 24 24 29 18 28 25 25 22 32 14 16 30 24 24 24 12 23 23 24 27 18 21 6 15 24 18 20 19 18 24 25 20 26 13 25 16 18 35 22 32 18 15 31 20 23 25 21 33 23 19 18 24 14 25
23 21 25 18 42 24 23 25 26 25 13 11 28 23 18 14 33 29 25 26 19 27 16 34 25 19 26 22 23 19 17 28 25 18 21 28 26 26 18 14 29 21 15 26 24 33 24 16 32 21 21 23 20 33 26 18 20 27 24 20 24 24 18 21 26 28 20 30 17 23 22 17 35 22 21 18 29 17 17 24 22 23 22 21 16 18 21 26 29 22 18 23 15 22 24 17 16 24 27 20
16 24 23 23 24 14 24 29 16 25 22 27 21 19 21 19 17 11 20 25 25 23 27 26 17 20 29 26 26 22 29 26 23 30 26 30 27 20 29 21 26 18 19 27 19 21 14 20 17 17 16 26 19 23 23 25 19 22 23 19 22 19 28 23 22 26 25 21 28 14 17 27 18 17 14 22 20 28 17 26 27 23 25 29 26 16 24 33 26 17 21 14 15 14 21 20 23 23 32 19
36 17 32 15 19 12 22 21 18 29 22 19 24 26 23 23 26 17 22 22 23 17 18 25 26 27 23 20 31 19 24 23 27 28 13 29 19 20 22 22 20 29 21 19 21 21 27 25 31 24 27 17 23 23 30 19 21 14 28 25 19 22 22 23 15 36 13 27 15 18 26 18 21 24 23 32 25 23 28 24 18 13 25 16 24 22 24 19 29 19 33 23 27 30 23 22 16 16 24 25
24 18 24 21 20 24 25 19 15 15 18 19 16 28 24 18 21 20 14 25 23 16 30 28 22 27 21 24 19 17 24 27 24 27 30 24 20 35 21 18 26 19 24 18 21 17 23 23 16 25 20 30 9 26 27 23 25 28 18 33 27 23 24 20 21 20 23 25 13 24 23 31 24 24 24 21 23 20 15 23 15 16 26 20 24 19 20 25 23 19 14 23 26 30 17 28 20 14 31 24
23 14 24 18 27 15 21 24 31 20 28 30 30 24 17 20 29 23 23 21 19 23 30 22 22 19 30 17 20 16 22 18 19 20 24 25 23 24 33 19 20 30 29 26 21 26 21 22 17 20 23 21 24 17 15 24 18 12 20 18 22 16 22 27 23 26 19 19 17 27 22 27 23 24 21 28 18 21 20 26 15 19 22 20 28 21 22 29 21 20 15 25 19 20 18 25 23 29 19 23
22 23 31 19 30 19 22 26 28 20 28 14 14 26 25 24 19 24 19 14 14 23 25 21 24 22 22 19 15 18 24 21 18 30 26 23 22 30 27 17 25 10 24 22 23 35 20 14 21 25 24 17 26 15 24 27 15 9 13 23 19 23 21 33 22 18 17 22 20 16 18 35 24 19 24 15 31 21 18 21 21 17 15 30 17 26 12 24 29 22 18 25 13 28 31 23 20 26 20 21
17 18 17 31 22 13 22 22 22 11 21 22 26 21 25 37 23 22 14 26 28 24 13 21 22 12 19 27 15 28 27 25 19 32 30 26 35 24 22 30 29 17 17 18 15 21 22 36 18 19 22 22 26 15 33 15 16 21 29 27 25 26 14 21 26 19 20 29 20 30 21 26 23 29 23 17 26 17 16 21 33 16 18 25 17 16 13 23 23 28 19 17 22 25 15 29 16 16 26 21
25 33 26 22 33 24 23 23 23 21 15 27 21 20 16 27 25 26 26 31 22 30 23 29 26 29 20 24 20 24 19 19 12 31 31 31 21 17 23 32 40 15 29 17 16 19 24 18 14 21 15 15 24 24 27 21 22 29 18 16 20 23 20 33 29 15 16 22 18 20 21 31 26 20 29 21 30 20 18 21 24 23 26 16 21 13 15 26 17 12 30 21 16 26 32 22 34 18 23 22
11 6 25 28 28 28 18 19 16 17 24 26 26 19 23 22 18 14 20 15 31 21 21 24 19 16 24 25 23 22 26 28 19 15 17 24 21 21 26 16 25 31 21 27 22 19 20 28 21 24 26 12 21 26 33 28 27 24 16 23 22 26 23 26 24 23 19 11 24 16 12 15 18 19 24 17 20 12 20 20 23 14 27 28 19 18 21 25 22 21 20 25 26 28 26 13 20 20 19 19
21 29 16 31 26 19 30 31 17 19 21 24 13 19 25 18 22 22 26 25 15 22 27 21 21 20 22 37 27 20 19 21 21 19 16 12 28 23 20 16 26 21 21 17 21 37 22 24 25 28 19 15 33 32 20 21 20 36 28 25 21 23 21 24 28 23 16 16 21 27 21 16 15 25 30 21 22 27 27 27 22 17 24 20 20 28 26 14 30 21 23 30 22 13 20 22 15 14 22 27
25 23 21 23 18 31 21 21 27 24 17 17 19 24 26 19 23 23 18 22 16 33 29 18 20 27 22 18 25 31 33 21 21 17 22 17 21 21 30 37 14 21 32 19 22 26 29 12 20 31 21 26 17 20 21 28 21 19 15 21 20 34 15 14 13 27 23 32 22 22 22 22 14 23 21 32 17 22 18 24 22 30 23 23 23 26 35 29 27 27 24 29 21 30 19 21 24 29 33 20
20 19 26 16 23 24 27 34 20 19 26                                                                                         
