0.428571428571429 3214 20 29 27 31 23 41 42 35 47 25 33 23 34 26 36 36 30 26 39 30 27 46 32 33 29 37 16 29 33 34 29 28 35 29 33 17 34 39 33 26 38 42 32 56 15 19 24 29 30 38 35 39 35 34 24 18 38 25 39 31 35 35 37 31 25 36 24 38 26 29 29 25 35 34 33 22 22 35 29 16 40 30 32 25 28 30 33 35 35 37 32 33 17 33 37 31 29 30
28 50 38 39 34 38 32 38 37 24 21 21 32 39 36 29 22 25 28 31 36 32 39 34 29 22 35 30 28 25 35 37 26 36 32 28 29 36 32 19 21 32 27 37 34 38 31 36 30 41 24 27 27 37 34 28 35 24 32 24 12 28 38 31 33 35 45 37 36 27 30 34 29 31 23 37 36 35 29 32 28 28 32 25 20 31 20 35 28 35 27 27 24 38 25 39 33 28 34 40
24 35 24 32 18 30 31 31 35 32 41 38 31 24 30 35 43 35 24 35 35 21 42 28 31 30 43 40 37 30 36 37 28 29 33 23 25 30 35 29 30 27 33 33 31 37 41 25 26 30 36 43 28 37 35 34 16 29 25 34 23 78 35 44 32 38 35 28 32 27 34 27 31 28 31 39 29 33 31 34 45 27 36 28 29 31 26 26 33 28 33 30 29 28 29 33 17 38 25 23
20 26 33 25 35 33 41 38 41 33 24 28 34 41 29 26 31 24 40 24 30 35 29 34 26 30 40 22 39 31 36 35 27 23 37 39 26 24 34 36 26 32 28 34 30 33 35 34 30 32 38 24 28 25 47 29 33 41 27 31 27 35 34 32 23 33 28 33 24 29 28 33 37 27 32 35 34 26 27 32 39 29 32 42 27 27 29 24 31 33 26 23 24 20 30 14 34 27 29 26
27 27 26 31 38 23 25 16 31 29 27 27 34 21 22 23 22 21 22 30 36 33 31 29 31 31 30 38 30 23 42 35 36 27 26 25 34 37 40 39 40 35 37 39 30 35 37 35 53 35 32 32 29 28 20 23 31 29 28 42 37 28 20 28 27 33 20 27 28 24 23 32 27 27 39 26 35 26 29 27 38 24 20 24 31 25 29 28 23 34 34 23 33 25 26 41 31 26 50 31
28 35 29 41 33 25 39 42 39 18 28 27 29 23 29 30 30 30 28 31 29 32 42 37 32 28 35 27 27 22 33 36 24 25 28 24 34 26 25 36 36 34 29 35 34 29 20 37 29 29 25 30 25 31 23 27 34 34 32 32 39 22 25 25 36 34 32 34 27 25 32 27 33 36 20 30 31 38 41 28 34 30 35 21 31 31 36 39 33 34 23 35 24 33 26 14 41 41 28 35
24 31 26 37 43 18 44 30 28 31 45 25 38 36 35 28 38 32 36 35 29 30 33 32 30 31 35 30 30 30 39 32 31 15 35 37 29 33 33 44 28 32 34 32 36 48 34 31 40 30 38 28 29 39 27 21 18 36 33 27 29 28 33 28 30 30 35 38 32 37 34 31 29 34 25 31 33 32 34 23 36 37 24 34 30 23 33 30 38 36 30 31 45 27 29 33 39 35 22 28
24 34 28 32 36 40 32 27 35 22 32 30 18 25 25 28 32 42 39 22 32 29 31 30 34 31 28 31 32 30 36 36 29 29 28 34 23 36 25 25 33 22 40 37 25 45 21 26 36 26 38 25 22 34 33 35 36 32 27 27 36 38 29 22 31 31 36 29 40 23 32 38 25 27 31 39 29 29 32 44 28 25 28 30 28 28 23 24 34 28 28 29 27 29 27 37 29 33 32 32
36 32 21 36 32 24 19 28 25 26 39 34 28 41 31 28 25 22 33 27 34 32 28 20 43 43 32 37 15 34 22 29 18 40 26 22 35 35 33 31 33 30 37 36 27 20 31 26 34 28 27 19 39 32 24 27 29 24 28 19 31 24 31 28 24 46 24 38 14 33 39 28 30 30 36 27 35 32 32 24 34 30 27 18 34 32 35 26 38 29 28 36 44 44 29 27 43 35 39 41
41 28 37 37 31 33 34 38 31 39 33 78 65 34 32 17 35 30 28 33 34 30 52 29 34 40 47 22 27 35 31 29 33 32 32 42 26 31 35 31 31 28 29 35 28 40 35 37 36 24 32 35 32 39 41 27 32 29 32 30 35 33 34 53 23 41 37 18 32 20 34 26 39 37 29 43 33 27 34 28 33 33 28 27 44 34 39 29 22 41 34 38 34 24 36 27 31 32 30 27
27 28 34 25 30 39 32 28 36 29 38 25 29 36 33 33 29 35 38 29 31 23 25 28 32 38 26 34 12 43 48 53 33 39 42 40 37 36 40 28 35 33 25 26 26 35 27 35 40 40 37 30 29 29 27 37 32 32 36 23 30 19 26 21 29 34 37 24 22 27 23 26 34 30 33 33 26 25 38 32 30 36 30 31 24 36 23 33 41 25 28 35 36 28 31 37 30 29 31 25
30 29 29 33 27 47 30 38 31 31 25 34 26 39 24 47 31 34 33 37 39 38 31 27 35 27 27 30 31 32 30 35 26 30 29 37 36 25 28 44 28 32 25 33 31 34 25 42 39 31 26 28 38 25 28 24 32 34 39 32 35 24 20 42 38 30 31 38 32 31 28 28 32 31 28 34 40 35 36 26 24 26 22 30 32 29 30 44 28 37 28 38 24 47 35 30 31 27 34 30
19 32 38 44 26 30 35 24 34 33 27 31 41 37 26 30 27 36 26 37 25 32 38 27 32 33 33 31 43 31 21 24 34 36 39 25 35 34 33 29 34 36 43 36 30 25 24 36 27 31 31 30 28 20 28 26 31 27 35 41 28 27 17 32 29 34 39 23 39 38 37 25 29 24 30 35 31 28 41 23 26 29 25 28 23 32 32 29 41 39 35 21 22 22 48 35 28 34 26 24
25 34 26 19 26 30 25 31 30 38 33 37 19 28 40 25 29 36 15 38 40 34 26 48 27 21 30 22 25 36 30 32 31 36 34 23 26 25 35 17 43 25 38 38 31 42 29 22 30 35 28 32 32 37 35 23 34 30 36 35 34 39 28 32 37 27 29 37 30 39 33 31 31 36 32 20 31 26 34 23 29 33 36 20 32 39 37 31 26 26 34 23 24 21 30 24 27 25 27 38
34 33 33 36 31 34 25 36 30 17 35 27 31 33 27 25 34 41 39 33 28 31 30 31 17 34 20 21 30 23 21 28 39 24 32 34 37 32 27 31 37 30 26 34 31 29 29 22 34 32 32 22 25 29 31 39 21 31 35 38 31 38 22 30 30 28 30 30 26 21 28 26 21 44 36 36 29 23 27 41 37 34 20 32 22 28 29 30 32 31 19 32 21 35 21 21 24 25 26 13
10 17 18 18 20 21 40 21 19 32 27 32 24 37 35 30 35 36 28 34 25 17 20 37 30 21 23 36 27 30 37 26 35 28 29 24 36 35 27 33 40 33 41 22 26 24 34 31 24 26 36 32 27 24 26 30 21 16 22 13 22 18 32 25 36 34 21 37 37 33 25 22 21 31 23 23 28 40 14 28 32 36 29 28 23 43 23 32 39 35 36 27 30 23 28 31 39 35 33 34
40 31 30 30 30 28 33 34 29 24 28 33 32 32 35 44 39 29 38 18 28 36 32 37 40 28 24 26 32 40 39 30 41 33 22 30 35 39 40 34 33 32 26 24 30 38 36 35 39 30 32 25 33 20 29 32 40 36 32 29 23 25 36 33 28 31 38 19 28 13 86 65 30 14 18 32 41 38 33 32 47 31 27 29 33 32 19 28 24 30 25 29 22 21 26 25 36 26 32 26
35 29 31 44 31 36 41 33 29 23 34 41 24 27 31 30 36 31 31 38 38 33 37 27 25 30 32 37 26 30 27 35 26 29 31 25 23 33 31 36 42 31 35 29 44 22 39 28 39 30 23 32 38 35 27 43 32 37 28 31 40 39 34 43 26 38 35 30 32 35 31 22 22 38 27 26 40 39 26 29 25 33 28 32 28 29 41 32 27 24 33 27 23 32 34 32 37 22 39 41
38 34 12 20 41 33 28 24 34 28 28 33 30 23 37 29 26 27 17 43 29 27 39 28 27 24 29 18 29 32 24 31 23 30 25 30 41 29 29 29 26 31 30 39 33 23 27 32 32 28 18 26 38 27 30 31 31 26 32 22 30 40 36 30 31 36 30 31 24 29 25 37 35 32 35 26 38 34 25 28 29 35 26 31 27 26 26 32 23 32 24 29 42 24 33 40 43 25 29 36
34 26 30 39 32 35 24 35 27 21 31 31 24 45 40 25 37 27 33 35 38 34 29 30 35 33 32 27 32 27 28 23 18 16 22 25 36 31 40 18 22 39 22 31 26 27 23 48 32 41 40 35 26 28 39 35 37 32 35 25 34 29 26 26 29 32 28 37 27 39 37 25 31 27 32 31 26 23 29 28 25 32 36 26 29 26 39 45 20 37 32 29 21 25 32 35 27 28 25 30
22 34 24 22 41 32 33 25 33 25 36 32 31 38 37 30 30 23 27 26 33 21 30 27 32 29 20 28 31 30 22 17 25 28 26 38 27 46 31 33 37 22 39 32 29 38 18 31 36 31 35 22 35 36 22 39 27 33 25 40 43 19 29 35 25 30 28 26 33 36 20 30 28 30 25 17 49 32 23 23 28 32 32 35 23 24 44 38 37 33 26 29 34 34 33 32 26 36 32 25
29 17 23 31 36 28 38 31 25 40 23 24 25 33 36 34 32 31 26 26 33 24 15 17 13 19 15 9 26 11 15 22 18 20 38 40 32 34 35 42 39 35 35 22 23 23 35 26 26 24 28 27 21 33 28 30 23 28 30 38 33 35 24 37 27 25 21 37 37 28 30 26 26 32 26 36 31 25 31 38 30 26 35 23 34 38 25 21 31 35 20 34 32 29 30 37 39 24 29 36
35 30 34 24 30 36 32 30 30 23 37 31 34 29 39 30 28 35 40 37 27 33 28 38 32 23 33 39 26 21 28 31 25 32 30 30 29 34 31 35 34 31 32 23 33 27 28 9 31 27 29 34 20 32 20 25 32 30 30 21 38 23 33 25 31 34 36 28 31 28 26 34 31 33 42 31 28 30 33 30 27 36 28 37 25 26 39 38 26 35 36 31 35 28 19 26 30 21 29 28
32 24 32 35 21 24 30 27 32 38 33 24 43 38 24 22 29 22 29 29 30 29 32 39 35 27 31 23 23 31 33 34 34 25 36 29 30 30 34 27 30 35 27 40 34 35 33 33 33 17 29 34 39 22 31 43 31 30 35 31 29 25 44 34 31 34 29 33 25 29 33 30 29 33 33 49 44 37 28 32 35 32 20 34 27 31 26 26 34 24 32 20 25 29 39 44 36 27 27 27
24 25 42 21 43 32 38 26 40 22 28 45 29 38 32 33 36 32 23 21 33 27 25 29 33 23 41 24 33 25 32 26 42 32 38 37 21 27 24 19 26 25 44 29 29 22 14 29 36 31 34 15 30 26 32 36 25 35 17 24 26 26 24 37 41 24 20 17 41 29 23 27 37 18 39 31 30 27 33 35 26 34 31 33 30 30 26 30 26 31 26 29 25 20 35 28 25 32 31 31
30 23 29 28 19 44 29 27 24 28 20 26 32 34 26 32 26 19 33 27 23 33 36 29 19 23 21 25 31 34 37 26 37 39 23 28 18 40 30 32 19 39 31 33 27 24 33 25 32 35 25 37 28 23 26 26 35 30 18 28 27 17 33 26 29 20 29 19 33 22 28 37 37 15 35 31 35 27 20 29 26 32 28 22 26 35 28 32 27 35 33 29 23 22 33 26 31 29 31 24
33 30 28 31 32 29 32 40 24 71 28 31 29 27 31 41 38 32 24 37 30 30 25 33 29 31 27 32 22 32 30 34 22 28 27 29 34 30 42 32 38 15 12 33 32 34 12 27 30 32 30 38 38 16 25 29 40 36 28 23 23 25 44 25 22 33 31 24 35 25 14 31 38 27 34 24 28 15 31 28 44 33 36 23 39 31 35 37 35 34 25 33 32 28 28 37 32 33 23 36
30 30 36 34 35 32 25 34 32 27 44 38 31 23 12 25 32 34 34 26 40 21 34 43 30 34 30 17 48 29 32 25 26 33 46 28 40 23 31 28 38 28 29 20 38 35 39 44 20 29 29 40 36 28 30 37 22 36 27 25 27 26 33 33 28 41 29 39 26 25 30 28 41 31 35 36 24 27 38 34 37 36 36 24 44 40 27 30 18 36 35 33 39 14 41 32 36 41 24 27
38 34 33 35 44 28 38 26 28 22 26 25 25 29 41 30 31 30 36 35 28 18 37 24 29 25 27 39 32 30 24 22 32 24 28 42 25 28 28 43 26 30 37 42 22 27 31 36 35 26 30 35 24 31 41 28 42 28 37 27 30 26 32 23 29 33 25 30 25 19 35 23 40 43 38 27 26 26 36 22 26 40 22 36 39 29 31 34 43 37 30 41 27 23 23 32 26 33 35 31
31 20 33 34 38 30 33 18 28 27 28 31 37 26 33 29 28 33 41 34 38 30 33 30 42 31 27 22 21 18 39 27 30 30 31 27 34 33 32 34 32 34 23 39 20 23 17 31 33 30 26 26 26 31 37 38 25 34 29 37 28 29 32 33 26 20 29 40 23 39 37 31 43 33 33 35 35 29 33 29 29 25 33 30 37 31 31 38 24 34 24 31 23 24 33 40 35 30 40 24
36 30 38 30 25 21 92 37 26 64 25 38 39 27 17 25 24 43 35 31 29 24 33 33 27 27 39 46 29 31 32 34 36 22 27 26 31 34 34 31 25 37 27 46 32 35 41 24 30 29 30 35 32 32 28 21 33 33 30 26 26 39 40 29 36 29 37 40 31 28 33 41 30 36 24 30 20 39 39 37 33 29 15 16 13 13 16 25 18 12 19 11 16 15 18 18 13 14 11 15
10 13 20 13 15 16 14 16 43 15 15 12 13 16 15 21 9 13 13 16 20 11 14 14 17 18 14 12 16 13 16 6 14 16 10 13 23 14 19 16 10 21 21 13 19 19 12 16 12 16 14 17 8 18 13 15 14 21 13 14 6 21 12 16 25 20 18 18 13 12 10 11 10 22 18 17 21 15 8 16 24 7 7 17 12 17 13 17 15 19 12 13 10 13 12 23 31 29 11 6
18 25 11 20 15 24 18 13 10 23 17 16 12 10 38 16                                                                                    
