0.466666666666667 2600 16 21 11 21 15 11 18 17 16 21 21 11 20 26 19 17 17 16 20 19 11 27 16 17 19 16 19 15 10 21 19 18 18 18 18 20 14 22 22 26 25 12 17 20 16 16 18 19 18 23 21 21 16 18 17 12 25 22 20 25 17 11 21 24 8 12 18 18 22 21 23 29 18 11 19 14 7 25 19 19 15 21 22 16 15 12 23 58 39 23 13 26 18 17 18 21 19 13
20 20 23 17 19 19 19 23 20 26 22 19 20 20 21 16 20 23 24 22 35 23 26 20 27 21 24 18 25 16 14 15 16 14 20 22 13 18 21 27 16 20 17 16 22 24 22 23 20 11 27 8 22 18 27 25 19 24 22 9 24 21 17 19 19 28 21 23 17 21 12 25 18 23 24 18 16 16 14 15 28 28 29 25 23 15 23 17 27 11 19 7 21 22 17 15 15 21 27 17
26 27 18 21 15 21 14 19 27 15 16 19 16 22 39 19 28 19 18 27 24 15 15 15 16 12 22 15 20 21 19 15 19 20 26 13 17 19 26 22 24 18 20 16 14 25 27 21 15 15 17 16 17 19 28 27 18 19 17 21 12 21 14 21 18 15 19 21 22 16 14 19 15 18 24 16 23 25 23 20 19 23 30 20 18 22 26 22 13 23 23 18 17 23 18 22 15 20 15 22
12 23 23 16 18 19 22 14 11 20 20 20 19 16 7 20 22 20 18 11 22 21 15 21 13 15 19 20 24 18 20 21 24 21 20 23 17 11 18 18 14 18 18 15 19 24 21 28 21 20 21 20 21 25 14 23 17 22 20 19 23 19 15 14 18 16 17 21 23 23 19 19 13 22 19 24 16 20 21 19 16 19 17 26 16 21 15 16 19 17 17 17 17 20 26 19 19 18 23 20
11 22 17 22 22 16 18 15 17 20 21 16 18 19 18 30 13 17 19 22 18 17 20 11 18 11 20 25 22 21 18 16 23 24 16 14 20 20 18 21 19 19 17 16 14 23 19 21 25 26 29 23 18 26 27 12 20 22 25 24 23 18 19 22 12 21 22 16 16 22 26 15 15 22 20 11 19 18 23 23 17 20 20 14 19 14 17 26 12 19 27 18 19 16 16 17 17 21 14 20
16 20 21 14 21 25 29 26 28 13 24 15 23 27 20 22 20 20 19 16 21 26 16 27 20 18 15 19 23 19 26 23 19 13 20 25 16 15 16 12 19 23 24 7 18 26 19 16 16 16 17 18 20 14 13 26 21 19 15 24 17 17 21 25 12 9 12 20 16 15 16 17 15 25 16 22 13 11 18 19 19 17 11 19 20 15 23 20 17 17 12 20 17 16 17 19 19 21 19 10
13 18 22 16 20 22 15 15 22 24 13 23 9 22 17 18 21 17 19 20 18 16 15 20 11 19 21 18 19 21 13 20 14 16 12 17 9 24 16 13 16 25 20 23 17 19 15 20 14 28 17 20 25 13 25 26 15 18 16 20 18 18 21 16 16 14 22 25 21 17 18 14 12 18 22 21 21 12 18 20 20 19 21 19 24 23 34 20 16 19 29 19 22 22 22 21 12 14 14 16
17 21 13 12 17 13 22 23 18 20 19 10 23 28 13 15 21 16 15 18 21 14 53 38 19 19 19 18 12 24 21 17 19 13 19 22 29 24 27 21 10 16 19 19 15 19 25 19 26 24 27 19 16 22 14 16 18 20 29 19 17 22 16 19 24 19 23 22 25 20 24 20 21 24 18 25 16 18 21 16 18 13 21 23 20 20 21 17 18 22 24 19 12 17 14 20 16 20 22 16
15 19 17 19 24 16 20 19 30 17 14 13 22 17 14 16 22 16 15 16 20 22 19 24 28 22 22 31 37 34 21 11 8 16 25 15 18 21 22 17 17 15 16 12 19 28 12 21 19 30 15 18 15 22 25 23 17 9 11 10 19 19 20 19 21 19 21 13 19 11 15 14 19 12 20 23 20 22 21 19 15 18 28 14 14 9 18 18 18 22 19 20 17 19 26 21 15 14 16 18
16 23 16 13 22 17 21 23 17 19 23 22 16 13 20 13 19 12 19 10 27 13 19 21 21 15 19 24 14 22 17 18 11 15 21 17 16 17 17 31 25 12 22 16 22 11 18 22 17 21 21 17 23 29 19 26 21 19 14 20 14 17 20 18 29 18 14 13 16 26 17 21 28 20 25 20 20 21 15 22 8 21 17 22 17 23 19 18 17 15 18 13 18 24 22 18 25 14 24 24
19 25 20 26 19 18 18 17 17 15 17 14 21 14 20 20 13 23 24 13 19 17 31 22 25 16 21 22 25 24 23 23 21 19 17 15 22 21 24 16 18 24 11 16 13 23 17 8 16 20 22 26 26 23 20 18 17 17 14 14 24 16 8 16 11 16 21 17 11 15 20 21 24 21 17 15 18 13 27 12 15 22 18 27 24 18 23 13 13 24 18 18 18 18 23 19 26 14 29 17
19 22 21 13 23 23 15 10 21 20 20 21 21 18 18 20 19 12 18 22 14 17 19 13 11 18 24 13 20 16 18 24 16 19 16 16 18 20 14 19 23 20 13 18 19 8 23 16 21 27 24 21 16 21 17 17 17 20 17 15 19 16 11 15 19 14 14 30 20 19 12 20 16 17 14 21 28 20 19 13 17 18 25 18 27 20 13 17 16 15 18 14 23 19 24 17 22 24 19 12
23 27 16 20 29 16 25 23 18 13 23 17 24 15 20 16 13 16 20 17 14 20 14 14 18 19 21 21 25 11 22 20 25 17 22 21 16 18 20 26 17 26 32 15 18 24 19 18 24 15 13 18 19 21 17 25 21 23 15 18 21 14 15 18 17 17 22 15 16 29 21 20 20 16 22 19 21 24 16 19 24 19 30 10 27 12 18 18 6 22 13 16 25 29 19 23 17 15 21 25
17 20 24 18 14 29 30 21 14 16 16 18 22 15 6 42 47 52 12 17 13 18 23 27 17 20 16 14 23 18 15 23 20 22 18 21 19 21 24 20 24 19 11 17 21 20 21 22 26 20 19 24 16 21 23 14 16 19 20 22 12 21 17 13 23 24 16 15 14 17 17 22 17 18 20 18 19 25 34 21 29 17 20 18 14 19 23 16 19 29 25 18 16 28 15 24 22 21 15 17
15 24 18 23 22 20 13 20 16 15 19 17 21 35 26 23 19 16 19 22 25 25 22 16 19 14 19 22 24 23 20 11 22 26 14 31 21 15 23 19 17 19 14 16 15 22 19 16 15 20 8 16 17 24 11 16 19 18 24 24 19 22 16 22 15 23 24 12 19 17 16 13 17 17 17 15 17 12 26 21 19 18 21 23 19 22 21 20 20 21 20 16 22 19 16 22 21 14 19 23
24 23 24 17 29 18 17 19 13 23 22 21 26 31 16 22 17 16 21 17 23 18 14 23 13 24 19 21 15 14 19 21 19 16 15 19 15 19 23 12 12 22 15 20 16 21 16 19 23 24 17 20 16 13 19 16 21 20 15 22 20 21 29 15 20 27 24 24 23 22 21 23 16 27 28 20 23 19 23 15 17 17 28 22 15 15 13 24 26 15 17 26 16 14 17 14 17 16 18 14
20 22 17 22 22 28 19 15 22 24 25 20 22 19 14 14 18 16 16 17 16 19 20 23 14 21 14 24 20 23 15 18 16 17 18 24 18 17 14 23 13 16 18 22 16 22 18 11 9 16 18 24 23 20 21 27 14 18 14 26 23 18 15 27 22 19 21 18 22 18 15 19 16 19 20 21 6 9 16 14 30 14 9 19 23 21 17 20 14 18 17 17 18 17 11 25 17 16 17 20
15 27 14 10 16 15 14 13 16 17 20 19 22 28 19 21 20 13 20 19 21 18 22 19 21 20 12 14 36 20 22 14 21 24 18 15 19 17 17 14 15 16 19 17 12 18 16 21 26 29 21 26 18 17 15 16 14 20 18 24 25 22 16 21 12 20 23 14 17 19 15 16 17 16 16 23 25 18 16 14 24 12 12 15 19 13 20 17 27 24 22 23 19 12 14 17 10 13 18 27
16 16 11 15 15 16 21 15 12 13 17 18 13 17 13 22 13 17 19 18 27 19 22 17 23 15 20 25 11 18 21 19 17 20 16 13 15 17 16 21 16 15 18 15 20 21 29 12 15 22 14 16 15 16 15 9 17 22 28 16 17 15 18 24 21 14 19 11 16 17 13 17 20 6 21 19 17 29 22 18 18 22 11 26 25 9 15 21 13 25 19 16 16 22 16 17 16 19 19 22
21 11 24 16 21 21 24 22 18 15 26 18 21 15 19 14 28 22 17 21 21 23 17 18 18 19 13 11 18 16 25 19 18 21 14 24 20 22 16 18 20 25 30 15 21 23 24 13 20 24 24 33 19 26 19 20 21 17 16 26 27 13 17 17 20 13 25 22 15 16 16 23 21 14 23 21 16 19 20 20 17 18 20 15 17 18 22 14 19 13 16 14 17 20 21 18 24 22 16 20
18 18 16 18 16 20 17 19 14 21 17 20 23 20 25 14 24 23 30 20 11 15 21 26 16 21 16 21 20 35 16 26 18 13 16 13 17 17 22 23 23 21 21 15 12 20 27 24 19 19 25 24 16 15 21 20 11 19 23 16 12 15 16 15 16 19 14 23 20 19 21 19 16 21 17 12 17 23 19 21 24 12 13 21 21 22 24 16 17 25 16 23 20 19 19 14 16 20 11 22
13 17 12 26 18 20 28 16 20 22 19 14 15 21 17 15 14 13 21 20 16 16 13 26 14 20 27 21 15 15 19 17 22 27 21 20 14 19 23 21 23 16 25 19 18 21 23 18 17 21 19 15 26 14 19 18 8 23 20 12 13 20 19 14 21 14 16 16 13 12 17 12 17 21 12 17 16 19 21 16 11 17 18 18 17 27 12 22 16 19 23 25 24 21 19 14 13 20 18 19
13 15 19 17 13 26 23 24 15 20 22 14 14 19 19 16 23 17 23 10 31 24 17 19 15 21 17 13 22 19 23 25 22 11 11 17 17 9 23 16 22 18 18 26 20 18 19 12 13 20 19 15 13 25 16 15 13 19 18 13 19 20 19 17 20 13 18 21 19 14 13 17 20 22 14 21 17 24 20 19 23 18 15 13 16 27 21 18 26 16 27 24 22 18 21 19 22 17 19 22
17 21 18 21 21 14 16 11 17 26 16 22 22 22 20 13 26 25 20 17 20 23 18 21 15 23 19 16 22 17 16 33 22 14 22 24 10 15 22 13 19 17 9 17 20 17 24 16 21 19 16 17 19 21 18 16 23 14 24 18 19 16 15 17 23 15 25 16 10 19 28 18 10 22 17 23 16 21 21 21 13 16 14 9 19 22 24 17 15 16 21 15 15 22 23 22 17 16 12 15
19 9 21 16 16 14 24 14 23 20 12 11 24 12 21 14 16 17 19 14 34 6 22 19 10 14 13 12 18 21 21 18 13 13 16 6 5 18 13 17 25 11 21 9 11 15 12 15 18 19 17 20 21 26 15 12 21 17 32 11 25 15 18 24 18 20 20 20 14 34 12 22 22 23 20 14 14 18 18 20 15 14 15 17 13 24 15 14 20 7 8 11 11 11 11 6 10 11 13 8
6 6 11 10 12 11 10 8 11 9 5 6 12 14 8 8 9 8 18 7 7 12 6 9 8 6 11 9 9 14 9 4 9 10 6 10 8 11 9 7 8 4 17 11 9 8 6 4 6 13 9 9 5 12 6 14 11 8 10 12 9 12 5 13 8 11 10 7 4 5 7 9 10 7 10 5 8 20 7 8 8 16 14 7 8 8 9 13 11 11 7 7 22 25 14 6 12 6 8 9
7 5                                                                                                  
