0.423076923076923 2920 24 29 22 38 34 31 28 40 30 37 15 43 29 34 33 41 32 26 30 35 28 32 28 35 28 23 22 28 30 26 35 30 33 21 28 31 26 20 33 31 31 39 23 37 31 25 35 26 25 32 23 36 33 30 31 31 41 35 29 35 28 34 33 35 33 24 36 22 18 34 24 28 37 39 34 32 29 35 32 20 30 26 33 26 27 35 33 26 25 23 24 30 29 25 35 21 20 26
37 21 33 29 23 40 33 25 42 30 33 35 20 18 36 34 26 36 39 27 32 35 33 25 26 33 31 33 30 31 30 44 29 29 24 33 34 32 32 34 24 30 27 41 41 28 24 34 30 38 27 28 30 34 29 35 30 36 33 32 29 35 30 26 28 35 24 31 37 20 22 27 42 33 34 33 22 42 27 37 28 34 30 30 37 36 28 32 33 25 39 39 28 21 38 32 25 28 27 35
37 30 21 27 25 25 30 17 23 23 22 23 21 30 26 26 29 35 38 35 32 35 25 21 25 17 29 20 45 28 28 24 43 38 28 31 33 19 38 36 20 29 30 40 30 27 23 25 27 33 46 29 39 26 22 36 40 33 31 30 35 38 40 31 21 35 28 19 33 27 19 30 28 24 33 25 27 26 39 23 24 34 26 23 30 37 28 28 29 25 36 27 31 37 31 23 31 37 25 24
37 32 27 34 35 34 38 40 19 21 39 28 30 25 40 43 27 26 21 29 22 24 23 29 22 22 28 40 33 33 39 24 32 26 20 30 26 27 35 31 29 32 26 28 19 38 33 43 35 31 26 32 34 33 37 30 31 14 34 26 27 35 23 25 32 34 25 24 40 25 42 30 36 28 29 32 30 34 36 34 24 32 26 27 38 23 33 35 26 29 28 21 32 36 20 33 34 30 32 38
29 36 38 16 22 25 29 16 31 24 30 32 33 32 27 33 28 24 28 24 31 30 25 27 28 25 27 37 28 27 25 36 26 21 39 32 26 37 37 44 56 41 25 33 37 17 33 24 29 23 30 34 21 22 37 32 31 28 34 34 36 31 29 25 26 26 24 33 37 25 31 17 23 33 26 31 33 38 29 26 30 34 34 33 22 31 30 27 32 25 37 37 33 36 29 29 23 33 27 26
35 41 32 28 27 31 36 30 24 24 26 37 21 41 27 30 20 24 19 23 27 24 32 27 23 34 38 28 32 33 34 26 33 32 29 26 26 35 35 33 31 21 26 29 31 29 27 34 31 37 29 24 36 20 23 33 31 32 24 25 25 31 25 24 31 36 26 20 28 27 28 34 34 31 32 41 37 33 25 33 29 26 27 24 28 30 21 33 38 33 26 34 36 36 26 33 23 35 28 24
27 29 19 30 25 38 31 16 27 33 35 29 31 30 21 35 31 22 26 32 25 41 26 34 39 21 25 23 32 42 34 33 23 24 21 34 32 42 33 32 32 30 35 27 26 30 23 26 31 21 29 27 17 41 25 34 35 22 35 32 32 25 27 29 33 27 25 27 24 32 33 26 30 30 26 24 27 19 26 27 30 54 58 37 28 36 27 29 32 30 33 30 24 33 41 33 29 29 26 24
30 16 31 26 32 20 30 28 28 38 20 29 30 24 31 22 28 30 27 32 29 32 22 35 24 21 29 25 29 33 32 15 35 27 33 24 35 31 28 27 35 30 26 28 34 25 32 28 30 23 37 30 16 28 28 27 30 36 33 24 27 21 25 31 36 40 28 34 31 32 16 25 44 23 36 34 33 38 31 19 36 69 82 27 24 35 26 29 24 35 24 29 35 25 20 41 33 36 25 38
30 28 26 33 31 36 35 28 28 24 31 19 31 25 30 32 29 24 36 27 32 30 35 22 23 37 42 17 30 32 24 30 30 30 30 24 30 32 25 27 37 22 28 29 28 33 22 32 32 23 25 35 26 29 22 22 34 34 30 25 28 33 35 33 22 26 24 33 27 30 25 32 32 31 29 30 37 31 36 35 37 28 20 23 46 21 27 21 28 36 30 33 28 38 32 26 35 32 15 23
31 31 35 27 29 33 31 21 23 30 28 38 25 25 30 34 30 20 27 27 27 25 31 30 18 27 29 20 35 32 27 29 25 24 35 33 31 21 26 29 26 27 38 32 38 33 28 24 27 25 27 24 26 31 26 26 28 32 28 37 26 33 37 39 38 29 30 18 29 36 46 38 27 26 32 27 29 30 36 29 27 38 33 26 35 16 37 22 35 35 31 33 32 32 39 25 28 32 20 36
22 33 20 30 33 28 25 29 38 24 23 25 24 32 36 33 25 34 31 28 22 30 39 36 37 30 29 29 26 27 43 18 39 29 36 29 23 29 36 17 32 27 29 21 31 27 34 29 29 36 31 35 30 28 36 31 31 23 32 35 24 19 35 24 40 30 33 22 20 41 35 27 40 20 27 29 21 32 35 19 31 20 31 27 18 40 34 26 20 30 31 34 30 23 32 25 33 39 31 32
32 35 44 21 31 27 25 29 25 27 26 27 36 30 21 32 39 23 32 26 25 34 29 33 31 35 30 25 21 20 35 38 34 27 28 20 25 23 29 24 33 34 27 23 28 32 35 25 30 32 39 39 34 30 47 25 33 27 43 28 30 36 35 27 21 26 31 35 29 29 34 29 19 38 31 23 31 30 34 33 27 25 23 20 30 44 35 25 32 30 32 30 28 35 33 36 32 20 24 31
27 23 39 29 25 27 50 27 34 38 34 24 24 23 31 24 26 23 34 37 25 33 36 18 27 31 21 20 28 37 25 41 21 18 18 47 31 42 34 37 27 25 27 36 32 34 16 15 32 38 35 24 26 27 22 29 28 28 26 30 34 31 23 24 16 27 35 42 31 31 31 30 36 22 20 31 35 29 23 30 33 45 22 29 36 16 22 28 33 25 21 33 26 23 36 28 25 24 27 23
27 19 45 36 26 36 25 32 21 25 31 26 23 30 27 24 38 33 24 30 31 22 30 21 32 23 37 27 22 26 43 31 30 25 34 40 31 21 22 28 24 23 22 33 33 35 28 34 37 27 35 27 28 35 23 31 24 28 28 32 25 30 34 33 27 30 29 33 26 34 34 25 30 36 26 22 28 39 40 23 34 36 25 39 39 31 30 30 44 20 32 19 25 40 30 33 35 27 21 38
31 38 23 34 18 20 67 22 28 30 33 37 44 20 33 31 31 33 29 37 37 37 27 25 33 28 30 19 32 28 32 31 31 32 34 24 32 28 19 28 29 29 26 21 29 37 34 28 24 32 31 31 32 37 27 35 36 32 30 28 31 35 41 35 36 32 39 29 28 37 27 24 26 28 38 36 32 34 23 23 28 29 34 33 22 32 36 27 28 39 30 32 35 26 37 40 36 40 36 25
28 32 27 37 35 27 29 30 30 25 16 29 28 27 28 25 18 26 33 22 28 24 39 33 41 16 28 31 34 24 27 27 34 30 35 22 27 27 36 26 35 28 27 37 27 32 27 43 30 21 31 26 29 29 36 31 26 35 21 24 33 29 37 48 33 34 37 38 24 29 27 31 28 32 34 33 33 27 24 30 29 35 28 33 36 30 27 31 25 31 34 26 30 30 27 35 33 30 20 43
26 40 32 22 28 33 28 24 31 26 27 35 27 23 32 31 29 30 47 28 41 39 31 29 32 29 23 35 26 30 33 30 34 27 35 36 33 27 25 25 36 32 27 18 30 34 30 27 25 22 21 25 25 29 27 40 23 27 36 34 30 32 31 35 25 25 31 27 31 39 43 45 23 24 28 33 25 26 26 27 39 34 28 27 26 27 39 27 38 33 27 24 31 34 35 27 26 30 33 22
31 34 32 38 34 32 23 30 31 37 28 28 32 26 27 25 34 27 30 29 35 28 31 34 21 36 30 40 37 37 23 25 25 31 30 36 28 40 30 34 35 29 26 33 37 31 25 25 21 36 21 37 35 26 31 24 30 25 38 32 30 39 32 26 38 23 34 27 35 25 24 29 33 34 27 25 24 25 27 21 26 29 38 34 25 37 39 36 39 22 22 27 21 32 29 24 33 35 31 26
34 31 39 29 29 15 21 21 21 32 22 23 41 34 25 27 23 30 33 39 24 31 22 22 28 23 22 30 31 27 30 30 34 38 29 36 35 30 28 36 31 31 30 17 37 30 30 28 37 28 28 18 37 29 30 39 28 28 25 38 29 34 25 31 31 37 28 27 31 24 34 21 27 32 31 36 31 30 40 29 25 27 20 35 23 29 24 31 24 18 29 38 28 20 24 27 33 25 30 24
33 29 28 34 29 23 31 27 25 23 22 27 27 28 37 32 29 28 30 27 36 30 27 27 24 18 32 25 24 36 34 27 31 25 32 25 28 30 29 31 38 35 28 31 25 29 18 32 37 32 15 14 27 34 25 31 31 29 32 31 39 27 29 26 26 27 26 31 22 32 32 29 29 30 33 33 43 37 26 24 30 32 38 36 32 41 24 28 25 39 25 29 35 29 25 32 29 24 20 27
31 30 31 31 33 39 37 36 27 35 25 33 26 32 25 26 29 31 19 30 28 24 27 24 25 36 31 29 33 40 24 36 27 33 25 24 38 39 26 28 32 25 39 29 30 27 23 28 29 28 32 25 18 19 44 19 40 36 36 28 27 32 29 28 24 32 26 29 42 23 26 30 26 31 26 40 27 21 26 34 22 30 30 40 33 29 24 20 28 34 33 26 27 25 33 34 25 28 27 33
31 28 24 21 35 26 35 24 18 25 33 35 29 30 29 28 28 29 26 34 30 18 26 26 22 37 37 24 24 30 28 28 21 24 29 27 33 30 20 39 25 32 30 29 45 25 26 28 35 20 35 22 27 30 26 34 27 40 36 27 24 34 38 26 32 30 38 25 34 22 24 34 21 27 33 15 36 33 32 22 27 34 36 30 25 32 34 29 29 27 26 33 25 40 34 35 35 29 28 30
30 31 21 32 34 28 30 32 31 33 23 30 34 33 33 24 31 27 28 29 24 30 25 26 18 28 23 28 37 26 28 40 31 37 25 31 30 22 48 34 19 25 18 30 23 30 32 33 29 24 27 33 39 35 25 23 32 26 38 27 25 38 32 23 42 32 19 21 32 31 37 25 23 30 25 28 33 25 36 32 24 29 42 29 23 30 29 37 26 26 31 30 27 24 31 29 29 29 41 21
33 17 27 23 26 34 26 26 36 38 30 24 21 26 29 30 29 33 31 22 30 27 33 41 33 36 35 29 33 27 25 14 25 29 30 35 42 33 26 40 20 23 28 35 27 27 26 23 25 28 23 35 33 35 31 33 28 34 31 35 30 38 28 26 25 35 33 24 27 39 37 29 28 29 26 28 25 17 27 24 36 31 34 20 38 22 28 26 29 29 39 26 36 31 27 37 27 23 26 16
29 35 12 30 36 34 23 25 29 33 24 35 25 30 24 24 22 23 23 27 31 26 17 29 29 26 36 27 37 34 32 30 27 26 31 34 34 34 34 29 35 28 31 18 30 25 31 26 25 32 35 27 38 32 32 28 19 31 15 33 32 26 27 30 29 35 35 38 18 36 36 21 32 19 24 38 33 27 22 33 35 16 26 25 29 28 28 28 28 30 31 26 29 24 23 20 35 23 32 34
15 17 37 16 31 30 31 26 30 34 40 32 22 26 28 38 27 34 35 27 26 43 23 22 21 33 19 34 33 32 32 31 21 17 28 28 31 38 35 25 36 25 25 19 26 25 31 27 21 37 37 26 30 22 33 31 28 30 38 25 30 23 30 36 30 23 32 16 27 39 29 37 27 24 25 27 28 28 33 44 23 34 30 32 21 41 23 25 19 32 23 27 42 31 30 31 34 40 37 41
31 39 37 28 24 41 32 18 30 30 20 32 27 27 22 35 20 37 40 22 31 31 26 24 23 22 23 24 24 33 27 39 26 32 31 25 24 34 38 27 27 25 31 25 18 35 18 28 28 34 32 28 38 31 31 42 26 34 40 32 28 25 22 25 44 31 35 28 34 28 27 26 29 33 26 30 37 34 40 37 25 21 31 23 39 37 30 39 42 31 27 26 36 28 32 21 28 35 26 23
26 27 30 19 29 38 28 19 28 52 30 33 26 31 29 33 30 26 47 35 31 34 41 32 37 27 22 28 34 31 33 28 34 25 33 33 27 31 39 36 18 28 36 30 30 35 29 33 30 24 17 16 35 31 28 19 29 29 34 29 25 30 35 45 29 40 31 36 34 35 37 40 13 42 39 38 21 28 30 14 18 17 15 24 16 18 17 16 14 20 12 12 18 26 12 14 13 16 10 22
16 19 11 14 12 10 11 14 21 14 11 16 13 16 15 13 11 17 14 17 26 13 10 13 12 15 17 17 19 12 17 15 17 15 14 15 12 11 26 10 21 15 17 9 14 14 8 14 12 13 6 17 19 17 11 17 22 11 14 19 18 23 18 13 12 13 13 16 11 7 13 18 11 15 11 24 22 15 15 26 22 14 18 16 15 10 11 20 20 18 10 18 11 19 18 11 13 15 15 9
9 18 15 20 13 9 23 11 29 19 8 8 9 13 16 12 19 28 13 15 16 17                                                                              
