0.434782608695652 3121 23 26 27 29 33 30 26 28 38 29 27 28 23 24 37 33 18 25 23 27 32 20 40 32 22 34 32 25 30 31 23 23 23 30 25 33 32 35 30 31 20 36 30 21 22 23 19 27 24 24 33 27 31 24 24 18 21 40 30 23 32 32 22 24 23 26 21 29 24 28 23 27 29 25 28 15 21 25 27 21 21 19 17 24 35 29 35 31 14 27 24 23 30 22 26 23 23 27
20 32 23 24 30 19 27 45 34 23 29 22 27 66 16 16 37 25 18 18 33 27 24 18 20 29 32 22 37 18 33 20 37 20 24 36 17 31 34 16 27 20 15 13 27 32 25 26 27 30 41 24 29 30 29 36 31 26 35 29 28 33 24 30 39 23 21 27 22 24 18 28 27 32 25 22 39 30 36 31 30 34 25 34 37 34 25 37 18 37 21 31 30 21 25 20 25 22 23 27
20 30 19 27 27 32 22 31 29 37 11 42 42 25 21 25 28 24 33 35 25 28 25 38 30 36 22 28 22 24 24 37 29 33 30 27 29 25 23 24 28 27 72 28 29 26 28 32 22 24 24 36 25 28 21 23 24 29 26 25 19 34 21 20 29 22 16 21 25 19 19 21 32 24 25 29 28 22 31 19 29 29 36 27 31 36 32 49 22 32 29 28 23 25 23 27 25 24 34 25
29 27 26 29 34 40 28 36 28 22 26 26 28 26 20 25 42 21 28 24 31 24 28 17 26 23 30 34 31 26 30 26 35 21 11 37 13 26 40 22 29 34 37 27 27 34 33 37 26 22 27 27 24 32 14 25 29 31 16 31 20 30 20 18 23 31 25 24 27 27 31 33 25 20 24 26 23 32 24 23 22 24 19 36 33 32 21 29 45 32 19 24 24 34 39 36 32 33 28 32
38 33 24 27 22 18 36 30 27 28 28 21 31 23 28 18 23 29 28 16 20 33 23 27 32 23 24 35 24 22 21 19 35 31 30 29 29 23 28 30 30 24 30 30 28 26 23 17 33 27 34 25 33 15 23 31 31 28 25 23 30 33 39 26 32 25 24 24 26 21 26 25 29 28 28 26 27 21 30 28 37 25 35 27 28 30 27 25 28 32 22 30 41 18 39 36 30 24 21 23
28 22 24 41 25 32 26 19 26 23 39 21 31 24 35 24 32 25 36 28 23 26 23 39 26 36 23 31 30 32 20 19 34 29 25 27 23 27 33 20 22 24 27 35 32 28 26 31 28 19 22 32 30 26 21 30 30 22 28 27 34 27 29 25 22 32 15 25 23 30 34 37 35 23 33 29 40 25 30 40 26 20 23 28 26 21 30 29 28 27 31 37 24 32 25 43 56 34 28 43
24 21 22 30 26 20 29 27 37 29 29 18 30 32 27 29 30 33 20 22 26 38 23 26 35 30 20 20 18 22 38 23 19 28 31 27 33 30 22 23 35 22 25 25 22 23 30 26 38 36 29 30 27 34 25 22 22 26 24 22 28 20 15 28 26 34 34 28 27 36 34 25 31 15 29 23 23 34 23 30 27 21 29 23 38 29 19 26 25 21 17 30 28 24 19 29 25 31 24 24
22 25 25 19 30 38 16 25 31 23 22 19 30 27 25 25 23 29 42 30 32 16 28 29 27 36 37 26 19 26 27 31 36 23 22 20 25 22 32 12 18 25 29 24 32 29 37 26 21 31 38 29 20 24 22 24 20 34 32 28 21 25 23 30 19 23 26 21 23 21 25 24 32 25 29 29 22 27 23 26 25 18 37 24 41 11 24 22 21 20 25 25 23 21 19 18 14 14 33 34
31 18 26 25 33 25 20 34 31 37 26 29 30 35 21 28 34 27 33 27 29 25 35 23 36 30 19 20 20 17 25 26 28 29 30 23 16 26 29 32 24 23 19 19 24 32 41 29 33 32 17 30 14 24 26 34 26 28 37 36 25 19 59 27 25 19 21 31 21 21 28 13 31 18 26 25 26 41 15 21 23 28 37 32 25 34 38 26 25 31 29 26 29 29 33 24 23 29 21 12
28 31 22 25 27 27 33 26 22 25 27 34 32 32 33 24 20 35 22 33 29 35 35 24 28 18 30 18 21 30 15 29 29 14 18 34 24 33 33 25 36 20 22 29 17 32 23 23 27 37 20 22 32 25 26 16 29 30 33 29 26 19 28 24 25 24 32 26 31 22 36 27 22 28 26 28 23 57 28 53 58 55 40 53 39 22 23 27 24 27 27 22 30 34 30 19 29 22 22 37
30 23 26 28 32 28 24 17 29 37 30 14 27 27 33 28 24 24 24 26 32 33 36 21 19 26 26 27 36 34 31 21 24 31 31 29 22 28 36 42 22 31 17 23 31 31 28 16 27 21 22 29 31 28 19 20 31 25 34 27 26 27 32 30 25 27 22 23 23 22 26 23 23 32 27 22 22 36 23 39 31 32 24 34 28 22 45 27 24 18 15 27 31 31 26 30 18 18 18 26
29 35 29 29 40 27 23 17 35 40 29 21 27 28 22 44 25 21 34 30 39 25 38 35 24 23 41 30 31 31 29 27 25 34 20 28 29 24 26 26 24 27 23 30 26 24 14 29 21 31 26 17 19 36 23 26 27 27 30 31 34 19 21 23 25 34 23 27 25 37 29 33 19 30 28 25 26 33 19 31 37 29 23 31 24 26 34 33 32 34 31 37 32 32 16 29 28 22 29 25
28 35 33 33 19 23 27 26 19 33 28 36 23 27 20 22 25 29 42 30 28 24 25 26 24 25 25 20 22 31 27 28 29 21 30 29 16 29 34 35 32 25 36 27 28 32 19 23 25 20 28 34 33 22 34 32 31 30 21 29 29 27 30 29 28 21 26 17 27 30 26 23 23 33 30 26 25 16 28 26 28 30 26 19 30 21 28 22 26 23 21 19 19 36 17 36 20 28 24 29
32 29 19 22 24 23 21 26 22 37 18 33 33 17 20 23 31 25 33 28 21 26 25 30 34 30 16 26 22 25 25 33 27 26 32 36 29 29 23 27 28 26 23 31 20 18 25 22 22 26 26 31 29 28 34 26 22 24 21 27 15 38 25 27 29 26 35 23 26 26 22 30 24 24 30 17 25 30 33 32 22 29 21 23 29 21 19 23 21 31 32 29 17 29 36 32 26 29 24 20
19 32 15 24 30 26 28 27 33 36 15 23 21 29 27 30 32 28 31 28 22 26 26 30 26 20 25 30 28 28 35 24 28 22 30 19 29 24 19 25 30 23 26 29 31 26 33 29 29 22 29 28 22 20 18 22 23 31 26 34 27 28 33 17 14 21 20 18 29 26 30 29 32 21 22 28 26 38 24 32 26 30 27 19 25 29 24 29 26 35 26 28 30 28 25 20 28 21 25 24
24 17 29 26 21 31 35 22 31 34 22 38 18 16 23 29 19 25 34 17 33 30 30 30 27 34 18 22 26 19 22 31 34 25 30 30 22 23 22 27 28 18 34 18 39 21 18 24 19 59 67 50 31 34 26 27 29 19 23 32 28 21 24 27 22 27 21 28 31 25 29 21 34 25 37 21 28 24 34 32 35 21 24 31 30 34 11 30 37 72 7 28 26 27 32 16 29 34 27 24
30 21 29 21 25 23 31 25 41 26 26 23 24 23 27 26 26 32 31 24 23 34 31 25 32 32 24 18 35 35 27 23 31 31 27 11 37 18 27 24 24 24 25 38 21 24 23 30 25 30 24 32 22 30 24 20 20 21 24 37 20 28 26 38 31 40 32 27 31 14 24 37 49 31 25 43 34 20 24 26 30 20 39 31 21 23 26 32 31 37 40 36 34 32 22 24 36 29 29 32
28 22 29 19 24 25 22 32 33 16 15 27 22 24 29 23 35 34 28 27 34 27 27 21 28 25 17 22 23 32 18 30 30 21 34 13 29 39 49 25 29 33 21 30 27 18 30 31 20 32 29 22 16 22 44 42 26 27 22 26 21 34 24 31 31 23 35 26 25 24 20 26 20 27 27 21 19 19 29 25 19 25 19 21 38 33 24 40 28 35 32 32 28 21 37 22 26 29 16 28
29 21 20 37 18 41 18 29 30 31 24 25 28 25 36 28 21 31 28 22 18 26 27 29 29 35 29 22 28 30 22 22 26 30 27 26 19 26 30 34 27 30 27 27 30 27 34 24 38 29 28 27 38 21 32 28 27 28 25 19 34 32 30 29 21 20 36 22 17 23 23 25 23 19 29 21 24 21 23 28 30 21 27 36 24 29 28 24 22 27 30 31 35 37 30 22 24 30 24 25
24 21 30 32 31 23 27 28 22 29 22 31 13 21 34 25 35 35 27 19 32 24 16 22 31 28 15 20 34 29 21 31 24 33 23 34 22 26 31 22 36 15 21 28 29 20 27 31 31 37 22 29 29 37 23 21 37 26 38 23 24 29 27 28 31 36 25 30 18 32 29 23 35 29 32 25 32 24 28 37 43 26 31 31 40 16 29 26 27 30 30 21 41 20 31 28 18 25 24 33
35 26 31 29 27 33 22 25 15 27 23 20 36 18 23 27 28 30 23 34 30 29 21 28 33 26 27 26 30 33 26 34 28 37 23 24 21 21 23 24 35 20 26 31 27 20 25 34 27 29 20 28 30 32 24 31 24 24 31 29 25 25 27 39 36 25 30 17 35 35 34 27 20 26 23 33 34 32 29 21 39 23 36 29 23 24 29 35 35 14 25 29 25 36 37 22 25 32 43 20
17 32 32 29 27 24 32 22 21 34 37 35 26 31 16 33 21 27 27 23 32 22 26 29 26 20 27 22 35 33 33 19 20 32 20 29 23 12 29 26 23 20 25 30 23 19 21 23 27 18 28 26 17 23 27 23 25 18 36 28 28 19 28 25 21 20 22 27 27 23 20 20 33 22 27 34 25 29 18 28 26 30 29 28 25 20 20 38 36 21 22 28 24 38 24 24 30 30 30 25
24 26 31 20 30 37 24 22 32 28 34 27 28 32 26 21 25 24 25 36 28 35 30 24 19 23 27 20 30 29 30 23 29 27 25 24 27 31 30 23 25 29 31 32 28 23 23 24 29 20 24 34 38 27 20 25 38 29 26 20 30 18 27 21 37 31 18 26 18 28 29 22 25 30 18 28 29 25 27 35 21 30 41 25 22 22 30 21 23 26 30 29 37 24 38 20 29 39 36 28
18 26 27 36 27 30 36 24 26 30 24 33 32 25 27 32 25 29 28 14 14 22 19 21 32 22 26 28 36 29 28 30 33 17 28 21 24 25 34 37 28 30 28 34 29 32 31 14 26 21 28 23 17 18 31 32 22 23 16 30 24 18 27 33 30 39 28 37 26 36 40 31 32 16 24 30 29 25 22 40 18 22 34 26 35 28 26 37 21 27 28 25 22 22 28 25 29 24 29 22
35 31 34 20 23 34 34 34 30 28 12 26 31 19 23 26 23 23 28 28 23 32 27 29 28 29 27 28 23 37 31 22 33 27 28 35 32 21 26 15 30 19 17 23 40 20 20 27 27 22 23 39 30 29 19 24 15 29 33 25 28 25 33 17 24 28 30 22 28 22 34 21 29 35 28 20 26 28 31 31 25 26 16 34 22 32 23 22 24 26 25 22 30 13 35 35 31 24 25 34
34 30 34 26 17 29 28 22 27 25 29 26 28 29 26 44 33 25 30 18 38 24 23 20 31 21 17 32 20 29 22 24 31 23 32 25 27 23 21 27 30 20 31 17 21 21 31 39 24 34 17 33 18 36 22 20 35 25 20 22 32 23 29 23 24 23 27 23 22 25 24 20 27 16 21 28 29 24 21 21 23 26 27 19 25 24 21 35 19 19 17 30 24 21 33 31 30 24 29 36
29 36 17 26 14 26 21 29 29 24 24 28 35 27 26 19 21 31 19 30 28 34 25 20 24 19 29 33 31 26 29 20 27 28 45 20 38 24 29 35 35 30 23 23 28 29 19 23 32 33 25 22 28 30 26 27 34 37 32 21 27 26 21 31 27 36 26 24 29 29 24 18 20 25 28 12 33 19 31 23 23 23 19 19 13 27 31 27 29 23 28 35 28 24 26 36 17 38 25 17
26 28 36 35 29 28 34 30 22 32 30 23 36 31 24 35 30 32 28 20 23 22 35 36 23 21 27 38 20 30 34 24 30 18 27 34 22 36 40 31 21 31 13 33 43 42 31 21 35 25 24 23 28 22 23 33 25 30 33 32 33 22 36 23 28 24 34 33 33 16 29 27 23 33 31 34 26 23 24 36 31 36 32 25 22 20 25 32 24 30 32 23 36 21 25 26 25 30 21 25
26 33 17 41 28 33 25 26 25 23 20 24 21 25 29 25 22 20 23 35 35 22 23 28 32 43 28 25 24 23 35 23 37 18 34 25 21 29 39 26 22 22 26 20 29 28 18 23 17 22 19 29 27 24 25 28 26 23 23 15 32 26 33 34 20 25 29 30 23 34 27 27 30 19 23 28 22 24 27 38 33 31 26 30 31 30 28 28 20 27 28 24 33 28 23 30 37 33 32 40
24 37 22 31 31 37 30 18 26 26 16 25 21 20 23 20 21 24 20 35 22 28 27 23 26 32 25 16 29 29 19 25 25 23 29 20 40 26 28 27 28 19 27 28 28 16 14 27 22 28 26 18 23 25 27 28 32 24 32 24 28 24 20 24 20 22 33 26 32 24 29 34 30 27 28 30 32 31 32 26 26 19 25 45 20 24 28 28 16 20 7 15 11 7 12 11 14 10 17 18
11 9 11 16 14 19 10 16 15 16 15 20 15 15 16 14 7 12 9 14 15 9 7 12 5 12 15 14 13 10 15 17 15 16 12 14 8 12 11 10 18 10 16 15 10 12 15 10 14 11 12 9 13 12 12 10 8 9 12 13 15 7 12 16 14 9 15 14 9 17 9 11 15 6 12 11 13 21 11 11 9 19 8 13 15 9 11 6 16 9 7 14 14 15 12 13 12 15 11 19
13 8 21 12 10 7 5 10 10 8 10 11 15 21 7 13 14 10 15 12 42 9 6                                                                             
