0.444444444444444 3206 14 16 8 13 14 18 23 17 27 27 22 23 25 14 33 16 22 22 14 13 21 16 15 22 16 15 16 21 16 20 17 16 20 19 19 15 16 15 19 19 19 18 10 14 11 19 8 14 22 17 18 12 20 20 16 18 8 20 7 15 14 19 16 17 17 10 18 20 14 19 21 16 13 14 19 24 16 14 15 18 18 13 12 26 10 19 11 18 19 14 12 25 13 13 12 17 13 12
12 13 21 20 24 16 17 18 12 23 14 22 24 11 20 9 17 18 18 22 14 18 18 18 15 19 22 19 15 15 21 16 20 18 19 16 32 13 13 13 20 15 15 20 10 11 13 12 13 15 13 18 21 17 14 11 17 14 17 11 14 19 20 12 23 13 19 15 16 22 15 16 16 14 14 20 12 7 15 13 14 14 14 21 15 14 14 21 24 18 19 26 18 13 18 26 15 18 8 16
11 16 17 14 11 13 12 16 14 16 26 20 13 17 17 18 9 20 11 14 11 9 17 10 23 16 14 10 11 15 11 21 15 15 23 14 20 19 16 17 16 15 11 16 24 23 24 22 18 16 17 21 22 18 13 22 14 16 13 11 15 10 18 16 18 13 17 16 22 22 12 10 18 17 20 17 18 16 13 19 13 20 16 13 20 16 19 18 15 9 15 15 17 16 20 10 14 10 10 7
14 12 19 24 22 14 19 12 18 18 20 7 18 11 16 15 17 21 19 13 17 13 14 17 11 13 14 18 11 17 21 14 21 17 15 26 19 19 15 12 18 14 19 18 15 15 17 21 16 15 13 18 15 28 12 15 12 15 19 12 17 15 13 15 24 21 22 15 22 21 11 16 24 17 10 17 19 12 12 9 13 18 21 16 16 27 15 13 15 13 23 18 10 16 14 13 17 10 18 22
22 20 16 15 19 12 22 30 20 17 21 17 17 20 12 20 16 14 21 21 14 12 21 17 14 14 12 21 20 15 15 12 13 23 18 21 18 19 16 15 20 18 12 15 17 19 10 14 24 15 9 11 13 13 15 18 22 14 16 15 16 12 9 18 18 18 20 14 16 19 11 17 12 12 22 11 23 16 14 20 21 18 30 14 19 29 15 18 21 16 17 16 13 19 28 16 20 18 16 24
18 22 21 14 23 18 23 17 8 10 23 16 15 20 28 13 19 17 12 13 16 19 23 10 15 20 14 19 23 13 15 18 21 13 20 18 14 17 15 12 13 17 14 16 17 11 22 13 19 15 13 16 15 18 20 18 13 25 22 18 15 16 18 19 20 13 13 11 12 18 17 19 14 17 17 14 21 11 15 17 24 11 14 12 14 13 15 15 12 13 17 12 16 19 24 19 21 21 18 15
13 17 21 23 9 23 18 21 17 16 23 19 15 13 19 19 20 17 10 14 15 21 13 15 16 22 17 19 18 22 20 20 20 20 14 14 11 13 20 16 9 18 13 18 14 19 16 17 20 14 21 14 22 20 15 19 20 21 12 16 15 16 16 17 14 13 13 19 20 19 20 17 11 16 18 15 10 14 14 19 14 19 11 12 17 9 15 23 13 15 17 9 19 15 13 12 16 16 19 11
17 14 17 11 17 17 24 19 16 17 16 14 15 25 20 17 14 23 18 12 15 19 14 21 20 7 17 14 19 20 13 19 17 14 18 16 20 16 16 20 18 19 20 19 16 15 16 15 10 11 20 10 16 19 15 13 23 19 20 10 13 18 25 15 21 24 9 20 16 15 10 15 13 13 16 18 23 21 21 20 17 14 12 18 12 13 21 13 15 12 15 21 19 23 16 13 16 19 22 13
19 20 14 21 17 14 16 19 14 16 17 17 16 24 22 20 13 20 10 24 17 23 9 15 17 11 14 13 11 20 20 17 20 14 15 20 12 18 10 16 19 23 23 16 28 19 14 19 14 22 22 13 19 12 13 17 14 22 18 28 17 15 21 20 17 11 13 14 17 17 17 10 11 13 16 23 16 25 16 11 20 20 15 9 19 17 18 9 16 14 20 21 16 18 26 33 12 16 21 14
11 13 23 16 25 16 13 18 9 11 18 22 9 12 13 18 13 14 14 20 16 13 13 18 18 18 21 15 17 20 16 15 15 18 9 12 14 15 21 18 15 19 13 18 15 20 17 16 9 19 15 14 21 22 14 21 18 15 20 9 22 18 23 19 22 18 17 8 18 12 20 14 16 21 21 14 23 19 13 11 24 19 27 17 24 20 16 16 14 18 18 17 13 15 20 13 13 13 13 24
17 11 18 15 19 17 12 10 21 14 32 18 24 17 13 9 15 17 16 24 25 21 16 24 13 21 11 19 15 12 19 23 21 24 17 9 17 12 16 11 15 12 15 14 19 16 13 15 18 24 19 16 21 21 21 8 20 21 14 20 22 14 14 12 23 15 14 17 15 17 24 18 19 14 15 16 12 16 14 23 13 13 15 23 15 11 14 18 14 14 14 12 23 11 17 16 20 21 19 18
16 24 11 22 22 13 30 17 23 22 11 26 17 16 14 15 15 16 17 14 18 13 20 18 13 20 20 16 14 13 15 15 14 13 19 17 19 14 20 24 18 12 10 18 16 23 20 22 22 15 23 9 18 20 18 16 10 15 15 12 13 21 20 11 15 19 19 17 18 24 11 20 32 16 14 18 15 15 14 14 29 24 22 22 15 18 21 21 13 20 20 12 24 13 10 25 19 18 12 19
14 15 12 17 14 13 23 14 16 20 16 15 13 11 15 22 14 13 23 22 17 14 19 20 13 25 16 17 11 14 14 9 33 16 17 12 16 11 11 14 16 11 23 15 18 14 18 13 13 14 21 24 17 15 21 17 18 16 15 17 20 16 14 10 15 17 16 15 24 19 17 15 14 14 28 20 10 17 18 17 21 15 12 22 15 13 16 20 22 9 16 21 17 13 15 16 13 17 9 20
16 21 23 10 25 19 16 17 15 16 19 15 19 18 13 19 21 12 12 17 13 24 15 13 17 16 18 14 14 14 15 15 17 15 18 13 9 13 17 22 13 23 16 11 13 17 22 17 17 18 16 15 14 12 17 20 18 17 24 12 21 16 22 12 14 14 15 7 15 14 19 9 18 25 25 14 14 20 16 16 25 16 15 19 14 19 17 8 14 14 19 13 15 16 16 21 21 17 26 25
14 9 16 20 18 13 20 15 11 15 18 20 19 24 19 19 15 19 13 11 13 15 21 7 18 12 13 18 20 15 15 12 17 17 21 9 10 17 16 24 20 14 27 21 20 12 22 13 13 21 11 14 10 16 15 16 13 12 17 23 17 20 19 17 18 24 24 14 11 17 13 22 15 18 16 11 23 18 13 15 26 13 20 15 15 19 12 11 18 12 13 16 17 13 23 22 23 19 13 16
17 10 13 19 29 19 25 16 31 16 12 21 19 17 21 20 17 23 21 12 15 16 20 14 13 10 20 18 17 14 18 28 23 12 12 22 19 18 15 14 13 15 20 10 24 14 28 18 20 18 15 9 22 18 13 15 13 13 25 20 21 15 22 16 13 13 19 13 16 15 15 12 22 11 19 17 16 23 11 17 20 22 21 19 11 22 17 19 15 17 14 18 16 17 20 17 15 17 15 46
56 34 23 10 14 16 16 16 10 13 10 16 20 10 18 22 14 16 12 10 22 27 13 19 19 17 18 16 9 17 9 14 10 17 13 20 21 21 15 18 17 22 17 19 14 24 12 19 14 12 14 15 20 16 21 20 9 18 19 23 14 21 17 22 18 15 13 15 13 14 17 20 19 16 14 17 18 14 19 18 20 12 20 8 20 16 22 12 12 13 20 14 13 20 12 15 16 26 19 13
19 17 17 12 20 18 17 10 19 10 13 14 19 15 20 20 21 21 13 19 19 17 4 12 9 11 21 12 22 12 12 20 17 19 21 25 14 21 12 18 22 19 21 15 18 19 18 20 15 14 14 22 11 12 11 24 18 16 16 11 11 12 16 18 17 15 14 18 12 22 10 12 15 16 19 14 13 17 20 20 21 16 16 17 13 19 20 25 15 19 20 16 12 13 12 18 12 21 7 20
21 15 14 28 16 19 11 18 19 13 9 13 13 23 16 13 21 17 16 20 16 15 16 18 14 19 16 18 17 12 20 14 18 11 22 12 19 21 10 13 15 16 16 16 12 17 27 13 16 16 14 24 13 12 21 12 14 15 19 14 18 12 13 14 14 11 24 20 18 24 26 32 18 20 20 17 16 13 16 17 22 15 16 17 12 14 12 20 16 15 17 11 19 22 24 10 29 16 24 13
13 20 14 12 26 21 19 19 16 19 16 18 12 23 15 14 10 19 17 22 20 19 11 16 17 13 16 12 16 21 21 16 13 24 15 11 13 17 13 13 17 21 12 16 20 12 20 18 16 31 13 10 17 13 11 18 9 14 12 15 16 15 13 12 13 16 17 26 13 24 33 14 18 15 21 14 16 22 20 13 14 13 16 12 14 17 15 22 17 13 14 20 9 11 11 14 17 8 13 13
16 20 9 15 15 14 19 11 22 14 15 24 9 18 15 18 13 22 13 13 16 10 12 20 15 11 12 21 22 15 17 30 27 17 14 16 14 14 13 14 20 20 21 14 17 13 11 14 10 17 16 16 25 16 20 8 14 17 20 12 21 13 9 20 20 16 14 12 11 13 13 11 16 21 15 11 10 13 20 18 15 22 14 20 19 11 15 16 12 12 10 15 18 15 14 13 16 18 19 11
15 15 20 18 15 16 12 11 12 15 8 12 21 15 11 20 12 13 16 11 13 14 17 18 18 13 16 21 12 18 13 18 21 17 24 9 15 11 19 23 17 16 15 23 7 14 18 9 21 9 19 21 15 13 21 12 13 20 16 12 17 18 16 19 18 17 12 19 15 18 25 17 11 22 21 18 21 16 28 12 16 15 16 12 17 20 23 15 31 18 15 13 13 18 16 14 12 21 24 18
13 16 26 16 21 12 19 14 18 15 24 17 20 17 13 15 14 14 17 19 16 18 15 13 19 13 9 11 17 9 17 18 14 20 23 22 19 13 16 19 13 11 19 16 18 14 12 18 19 18 17 10 22 22 23 18 16 15 23 20 20 11 16 21 11 17 20 11 20 14 27 15 10 16 31 19 19 21 16 23 14 17 10 17 16 17 20 14 12 15 18 19 17 7 18 17 12 17 17 12
14 19 18 20 14 11 15 16 25 12 14 10 15 14 16 18 15 14 15 15 18 20 18 17 12 23 20 19 21 22 17 15 15 21 12 24 15 19 10 9 22 11 23 16 15 19 14 16 18 18 17 18 21 14 16 20 18 24 13 17 28 19 18 16 16 15 17 24 19 20 17 17 22 16 11 15 27 15 19 15 13 20 10 19 12 19 13 9 19 20 13 18 15 21 17 11 16 18 20 21
23 10 11 15 15 19 20 17 12 16 16 16 18 25 16 16 13 14 21 17 13 12 16 22 17 21 19 7 14 23 23 15 32 23 16 18 14 10 14 11 10 18 17 16 17 27 15 22 21 13 24 26 15 15 11 10 16 19 15 16 15 13 17 18 13 18 11 19 20 11 12 17 11 12 19 15 12 17 17 15 12 11 13 14 18 16 19 15 15 13 12 11 14 14 26 24 17 11 7 14
15 20 15 12 15 13 15 7 13 13 13 13 20 24 17 18 9 14 20 23 12 11 23 21 22 11 14 20 18 21 21 18 22 22 24 20 15 19 15 22 12 11 20 13 20 14 17 18 16 27 21 13 9 20 11 18 24 21 14 19 13 10 10 7 13 9 14 17 14 17 20 10 13 18 17 16 17 22 13 12 13 15 19 18 12 15 14 16 23 16 12 13 11 20 20 17 13 7 18 17
14 17 19 16 17 16 17 12 15 14 25 12 17 21 16 25 27 25 28 15 10 17 13 19 12 16 11 12 11 14 15 8 19 12 23 22 19 11 14 16 13 15 13 21 19 8 15 10 20 20 12 11 17 16 12 14 17 11 15 23 12 23 13 18 14 16 12 14 14 18 16 12 12 16 15 17 18 14 15 18 21 10 13 15 15 19 14 25 21 17 17 12 13 20 14 17 10 17 20 17
13 16 13 15 18 24 17 15 14 19 23 21 13 17 15 18 13 16 17 17 23 12 11 20 15 17 14 20 22 23 13 22 15 15 20 19 25 15 13 12 15 18 10 22 19 20 14 27 10 16 12 12 14 11 17 22 15 27 16 19 20 19 21 20 23 16 16 21 14 11 11 18 24 18 9 14 18 19 18 20 21 27 15 23 14 7 17 22 21 18 11 23 18 14 16 28 10 16 12 16
18 13 18 15 19 13 9 20 10 11 22 23 11 17 16 7 11 11 17 24 13 21 12 16 10 22 20 16 18 16 13 27 19 16 14 20 18 18 20 19 16 19 13 11 17 14 11 12 14 18 17 22 14 13 20 13 26 22 12 20 18 15 13 9 19 21 10 14 18 9 21 19 24 21 16 19 12 16 21 21 17 19 16 17 18 10 12 19 13 11 9 21 22 15 18 20 20 17 16 20
18 19 11 12 12 19 13 13 18 20 18 17 16 18 15 13 16 20 14 21 14 21 13 15 19 24 20 13 16 12 21 16 16 17 20 16 28 19 21 15 17 14 19 13 13 19 21 21 15 16 15 28 17 14 17 16 19 11 22 16 14 16 18 20 19 18 14 16 18 11 18 17 15 15 13 14 18 21 13 14 18 18 16 13 24 10 28 10 17 16 5 21 19 12 12 11 10 13 18 19
14 16 13 20 10 12 22 23 20 17 24 14 13 11 17 14 13 15 23 19 13 19 24 15 13 16 14 10 19 20 20 14 18 16 14 21 22 12 15 25 16 19 13 28 18 21 22 22 18 18 14 12 18 15 23 12 9 21 10 7 12 6 5 9 13 8 9 7 8 7 6 7 13 5 6 11 8 7 6 9 8 9 7 7 11 11 7 6 5 8 10 7 7 10 11 10 10 12 8 6
7 5 12 6 6 8 5 14 8 9 8 6 7 13 7 6 5 5 11 9 8 6 6 8 12 8 10 9 4 10 13 9 5 7 7 6 9 5 7 12 5 7 7 8 7 13 8 11 6 9 10 6 7 10 8 8 11 9 13 11 12 6 6 6 9 7 6 13 13 8 6 7 7 7 9 8 11 6 7 5 5 5 12 11 5 12 11 8 12 8 6 13 10 6 10 6 5 6 8 4
8 16 5 6 8 10 11 12                                                                                            
