0.368421052631579 2008 20 17 20 19 23 18 20 17 12 20 13 19 17 9 21 11 23 12 17 13 22 16 18 19 18 16 18 19 16 14 18 11 14 18 11 11 14 12 18 23 13 10 16 22 14 12 22 15 17 15 17 13 12 14 12 24 15 24 18 20 17 21 20 25 19 9 13 11 51 15 22 15 38 17 12 18 19 22 19 22 22 25 16 21 21 18 17 20 20 16 14 9 17 10 10 10 23 21
15 16 15 12 15 14 24 24 22 15 18 11 14 17 15 19 19 17 23 17 12 21 24 13 11 15 15 16 15 19 15 18 20 29 20 24 21 23 17 12 18 11 16 24 23 17 23 12 24 22 21 16 22 14 20 24 18 20 23 15 20 11 20 13 19 19 15 17 21 20 20 23 17 17 22 17 18 23 18 11 16 14 13 16 12 29 11 17 16 16 16 18 13 21 21 14 15 16 23 16
30 21 23 22 26 23 18 12 20 11 22 17 18 16 24 12 16 16 18 17 16 19 14 18 12 13 14 15 12 25 21 20 19 14 10 20 16 13 23 15 11 18 15 27 17 14 14 15 14 15 17 18 20 22 16 19 17 19 17 14 21 20 22 25 17 17 19 19 15 17 15 17 13 26 13 11 19 18 12 20 24 17 21 25 33 17 10 13 17 21 16 23 21 19 15 21 19 20 21 20
20 13 15 28 10 22 19 15 23 11 13 21 9 18 24 20 15 18 14 19 15 21 13 14 22 10 12 11 18 26 8 22 15 23 15 17 26 14 17 25 23 15 15 19 11 14 10 18 15 17 18 19 16 22 19 14 15 18 12 17 19 12 13 15 14 11 20 26 19 23 13 23 15 14 21 13 20 18 15 22 15 16 16 18 10 22 20 12 12 14 16 12 16 18 15 17 14 18 14 12
18 17 15 21 13 11 22 26 18 22 15 15 12 19 17 20 22 19 16 15 22 13 18 13 21 17 12 15 17 21 15 23 17 16 20 17 20 12 14 24 17 15 15 12 13 24 17 16 16 19 23 21 22 25 17 18 8 25 16 16 17 18 20 18 10 14 23 17 19 22 14 14 19 9 19 14 18 25 13 20 19 17 18 19 10 17 13 19 16 13 25 19 24 28 38 19 16 13 11 20
21 16 14 24 16 16 17 12 10 18 19 10 25 13 18 12 16 27 21 13 11 10 22 14 11 17 20 17 23 18 14 19 23 15 15 17 17 19 15 20 13 26 19 20 15 15 13 18 22 9 25 19 16 29 12 18 16 16 18 11 19 16 17 22 22 28 24 25 17 11 14 22 9 18 17 15 19 28 19 12 22 13 12 16 16 17 19 18 14 17 20 22 16 22 23 20 18 24 20 16
25 15 20 19 21 12 20 16 23 21 10 18 5 18 9 23 16 20 17 21 11 15 30 19 18 14 21 18 21 20 22 22 23 26 19 18 23 18 17 17 13 15 13 22 21 17 14 17 19 17 16 15 12 12 20 21 19 25 23 13 12 17 14 13 10 16 23 21 18 17 21 9 22 16 21 15 20 18 12 19 16 16 11 16 17 19 17 16 14 22 15 16 18 17 11 13 12 18 20 17
15 19 19 16 19 22 18 20 17 15 23 16 18 17 26 19 25 22 18 20 16 17 10 25 11 21 17 18 17 14 15 15 13 15 14 18 10 20 17 13 13 22 24 16 13 24 23 15 21 18 16 16 9 10 21 14 19 19 23 14 13 22 17 20 12 23 14 16 17 16 12 13 15 10 13 13 13 13 22 15 7 20 25 15 14 19 19 21 12 15 20 7 18 17 16 10 16 19 21 16
14 11 13 18 20 23 15 17 16 12 18 11 15 24 12 20 10 20 19 17 15 17 18 14 13 24 17 20 18 19 12 13 17 20 16 14 18 13 13 22 14 16 14 14 18 21 18 17 16 14 15 16 22 25 16 23 25 13 17 15 15 19 14 19 15 23 19 17 19 16 14 20 14 16 21 13 17 17 14 20 20 17 31 17 17 20 12 12 21 7 17 18 16 4 15 16 16 20 19 16
14 13 9 13 14 16 13 17 16 13 19 21 22 21 16 24 20 21 12 16 20 12 15 15 12 19 13 26 16 9 18 14 15 22 21 15 13 9 12 23 19 17 14 17 10 10 18 26 17 24 18 24 13 15 17 14 18 10 14 18 18 13 20 20 12 20 29 14 17 17 12 21 19 16 12 19 18 22 10 17 18 19 21 16 17 14 9 17 14 17 14 23 18 26 12 9 14 15 19 22
20 19 16 13 13 18 11 19 21 29 18 26 27 15 17 14 13 22 12 20 16 19 18 16 26 18 29 14 16 13 20 15 18 10 16 13 20 14 20 25 22 23 14 20 17 22 14 21 13 19 18 22 14 10 16 18 14 16 13 14 18 16 23 14 32 14 10 14 13 22 19 15 20 18 15 17 16 25 15 23 14 22 12 21 19 22 22 14 17 22 14 21 24 20 21 17 14 15 18 23
17 19 13 14 22 21 19 25 21 14 21 20 26 19 25 23 19 23 27 19 21 14 16 19 13 13 20 20 19 14 11 14 17 14 14 13 15 14 20 18 27 15 22 17 21 14 15 18 14 20 12 13 20 11 15 29 13 21 12 23 16 25 18 19 19 17 13 19 23 14 18 20 22 19 20 16 15 18 15 15 24 15 15 22 7 18 14 18 16 15 16 26 23 24 12 21 23 16 21 18
11 13 21 19 10 16 17 8 20 22 15 10 21 13 15 19 21 16 17 18 20 16 24 17 14 21 23 23 14 24 23 23 17 13 26 20 14 18 20 21 15 17 27 38 19 19 21 26 20 19 22 18 19 18 11 22 14 18 16 21 16 21 13 19 20 12 15 15 22 16 14 25 12 15 16 22 22 17 20 17 16 21 11 12 19 13 18 22 16 14 19 18 16 12 17 13 19 18 22 18
20 21 32 15 24 9 16 18 8 15 20 20 18 20 21 16 16 20 20 28 16 14 19 19 15 16 12 17 23 17 19 17 19 21 21 23 13 11 20 24 19 13 21 13 20 10 21 21 16 8 19 15 12 14 16 17 17 18 18 24 12 11 16 18 17 16 10 18 13 22 16 17 18 23 16 23 15 20 17 14 22 12 18 30 20 15 14 15 14 20 18 15 17 19 15 17 19 7 16 13
13 12 13 12 22 14 14 20 14 14 16 15 22 16 12 20 20 12 12 16 17 19 19 17 28 24 14 15 14 13 20 17 15 14 15 13 19 21 17 7 10 20 8 13 13 23 9 11 13 21 13 17 25 5 17 27 15 19 21 17 17 21 16 11 16 9 18 14 14 12 20 16 13 20 13 20 17 18 14 15 20 21 12 23 17 17 12 18 16 15 17 16 13 17 24 20 14 17 21 18
18 17 22 22 19 16 19 21 17 19 21 18 14 21 16 14 19 21 20 16 25 20 24 23 15 16 34 18 12 19 15 17 19 17 27 13 17 15 19 15 16 19 25 26 24 16 14 15 15 24 18 17 16 21 11 17 16 14 8 17 15 13 12 27 20 24 14 15 11 19 14 13 17 18 20 12 17 22 21 24 19 15 12 21 16 25 14 10 10 21 19 20 13 14 15 19 18 23 17 10
21 16 16 18 18 20 13 21 16 21 23 21 19 20 13 19 20 22 23 16 14 16 15 21 21 22 20 19 15 7 22 13 30 13 16 22 16 23 13 18 17 22 18 16 20 13 20 20 17 20 18 22 18 18 21 19 13 26 28 8 14 25 21 10 12 19 22 17 19 13 20 12 12 16 20 17 17 10 15 16 17 15 21 23 15 15 11 20 16 19 16 20 18 23 12 12 15 16 16 10
25 12 15 23 9 20 13 18 19 15 14 20 17 17 17 19 15 12 18 15 15 25 20 18 14 13 13 21 22 13 17 22 23 15 20 16 18 14 11 16 14 16 21 20 18 17 18 20 18 17 20 20 17 17 16 24 13 21 10 19 23 13 15 15 18 15 16 11 21 17 13 17 19 20 13 11 16 21 16 8 13 15 17 13 15 17 17 17 10 8 15 28 14 24 20 19 17 13 14 18
19 16 23 11 15 16 25 17 24 12 16 21 13 13 17 17 21 16 15 12 20 15 12 17 21 18 14 21 21 13 16 28 19 18 21 17 17 23 17 17 21 16 13 16 11 11 18 24 21 17 17 11 17 20 16 15 11 19 17 16 14 16 20 28 25 22 16 27 19 21 18 12 16 16 15 18 15 16 18 18 24 16 18 14 15 17 18 26 17 19 11 16 17 19 18 19 15 20 25 21
18 18 13 12 20 14 17 20 27 15 20 15 13 15 15 14 17 21 11 17 16 15 15 19 16 21 11 14 15 18 16 14 13 14 17 23 18 18 13 16 11 14 18 12 17 12 20 16 13 8 8 7 11 8 11 13 9 9 12 6 12 4 7 9 13 13 5 9 6 8 7 5 8 9 11 11 10 11 10 9 7 6 11 6 7 6 7 13 10 5 11 7 8 6 9 12 9 6 7 7
7 9 9 7 9 4 5 7 7 5                                                                                          
