0.45 3513 32 24 25 17 31 37 25 36 23 35 24 10 23 28 42 37 26 28 43 36 22 34 24 18 24 34 30 29 36 32 25 24 26 26 23 31 25 23 31 36 32 24 32 18 26 22 20 26 32 32 19 34 20 30 38 33 31 24 29 29 28 28 37 31 26 35 23 24 30 27 21 24 27 27 20 33 34 12 25 20 29 35 25 22 15 17 33 24 32 34 22 26 20 24 21 30 38 33
34 36 43 47 27 21 29 31 31 25 39 28 41 35 30 28 23 22 30 26 35 24 27 43 26 27 21 22 35 21 22 29 29 36 23 20 26 20 21 30 20 25 35 24 27 22 32 23 37 26 28 21 29 30 30 36 16 33 28 22 34 22 24 28 32 25 32 27 24 23 28 25 25 35 28 20 17 24 20 17 29 26 22 21 26 36 31 15 33 36 25 26 25 22 28 38 31 32 20 32
37 18 25 30 33 29 19 32 25 18 24 36 20 17 32 35 29 25 26 35 34 22 31 26 21 13 12 28 21 20 27 28 31 25 28 22 30 21 30 27 25 18 23 29 28 24 26 26 24 23 22 33 21 26 33 19 17 32 26 29 33 33 33 24 35 29 40 28 32 13 34 37 24 27 32 27 37 24 25 30 26 27 29 22 23 26 28 36 25 30 31 30 21 30 26 31 29 24 32 26
23 33 22 26 24 31 27 29 32 33 30 18 24 34 35 18 29 24 29 20 29 30 29 27 25 24 33 32 27 34 27 35 32 32 20 22 30 22 27 30 20 26 26 22 27 19 26 27 12 27 31 23 35 26 36 24 26 47 34 20 39 23 25 16 24 30 21 27 20 21 27 23 26 29 30 22 38 35 21 28 27 26 39 21 35 21 22 27 25 25 27 34 31 23 28 27 21 22 26 21
35 25 28 34 27 24 23 20 40 29 15 26 24 28 20 38 17 27 31 28 27 24 17 29 22 29 26 22 22 23 24 29 25 28 28 22 28 25 31 36 19 20 21 36 29 23 28 30 24 27 19 31 25 31 11 19 24 29 17 23 26 29 31 25 29 15 29 39 22 27 19 29 14 31 21 26 27 23 25 21 23 33 23 28 33 28 27 22 21 16 28 27 26 25 33 33 28 17 24 26
25 35 25 31 25 23 21 30 25 21 22 21 29 25 41 30 36 19 24 34 25 25 22 37 31 23 27 26 22 17 17 18 28 29 23 18 28 24 15 27 27 28 25 22 30 26 29 15 28 17 33 24 18 7 26 21 24 35 32 20 31 29 21 34 30 18 24 23 22 23 29 38 27 23 29 31 33 22 25 31 26 29 26 26 32 27 21 30 30 31 25 22 18 24 22 21 27 27 23 26
36 29 30 25 29 21 25 32 21 33 23 11 24 30 17 30 30 16 38 42 24 23 28 20 32 23 25 26 33 27 27 20 27 28 20 18 24 17 27 27 26 35 33 31 26 23 32 33 23 33 36 21 28 29 21 32 29 32 24 27 26 24 20 30 28 25 21 25 30 23 30 31 17 33 20 18 32 36 17 26 17 20 29 24 20 21 29 27 21 27 29 27 24 30 16 27 21 24 31 24
23 18 28 30 24 22 26 17 22 24 19 23 26 32 25 22 22 22 17 18 25 34 27 12 26 21 17 22 35 26 18 21 25 22 25 30 27 21 26 25 23 22 25 27 20 18 25 25 23 22 35 29 29 16 25 28 33 15 27 32 17 25 23 26 21 22 27 30 23 17 23 31 31 19 30 28 24 26 30 29 24 20 24 35 21 21 21 26 32 37 21 26 16 25 26 28 33 23 20 38
26 27 31 25 28 25 42 21 17 28 24 26 21 29 31 28 22 37 17 28 28 24 37 37 26 31 31 20 23 35 34 25 23 29 32 21 21 35 27 27 22 37 19 23 25 31 25 39 31 27 23 34 37 31 18 28 27 22 34 32 33 28 33 22 30 30 23 24 31 31 34 18 25 21 18 20 31 23 39 25 22 29 28 25 15 24 24 23 19 25 36 33 27 32 18 20 36 22 28 30
29 18 28 21 27 32 19 28 23 17 36 22 20 26 22 31 41 25 22 25 24 36 22 19 27 36 28 31 27 23 31 31 34 26 23 29 28 23 29 26 29 16 33 29 21 31 19 24 32 22 35 25 25 21 25 27 27 20 28 22 24 21 31 34 36 24 27 17 26 18 28 32 27 24 26 33 41 29 25 26 48 17 52 78 93 84 43 47 27 27 32 29 24 26 23 23 20 31 28 21
30 33 23 30 18 22 24 21 21 23 17 24 26 22 30 28 14 31 31 43 25 28 24 36 27 30 26 33 17 23 26 37 25 25 35 25 19 36 36 25 25 13 35 16 34 23 26 26 24 30 22 27 30 37 26 34 19 32 22 29 26 25 30 29 27 30 16 41 28 34 31 21 35 22 24 22 34 16 18 25 21 31 19 24 29 28 24 21 27 49 24 31 30 26 25 14 18 17 24 24
23 30 58 51 22 35 20 51 28 30 24 46 27 24 28 26 28 30 19 33 31 23 25 19 18 28 31 27 32 24 25 21 21 36 29 36 23 30 15 22 21 24 27 28 30 23 28 27 24 23 31 24 21 30 25 26 29 22 25 35 35 29 38 11 22 21 32 20 21 27 16 26 32 29 32 20 28 38 25 23 32 19 26 27 43 27 32 26 29 23 36 33 34 26 36 31 30 22 26 28
19 34 15 26 21 30 23 30 28 17 34 22 32 26 29 34 24 32 26 21 21 23 26 34 21 12 18 26 29 25 22 20 18 19 21 26 38 28 13 31 29 31 32 19 24 29 31 35 33 42 36 28 26 25 19 28 33 27 29 24 18 23 26 32 20 14 31 23 24 27 30 27 17 21 21 24 33 22 29 25 21 30 35 23 26 29 22 30 26 22 26 23 25 21 26 27 19 20 28 28
19 30 33 20 26 36 27 29 32 23 38 27 23 33 26 17 24 24 30 15 29 40 28 30 32 24 29 15 29 28 34 34 30 24 32 25 24 33 25 23 28 19 32 25 32 31 26 20 26 39 24 26 33 19 20 22 30 25 27 32 25 20 24 31 30 24 28 30 28 31 19 16 20 20 27 30 23 27 29 22 30 19 28 22 23 26 37 32 22 27 37 32 16 32 19 28 32 30 27 36
20 31 34 32 28 25 17 22 34 23 29 28 32 26 29 24 21 25 13 21 29 27 28 28 31 29 33 20 22 26 17 33 28 24 14 36 37 26 26 26 21 33 20 26 23 32 28 32 32 22 38 32 23 35 17 26 21 27 33 20 30 37 27 17 37 34 31 26 26 33 22 21 19 15 17 29 35 30 23 27 16 21 24 26 23 23 33 23 20 28 38 28 28 25 29 31 24 18 31 40
26 13 23 26 17 21 27 26 20 23 30 27 39 28 29 23 24 21 23 26 33 69 30 26 30 35 28 24 27 26 27 26 30 32 28 19 20 26 34 29 33 23 27 24 17 23 28 26 22 19 23 29 18 19 27 28 21 26 29 23 17 31 22 27 23 30 27 36 17 23 27 28 18 30 26 25 24 36 24 33 20 25 18 23 23 32 23 35 29 17 23 25 29 16 25 17 31 35 24 26
33 37 36 20 29 36 31 27 30 31 28 28 31 38 34 21 20 22 36 28 23 24 29 22 29 24 26 26 22 34 25 28 24 10 27 25 20 26 25 23 24 42 34 25 31 18 28 25 22 26 31 20 30 27 35 25 27 29 24 19 27 29 37 28 30 35 30 22 20 30 28 29 23 32 29 23 22 20 32 33 35 24 26 27 29 28 32 26 35 18 23 28 26 23 23 22 20 36 30 31
24 16 23 34 18 24 26 26 28 35 18 21 19 37 23 30 23 30 33 21 22 14 53 26 20 37 28 32 22 27 25 22 23 32 28 20 23 23 20 25 25 31 26 21 16 14 28 21 29 38 24 31 34 23 23 26 28 20 19 28 23 23 30 35 26 24 23 23 27 48 33 34 30 25 29 26 30 25 22 24 18 30 25 37 25 34 29 21 18 28 23 29 25 19 24 24 27 26 35 29
26 21 20 25 27 23 28 25 26 30 31 32 9 23 28 30 27 29 33 37 21 26 27 20 21 21 37 29 25 27 41 41 29 26 27 35 22 29 30 24 23 24 19 18 29 27 32 23 36 32 32 29 31 27 29 27 15 23 22 23 20 23 23 30 32 28 35 21 26 17 31 24 15 29 25 27 20 29 32 24 22 21 22 28 22 27 24 25 40 32 30 28 15 23 16 23 37 20 32 19
22 27 12 30 30 21 27 17 25 25 30 26 28 23 26 32 23 25 27 26 21 19 29 21 32 29 29 22 24 18 17 19 37 22 25 29 30 21 30 25 25 26 30 25 24 40 36 24 22 24 27 20 31 12 26 21 29 31 28 30 22 18 20 41 27 21 19 29 27 24 25 27 27 18 16 28 17 30 32 30 35 33 23 24 33 28 18 31 24 28 32 31 34 35 23 27 24 25 24 24
33 25 31 19 26 24 34 22 26 28 25 33 29 23 30 21 30 36 24 25 30 32 29 25 21 36 32 23 33 29 29 17 25 32 28 23 19 23 25 26 27 34 23 30 31 30 19 39 25 34 18 26 28 33 29 29 30 27 23 31 17 26 30 23 21 19 26 29 25 38 23 21 25 23 23 23 23 17 22 28 32 30 23 29 25 23 17 21 33 21 16 35 30 30 20 28 27 24 23 24
25 24 21 21 21 30 22 24 24 24 19 31 23 20 14 25 25 19 32 30 22 29 30 18 26 27 24 22 39 22 22 28 30 21 25 24 31 17 26 19 28 23 31 30 24 25 27 27 29 21 20 21 16 21 27 24 27 25 23 23 15 26 26 30 17 14 30 25 29 26 20 23 29 29 25 29 27 30 32 25 26 21 19 35 26 29 23 27 25 16 24 19 29 21 29 21 26 8 33 27
28 19 26 20 31 29 40 20 30 29 17 17 36 31 21 30 26 21 25 31 27 22 24 28 27 23 31 23 26 31 32 24 27 32 27 30 31 32 28 26 20 34 33 22 32 21 25 39 33 25 19 19 25 28 27 25 34 24 25 23 24 30 31 33 23 27 29 23 40 28 14 27 25 26 22 32 20 38 16 30 16 28 36 25 21 20 33 30 39 36 31 30 30 29 19 28 9 24 19 26
21 32 18 24 30 19 27 35 23 32 27 28 28 30 27 29 24 28 30 20 26 29 29 19 34 30 22 22 36 22 29 35 22 28 28 27 28 26 34 27 23 19 28 27 35 23 37 23 28 30 29 23 21 32 17 23 25 27 19 26 13 23 35 26 17 28 35 28 23 26 26 30 27 22 26 19 25 23 20 37 24 29 29 33 20 33 20 25 20 21 24 18 31 22 24 23 22 27 27 30
24 20 37 16 33 20 20 36 13 27 27 29 37 36 16 26 22 26 28 23 32 27 28 31 32 27 21 29 19 28 21 29 12 22 27 24 23 24 26 20 20 28 26 29 27 23 18 22 23 25 25 44 25 26 30 30 23 21 19 37 34 23 28 26 25 28 25 25 25 28 19 25 32 22 25 23 28 30 25 20 23 26 25 26 26 27 32 24 29 38 33 26 22 23 23 26 25 32 20 32
29 20 24 30 26 22 19 30 26 27 24 22 25 19 26 30 35 37 31 25 24 28 28 28 23 31 24 22 24 35 26 30 24 31 27 15 22 16 22 21 23 26 23 34 16 17 26 27 28 32 21 26 18 27 25 27 28 32 26 34 29 20 27 27 24 33 28 29 23 22 16 16 22 20 21 31 24 26 24 24 24 30 20 16 22 24 31 22 32 30 23 26 28 23 29 23 25 27 19 22
30 22 27 24 23 29 36 30 17 25 18 35 23 18 36 18 22 28 28 13 26 28 22 30 21 20 27 36 20 18 31 28 24 25 22 26 53 28 27 27 26 24 27 38 41 26 29 29 25 27 27 31 36 33 32 21 24 28 29 20 32 22 28 24 24 24 28 44 30 21 26 29 32 30 26 17 12 28 33 31 18 22 19 28 19 28 15 25 30 26 25 18 25 31 29 44 27 23 20 26
21 30 29 25 27 35 23 25 24 28 28 25 28 28 29 27 25 25 19 25 31 23 17 26 29 19 33 37 22 24 21 18 22 26 30 30 33 25 28 30 41 31 22 37 28 30 22 27 28 28 13 32 26 24 25 23 29 21 30 24 27 22 19 18 21 27 28 25 24 28 33 32 21 24 33 27 21 20 27 36 28 27 22 29 24 35 30 19 23 34 27 23 31 23 15 26 31 23 30 30
23 26 23 31 31 24 23 26 26 26 27 30 22 15 18 26 22 17 24 30 25 32 25 26 33 21 33 24 23 21 19 21 28 14 24 24 24 31 26 27 27 17 28 29 29 20 25 26 32 32 37 32 23 26 22 18 24 24 47 25 27 36 34 22 27 26 24 27 30 27 20 23 39 28 42 17 28 22 28 38 24 31 22 25 30 23 20 27 29 28 24 26 35 29 27 24 25 10 27 18
28 38 23 24 30 30 24 32 34 29 28 30 24 33 43 31 30 25 29 33 21 20 28 17 30 35 25 24 30 27 33 23 26 21 24 35 41 33 24 17 29 23 35 14 27 23 29 28 32 33 30 21 25 18 28 33 30 24 39 25 26 23 26 28 27 26 28 28 24 32 25 30 21 26 21 36 24 34 27 26 20 20 19 23 26 28 33 21 19 29 19 21 30 25 31 32 21 31 36 20
28 24 25 26 33 20 18 15 22 29 25 33 16 22 23 22 20 23 27 31 20 25 25 19 26 20 30 30 20 24 29 25 23 33 26 29 27 32 26 25 34 30 25 27 38 23 23 27 24 32 33 26 17 44 28 28 23 25 34 29 28 28 25 22 27 27 23 35 27 29 32 17 25 30 30 35 23 22 33 30 16 27 34 17 27 21 23 21 27 22 29 22 27 24 26 33 24 29 27 35
22 31 37 31 25 28 21 20 29 22 22 25 31 31 36 27 20 26 33 26 31 21 29 28 20 27 14 34 26 27 20 26 18 25 26 26 42 19 32 23 33 21 19 22 23 31 26 36 22 18 32 25 29 36 25 20 30 27 29 24 20 30 29 16 28 32 24 24 28 30 23 35 37 20 38 30 34 28 26 31 32 29 24 24 29 23 27 31 24 31 20 22 33 19 26 30 27 24 29 24
20 32 32 27 24 30 21 22 30 14 36 35 36 30 28 17 21 36 31 18 36 22 23 28 16 25 31 38 34 31 43 34 31 27 21 24 31 29 25 34 36 24 24 27 32 21 19 14 20 32 26 30 27 40 19 26 20 32 34 23 11 27 33 24 18 23 24 22 20 20 20 26 29 15 8 27 28 29 29 26 38 23 32 35 25 29 32 30 29 32 24 26 24 23 21 26 33 28 31 30
22 19 29 23 29 28 30 28 32 19 23 23 25 44 33 25 26 20 26 24 30 19 28 33 31 27 36 25 28 21 29 28 23 24 27 22 38 32 31 28 25 31 31 25 24 32 35 28 29 26 21 25 19 29 30 30 18 22 12 13 15 13 11 8 11 17 14 9 11 12 22 15 12 13 13 18 16 21 21 9 16 11 15 17 9 8 16 12 13 9 10 15 17 21 11 16 14 17 16 9
12 11 15 16 13 15 12 20 11 20 9 13 19 6 14 19 17 11 15 16 8 19 15 19 16 17 21 9 16 14 17 16 18 16 21 9 13 16 11 9 11 12 15 13 15 17 20 13 10 14 19 15 17 10 15 15 19 16 9 16 16 17 12 21 13 15 10 13 19 16 6 10 9 12 10 13 12 17 14 21 15 9 8 18 13 15 13 15 14 7 13 22 14 7 11 7 12 10 10 8
13 16 12 7 24 13 13 11 11 9 14 17 11 11 17                                                                                     
