0.483870967741935 2961 24 20 14 20 26 21 18 20 23 18 23 15 16 16 26 15 23 18 15 25 20 25 27 12 22 22 11 12 19 13 29 16 18 15 31 29 19 29 12 27 16 16 22 17 14 29 22 22 25 26 19 18 24 25 21 25 23 23 11 20 17 17 13 13 20 19 19 21 10 16 26 21 16 15 13 15 18 17 20 22 23 18 15 11 17 18 21 14 18 15 17 21 16 18 15 22 14 24
17 20 28 17 13 23 16 18 9 23 21 18 13 22 14 34 30 36 21 9 20 22 16 17 21 13 17 13 13 22 26 18 13 16 21 30 21 21 16 13 23 10 16 18 15 12 16 24 17 26 17 20 15 15 18 20 15 18 14 13 20 25 19 21 20 19 12 18 16 22 21 20 19 22 20 13 17 12 17 21 23 24 22 19 19 9 27 24 20 25 22 27 18 22 16 23 19 19 13 19
19 20 26 19 18 21 18 23 16 17 34 15 18 15 17 10 23 19 30 21 20 22 20 33 24 10 20 13 20 14 21 28 14 18 27 29 22 26 17 20 24 18 8 24 24 23 14 25 12 11 22 18 13 23 16 23 23 18 19 13 16 12 17 18 15 20 21 22 17 20 23 15 22 18 25 20 25 18 23 17 18 16 13 10 11 21 18 17 18 17 22 19 17 20 24 22 26 8 22 15
10 24 25 20 24 22 18 13 18 14 20 19 18 10 21 14 19 19 17 25 20 23 17 24 20 18 30 17 10 32 12 14 19 26 16 18 13 19 18 15 25 21 18 20 20 16 23 21 16 16 26 17 19 9 19 19 25 11 14 21 17 27 26 18 25 33 19 27 23 31 23 30 32 23 13 13 18 22 24 19 14 19 15 16 20 11 16 25 15 25 21 27 9 15 15 12 19 16 20 12
20 21 22 9 16 19 23 17 18 27 15 9 17 18 21 16 25 20 23 18 23 22 27 15 11 20 15 12 18 21 25 14 29 33 20 20 16 22 16 29 20 18 15 21 15 23 20 17 25 24 27 17 11 18 22 18 19 24 20 18 18 28 12 13 20 29 17 19 26 21 19 32 15 28 16 13 17 21 21 15 26 26 17 20 17 18 14 16 16 18 21 15 21 18 18 18 19 21 13 14
17 25 16 18 24 21 11 10 28 17 23 16 17 20 20 16 20 13 16 17 23 25 23 15 14 19 27 15 17 20 21 18 22 19 30 13 15 10 20 26 26 20 17 13 25 19 20 14 16 22 15 16 21 18 19 11 15 22 18 14 18 19 16 17 28 19 20 18 16 26 22 21 16 25 18 23 24 18 22 20 18 14 25 16 16 16 21 25 26 21 32 14 19 20 23 16 19 21 19 25
17 18 11 27 16 29 26 17 23 25 17 22 17 20 27 14 15 25 19 14 19 17 21 14 25 15 22 19 18 20 16 23 18 19 14 16 19 16 19 27 9 22 18 14 27 24 17 21 19 21 18 19 13 14 21 20 18 20 21 19 29 15 17 21 15 13 13 19 29 20 21 16 20 22 18 19 16 16 19 28 18 18 23 18 13 18 21 21 17 27 30 16 19 21 16 25 20 18 26 25
21 16 24 20 18 20 21 23 20 39 45 20 16 22 33 23 17 19 14 15 19 11 23 21 14 24 17 13 26 15 15 18 17 15 18 20 28 18 16 17 6 22 19 19 20 10 28 16 28 24 28 14 15 23 19 20 22 17 14 19 18 23 11 18 25 17 17 18 11 18 10 14 14 13 10 15 17 13 25 12 20 15 23 19 11 16 21 15 12 22 27 19 16 22 36 12 26 17 13 30
15 19 20 17 19 14 15 21 21 15 12 14 72 42 49 43 20 32 19 21 23 20 24 17 17 18 18 18 21 14 17 16 17 14 19 14 27 21 14 14 25 18 20 25 12 29 17 18 25 24 19 16 19 21 16 27 17 20 22 18 12 23 11 26 20 12 18 31 23 23 21 15 24 21 21 22 16 17 18 19 26 27 19 18 21 13 13 24 17 16 16 16 24 24 12 25 21 24 23 19
17 17 17 16 21 14 15 22 22 8 27 14 15 23 14 30 17 19 25 20 27 35 13 18 11 13 14 16 18 20 11 20 21 18 26 26 19 12 19 15 17 18 23 16 13 15 23 16 15 18 12 13 24 25 17 24 24 19 21 7 17 11 13 22 17 20 29 24 23 18 17 21 24 23 19 14 19 19 19 10 21 21 25 16 20 29 19 16 19 15 15 19 14 22 16 19 16 14 28 22
23 27 25 17 21 21 17 18 20 12 19 20 24 18 17 18 25 15 20 20 12 13 23 18 17 18 18 14 19 15 18 17 19 9 23 23 25 14 20 21 15 14 11 26 18 18 21 20 19 27 14 21 19 19 17 16 17 22 24 22 24 24 18 17 18 22 26 16 21 19 28 20 12 23 10 14 22 29 14 24 16 20 25 27 25 19 26 24 14 17 15 18 17 18 14 16 23 17 24 17
19 17 17 28 15 18 12 25 21 17 9 23 14 13 19 27 22 13 19 22 17 22 14 19 17 12 33 13 24 15 24 15 15 16 19 27 17 27 15 22 21 22 21 26 24 26 25 26 23 17 20 18 18 15 16 23 23 11 23 20 17 14 22 24 20 19 23 21 21 24 28 17 19 28 21 24 17 23 22 17 12 29 21 21 15 17 22 16 29 28 25 23 12 17 15 16 17 11 14 21
25 22 17 25 16 27 18 14 16 23 13 21 23 16 16 17 14 19 24 18 21 16 14 17 27 14 31 21 20 16 15 19 14 26 13 22 12 18 21 26 24 16 22 21 11 22 17 23 17 17 22 20 36 18 32 16 16 16 57 23 17 17 24 26 14 18 16 19 23 18 19 10 16 21 15 20 21 15 21 18 12 17 15 20 16 15 18 25 16 22 18 10 18 16 25 15 16 14 21 28
22 14 15 18 27 17 12 20 16 23 9 14 17 18 19 21 23 10 14 22 15 29 16 13 18 23 12 29 25 21 23 15 19 24 18 19 22 13 19 20 24 15 19 20 13 24 26 16 20 19 15 14 11 12 13 20 18 16 11 21 14 19 24 21 29 17 26 11 22 24 19 19 26 18 21 14 24 24 28 19 25 27 21 12 19 21 24 14 22 28 21 19 22 18 20 21 6 17 29 14
16 15 16 25 26 20 29 19 12 16 18 15 13 16 24 20 29 16 17 17 23 19 14 16 19 11 21 21 9 15 20 17 18 16 19 22 30 15 17 17 18 16 17 14 13 21 16 12 20 23 21 14 20 10 17 16 15 18 23 21 18 27 22 16 21 20 18 14 17 19 11 17 19 20 16 21 22 14 22 12 30 21 17 18 29 29 24 16 17 23 16 42 76 14 15 16 31 22 18 25
20 20 16 17 23 19 19 19 23 21 22 26 16 29 30 23 26 19 22 25 17 22 15 18 12 15 13 20 17 19 20 16 22 23 30 24 28 23 19 18 23 15 20 11 9 21 17 28 20 21 27 23 10 11 22 25 7 7 15 21 23 19 12 22 19 30 25 18 21 26 24 18 26 11 24 21 18 14 30 16 19 23 21 19 15 23 17 18 26 26 22 28 28 24 21 16 23 16 13 21
18 21 20 35 15 15 17 17 13 19 16 14 16 30 23 20 18 13 18 17 18 26 22 22 21 27 22 14 27 12 23 18 21 15 20 20 22 17 17 16 27 19 21 20 19 26 21 17 26 20 18 20 18 21 25 17 15 15 20 21 11 25 12 23 24 21 34 20 18 17 13 14 16 18 16 20 23 24 16 17 16 19 18 24 35 16 24 23 16 20 21 19 17 17 21 11 19 30 18 19
19 22 19 17 18 13 20 23 19 14 21 20 24 27 21 17 17 25 15 17 17 21 16 18 23 12 22 21 26 12 26 21 12 22 21 20 15 13 20 18 20 24 16 18 24 21 9 24 18 18 17 27 23 24 19 25 24 23 17 13 18 23 22 17 19 11 24 10 19 21 20 19 12 27 16 18 15 19 25 28 30 12 24 31 21 18 25 15 17 16 17 20 24 19 17 21 24 17 22 12
18 17 27 28 24 18 28 12 19 17 29 14 23 15 15 15 25 24 45 18 18 28 12 17 17 25 22 18 20 16 22 37 16 13 23 26 25 18 23 17 24 14 13 16 17 20 16 23 29 22 21 26 13 13 23 26 17 19 18 24 15 20 22 13 16 23 23 23 22 18 22 14 17 19 24 15 19 17 18 19 24 26 16 26 22 9 16 18 22 19 22 21 25 13 22 22 18 19 14 14
18 17 14 23 27 19 16 20 16 15 22 24 23 11 24 19 17 34 25 18 24 22 21 27 23 16 21 26 24 19 23 21 22 22 16 11 19 23 19 13 22 13 20 12 26 19 20 15 16 20 18 15 19 15 20 26 23 20 20 19 20 21 15 14 23 17 23 16 17 17 14 17 35 18 14 8 23 22 15 25 14 14 15 21 18 18 28 20 24 21 19 27 13 20 20 24 23 19 23 26
14 27 22 21 18 15 21 19 15 11 24 16 14 22 18 15 12 13 15 21 15 24 14 12 22 28 19 15 19 20 12 20 23 11 16 10 18 13 13 20 15 17 15 12 21 14 19 14 21 14 19 16 27 24 22 15 14 16 19 24 20 20 19 17 12 20 17 18 25 16 14 27 17 26 10 15 18 28 18 12 13 17 17 20 23 26 23 19 12 18 24 23 12 16 20 17 20 20 19 18
15 16 19 19 17 14 17 22 15 18 15 20 19 24 16 23 16 18 15 22 16 21 26 17 22 21 19 10 22 17 15 22 23 18 21 22 23 24 22 18 15 29 28 21 17 10 20 16 20 22 27 15 14 16 23 25 15 12 20 16 16 18 20 25 20 12 24 18 16 19 19 12 15 16 17 20 21 15 21 15 18 27 29 22 11 19 14 21 16 24 22 15 29 17 17 16 16 19 10 9
19 18 23 17 18 17 24 18 21 15 9 20 28 15 14 18 21 19 15 19 18 22 15 30 17 22 18 16 31 16 16 24 22 27 21 30 15 26 28 17 15 12 30 10 15 14 22 21 18 20 14 14 11 22 15 23 31 18 18 14 14 31 14 10 16 18 22 16 7 20 21 22 18 24 22 13 24 18 21 14 19 23 21 23 10 12 20 20 16 12 16 14 18 22 22 24 21 17 17 15
19 21 18 30 21 23 11 14 13 16 18 10 32 9 9 21 22 16 33 11 13 21 18 20 11 20 16 20 13 19 17 20 12 11 20 17 18 11 17 16 16 16 12 13 22 21 18 19 30 19 20 12 19 11 23 16 14 15 13 22 23 22 12 15 21 20 20 15 19 29 11 25 23 16 25 14 18 19 13 16 18 18 22 18 14 21 24 13 23 21 21 24 20 20 22 24 12 17 36 23
22 24 19 14 16 15 26 21 20 20 17 12 19 19 23 21 8 28 27 16 19 19 16 24 18 14 26 20 17 15 22 17 25 17 21 14 16 26 25 14 20 18 16 23 20 20 23 24 15 16 14 27 16 17 19 20 16 18 20 20 20 15 21 24 19 4 4 21 14 22 15 18 22 26 21 32 17 18 21 17 22 25 18 14 16 12 15 23 23 13 20 18 24 15 16 26 26 18 14 16
22 27 15 22 19 19 17 16 14 26 19 12 15 10 17 22 19 23 16 17 20 23 24 20 26 21 23 19 30 23 20 28 24 18 28 15 17 24 14 21 23 20 17 15 16 20 21 15 22 13 10 15 20 16 16 17 23 25 24 20 24 16 13 28 24 20 16 15 13 25 28 17 22 18 16 26 28 18 18 16 23 25 24 32 18 25 13 24 20 9 9 15 32 21 10 22 25 16 16 20
17 20 17 15 11 13 25 17 23 12 17 23 14 17 18 17 21 19 12 15 23 22 22 22 17 16 15 22 20 19 17 26 23 21 13 15 22 17 16 15 17 10 16 17 19 19 20 24 21 20 20 16 21 19 25 20 18 17 20 14 22 16 17 23 21 18 15 15 16 21 15 20 16 17 13 22 20 24 24 20 18 16 15 16 25 23 15 15 12 22 23 22 21 16 16 19 17 16 25 26
16 14 14 16 25 16 18 15 21 18 15 33 16 15 20 23 18 25 24 22 13 8 18 19 13 13 17 17 16 18 23 17 23 22 18 17 14 20 15 16 16 22 21 15 15 16 23 18 26 29 19 22 21 24 18 24 19 23 18 15 22 25 23 26 19 11 27 24 30 31 26 21 27 22 17 26 26 22 27 20 15 20 23 29 33 13 20 19 22 16 18 23 21 14 20 24 15 26 21 17
26 19 17 19 13 16 19 19 20 17 21 16 16 13 21 19 19 25 27 20 28 15 22 14 19 26 22 15 12 21 28 14 10 21 19 17 19 50 17 14 11 11 7 9 5 9 9 13 23 5 10 11 8 9 7 7 14 8 5 11 8 8 7 15 13 5 8 8 6 5 7 5 11 14 10 11 4 11 6 6 5 14 11 10 6 10 4 9 12 7 9 16 14 4 7 8 12 12 12 12
6 10 5 7 12 16 9 9 9 7 5 18 10 7 11 10 13 11 7 8 4 11 10 6 15 13 9 19 10 10 6 14 12 8 9 12 12 9 9 4 9 10 10 7 11 11 9 10 8 11 4 7 9 7 6 11 9 7 11 5 7 9 17                                     
