0.4 4141 37 30 38 36 39 35 31 42 34 43 35 35 40 46 27 34 25 41 34 149 25 31 34 43 32 33 33 35 41 39 32 26 36 43 36 37 40 27 33 40 35 39 21 30 35 29 33 22 28 31 23 38 31 32 37 33 32 32 33 24 32 31 24 32 44 27 37 34 23 41 47 35 23 34 40 39 38 26 36 25 32 31 31 31 27 47 36 28 39 38 33 38 22 22 42 26 32 30
41 43 31 40 31 24 27 37 33 43 28 26 28 39 26 27 35 24 35 31 37 34 52 41 32 45 35 41 26 23 26 38 50 76 27 33 23 46 35 34 34 30 46 37 45 35 24 29 30 34 42 34 31 26 34 34 35 31 36 36 33 30 31 38 41 33 20 25 28 40 40 31 31 28 41 23 30 24 36 22 42 22 34 26 32 32 34 33 36 32 25 35 31 33 35 26 33 39 25 31
29 27 33 32 38 33 34 24 42 23 26 35 39 29 41 26 38 34 25 32 40 39 32 29 33 29 38 31 37 42 37 39 38 33 45 34 28 34 29 26 30 27 36 30 39 40 43 34 26 35 30 29 21 33 17 34 29 36 33 35 25 53 49 33 34 31 42 44 38 46 38 28 35 32 8 32 41 37 34 27 23 28 38 27 32 26 37 25 37 37 37 35 34 40 37 31 32 41 27 34
51 50 25 36 37 40 36 38 36 36 51 21 33 27 41 24 36 25 17 35 36 39 24 31 29 32 34 40 46 30 38 48 47 34 35 41 24 30 26 43 30 37 25 40 34 33 33 42 43 40 34 38 33 44 32 39 35 38 40 44 38 33 35 42 40 43 32 38 37 27 27 38 45 33 27 25 40 32 37 28 27 40 35 37 44 33 26 21 40 42 32 34 31 39 38 32 38 27 29 48
30 29 33 26 39 34 29 33 29 37 30 33 39 44 28 19 30 29 32 37 25 42 25 31 34 35 31 17 33 35 33 39 37 41 31 35 23 43 37 40 34 39 44 37 41 27 31 32 48 43 41 42 55 35 29 28 23 30 37 37 29 31 37 37 31 37 31 25 38 39 37 28 29 14 44 28 21 28 34 37 33 21 26 38 33 41 39 33 37 27 20 42 27 25 33 21 36 22 37 23
32 28 26 35 28 32 26 33 25 31 36 30 40 39 40 39 30 35 41 28 44 38 35 34 41 43 16 34 32 44 43 46 35 30 33 21 28 33 45 27 36 33 36 28 30 46 44 40 36 36 35 33 40 37 50 33 30 37 30 35 35 26 34 31 31 32 40 27 35 45 40 35 36 31 34 21 30 48 34 27 24 44 35 38 34 37 25 40 30 48 25 42 41 29 30 30 32 28 29 38
26 24 25 28 40 27 34 32 38 43 34 28 31 29 35 37 31 35 36 25 25 40 38 33 42 37 31 41 35 37 30 28 35 29 37 32 31 35 33 38 27 33 43 32 25 32 46 27 31 39 38 35 44 52 35 41 32 37 42 29 35 49 31 39 37 39 40 30 44 43 32 35 36 31 32 37 21 36 31 31 22 37 24 32 44 31 25 30 39 41 31 35 34 39 37 35 38 48 33 43
33 34 38 34 48 30 40 29 29 44 30 33 35 50 27 34 41 34 42 31 31 38 38 37 44 35 37 39 32 41 28 45 30 26 38 21 34 35 31 39 31 33 38 38 37 27 29 34 37 32 40 34 41 25 40 40 34 29 38 31 22 32 29 37 43 28 34 29 32 28 41 40 29 23 35 37 40 36 38 33 38 30 30 37 34 35 31 44 55 29 33 34 35 28 41 41 28 36 37 33
44 29 27 37 37 32 34 35 41 26 37 38 32 26 36 34 26 37 33 31 37 22 39 32 37 39 26 25 26 34 26 26 48 42 25 38 31 28 27 38 17 38 26 31 49 30 39 28 28 33 39 25 33 40 43 30 40 39 35 36 32 36 43 38 30 32 36 28 29 38 27 39 26 39 38 32 34 41 30 37 34 44 31 35 40 33 42 32 24 30 32 35 41 33 35 20 40 39 37 28
30 36 26 42 29 39 37 33 48 31 27 31 23 37 35 35 35 28 35 36 34 39 36 27 35 42 31 45 32 37 34 33 13 33 31 32 26 31 30 27 39 35 38 26 32 35 39 33 35 42 32 38 31 30 30 28 48 26 45 34 46 47 39 30 38 33 40 13 33 28 27 30 33 37 27 20 34 39 28 37 30 37 47 35 33 37 35 25 32 34 26 28 40 33 30 31 35 26 34 35
40 8 37 32 32 39 28 48 28 35 37 31 40 43 28 37 26 34 24 36 30 38 26 33 42 34 25 31 36 28 24 44 36 36 45 23 29 24 35 35 40 28 41 38 37 25 45 38 38 20 26 45 33 29 27 31 31 30 32 31 34 30 24 33 38 36 26 29 34 30 22 37 37 30 37 37 35 29 32 25 34 36 37 35 42 35 33 40 38 36 19 34 36 31 34 32 37 26 34 32
38 40 41 36 32 29 31 24 37 30 39 41 22 37 28 41 40 24 25 27 45 31 33 36 46 38 33 41 39 37 33 33 33 39 20 28 43 26 21 48 62 42 30 36 28 29 30 39 37 28 33 30 36 27 22 43 28 32 36 37 32 32 39 43 46 38 38 42 28 46 35 39 30 34 32 24 40 38 36 38 27 40 27 29 35 38 37 41 40 42 37 29 33 34 33 23 26 34 37 24
28 35 30 28 23 37 36 42 37 37 42 30 39 29 30 41 39 26 38 38 29 26 28 24 28 34 42 39 25 29 47 46 27 21 32 29 37 41 28 51 21 40 31 31 25 38 45 32 28 41 31 31 36 29 26 26 36 31 38 36 36 30 33 35 36 33 32 40 39 15 36 33 43 65 40 38 32 37 36 27 30 28 27 39 34 35 28 25 44 39 53 27 36 31 31 33 46 33 48 36
32 45 44 34 34 31 42 29 42 40 33 35 25 35 39 26 33 37 28 45 27 34 25 38 28 35 42 39 27 33 38 34 30 29 33 22 40 36 36 34 29 43 45 31 31 42 35 35 39 50 32 37 32 37 35 40 42 34 22 29 35 34 31 35 42 45 28 45 42 45 31 23 44 31 37 37 39 30 32 34 44 58 31 34 37 31 28 36 33 36 46 43 25 36 37 31 39 28 31 26
40 33 35 36 22 46 38 35 38 32 33 35 41 17 25 32 32 28 26 38 30 37 39 28 31 32 31 37 31 39 29 40 43 32 16 41 36 31 42 27 40 27 47 26 29 31 35 31 25 36 34 30 32 36 32 36 44 30 32 36 25 33 45 34 36 27 43 41 39 44 36 40 30 10 33 31 28 28 23 44 42 32 25 32 39 24 37 23 30 28 32 30 26 32 35 34 41 35 27 37
40 26 42 30 44 49 29 36 25 40 31 23 40 13 23 36 30 27 41 44 26 36 21 44 26 25 41 30 27 33 25 37 29 24 29 32 45 30 43 26 32 27 27 30 35 32 33 37 39 42 42 33 34 34 30 28 40 35 38 29 33 34 32 45 36 22 39 39 28 39 26 41 24 26 39 33 51 33 36 30 42 27 33 30 40 26 41 43 22 32 50 38 32 37 32 36 18 38 33 40
48 35 38 35 36 32 27 38 27 27 39 35 27 41 35 38 59 39 39 43 33 28 33 41 35 33 26 36 30 40 33 39 36 38 35 29 43 33 22 24 27 35 44 40 21 34 40 39 31 38 24 38 34 35 43 34 41 40 25 35 39 41 12 37 29 20 35 34 34 32 38 40 41 36 35 37 25 37 38 39 35 32 39 34 30 32 37 30 37 40 48 41 26 32 38 31 41 38 44 30
41 30 39 38 32 45 38 44 33 29 39 35 31 20 31 32 22 43 40 33 34 33 46 33 37 33 35 40 32 44 34 29 44 34 35 37 38 34 34 25 26 38 26 35 33 34 40 31 37 23 40 31 37 28 45 29 29 43 30 22 26 18 41 33 41 32 32 35 29 31 36 34 29 31 24 39 38 39 26 41 35 17 24 33 44 32 39 34 32 25 22 63 43 43 31 34 35 39 25 36
46 25 35 35 34 34 32 32 26 28 38 44 27 33 43 40 24 35 36 38 41 42 22 36 46 20 41 23 33 39 22 31 45 31 43 25 32 42 43 35 34 29 38 26 34 32 32 29 39 30 31 22 27 42 38 37 25 31 33 38 38 33 39 36 27 36 36 31 35 39 19 28 24 34 41 44 44 32 35 41 39 23 39 24 33 38 28 35 34 36 30 31 48 49 37 26 27 33 28 27
34 45 36 36 31 42 36 29 38 29 46 32 38 39 23 53 34 24 30 35 33 26 37 35 41 18 29 41 37 30 42 30 48 26 47 22 35 37 35 35 30 37 30 40 31 33 39 40 32 39 26 27 41 39 31 30 37 17 32 38 29 29 39 32 37 38 37 39 39 28 32 33 32 40 38 38 41 36 33 25 33 38 42 37 31 31 41 29 38 46 48 34 43 35 40 26 33 27 36 37
42 42 37 31 45 27 37 31 30 20 21 41 32 27 29 40 39 35 39 27 28 41 47 23 30 34 37 34 36 43 36 24 30 36 32 36 34 33 43 26 38 28 31 33 27 37 31 47 30 34 44 32 41 38 42 40 26 25 40 27 33 41 38 121 84 86 76 17 76 92 164 31 42 32 30 27 23 35 41 38 37 21 39 30 32 23 25 25 40 29 39 44 25 44 44 44 38 37 32 29
37 32 30 42 39 39 31 35 35 34 36 24 41 38 19 35 41 41 42 29 35 35 27 32 29 30 32 42 40 37 29 36 49 47 42 39 36 38 34 35 32 37 41 25 41 46 27 28 37 31 36 37 49 36 41 38 34 43 32 36 27 39 38 32 30 36 25 36 35 27 39 45 40 40 38 49 37 34 42 29 44 33 34 35 30 32 27 35 23 32 32 35 28 29 30 42 46 36 37 33
37 17 32 39 33 26 26 39 47 29 31 41 38 26 27 34 34 25 29 22 34 33 34 35 40 43 28 37 35 40 41 35 40 35 33 40 41 34 35 30 37 27 40 34 38 34 27 44 32 45 38 34 34 41 32 33 40 39 32 34 28 30 39 44 34 32 34 31 31 27 41 29 26 36 37 28 37 41 43 37 30 29 31 39 49 36 39 32 22 36 24 34 31 40 26 28 38 31 34 31
45 29 38 33 32 43 32 30 34 31 43 34 38 38 50 35 35 37 22 30 32 26 40 41 28 28 35 32 27 26 21 33 35 28 25 32 31 35 31 47 41 36 30 28 47 25 36 20 38 28 28 18 35 42 38 30 45 34 38 31 33 39 33 40 38 39 43 25 33 42 28 50 33 38 26 35 34 39 29 37 34 32 42 43 42 40 33 34 35 41 44 39 37 51 14 35 32 31 31 35
49 20 35 32 26 49 33 17 35 24 26 33 25 34 36 34 29 40 38 32 44 39 39 21 34 33 18 24 32 28 23 25 50 34 40 39 29 42 28 33 46 26 17 28 36 34 33 34 30 34 37 41 28 43 43 39 35 43 46 30 46 34 28 35 28 23 45 29 29 35 31 31 43 37 39 40 46 43 32 30 40 33 24 38 29 33 35 33 22 27 33 43 33 29 33 27 32 33 33 44
31 30 30 23 36 36 45 30 23 24 36 30 30 41 33 28 30 42 33 33 42 30 42 36 36 30 29 48 38 29 40 41 34 25 43 32 40 42 39 41 34 22 30 28 19 39 32 36 31 27 37 31 30 38 30 31 47 36 25 47 32 26 42 33 36 22 34 36 32 29 29 30 30 30 31 37 28 31 38 39 33 38 26 33 31 29 38 34 43 46 26 29 39 37 27 31 30 35 22 37
36 41 34 31 30 39 34 27 17 31 37 30 22 38 40 35 22 31 43 36 24 42 28 36 38 35 32 27 27 34 30 26 32 29 23 19 36 37 35 37 27 30 45 30 19 38 32 23 44 28 36 23 20 40 36 33 31 39 27 22 27 31 29 24 45 24 43 28 30 28 28 25 27 34 38 32 32 21 35 28 38 34 54 25 34 18 23 46 30 27 40 30 32 29 50 38 46 30 32 33
34 42 19 29 35 27 31 45 27 30 39 25 34 32 26 32 6 43 35 29 34 25 34 34 24 36 27 26 36 44 37 33 32 28 38 31 32 41 25 43 38 44 32 39 38 43 39 29 37 33 32 36 37 42 36 44 35 36 26 22 43 25 45 40 35 35 24 38 31 36 29 33 44 32 29 36 29 25 32 38 34 28 40 30 26 35 44 40 29 32 36 42 39 37 38 33 28 26 39 37
30 38 38 33 34 39 28 43 34 26 21 25 26 34 33 39 27 22 31 25 38 32 38 43 48 34 43 33 39 36 36 34 39 39 38 38 25 26 36 39 37 28 31 28 31 31 30 30 33 22 22 31 28 25 33 45 33 42 34 26 37 24 36 41 37 39 40 31 34 35 28 27 28 31 30 39 38 29 28 26 30 40 36 31 32 35 37 36 45 39 24 46 35 44 34 24 36 38 44 35
28 33 26 35 30 41 44 38 24 27 26 24 29 29 37 34 47 28 38 24 35 36 42 25 42 29 37 49 30 35 33 38 32 30 21 38 32 32 31 31 34 36 34 39 29 16 24 41 29 32 29 30 31 40 36 35 29 24 44 41 32 36 28 28 32 27 28 29 34 33 42 37 42 37 27 36 29 30 23 23 29 46 38 38 23 35 16 33 32 41 40 44 32 41 38 27 41 42 34 29
39 33 38 31 30 16 26 34 28 31 31 26 37 37 16 37 33 38 27 32 43 31 38 33 26 32 32 29 33 31 27 35 25 36 39 38 31 33 27 42 27 45 40 32 39 34 38 34 32 38 33 34 36 37 44 40 26 26 23 28 52 39 37 38 39 27 38 33 34 35 34 27 45 35 75 39 36 24 42 35 49 42 30 33 45 33 29 22 32 32 23 35 39 43 38 38 32 23 34 39
40 38 46 26 44 30 30 23 34 31 31 38 34 26 34 34 35 45 23 30 40 22 28 36 37 38 31 27 24 26 26 30 37 40 21 25 24 28 37 36 32 32 32 39 36 28 41 37 31 37 31 22 32 45 34 39 35 25 28 29 34 33 41 43 37 35 32 56 22 23 30 33 40 33 32 36 54 32 34 31 32 37 31 29 30 31 34 35 35 48 36 44 36 32 30 42 43 39 29 27
40 40 27 40 31 39 32 34 22 42 22 38 27 29 39 35 35 34 40 36 35 31 39 37 36 30 31 29 46 41 27 42 27 35 29 46 36 38 31 48 41 32 33 40 27 47 48 43 30 30 34 24 34 40 29 32 33 26 34 21 45 38 28 36 36 31 38 38 42 31 22 36 30 42 34 41 38 28 26 24 32 33 37 23 36 46 43 21 32 35 39 39 35 35 36 29 36 33 37 29
31 27 38 33 34 31 36 38 22 35 34 36 45 35 28 29 44 31 37 26 38 29 40 36 32 7 47 32 31 32 49 24 27 34 28 46 44 36 34 42 41 28 39 37 26 36 32 29 18 39 29 30 32 32 35 36 23 34 38 29 26 32 42 15 41 25 28 33 18 34 44 32 37 25 44 45 35 30 39 27 28 45 23 48 44 22 37 42 37 32 28 26 44 39 38 34 33 46 27 22
33 42 49 15 38 43 29 30 37 48 33 40 16 24 57 46 50 55 21 34 42 35 35 30 39 22 39 26 36 29 26 37 29 21 34 42 42 33 28 37 35 23 39 31 32 27 44 26 34 32 29 35 39 14 45 26 28 20 38 35 33 44 34 35 35 36 22 31 43 35 35 30 42 34 19 27 41 44 24 33 38 37 43 28 32 34 27 33 28 34 28 35 41 30 32 27 40 43 39 32
55 34 39 28 28 36 34 46 41 33 29 32 33 34 39 28 27 24 33 27 43 33 51 38 28 45 41 36 37 36 41 36 29 29 38 23 30 48 36 28 31 43 28 36 18 33 39 30 46 41 32 35 32 17 32 50 37 35 31 26 24 29 32 34 42 26 31 35 25 37 33 30 46 35 39 43 38 29 31 30 22 37 26 35 38 29 30 33 39 33 32 41 34 36 30 41 50 31 22 39
47 30 37 48 34 35 33 34 36 32 28 35 27 39 34 33 36 40 29 37 38 38 23 33 33 16 24 38 31 36 27 38 47 33 34 33 36 36 36 41 38 31 30 35 24 28 40 36 44 31 26 37 35 32 24 29 47 37 33 37 35 36 32 36 38 38 30 35 41 34 40 36 39 33 34 32 31 33 35 45 29 31 34 28 35 23 32 31 30 32 29 28 32 43 15 32 47 37 23 31
30 27 29 38 33 26 25 42 41 22 34 45 35 31 36 32 28 32 41 26 34 27 35 32 36 38 41 31 35 26 30 40 48 32 29 38 27 23 34 39 56 37 41 29 39 31 33 33 32 22 44 27 41 33 38 36 31 38 36 36 26 39 37 32 43 36 29 36 28 31 34 35 33 32 43 38 30 25 20 35 29 22 35 32 26 38 35 26 30 30 30 28 33 34 27 29 38 35 35 37
34 32 31 39 31 34 31 29 28 38 33 46 23 32 42 37 29 28 30 38 32 33 26 34 34 41 42 43 32 37 35 30 31 42 28 44 32 49 33 40 35 31 29 38 23 30 38 47 44 30 29 42 28 39 37 33 30 37 20 30 31 29 32 28 34 27 50 31 32 29 38 31 31 35 18 39 36 27 38 23 19 20 39 18 32 38 28 32 27 34 23 34 41 33 37 42 16 28 42 31
33 41 34 36 40 27 31 38 40 42 34 20 23 46 37 32 29 22 44 30 36 32 42 31 38 40 29 36 36 37 32 36 35 30 46 37 47 36 44 29 35 13 38 36 32 37 36 45 24 33 27 52 51 38 39 30 47 36 30 25 26 34 28 43 28 44 37 47 33 39 27 41 34 40 41 33 43 45 41 32 36 20 34 36 29 30 29 34 40 35 35 40 28 15 17 19 13 14 17 16
19 17 7 17 17 16 13 18 15 17 18 21 17 23 18 19 13 11 18 15 14 15 13 20 15 24 20 15 24 11 10 25 15 16 16 14 20 9 18 18 17 16 19 24 17 19 12 11 18 20 17 16 17 9 12 8 11 18 17 15 16 13 10 19 14 21 22 14 23 13 12 25 16 15 17 25 16 21 7 23 12 32 17 19 16 11 17 20 17 23 14 13 28 17 17 22 13 14 14 19
20 12 18 16 12 12 25 14 16 18 22 17 26 19 16 17 12 17 13 33 25 18 14 15 19 20 15 15 15 22 5 12 15 21 16 19 15 20 17 10 14 34 18                                                         
