0.35 3561 28 36 19 32 23 30 34 34 23 31 31 26 38 30 34 36 27 32 28 33 30 46 29 25 19 30 32 37 33 21 39 20 32 17 23 29 34 44 20 27 27 24 28 27 17 33 23 29 33 18 31 31 23 24 20 22 35 30 25 29 26 34 22 20 27 33 38 36 22 24 20 29 22 46 56 22 32 29 27 32 27 28 30 41 12 34 37 30 23 31 25 31 46 26 29 28 29 36
25 27 36 26 29 18 29 23 33 25 25 25 31 27 34 26 25 20 35 27 15 20 22 26 38 29 38 31 29 22 29 31 20 22 27 27 26 19 29 23 25 29 15 23 21 24 21 31 30 29 28 38 26 31 24 24 16 24 27 23 32 30 25 37 33 28 27 24 26 26 30 18 28 29 27 26 24 28 25 30 31 24 41 31 29 32 30 27 31 20 22 42 25 39 32 23 24 32 23 29
29 25 25 25 33 17 23 18 25 30 28 26 25 36 25 30 27 36 30 28 24 29 24 24 18 30 34 27 13 23 29 25 35 23 38 28 36 30 26 22 21 25 26 15 21 29 26 39 34 27 22 23 33 42 36 32 40 20 18 22 18 33 31 28 20 28 34 26 21 41 28 27 37 28 32 29 30 24 34 24 42 19 27 31 23 30 39 35 23 22 28 34 34 33 30 38 30 18 35 33
25 28 29 39 34 35 21 15 39 21 32 32 32 25 25 27 26 27 31 35 16 33 33 31 23 29 23 25 27 25 24 30 30 28 16 20 18 38 21 30 35 30 23 44 27 29 34 23 30 25 15 29 22 24 22 31 30 31 28 25 38 32 21 43 29 24 22 32 32 25 22 19 18 31 32 30 33 31 33 14 34 28 35 23 31 26 28 32 34 28 25 24 39 27 24 28 22 25 15 27
31 30 22 36 28 28 27 31 30 32 24 30 31 27 19 27 42 22 34 22 24 29 27 29 34 32 42 23 41 25 24 39 25 26 26 26 30 27 32 33 58 20 21 35 29 26 18 32 28 31 26 19 20 24 31 17 31 27 41 18 28 29 30 38 41 37 37 26 17 34 20 28 26 31 26 24 24 23 27 28 27 34 28 34 23 28 34 19 29 26 30 36 42 31 34 28 24 35 20 26
33 31 33 22 23 42 29 22 28 21 27 31 32 20 26 28 27 23 29 27 37 25 24 19 28 23 22 23 28 25 22 27 21 40 29 25 28 29 22 29 39 27 20 32 27 27 27 27 24 24 21 29 23 25 39 26 35 31 30 28 30 21 25 24 29 34 19 21 34 27 32 29 24 29 28 31 37 27 28 28 36 29 33 33 26 23 25 23 30 36 32 29 25 21 30 31 33 27 17 23
30 28 23 30 30 30 25 22 29 27 25 21 26 27 25 27 30 26 31 25 24 20 32 30 24 26 21 17 30 27 24 15 19 30 22 34 18 27 26 32 25 38 28 32 27 37 31 19 25 22 30 21 19 27 25 26 25 19 20 29 33 19 29 21 28 9 28 26 29 21 28 29 22 25 34 19 21 25 27 22 16 31 25 25 25 30 28 38 34 30 30 22 29 26 34 39 23 24 27 22
28 32 37 20 22 22 34 27 34 24 35 38 31 18 31 26 48 30 37 22 25 31 39 27 24 26 25 31 35 28 17 22 34 29 28 28 29 29 26 25 29 28 44 25 21 27 23 17 18 37 19 28 26 11 28 26 33 28 34 39 31 37 26 33 22 24 27 22 29 23 26 29 15 18 21 29 29 23 23 24 37 30 30 42 33 36 39 28 32 28 34 29 33 27 28 15 28 23 26 29
22 18 19 24 32 29 23 32 28 33 21 28 30 29 37 25 19 27 20 22 34 26 19 27 24 33 19 25 27 30 17 18 28 21 25 30 37 31 28 30 36 28 30 28 29 26 13 24 40 28 27 24 35 33 27 18 22 24 24 23 22 28 34 27 36 25 29 23 34 28 24 20 33 27 30 24 24 30 27 33 27 32 25 30 32 30 22 30 24 27 28 30 32 23 27 25 27 22 24 44
25 21 39 20 24 31 22 29 29 29 28 30 14 30 34 31 37 27 32 35 24 32 15 26 43 27 32 25 28 33 27 31 26 28 27 28 43 34 25 24 20 34 23 33 22 25 23 22 22 24 31 31 29 27 22 34 17 19 27 29 27 25 31 27 25 30 25 29 33 24 40 28 22 26 22 23 29 27 21 20 23 36 28 32 25 28 24 32 23 28 35 27 31 27 33 37 25 18 33 30
58 30 28 35 25 30 25 16 27 44 35 23 23 34 31 31 28 25 23 24 27 30 19 20 14 19 37 27 21 27 21 16 25 28 21 31 26 16 29 25 24 25 23 29 26 30 34 24 33 21 20 39 27 39 25 28 29 34 38 33 31 23 21 25 28 30 25 26 34 26 28 28 27 28 28 48 28 22 21 22 28 34 28 26 31 38 40 42 28 28 21 37 30 29 37 21 28 27 33 25
11 20 24 27 59 54 27 36 31 29 27 32 31 28 23 25 19 42 25 38 27 29 31 33 23 32 31 22 31 30 41 24 25 30 36 27 31 21 28 22 17 31 35 25 22 34 27 21 21 31 25 27 19 19 29 33 28 27 27 31 27 24 23 22 28 20 27 26 28 26 32 35 14 32 36 32 25 33 23 29 31 34 29 29 23 19 24 25 22 27 41 19 16 25 31 30 20 32 35 38
27 34 29 30 27 22 29 33 28 34 37 46 65 30 29 24 24 32 31 21 27 30 24 34 36 17 33 33 37 25 40 20 27 39 29 20 35 31 30 37 31 32 28 18 25 27 44 27 31 40 36 32 38 23 19 24 35 25 38 21 26 31 38 22 34 23 30 25 27 21 32 28 34 32 29 36 27 23 23 30 32 28 30 31 18 29 27 29 26 19 30 36 23 31 31 24 24 28 20 25
27 31 17 24 31 33 33 31 32 28 25 24 27 24 27 27 20 30 35 31 27 27 38 22 40 25 22 30 21 40 16 30 27 30 29 28 24 23 28 24 28 33 17 15 21 18 27 21 19 30 27 35 33 34 28 29 17 32 22 14 24 15 20 26 32 35 33 21 27 27 24 22 23 35 25 33 32 24 33 26 29 30 28 25 26 35 30 22 30 8 24 32 27 28 25 25 22 25 27 21
32 31 29 38 39 39 11 24 37 37 22 30 28 27 28 23 19 22 32 30 25 26 33 28 30 32 29 27 19 28 27 24 34 38 32 24 22 31 27 32 29 21 22 28 24 27 26 30 30 18 23 31 31 30 28 24 31 21 30 37 29 28 26 29 19 32 30 19 23 31 32 19 20 27 31 29 27 18 29 33 29 35 41 20 22 12 15 31 31 22 26 31 23 29 26 28 25 21 26 25
36 29 27 34 42 31 18 24 22 31 26 27 23 26 23 32 17 39 20 19 26 35 27 26 30 31 16 19 22 22 34 31 33 37 33 22 41 24 29 22 33 32 16 24 19 41 33 34 32 31 17 21 25 35 33 20 19 26 32 27 36 31 27 22 21 27 28 22 39 23 19 40 27 26 27 26 29 25 22 22 35 30 42 24 36 29 33 25 28 32 32 21 30 25 28 22 26 26 29 26
31 28 32 24 22 22 21 26 34 30 19 26 30 18 23 29 24 27 25 32 24 23 22 25 40 24 27 23 17 30 28 27 45 25 21 16 32 23 31 28 31 21 20 23 40 24 26 27 27 37 29 30 37 29 31 22 34 25 36 29 41 36 32 24 27 38 27 18 32 26 34 29 35 29 33 22 22 34 26 38 24 34 30 26 37 25 21 30 39 30 26 28 35 30 20 29 38 32 23 30
20 30 37 27 33 34 27 14 26 25 28 41 30 31 33 37 25 45 38 30 37 28 33 36 26 28 25 30 41 37 62 42 22 27 35 26 33 46 37 32 22 30 25 14 29 29 23 19 28 30 14 35 30 23 33 25 23 23 33 22 32 25 24 27 31 25 29 20 36 27 34 26 28 21 35 27 37 26 33 29 42 24 41 25 30 27 39 24 25 28 21 27 32 19 31 32 27 42 32 36
40 28 31 25 22 33 22 29 35 27 32 34 35 22 24 29 20 32 26 25 23 29 28 35 28 25 31 28 20 32 25 30 38 24 25 18 25 26 28 18 21 23 35 23 33 24 28 18 20 28 21 26 27 32 41 34 36 28 42 36 36 33 29 29 27 29 25 13 23 30 24 25 36 37 15 24 31 25 35 34 28 13 29 31 17 27 23 30 22 26 25 24 28 28 28 27 27 36 28 28
23 31 28 26 19 26 29 30 18 28 32 31 27 30 31 17 31 24 24 30 28 32 23 28 23 22 17 28 21 23 25 36 29 28 20 29 26 16 30 30 26 28 34 24 26 23 28 26 30 23 34 28 20 30 24 20 39 27 27 18 38 24 24 24 29 37 22 21 22 30 19 38 29 27 35 26 21 32 25 29 29 22 24 30 30 38 23 31 21 18 23 24 29 23 27 27 21 35 36 22
25 23 27 43 24 31 30 15 21 29 37 28 23 19 40 23 30 34 26 35 35 9 17 21 31 35 37 27 40 30 27 32 26 27 22 34 17 30 31 18 26 39 33 21 28 30 27 35 31 27 30 23 19 29 20 33 30 27 30 20 23 22 27 31 19 29 29 24 27 27 29 31 21 33 32 27 25 16 30 23 22 29 20 24 32 22 23 25 24 21 37 27 32 29 18 17 25 29 26 17
32 26 46 28 30 31 30 32 31 28 27 24 39 19 28 40 26 30 29 22 22 27 24 32 15 27 35 13 38 28 25 27 27 33 27 28 20 30 20 28 35 33 23 35 33 22 27 27 21 19 32 26 24 32 27 28 25 32 33 29 15 32 28 21 30 26 42 29 26 28 28 23 29 28 33 29 32 36 29 23 32 19 24 27 23 34 25 37 29 30 30 27 36 33 20 30 23 23 24 20
18 25 31 24 25 24 28 25 22 24 27 13 30 30 22 27 17 24 26 25 35 31 13 26 30 38 26 30 30 31 25 34 25 28 30 23 26 42 21 37 26 28 29 39 40 27 30 24 35 27 26 24 22 31 34 27 31 23 30 22 24 31 25 35 24 22 21 34 28 22 29 19 32 30 32 29 28 37 35 28 32 40 23 35 30 40 22 41 31 16 25 24 33 29 23 17 34 35 29 31
31 28 23 21 25 30 19 26 20 27 26 31 21 36 31 37 24 30 25 43 23 31 17 20 24 23 27 34 18 25 28 20 21 16 27 31 24 34 23 18 30 25 34 33 24 29 44 23 46 23 31 18 24 16 20 30 21 24 31 16 31 21 26 31 38 33 33 27 28 37 24 30 33 19 32 28 25 35 24 41 37 33 29 31 28 26 33 31 27 30 13 22 31 27 22 20 32 22 21 26
33 24 29 23 25 25 31 32 27 29 30 28 31 35 29 30 26 26 31 25 30 29 21 33 29 29 27 18 23 29 22 22 40 28 34 34 26 36 34 25 19 21 32 28 21 22 28 37 24 29 28 32 31 31 20 36 25 23 31 24 28 30 26 20 21 26 34 31 36 19 31 18 27 22 28 22 22 44 34 22 40 20 28 29 27 40 27 31 21 36 18 20 28 30 34 28 26 25 36 22
32 25 26 28 18 32 30 34 28 23 23 27 27 23 28 25 22 19 33 22 17 18 27 27 17 27 25 20 25 42 23 29 18 23 13 27 22 22 26 31 26 16 20 35 24 22 26 24 21 27 26 26 29 29 32 37 33 31 34 22 22 18 26 23 37 32 32 24 28 32 25 34 31 24 30 31 31 30 32 18 30 40 28 29 16 30 30 17 30 25 37 22 23 33 19 17 31 20 34 24
26 24 35 28 23 26 24 24 29 30 27 34 22 32 24 29 27 24 33 21 25 27 31 32 25 30 25 20 30 26 29 29 22 19 29 20 24 33 33 25 31 35 25 33 26 33 21 27 24 22 20 36 26 32 25 26 23 24 31 29 28 23 31 30 25 23 25 26 28 27 18 25 25 28 31 25 23 36 24 25 21 23 29 37 29 24 25 31 30 25 26 25 26 43 21 34 32 31 27 21
30 26 31 28 23 30 22 34 33 34 27 32 33 23 30 41 23 31 25 16 27 35 30 27 26 24 26 27 30 28 27 32 22 35 21 30 24 22 23 24 28 32 31 33 26 34 40 30 31 27 29 29 34 28 27 26 17 32 33 22 25 23 35 32 26 22 27 22 37 28 34 24 31 31 20 26 20 23 26 18 29 27 29 21 33 27 29 25 29 32 24 24 23 29 37 24 25 28 31 24
26 21 32 28 33 35 21 27 17 22 30 25 26 27 24 34 25 21 24 26 36 15 27 20 29 26 27 27 19 30 30 30 27 24 37 14 28 31 27 33 25 19 19 31 30 23 27 26 16 33 36 23 23 21 31 22 34 25 24 19 32 29 24 22 21 24 20 29 28 22 26 30 26 20 27 24 22 25 26 35 24 20 25 23 28 23 31 27 36 34 17 22 26 35 29 26 33 14 31 26
26 30 26 23 32 31 21 31 26 22 29 26 25 21 20 28 20 37 31 26 35 19 20 19 19 26 32 22 26 29 25 39 18 34 31 27 36 24 44 30 26 37 32 32 33 21 22 35 35 17 24 38 36 32 28 52 21 31 41 40 26 35 23 22 25 28 21 22 23 32 24 34 33 29 26 34 26 28 26 31 26 25 32 39 24 29 30 25 28 28 24 28 28 32 24 19 24 38 25 28
36 33 27 24 30 26 27 26 31 39 34 26 31 39 24 30 27 30 31 35 26 25 26 34 24 26 31 28 27 33 30 22 25 24 23 25 29 29 29 22 24 24 30 30 21 19 26 37 26 27 25 20 30 26 17 26 17 15 20 28 31 27 36 38 30 24 35 26 20 38 43 25 23 23 23 29 21 26 30 25 19 40 28 23 23 27 27 31 33 37 24 20 23 33 24 31 28 32 14 33
30 37 32 19 22 19 27 21 32 20 37 24 34 25 35 17 31 25 14 31 40 40 32 24 26 24 24 24 34 33 22 27 32 28 26 45 27 30 28 33 22 9 32 29 24 38 33 34 38 23 26 28 32 27 32 31 22 20 24 27 33 22 21 22 34 35 37 36 37 26 20 25 34 23 29 28 28 36 25 29 17 31 23 29 30 29 32 23 26 22 30 32 29 28 34 30 22 33 40 36
27 29 30 24 36 32 35 18 25 37 39 29 28 16 23 25 27 29 22 28 22 45 31 34 31 30 21 28 19 38 31 35 15 24 34 29 29 23 21 23 27 25 28 25 31 32 20 23 24 20 34 38 26 25 22 32 27 31 21 29 32 28 33 33 34 36 21 20 32 34 38 28 27 37 31 25 32 39 29 23 34 36 28 34 34 25 30 26 33 31 28 31 30 23 33 29 22 26 27 39
24 22 27 20 26 15 35 24 27 38 31 32 35 34 27 20 34 30 32 30 21 22 27 23 21 24 23 33 28 33 35 24 19 28 30 27 33 25 26 38 24 31 25 29 23 26 23 25 29 27 27 29 27 26 18 21 24 22 39 21 29 30 30 26 23 16 22 31 21 39 22 22 17 36 30 35 28 32 29 28 27 22 28 26 29 23 27 31 28 29 37 32 24 23 30 29 27 29 19 23
19 36 26 38 19 29 36 24 23 29 21 28 26 29 25 23 27 21 31 28 32 15 14 21 30 18 12 19 25 27 29 23 19 24 22 18 24 18 28 18 33 27 19 27 22 21 24 25 32 35 30 29 26 15 23 36 23 21 26 27 27 33 25 33 26 28 28 25 26 22 28 23 19 24 22 26 20 26 26 23 22 31 33 19 29 33 33 23 26 28 24 23 33 27 17 27 33 23 19 28
28 30 26 23 29 37 28 24 25 28 26 31 37 27 27 30 30 31 23 18 28 33 24 33 26 25 27 19 20 23 28 29 22 28 32 26 23 38 30 26 25 25 31 30 19 31 27 24 32 21 34 22 28 30 29 29 20 25 28 19 21 27 32                                     
