0.4 3228 18 21 26 17 16 23 26 18 27 20 24 21 17 18 18 17 26 19 25 17 24 23 26 20 15 19 24 24 25 20 24 16 12 26 19 14 23 18 18 26 28 21 22 15 27 20 35 24 23 22 25 16 17 18 11 26 21 14 25 20 21 19 21 21 26 17 24 20 33 22 16 14 18 19 21 16 17 26 20 26 25 16 16 25 18 19 23 19 19 19 19 24 25 19 17 17 16 20
26 22 17 19 11 24 17 20 22 24 25 23 26 27 92 18 29 22 23 18 24 21 19 23 28 23 22 26 34 25 22 29 21 26 12 18 27 24 29 21 25 16 21 24 29 27 27 16 25 19 21 26 32 19 16 16 14 18 17 22 15 22 22 21 21 25 21 28 14 18 15 28 20 22 20 33 22 35 28 28 18 26 22 18 29 32 35 20 17 32 20 15 20 19 21 21 23 17 12 24
21 20 27 19 15 27 20 16 27 20 19 27 19 23 25 19 29 21 26 20 18 19 19 20 26 26 29 25 22 21 20 22 22 22 25 27 27 20 26 19 22 32 26 17 21 15 16 23 23 20 19 24 27 20 27 20 16 26 21 20 18 24 29 24 25 17 17 15 24 16 22 15 21 21 23 22 25 17 20 18 22 16 22 25 23 23 17 21 14 25 30 19 19 29 19 34 36 19 23 15
28 28 25 20 19 12 23 17 25 23 25 24 23 23 24 23 20 24 22 22 27 22 23 18 22 23 23 29 21 19 28 21 17 16 24 21 31 35 15 28 16 20 25 14 22 25 20 20 23 17 24 16 21 18 18 28 20 24 15 23 25 20 22 18 25 21 30 29 36 22 15 28 19 21 16 22 10 18 27 16 25 28 16 18 23 20 22 20 19 19 19 29 22 27 26 23 18 15 24 22
26 28 19 29 22 24 27 24 19 23 17 19 29 24 22 19 26 21 11 27 17 17 16 18 25 14 27 28 26 29 28 27 22 30 18 22 17 29 25 32 25 21 21 19 21 31 29 13 22 24 14 26 19 20 23 25 22 32 26 32 23 25 20 20 27 35 21 18 28 21 25 20 26 32 19 30 33 16 16 20 20 32 21 24 23 20 20 19 20 32 21 24 29 22 29 22 24 23 31 11
24 25 28 25 18 23 14 31 30 25 18 24 25 23 28 23 24 20 32 20 22 22 26 25 31 24 18 19 19 22 25 14 26 17 26 28 30 33 28 27 16 27 16 27 23 26 14 22 20 22 20 21 22 20 34 17 22 11 16 21 21 19 22 17 25 17 27 21 20 23 18 23 27 19 28 18 23 20 25 21 23 24 26 26 25 17 22 24 22 32 21 23 24 17 19 14 18 20 20 21
11 27 17 26 21 18 25 28 19 25 18 30 20 19 24 24 13 19 19 22 22 19 24 19 21 32 20 28 23 12 15 24 19 22 14 26 28 26 33 24 18 20 23 26 21 25 25 23 25 17 31 24 27 35 25 22 33 22 28 27 24 22 18 17 15 26 23 25 17 22 22 19 32 28 22 19 19 17 18 17 19 20 22 26 20 25 21 22 24 22 23 14 24 16 14 22 17 23 25 18
16 22 28 20 18 30 27 26 23 21 16 24 21 19 20 19 17 20 20 23 35 21 25 20 25 15 20 24 20 14 27 13 16 24 19 17 17 27 16 19 22 34 20 17 17 19 24 28 20 18 38 19 15 20 17 20 18 21 25 19 20 24 15 18 26 25 21 21 23 24 22 18 22 20 19 10 20 14 21 18 16 23 21 26 23 26 24 25 23 24 13 28 26 23 21 20 25 34 23 20
14 26 36 17 20 18 29 20 20 16 25 25 22 26 18 20 14 23 15 15 25 12 20 26 17 21 19 18 20 19 25 16 18 18 30 27 26 18 19 24 28 17 22 22 18 23 16 17 26 17 18 25 23 27 12 21 31 19 24 16 17 18 29 15 19 21 28 21 21 22 23 19 20 19 20 27 25 16 19 23 28 23 23 19 18 26 27 23 21 22 19 31 14 14 15 28 20 30 29 9
29 18 17 17 28 25 18 17 27 16 18 26 18 10 25 26 26 30 15 14 19 14 18 15 21 23 21 20 17 25 25 25 18 24 15 23 30 24 20 22 26 22 17 22 29 15 16 19 16 20 16 21 15 25 26 26 28 28 35 29 25 27 22 27 24 20 24 24 22 29 27 20 24 27 19 17 25 23 20 26 32 24 16 22 22 21 24 21 26 33 22 21 15 21 31 21 17 20 26 20
22 15 14 19 33 27 24 20 22 18 16 26 21 22 21 24 18 33 28 24 20 18 26 27 18 19 25 17 18 28 23 28 19 17 30 19 23 19 24 17 21 17 21 24 21 22 22 18 20 27 14 22 21 21 15 21 22 18 25 19 23 23 19 17 16 26 22 27 14 26 24 25 20 28 27 15 26 29 18 21 21 26 25 26 21 18 29 26 28 19 38 26 32 30 18 26 28 24 20 23
16 25 22 29 24 28 33 20 25 36 24 29 23 21 24 19 31 32 25 24 26 29 24 24 19 31 28 20 24 25 24 26 28 18 24 23 24 21 23 26 24 18 22 19 27 22 19 27 17 19 20 21 29 20 8 25 17 23 21 21 22 21 22 28 27 17 24 27 18 29 18 17 33 26 19 20 30 21 22 27 30 21 21 26 28 25 31 18 30 29 16 18 17 21 20 25 22 19 21 19
22 20 23 27 19 16 19 29 25 24 32 18 29 24 19 24 16 23 15 29 28 18 32 28 24 24 24 15 20 20 14 24 20 25 24 13 22 18 15 24 18 32 22 19 22 25 23 17 17 31 25 15 39 19 22 19 19 19 27 19 13 25 32 29 19 23 31 48 21 19 35 16 15 23 28 29 22 16 21 20 21 25 33 23 24 29 21 28 23 25 29 22 25 32 20 25 21 21 22 31
30 30 17 29 28 20 22 16 19 25 32 20 25 13 17 23 17 17 25 26 22 31 20 22 23 16 26 24 11 22 21 21 30 20 21 28 31 30 15 21 22 24 21 21 23 29 17 21 18 21 17 27 21 28 14 20 13 30 19 22 34 25 18 28 25 26 21 18 25 26 16 15 22 19 24 22 29 20 15 19 22 25 22 18 26 20 26 18 21 23 21 24 12 25 31 21 19 22 22 19
26 22 21 31 25 26 13 22 16 23 14 22 26 16 19 20 17 21 23 14 19 21 33 23 23 19 22 19 15 26 20 18 34 20 33 23 18 29 20 19 21 18 19 26 28 18 24 16 24 9 17 26 23 10 18 21 14 11 20 18 24 19 26 23 21 20 20 19 20 23 19 22 25 16 30 15 27 15 24 23 25 25 19 20 28 13 16 16 20 24 23 22 19 28 27 27 20 18 27 22
23 20 24 23 19 19 27 23 18 19 23 21 13 28 22 24 16 21 22 22 21 17 22 26 21 16 32 21 24 21 19 18 17 18 22 19 23 26 18 22 13 22 26 18 22 21 23 20 15 24 20 22 17 29 21 24 31 26 28 23 27 20 18 30 25 19 30 20 22 25 18 43 31 38 39 41 44 13 11 25 24 25 25 19 29 21 11 20 25 35 23 14 21 24 24 17 19 15 21 28
25 22 18 22 24 16 24 22 25 20 28 25 21 23 24 19 25 28 20 24 13 14 17 26 26 21 20 22 36 20 17 19 24 23 29 15 32 30 26 22 20 27 16 28 26 27 15 26 29 28 14 30 19 20 31 23 26 25 23 19 15 15 19 21 19 15 20 15 20 20 28 16 31 19 20 18 27 24 24 22 17 16 21 21 25 24 28 19 27 19 18 18 23 28 27 12 10 18 30 26
24 19 15 21 26 24 23 19 18 30 20 29 20 21 18 14 26 26 14 23 25 26 25 15 25 20 19 19 17 17 28 20 24 26 19 22 19 18 23 33 27 23 21 22 33 12 23 22 26 19 17 28 28 26 26 25 21 29 21 22 25 15 24 25 18 23 21 29 18 13 25 25 28 18 19 20 22 20 12 16 20 19 24 28 24 28 16 22 19 31 17 11 25 22 18 16 26 18 24 17
30 25 25 29 23 10 16 19 22 30 23 21 20 26 19 25 25 18 26 23 23 28 18 20 24 10 24 19 22 18 22 22 20 28 19 18 35 23 14 28 28 21 25 22 20 27 27 14 21 24 21 13 21 32 24 18 29 24 27 35 27 19 23 25 17 28 26 28 27 15 31 25 17 19 27 27 34 20 21 25 26 17 22 21 20 20 24 27 18 23 28 25 18 25 23 16 17 22 26 19
16 28 25 17 18 31 20 18 15 27 19 25 30 22 20 13 27 16 19 11 30 29 34 16 18 19 26 21 22 22 20 25 13 24 26 19 15 24 25 28 12 22 11 17 25 24 20 22 21 23 21 28 22 20 24 22 27 22 21 27 20 21 22 27 18 22 28 19 14 13 29 24 28 25 15 18 29 18 17 19 30 13 27 31 18 24 20 13 21 25 19 26 30 18 18 24 22 26 14 15
30 16 23 27 25 14 28 26 25 15 25 15 16 26 33 19 18 24 27 25 25 33 23 13 25 25 22 22 25 22 25 23 12 21 23 17 23 20 19 19 18 19 21 23 25 32 21 20 28 30 19 16 18 19 19 11 22 18 19 14 24 17 19 25 22 19 23 26 24 20 26 24 23 21 19 19 19 9 21 17 24 17 25 31 20 15 18 25 24 16 24 23 17 19 27 18 13 24 25 20
16 27 19 28 29 25 34 21 26 33 14 23 22 14 27 25 16 20 15 20 21 22 24 29 25 27 19 22 22 19 23 15 24 20 17 34 25 30 15 22 19 19 28 15 18 18 24 19 19 18 21 14 24 21 19 26 24 26 20 28 25 20 19 21 23 20 23 21 17 15 17 22 16 30 24 26 15 23 28 29 27 29 23 20 21 23 17 41 24 21 30 24 22 7 18 25 25 22 24 22
26 28 19 28 29 22 18 24 16 19 21 22 18 17 26 23 20 27 19 24 19 22 14 20 24 23 17 17 26 16 35 17 29 25 20 26 28 18 21 26 21 27 22 20 24 20 23 19 20 17 20 20 18 25 31 26 23 22 37 22 13 25 22 23 14 28 16 15 23 27 25 28 22 25 24 29 21 25 21 20 27 18 21 17 24 26 28 20 25 14 22 23 28 23 27 14 22 17 21 20
21 26 25 25 26 26 21 20 23 22 24 26 19 22 19 20 24 17 23 19 27 20 19 17 26 15 21 20 11 24 21 20 16 15 16 17 25 27 20 29 28 17 20 29 18 26 29 13 26 27 27 24 20 23 25 28 26 26 13 24 21 32 15 15 24 25 34 20 19 31 21 23 28 28 19 19 27 22 20 15 27 29 23 26 17 32 39 14 15 10 31 26 15 19 15 18 22 11 24 24
23 16 23 27 31 26 20 23 22 29 26 15 20 27 18 19 29 27 30 23 31 27 24 20 19 22 27 21 13 18 25 14 24 24 22 22 25 27 30 26 24 19 30 19 23 28 25 22 25 25 14 27 20 19 33 21 28 18 18 21 17 23 23 20 25 24 23 24 16 25 14 17 12 19 25 24 16 19 23 21 14 13 20 13 26 21 19 30 20 15 18 35 23 22 16 20 23 15 15 22
33 22 22 17 18 19 25 26 19 22 26 22 20 21 36 17 26 24 20 17 29 24 30 24 30 31 22 26 19 26 28 27 29 25 25 20 26 29 23 27 18 21 26 13 19 18 22 27 23 24 20 22 15 14 18 19 28 26 23 24 28 28 26 14 25 26 18 8 15 19 23 16 23 23 24 28 32 25 21 13 21 9 16 23 21 15 24 18 19 24 29 26 19 20 18 23 21 19 21 22
20 29 19 27 8 23 27 23 21 20 27 11 16 23 26 22 19 11 20 29 19 22 26 25 39 15 27 18 22 24 29 20 22 19 22 21 21 19 20 27 26 24 27 22 25 30 27 24 15 24 19 15 20 31 34 24 18 25 15 19 26 18 21 15 24 22 24 24 34 28 21 11 22 35 21 27 18 21 16 28 22 24 13 23 22 29 16 13 14 19 22 16 23 31 23 35 20 18 22 19
12 16 21 21 23 24 26 22 19 27 47 20 25 22 23 21 16 19 23 23 21 19 26 21 32 15 20 15 24 19 12 17 22 26 26 21 28 23 25 22 16 23 20 23 20 15 20 19 29 19 20 25 24 18 12 27 21 22 18 25 18 19 27 18 19 20 29 20 20 19 15 27 20 19 25 17 17 16 14 21 25 17 24 10 19 23 24 28 16 25 29 24 23 21 28 26 22 26 16 27
16 18 24 24 23 15 18 23 22 21 16 11 17 23 19 28 16 34 19 18 20 15 19 20 18 16 28 23 22 23 16 22 24 19 31 25 23 22 20 24 24 33 27 21 20 20 21 23 15 17 17 23 17 22 15 19 20 19 22 26 23 25 18 19 13 18 18 18 20 30 22 24 22 24 17 13 20 22 20 21 17 28 19 13 23 23 21 23 25 15 23 18 18 30 18 29 17 30 18 17
22 29 17 17 18 11 16 14 33 20 24 23 22 31 22 17 22 21 18 25 21 25 24 15 17 19 19 25 17 19 22 20 21 20 27 25 23 21 13 42 23 22 23 22 26 18 22 19 20 17 26 18 27 33 27 22 23 17 19 21 19 15 22 29 26 21 23 21 27 20 26 21 10 15 25 14 12 25 24 15 21 17 17 24 21 21 18 15 32 25 27 35 17 22 22 35 24 18 24 14
23 23 27 20 17 14 21 25 19 20 17 24 24 29 18 12 18 25 22 15 24 29 21 21 20 24 25 19 14 17 15 27 29 23 21 19 19 23 23 17 15 20 23 16 22 30 26 25 23 26 22 25 6 19 25 16 22 20 19 23 30 11 21 21 31 17 16 18 17 25 22 16 20 23 23 22 20 33 22 25 26 20 13 26 20 22 26 22 21 27 29 26 23 20 23 23 22 21 17 17
29 18 28 24 19 15 19 20 30 17 23 20 27 23 18 28 19 14 23 22 29 15 27 21 12 19 27 28 27 27 27 18 23 26 24 22 9 33 16 26 20 18 20 21 27 14 23 25 16 21 27 20 16 17 19 25 24 25 27 23 24 26 31 18 12 18 18 23 28 18 18 17 24 18 15 20 25 18 22 25 19 22 27 19 19 24 25 34 15 29 21 20 25 24 20 17 16 10 22 17
13 23 15 33 21 17 20 20 29 21 23 22 13 25 21 24 13 20 24 25 23 20 23 28 15 29 22 19 20 24                                                                      
