0.416666666666667 2431 30 22 39 24 32 21 26 28 28 37 29 33 29 32 34 33 29 15 27 25 20 17 27 26 29 24 16 20 25 19 26 32 25 27 24 20 23 28 17 30 34 22 22 24 29 10 27 25 27 20 26 26 39 26 25 24 23 24 23 27 29 36 26 37 29 37 26 29 28 34 32 28 32 25 32 38 32 29 31 22 28 26 24 22 22 24 24 33 25 21 24 25 26 29 31 16 23 22
37 30 17 35 31 26 31 34 28 24 20 32 36 11 25 30 24 30 37 25 23 30 26 41 29 34 41 16 28 19 27 18 20 22 19 27 19 20 36 26 29 26 28 22 28 28 27 25 27 36 28 24 25 25 29 22 22 31 34 30 25 34 30 25 25 27 31 30 28 36 27 23 28 33 30 29 26 43 30 28 24 26 25 41 21 29 26 31 29 23 32 35 24 30 32 23 28 27 21 16
26 19 22 24 26 23 19 34 29 26 34 29 28 23 36 30 39 25 26 14 36 29 27 32 28 37 14 26 14 32 36 18 35 23 35 25 33 29 25 23 20 22 31 38 31 26 36 35 29 30 26 27 39 29 36 25 28 39 27 21 27 22 37 27 25 32 28 23 26 26 23 33 23 28 33 27 33 35 31 26 25 20 24 22 34 32 27 22 15 21 26 23 21 17 30 27 26 30 25 23
26 35 27 32 24 32 18 21 29 26 26 28 32 29 43 26 23 23 28 36 42 41 34 25 28 24 21 29 31 20 22 16 28 20 22 27 27 31 25 25 28 18 33 19 26 31 33 34 21 28 37 30 32 29 24 27 22 28 35 21 25 29 21 32 26 34 31 34 25 22 18 28 30 25 23 24 30 22 31 30 41 13 20 17 24 29 18 27 30 28 28 25 36 27 26 23 23 30 23 24
25 22 22 35 25 22 14 19 30 28 34 32 29 21 26 28 26 22 22 27 18 20 37 24 26 20 19 28 28 30 26 24 18 35 19 32 24 17 22 28 29 18 26 28 18 28 27 24 33 16 23 20 20 28 25 22 23 36 22 33 20 37 23 21 36 28 22 15 18 32 22 22 30 29 26 24 34 25 17 53 26 22 25 26 32 28 29 19 28 30 22 26 34 31 30 26 27 28 19 30
19 32 22 23 20 27 33 33 37 20 16 26 23 19 27 16 32 33 24 27 20 36 30 26 32 27 35 24 25 19 20 19 22 26 25 28 29 21 29 26 24 29 26 30 34 18 37 27 32 29 29 28 28 32 23 32 26 21 24 33 26 22 22 35 29 27 33 36 23 36 22 29 18 24 28 32 11 33 23 35 26 29 22 25 28 27 22 40 14 33 26 30 20 28 24 30 22 30 36 39
23 33 40 35 27 35 27 34 54 62 52 39 28 31 28 23 29 26 24 28 23 33 30 24 21 22 23 33 26 24 26 31 16 34 22 32 37 30 20 26 30 32 25 29 27 22 23 22 23 26 25 26 23 33 22 27 34 21 25 26 20 32 26 28 38 32 23 32 16 24 21 25 21 27 20 23 25 27 36 34 30 28 21 39 29 24 24 32 19 23 10 16 30 27 33 28 20 29 30 21
11 29 26 29 23 19 45 41 20 33 15 24 39 34 28 27 39 19 36 29 25 18 24 28 24 34 33 27 42 30 31 29 26 25 17 26 35 27 26 21 29 18 23 31 29 30 37 59 23 38 31 24 26 32 15 21 25 24 31 24 22 25 21 37 25 31 28 40 30 17 20 65 25 35 25 17 28 31 38 26 28 12 27 28 25 21 25 30 24 31 27 29 19 20 29 33 30 27 25 34
21 25 19 30 23 26 25 26 36 22 28 21 34 31 26 27 30 24 27 28 25 26 31 17 21 22 25 25 30 26 26 30 30 29 24 29 25 25 26 28 23 26 27 36 33 26 23 22 26 31 34 25 29 24 31 20 25 28 35 39 20 35 37 29 24 20 28 28 24 33 39 30 28 30 27 31 27 24 34 20 26 38 23 25 32 23 18 21 18 27 27 25 46 39 27 24 26 34 29 27
21 29 24 29 26 27 22 26 30 14 27 25 25 24 20 24 32 34 20 21 38 24 27 28 22 31 28 19 14 27 32 33 22 18 29 30 24 31 26 26 29 32 29 29 22 25 29 18 34 27 23 25 31 18 11 20 28 28 32 38 34 26 33 29 24 28 22 25 34 31 21 26 30 23 31 33 25 24 16 32 35 43 26 35 24 38 28 21 30 33 21 27 24 31 21 22 22 25 36 23
23 29 26 27 29 22 31 29 31 32 30 31 28 13 30 26 24 27 21 24 15 29 25 26 38 31 23 25 26 31 27 20 36 32 15 38 23 26 28 27 24 22 33 21 23 15 25 25 41 27 31 29 29 32 37 22 33 23 18 21 26 33 26 34 28 22 31 18 28 27 24 34 32 26 29 18 37 33 25 22 14 27 21 31 18 26 26 17 29 22 28 20 41 30 28 24 24 32 35 25
22 26 26 33 20 26 23 30 30 38 27 33 26 28 26 33 24 32 27 28 32 34 36 30 30 19 38 25 16 26 25 25 13 35 24 23 27 21 24 28 32 23 37 31 31 31 29 24 30 28 14 34 38 25 34 16 24 26 31 21 33 30 29 28 28 28 29 35 22 26 26 18 22 28 26 35 27 22 26 32 22 28 22 29 23 24 29 29 29 20 30 27 32 36 37 28 31 33 25 26
27 19 19 33 25 25 33 16 35 37 31 29 30 23 30 32 25 18 19 26 18 31 33 30 39 26 37 29 29 30 25 34 24 22 29 23 28 23 28 23 26 31 35 25 22 29 30 22 27 32 35 30 32 27 25 18 18 36 22 26 35 28 19 25 23 25 21 23 12 21 38 24 36 20 22 26 28 25 23 23 24 29 28 30 29 38 26 18 23 25 28 33 21 23 34 27 25 30 28 17
31 32 33 33 32 31 26 32 31 34 13 23 31 26 26 25 31 19 32 29 27 26 30 31 33 34 38 24 23 31 24 26 26 11 39 28 20 18 35 27 24 28 30 25 38 20 29 19 23 27 27 33 23 22 32 34 28 18 38 20 29 33 29 26 31 16 30 28 22 23 37 19 22 25 24 30 26 32 20 17 19 21 41 25 17 20 35 19 28 31 27 21 32 24 31 19 31 41 37 33
29 30 26 23 36 23 24 39 32 33 29 21 26 20 28 27 19 29 30 26 32 35 29 32 27 33 24 27 32 24 29 29 30 28 23 41 35 22 28 20 24 28 29 31 30 30 25 33 28 23 30 28 38 23 30 25 44 21 24 22 29 26 24 21 29 27 29 25 22 36 22 34 24 23 28 32 36 32 31 17 34 29 32 32 32 21 32 27 26 31 25 29 36 32 30 21 37 28 18 25
40 25 29 30 45 25 23 31 31 28 23 27 36 29 19 25 31 32 24 27 31 25 22 21 25 25 30 30 30 16 25 24 26 22 25 26 27 28 20 34 28 31 27 25 27 22 25 24 25 23 25 31 30 30 22 18 32 31 32 31 39 26 36 31 33 29 23 39 19 26 28 19 31 37 16 19 26 23 45 25 24 23 37 17 24 17 25 21 27 33 30 32 20 29 23 23 24 30 38 26
19 33 23 25 26 35 21 23 30 25 25 24 41 29 32 31 25 30 28 23 23 18 26 28 23 30 36 36 23 28 38 28 24 33 21 45 28 24 33 22 22 29 26 31 26 31 38 24 28 37 34 18 28 26 36 22 33 27 26 20 37 22 32 29 25 30 39 22 23 25 15 27 32 17 28 24 20 24 28 34 33 28 24 26 31 21 35 27 21 28 28 34 21 26 23 33 32 20 28 21
30 15 28 20 19 22 33 29 25 20 28 22 32 30 30 26 23 29 29 19 24 29 11 21 24 34 26 39 14 27 36 39 25 26 25 28 24 16 31 22 48 32 12 24 20 27 23 24 18 21 39 33 26 27 23 24 26 34 27 30 23 26 20 25 33 29 37 31 25 29 35 30 29 39 21 29 25 30 36 24 19 20 35 28 27 37 24 32 16 33 22 30 24 37 34 20 24 31 44 26
26 23 36 23 29 17 17 31 25 34 26 24 41 27 26 26 24 34 33 37 22 21 25 30 28 28 29 26 20 24 27 23 27 20 32 33 15 28 14 22 30 28 25 22 29 27 29 30 24 28 35 27 25 22 25 31 18 15 29 28 26 23 32 15 27 33 35 34 19 21 22 22 29 25 25 27 26 25 33 25 27 29 18 31 27 30 23 28 25 26 26 37 25 33 26 35 29 29 28 26
24 21 29 28 25 38 32 24 21 30 24 34 16 24 23 24 27 35 40 22 25 30 21 16 19 34 27 34 26 28 27 39 29 31 29 36 27 37 19 27 33 30 30 32 29 27 20 20 27 14 34 24 31 23 28 26 34 23 43 35 31 34 28 38 22 25 24 34 23 37 26 26 38 12 35 13 23 21 31 27 35 15 31 33 24 33 31 26 26 17 14 27 31 14 28 30 32 25 33 25
25 31 46 25 19 31 26 26 21 30 22 27 20 22 27 28 19 8 29 33 19 26 24 21 26 25 23 28 32 24 31 27 30 27 36 26 20 31 34 25 20 33 25 28 43 25 29 21 36 35 35 26 21 28 25 28 27 26 29 18 27 30 26 24 26 22 27 32 26 23 33 32 26 23 30 36 29 26 32 41 39 36 22 21 34 33 15 25 28 22 16 25 17 19 21 27 27 29 28 28
16 27 25 29 31 32 23 33 26 23 23 27 21 30 36 18 24 23 31 27 25 16 41 22 26 24 16 22 31 29 29 36 27 30 33 34 25 23 31 24 22 28 35 25 29 28 21 22 28 37 27 18 27 28 24 28 32 32 28 27 27 25 23 32 25 33 27 24 24 31 31 23 20 31 28 17 25 33 23 22 28 17 33 32 28 21 21 23 21 32 26 27 25 47 31 29 20 39 34 25
27 27 24 36 17 28 32 35 30 23 15 29 19 23 22 19 22 27 33 31 26 29 31 34 31 38 27 32 26 20 21 25 25 28 23 27 23 19 32 29 36 30 25 39 25 32 25 32 22 30 24 32 35 36 31 24 24 34 32 32 25 22 34 33 21 30 36 23 33 18 27 32 22 24 44 21 19 24 34 27 32 21 24 24 28 27 26 27 21 20 32 30 22 27 26 30 16 26 28 26
28 31 26 25 29 35 34 28 29 31 29 25 34 26 32 18 18 24 26 17 33 27 22 26 30 35 28 32 31 25 25 20 29 16 26 34 12 26 24 19 33 26 28 23 35 33 24 26 23 36 27 32 31 30 37 29 33 26 36 20 21 26 30 17 24 36 31 27 33 27 17 29 24 33 24 20 28 34 23 30 23 27 27 28 21 21 20 24 35 24 28 16 25 35 23 34 32 33 42 25
21 27 31 27 29 22 30 24 24 23 27 25 25 33 22 20 25 19 31 27 23 24 31 31 25 25 28 12 27 21 23 38 19                                                                   
