0.428571428571429 3849 13 19 21 19 15 20 16 21 27 22 25 17 15 21 25 17 30 17 25 23 26 16 23 25 26 25 31 15 24 12 22 19 34 21 13 23 21 26 18 23 23 23 19 35 24 23 20 14 15 26 16 9 27 15 23 25 20 21 22 25 35 18 17 17 20 28 10 11 24 19 18 24 20 27 13 9 18 13 22 19 29 18 18 18 17 25 17 26 18 17 21 13 24 15 16 18 51 12
13 19 24 21 21 17 20 28 25 18 19 19 15 18 20 17 10 10 19 20 21 24 16 18 18 12 17 12 14 17 14 23 28 26 27 28 16 12 21 16 18 18 22 20 22 17 18 23 27 26 25 46 19 20 21 27 28 20 22 25 14 18 18 17 21 19 20 20 17 20 26 28 15 19 21 21 16 25 26 19 21 23 23 20 19 17 18 14 24 15 15 11 15 23 27 12 14 24 25 14
19 18 17 17 18 19 13 17 22 15 22 21 19 20 20 17 13 17 19 30 8 29 24 10 24 22 13 23 19 20 17 28 30 14 11 17 12 22 12 19 13 17 16 21 20 21 14 23 16 28 17 16 17 25 20 22 23 15 19 27 32 18 17 20 29 20 30 20 20 23 15 22 16 22 22 23 22 28 16 31 16 13 25 29 18 14 16 22 17 22 17 19 17 16 21 21 22 24 37 30
25 21 26 17 23 30 26 20 23 19 21 27 19 25 20 15 21 16 24 20 24 27 17 24 17 20 15 16 28 23 24 12 22 28 12 21 16 17 13 18 21 21 21 25 8 21 17 16 18 28 18 21 27 23 28 26 18 22 25 18 12 27 27 25 18 21 11 16 30 21 25 23 17 20 20 25 19 25 22 18 22 19 14 15 15 19 27 20 28 12 26 16 24 18 15 25 27 20 19 23
22 25 20 17 23 19 34 17 16 17 11 23 16 19 38 23 28 21 24 32 31 27 20 22 24 33 10 26 17 24 26 18 17 27 22 29 19 16 16 16 15 30 17 23 33 25 21 19 26 28 24 25 21 16 20 18 25 21 25 16 25 14 29 25 22 23 26 22 23 25 22 19 20 25 21 18 23 16 10 10 14 19 13 25 24 22 11 23 8 26 24 23 18 20 21 20 34 20 22 16
28 21 21 17 17 14 22 19 21 25 25 28 26 21 17 17 27 18 22 28 20 20 21 26 18 13 31 21 13 20 23 14 27 23 29 18 13 21 21 13 19 19 14 14 26 22 14 25 16 19 17 18 20 20 20 25 33 31 23 11 17 26 17 18 31 20 18 15 14 23 14 11 32 14 29 21 12 20 26 20 13 20 18 18 26 23 22 19 19 25 22 28 23 19 19 24 23 23 21 19
26 14 16 19 18 23 23 14 27 24 26 19 24 13 29 16 26 17 13 17 17 23 24 19 30 20 16 13 33 19 24 14 24 22 17 23 21 13 17 17 22 18 11 15 28 15 9 22 23 27 19 23 23 19 13 13 21 18 21 20 21 22 21 26 19 16 14 24 28 15 21 19 27 21 14 23 12 25 25 22 24 19 26 15 26 21 26 26 21 20 24 25 22 28 19 22 23 20 25 17
24 20 23 17 14 14 18 19 23 26 23 23 14 14 19 22 20 14 15 20 20 27 17 17 21 12 16 20 20 19 25 27 21 19 21 21 22 24 18 19 26 23 18 33 21 23 19 22 29 23 12 32 24 25 19 19 19 18 20 15 22 17 20 19 13 20 22 16 13 18 28 16 18 8 19 15 18 23 23 30 18 18 26 26 21 21 14 14 21 17 26 17 19 27 15 28 21 19 16 16
16 18 12 21 17 23 20 17 18 12 15 17 18 24 20 21 13 21 14 23 19 15 23 13 20 17 15 13 20 20 14 21 12 20 21 18 16 16 22 15 20 9 15 25 23 15 22 15 20 10 18 17 22 15 16 14 21 11 19 18 19 18 19 18 15 20 27 18 20 15 20 23 27 21 14 23 18 18 14 13 21 18 14 16 18 22 15 27 23 14 15 18 22 18 17 21 15 14 13 14
20 10 21 17 14 13 16 16 22 18 22 22 21 20 20 21 20 20 27 15 16 19 23 24 17 18 20 17 18 19 18 17 15 18 16 17 21 23 21 25 18 24 26 15 19 17 33 13 30 18 18 30 22 21 23 17 15 18 18 14 10 18 24 23 17 20 20 16 16 21 21 15 24 14 26 33 18 20 16 20 12 14 14 20 28 17 25 26 13 18 24 22 21 18 19 18 9 18 15 17
20 20 19 15 13 16 23 23 18 20 13 14 17 25 19 19 13 19 25 7 13 23 19 17 24 18 22 24 27 24 20 26 32 23 25 24 30 15 15 25 27 12 16 15 14 17 12 26 17 16 16 18 27 26 20 23 21 22 20 18 19 18 21 25 20 16 23 19 21 24 42 16 17 23 17 35 20 13 14 13 15 20 25 26 19 24 23 14 20 14 11 31 24 15 17 15 26 16 19 18
16 22 18 19 24 25 18 19 20 25 29 16 22 19 16 31 20 18 19 20 24 27 26 21 24 27 26 21 9 16 24 25 23 39 32 17 20 16 22 22 15 21 24 22 16 20 28 22 24 17 21 27 25 22 13 24 26 12 22 24 20 22 25 17 18 19 13 27 24 16 19 22 17 24 15 19 16 29 31 18 21 16 26 17 26 24 23 19 23 19 30 22 20 19 11 25 17 21 17 20
23 25 16 25 21 25 28 15 21 24 23 24 28 25 25 24 21 20 17 24 14 17 25 22 22 28 28 21 15 20 31 20 23 33 23 15 24 23 19 27 20 19 18 15 19 19 18 20 24 25 26 16 22 12 12 21 22 19 25 24 18 20 20 21 24 18 16 21 10 18 22 22 21 23 10 18 21 19 18 26 26 24 23 27 16 19 23 20 26 24 24 14 21 22 24 29 34 14 18 12
13 23 21 23 26 22 15 23 30 21 11 14 26 25 22 25 17 19 23 29 17 18 15 14 24 20 22 21 29 25 29 16 22 19 27 21 25 21 19 26 26 26 27 25 21 18 28 18 27 15 20 19 16 16 19 16 14 27 21 26 27 11 25 18 21 23 32 29 13 28 19 21 17 17 14 24 24 26 19 16 20 19 26 22 26 22 21 27 19 35 21 15 22 27 24 29 22 20 19 19
24 16 18 23 18 18 21 24 25 20 21 29 22 23 21 17 17 14 16 25 16 13 16 14 23 15 27 19 22 19 16 19 23 11 14 20 29 16 23 26 26 23 18 17 16 24 25 16 20 9 20 19 16 28 14 18 23 19 22 22 21 15 27 12 21 19 19 15 26 18 20 19 22 15 21 21 18 12 20 7 24 14 21 19 11 13 22 29 23 18 19 16 12 18 15 22 13 19 24 16
25 23 18 13 18 16 14 20 16 19 22 16 14 23 19 19 16 19 13 19 16 22 22 21 30 16 23 13 13 20 17 17 20 15 17 21 20 17 13 26 15 16 17 25 16 15 35 21 14 15 24 21 21 16 25 23 25 38 29 19 20 30 14 16 25 30 15 18 16 21 23 19 31 20 16 32 16 25 21 20 27 21 20 20 28 18 17 20 17 19 21 27 17 19 11 21 18 15 30 32
15 23 21 27 29 25 18 25 21 23 21 23 15 17 10 13 17 21 19 30 18 14 15 16 17 14 13 16 14 19 22 19 16 24 18 13 20 14 8 28 20 19 15 20 27 16 18 20 16 24 19 25 24 30 20 15 11 21 17 16 20 18 18 15 15 20 28 18 16 17 19 16 12 16 18 19 18 19 20 25 16 14 28 19 19 17 20 21 19 17 18 15 17 19 20 19 26 19 31 24
29 25 14 28 10 15 19 18 23 23 21 21 18 16 21 19 13 18 23 17 13 18 15 18 17 17 16 21 17 18 18 24 22 46 21 17 23 22 19 16 20 27 14 17 18 12 16 22 30 25 20 18 24 25 17 25 22 19 15 24 20 13 15 14 22 19 15 25 19 20 19 21 16 20 12 18 22 26 17 19 19 13 22 22 17 17 22 11 14 17 27 17 15 21 20 12 12 18 16 21
22 12 13 22 20 10 15 11 19 18 16 15 28 27 25 26 16 19 16 19 19 14 23 18 18 16 25 21 31 24 14 19 12 22 13 22 25 18 20 17 18 11 24 23 19 17 14 19 17 19 18 15 14 14 23 23 22 22 23 21 22 25 19 19 14 19 18 19 19 20 22 21 25 14 15 26 27 11 17 18 24 16 16 19 16 23 12 21 21 18 19 14 19 17 19 17 17 9 19 19
15 21 19 14 18 27 15 14 21 19 20 15 23 12 13 23 22 21 29 16 18 18 22 26 26 16 27 25 23 17 18 24 25 12 17 17 17 18 19 26 20 21 17 17 20 18 21 26 27 27 21 17 15 20 29 14 21 17 24 16 17 25 42 27 16 27 24 24 24 17 22 16 25 27 27 20 19 25 17 24 21 27 27 14 14 15 20 19 28 16 17 23 12 14 17 21 21 12 17 23
18 21 22 20 17 19 23 18 16 28 17 17 21 21 20 25 12 18 29 18 24 16 20 19 14 15 17 17 29 20 19 7 24 17 14 18 18 15 15 20 23 18 22 31 22 25 17 19 16 30 21 25 20 23 29 21 19 22 24 15 19 14 29 17 18 27 25 22 23 24 22 13 24 20 17 15 17 13 24 22 12 21 22 26 16 29 26 22 12 15 21 13 28 20 15 20 11 15 23 18
8 22 19 14 22 17 18 18 20 18 25 22 11 22 26 21 30 21 18 16 21 16 25 26 17 18 16 14 14 21 18 20 27 21 27 20 22 19 24 13 27 21 16 19 14 18 15 24 21 15 15 17 15 31 16 14 19 27 27 17 16 31 26 22 35 21 14 21 26 20 19 27 17 19 17 22 15 25 14 15 15 38 12 31 19 23 15 21 23 23 22 18 19 29 25 19 13 18 33 20
12 23 18 17 17 14 25 18 18 18 17 13 19 16 19 18 25 30 20 15 29 15 16 17 22 29 19 18 15 15 17 25 19 11 12 23 17 20 22 15 13 12 20 19 27 18 19 17 22 19 10 17 21 19 16 15 20 22 20 18 24 27 13 16 19 12 16 23 24 29 29 17 24 19 19 18 20 14 20 19 17 19 27 20 17 14 33 19 16 26 24 15 17 20 20 21 15 20 26 30
17 20 18 14 30 21 21 22 25 22 16 23 18 30 16 21 16 13 23 25 25 22 19 21 23 18 25 18 28 9 22 19 23 32 27 17 27 27 17 17 14 19 22 25 15 12 25 25 26 22 16 23 28 23 15 23 16 22 19 15 24 19 19 11 17 19 17 28 25 17 18 21 16 23 22 16 21 19 23 13 17 19 12 22 21 18 19 25 21 14 20 25 12 13 14 21 15 15 12 25
20 21 27 9 23 31 26 11 9 17 29 14 14 19 16 21 21 20 21 21 22 14 17 17 17 20 18 23 18 25 23 11 24 19 14 12 27 16 21 22 24 19 20 18 15 22 26 34 25 22 14 22 20 23 24 21 22 27 19 16 23 18 15 22 12 19 28 23 26 17 26 16 19 25 20 21 18 20 22 21 21 26 19 22 29 26 19 17 26 19 20 11 20 23 19 20 19 14 15 22
19 23 20 16 23 26 27 15 21 20 9 18 16 24 23 19 21 22 22 19 21 5 18 17 22 17 21 17 25 26 15 13 15 14 21 17 29 20 17 23 27 20 34 18 20 19 30 19 20 19 9 20 21 21 19 22 28 20 12 7 15 17 25 17 19 21 18 23 24 16 16 18 17 22 29 17 11 20 11 21 16 25 25 18 14 14 20 20 25 14 20 16 24 21 14 14 22 19 24 26
15 23 18 12 16 19 13 20 24 15 24 20 19 24 20 15 22 7 20 25 28 24 17 23 17 22 30 17 29 21 19 24 21 18 22 23 22 17 18 15 12 18 29 19 28 13 17 23 21 20 15 22 15 20 23 22 11 19 20 17 28 22 17 20 21 14 19 18 21 24 24 19 30 16 25 21 21 18 20 16 17 17 20 17 25 22 12 18 16 22 12 21 20 10 23 21 25 22 21 17
18 14 20 10 32 13 20 25 15 16 18 11 18 28 18 19 17 22 10 25 20 23 18 16 20 13 14 19 27 21 28 20 17 17 26 17 23 21 20 21 22 16 21 17 25 17 29 27 22 22 24 14 19 22 14 17 22 22 19 15 18 23 21 20 23 14 18 24 13 16 20 13 19 18 17 26 22 19 21 22 17 22 21 24 18 28 22 18 26 24 14 21 27 19 18 29 21 25 21 31
28 19 36 26 22 18 16 20 22 22 18 25 22 19 22 27 26 17 18 17 19 17 24 20 13 19 26 19 19 26 19 15 20 30 14 23 17 26 14 26 14 14 21 16 20 27 19 22 26 26 16 18 17 22 13 29 23 25 19 20 21 25 25 23 17 16 15 23 21 16 18 21 25 20 17 22 22 24 22 15 28 32 21 28 21 20 21 17 16 13 23 20 14 13 23 28 22 15 26 14
24 23 26 24 18 19 18 12 18 24 23 12 26 26 18 18 16 21 35 15 24 18 20 7 22 23 24 9 24 24 20 19 19 17 24 12 17 22 17 12 29 17 17 23 19 17 16 14 17 19 14 14 22 22 13 20 17 16 16 20 21 25 26 21 22 20 23 29 24 17 14 22 21 24 24 19 21 20 17 21 23 16 15 24 25 18 19 14 26 22 16 19 19 20 16 28 19 20 23 22
17 22 28 14 20 22 22 33 21 25 22 22 23 17 19 19 22 10 11 16 10 21 12 19 21 16 16 23 21 20 17 15 14 31 29 18 22 29 24 34 13 19 29 20 18 23 17 23 23 13 14 17 24 27 30 28 16 23 23 21 19 26 18 22 21 24 19 26 16 15 21 28 19 20 20 23 19 20 22 16 17 26 25 24 20 24 23 21 25 22 13 14 25 27 30 22 18 11 14 20
22 12 14 17 17 15 18 18 22 24 22 9 9 17 22 18 14 21 25 18 28 22 18 22 17 32 12 22 22 19 12 22 12 24 13 22 26 20 23 19 12 25 22 19 17 16 19 18 21 15 24 30 11 22 20 20 22 22 19 23 20 38 20 17 20 23 23 39 23 16 23 22 25 16 19 21 22 23 20 24 24 12 25 20 29 24 17 21 16 21 30 14 27 25 18 23 16 20 17 26
14 20 26 32 22 19 22 24 27 23 20 18 22 15 26 23 22 23 20 16 17 21 24 16 11 27 28 21 18 20 14 25 15 18 28 20 16 11 20 22 21 17 21 19 30 19 21 18 22 19 21 19 16 23 21 19 20 21 12 18 23 19 21 22 29 27 22 16 22 25 12 26 13 25 22 17 16 10 12 14 24 20 23 19 23 22 31 25 19 22 21 18 19 30 20 23 23 18 22 18
18 19 24 18 26 18 18 24 24 23 19 27 18 12 20 19 22 27 32 28 13 20 19 15 11 14 20 24 21 21 22 22 16 19 23 15 21 12 19 13 11 18 22 18 16 25 13 15 21 13 19 23 19 18 23 23 18 17 25 21 19 23 15 22 18 16 15 26 13 14 24 22 18 18 24 23 16 12 14 23 17 27 21 20 17 21 13 19 32 15 18 15 15 11 15 21 23 22 24 23
23 19 15 19 27 24 19 24 25 13 17 23 19 23 17 23 26 19 23 26 22 21 28 16 24 17 26 22 19 18 22 20 19 29 14 13 19 15 30 17 16 22 28 25 20 18 7 26 23 21 23 22 19 18 12 22 25 17 17 17 18 21 21 24 18 19 23 21 23 20 27 14 16 26 23 20 6 17 19 17 15 23 28 17 25 22 19 21 29 25 20 22 17 18 21 16 12 22 14 14
18 11 28 21 10 20 20 12 18 15 26 16 19 13 22 18 17 26 23 23 27 22 29 19 10 19 28 20 20 16 13 26 16 21 35 30 27 29 16 15 14 21 20 32 18 17 33 19 18 18 15 21 19 24 13 31 27 20 16 20 14 11 16 16 25 20 17 16 28 15 12 15 20 24 17 23 25 23 22 22 24 21 30 22 16 19 29 17 23 23 19 21 24 20 15 21 22 30 21 18
18 20 18 22 23 23 14 28 22 28 8 26 15 21 20 6 17 15 18 21 21 18 19 15 19 19 23 20 15 21 11 20 21 27 12 16 23 19 21 25 17 27 21 17 34 21 19 24 22 21 15 14 18 23 20 19 26 25 24 24 19 19 17 25 14 17 24 27 19 21 19 22 21 23 11 21 12 23 24 17 26 26 18 18 24 19 17 22 13 19 17 23 16 17 29 24 17 19 30 10
12 8 8 6 5 10 14 11 11 11 8 9 10 11 9 7 11 8 16 12 8 9 11 9 10 13 7 10 8 8 11 14 17 6 11 12 8 7 10 8 9 8 6 12 8 8 6 6 9 6 10 9 9 6 13 17 8 7 14 12 10 6 10 9 10 10 12 8 10 10 12 12 9 10 10 6 8 11 9 11 6 11 9 11 6 10 11 8 12 8 7 12 8 6 10 9 6 10 4 8
11 11 12 11 9 4 7 13 12 8 12 8 19 7 17 15 10 13 10 11 13 12 10 12 8 7 8 12 12 14 9 17 21 13 13 9 16 15 12 14 7 15 14 9 11 10 6 13 11 12 12                                                 
