0.368421052631579 3589 14 19 15 18 12 20 18 18 13 19 13 39 15 24 11 16 11 22 11 25 14 24 28 23 23 23 18 11 21 20 23 16 18 15 16 15 11 21 18 23 18 19 17 20 23 17 16 16 22 17 19 17 21 15 9 13 23 26 20 16 15 23 16 17 14 11 14 11 17 25 14 22 18 10 13 14 12 24 23 17 16 24 17 18 21 13 17 14 22 10 20 11 14 19 18 15 16 20
22 30 14 18 16 16 12 13 7 12 13 19 13 19 15 27 21 11 16 14 15 20 30 12 29 17 19 17 13 16 25 18 14 22 26 14 17 10 19 14 18 15 17 19 16 26 18 22 24 18 16 12 18 30 15 12 16 17 24 21 10 16 12 13 20 17 20 21 24 22 21 17 17 14 16 12 16 18 16 20 11 10 20 15 21 14 14 19 16 17 19 21 17 19 20 16 12 26 14 16
19 13 14 15 14 12 20 17 23 19 15 16 20 20 13 17 23 14 15 16 15 18 15 22 13 17 20 11 18 14 27 21 12 22 19 12 12 16 29 20 22 15 14 15 17 18 19 21 16 19 17 16 14 13 15 15 33 28 15 17 19 19 17 15 23 11 20 13 21 21 22 17 11 26 16 19 10 24 24 23 25 22 23 18 21 17 19 21 20 19 16 12 13 20 17 15 22 24 15 19
13 15 19 24 22 18 19 24 14 30 19 19 16 18 13 17 20 13 14 13 10 13 17 18 16 18 22 13 18 21 16 19 14 16 20 17 15 16 17 16 15 19 16 18 24 15 7 21 16 20 15 10 13 11 17 13 18 19 19 15 17 22 23 19 20 24 10 16 9 23 11 24 20 19 20 23 13 14 29 16 14 14 16 13 18 15 14 19 15 23 16 31 16 14 18 22 25 15 25 26
21 19 15 17 15 12 11 11 16 18 17 27 21 20 23 22 18 19 20 22 18 21 12 16 16 18 14 15 14 23 11 19 16 17 18 23 14 19 16 23 12 18 23 20 14 19 9 15 17 18 14 19 21 18 23 11 22 21 15 20 12 15 13 21 10 21 22 29 20 22 23 15 14 13 20 18 19 16 26 18 19 18 21 17 19 16 19 26 17 20 15 21 13 19 18 17 19 19 13 13
22 19 24 26 17 25 19 18 22 19 24 20 23 17 20 21 15 19 22 21 23 16 11 20 26 16 14 21 14 17 13 22 19 15 20 20 17 27 21 24 25 14 18 14 15 16 19 12 18 21 15 10 17 15 16 19 20 16 12 21 21 21 14 19 25 18 14 17 20 23 17 24 18 20 20 18 19 15 17 16 16 14 20 14 22 24 21 17 16 23 14 22 19 17 23 18 20 22 18 15
14 21 21 13 27 14 20 12 18 23 12 23 20 21 24 16 16 22 27 18 22 26 19 20 21 15 22 18 17 16 14 19 17 15 18 24 20 21 15 14 15 17 23 18 18 31 11 13 16 16 16 25 22 27 18 19 22 15 16 21 17 12 23 28 12 9 24 21 18 16 20 18 12 15 19 22 19 14 11 14 22 22 20 11 15 27 12 10 12 18 17 21 16 17 23 13 23 19 15 15
12 14 18 14 15 25 17 22 16 19 17 13 17 17 18 11 19 14 16 13 14 21 19 21 17 20 12 19 23 25 18 21 17 15 23 24 15 15 15 18 14 20 22 22 17 10 13 26 12 14 10 18 17 18 18 10 15 17 11 17 18 20 9 20 20 16 17 10 14 12 20 16 21 12 14 16 19 9 18 13 20 17 21 17 15 27 20 17 24 17 25 12 11 19 19 14 17 14 13 17
22 14 20 14 16 15 25 22 16 11 17 13 15 15 12 30 19 23 17 14 13 24 15 19 17 19 20 21 11 15 24 21 15 17 13 18 16 19 18 17 20 17 29 11 25 14 17 20 17 17 22 16 20 21 15 16 20 20 10 13 17 13 14 12 23 13 15 16 20 17 12 17 18 21 18 17 22 20 15 17 20 16 14 17 14 21 16 22 13 16 19 18 19 19 16 13 15 16 15 17
20 20 20 13 17 13 18 15 20 13 21 11 19 23 15 20 18 16 14 19 12 13 18 20 19 23 20 19 12 16 17 15 18 27 13 17 29 19 16 14 22 21 19 21 14 13 11 16 15 25 10 16 13 9 26 19 20 17 23 20 34 21 29 23 14 20 15 15 19 19 22 15 17 17 25 17 22 16 24 20 22 17 18 13 16 17 18 11 18 16 13 17 17 18 19 24 15 9 13 19
21 16 20 17 14 13 17 23 29 18 11 22 18 19 16 13 13 15 22 21 19 21 12 18 19 19 25 16 14 26 14 17 23 20 16 10 17 29 18 15 18 13 20 15 11 15 15 17 22 18 19 16 11 15 17 13 15 25 21 10 18 15 21 16 18 16 17 14 22 19 23 31 39 49 14 13 24 16 16 23 21 21 15 17 15 16 18 19 22 16 15 17 19 15 13 22 24 17 14 19
15 16 23 11 17 19 19 21 18 18 16 17 25 21 22 14 22 19 19 14 21 25 20 18 13 17 27 11 19 13 20 20 14 18 19 24 21 18 23 11 21 12 17 9 12 15 16 16 19 18 18 23 22 13 21 18 14 21 21 12 15 22 19 19 20 14 19 13 21 20 9 16 14 20 26 15 16 19 20 11 16 14 20 17 19 19 20 18 21 17 24 17 13 15 28 18 16 21 12 22
17 12 13 20 19 15 23 14 16 15 21 15 19 20 21 17 19 22 17 16 12 15 15 12 18 15 20 18 13 13 17 17 19 20 20 19 13 15 24 31 16 14 18 20 13 24 18 17 15 14 19 15 17 12 16 23 20 20 25 13 19 14 17 13 12 12 22 16 15 18 15 17 23 20 15 19 19 16 18 18 10 17 15 16 20 13 20 19 19 22 18 14 18 14 20 9 11 13 17 14
14 19 23 17 16 26 12 11 10 16 18 13 27 17 22 20 18 33 15 20 11 20 14 25 20 21 13 12 19 16 15 13 22 18 18 15 37 23 18 21 17 17 24 24 18 19 18 16 20 24 16 15 14 23 21 14 14 21 18 29 17 13 22 17 24 18 11 20 18 16 21 16 35 25 18 22 19 12 21 19 24 19 16 22 21 16 14 11 22 18 20 16 9 18 21 15 23 16 11 20
14 18 15 19 19 26 21 11 14 20 14 17 21 18 10 18 19 17 19 15 18 24 14 17 20 24 17 13 12 25 23 23 13 22 23 18 24 21 18 17 17 10 19 19 21 18 20 31 9 14 22 19 14 18 13 21 21 13 17 21 18 12 23 16 11 16 20 26 31 19 20 15 22 26 19 15 11 18 15 20 27 19 25 16 13 7 25 21 16 10 24 16 10 17 26 20 20 12 13 12
19 14 14 10 23 20 21 12 15 21 15 16 16 21 21 19 19 19 14 17 23 11 8 22 18 16 21 11 26 18 18 23 19 18 19 14 10 24 17 15 17 16 17 16 18 12 22 15 11 23 9 21 16 20 25 11 19 16 18 19 11 13 29 18 14 19 16 15 21 16 14 19 23 14 18 16 22 11 24 8 19 18 17 17 16 28 10 18 21 19 25 12 15 21 15 15 14 21 15 20
18 19 22 18 14 23 24 22 20 18 14 25 19 21 16 17 18 21 12 21 18 19 14 15 16 18 11 17 13 24 15 22 14 15 19 23 17 19 16 20 19 21 24 20 19 16 16 15 21 17 19 18 13 16 14 17 16 33 16 17 11 15 12 13 21 21 28 13 13 25 16 16 19 23 10 14 21 16 17 13 26 15 23 20 16 17 12 13 9 13 21 13 17 13 14 20 19 13 16 17
22 28 21 16 8 21 26 14 18 16 20 19 15 14 17 12 14 21 22 9 25 15 21 28 18 20 17 20 15 25 15 21 14 22 23 8 24 22 13 20 16 19 15 23 15 19 17 19 22 20 27 19 21 23 17 24 24 13 16 15 18 17 18 20 18 11 15 18 16 15 25 13 9 16 20 20 16 18 18 18 19 17 20 20 17 15 21 11 22 16 10 20 19 23 12 26 22 20 12 19
20 17 21 13 20 18 16 21 21 17 17 18 17 25 15 21 13 17 17 13 21 20 11 10 25 22 19 16 13 13 17 27 18 19 13 20 22 14 23 16 18 23 13 20 26 13 22 12 20 18 14 17 20 15 12 16 23 18 16 17 14 24 11 13 14 9 19 22 26 18 18 14 25 18 27 23 14 18 16 16 18 17 17 10 18 16 12 14 22 17 18 19 11 17 22 20 25 15 19 20
26 19 22 13 18 22 19 11 13 14 15 16 15 14 15 24 17 16 24 13 13 21 18 12 14 13 18 20 20 21 14 13 18 13 19 16 17 10 18 15 21 16 24 19 17 20 22 15 23 25 19 16 9 15 21 16 14 16 15 24 18 18 25 21 28 15 18 28 13 15 14 24 17 15 15 17 29 13 20 21 16 13 14 17 25 17 18 19 11 24 14 10 23 15 18 24 17 13 21 15
11 19 19 20 12 12 25 19 16 16 19 16 18 16 13 18 14 16 12 17 21 21 23 14 10 23 10 17 20 26 12 15 21 14 16 14 18 20 22 15 22 15 18 20 19 17 15 16 25 20 8 18 19 18 16 16 14 21 16 21 21 22 14 16 22 15 22 21 20 12 13 25 15 16 13 20 18 17 21 11 15 15 10 11 26 15 19 16 15 12 17 17 17 11 21 15 14 12 16 11
15 15 17 19 25 13 16 14 16 14 17 21 21 20 17 20 12 15 13 16 16 14 17 19 24 22 22 21 16 17 19 10 13 14 16 18 22 19 12 18 10 18 22 16 18 19 30 15 18 16 15 24 15 14 25 21 18 15 21 16 20 20 19 18 20 17 15 27 17 27 22 22 20 17 19 21 20 18 21 19 19 12 18 21 17 17 17 15 18 21 21 13 9 18 12 20 14 14 19 24
18 22 18 16 12 10 14 16 17 18 21 17 14 14 22 16 25 21 15 10 11 20 14 19 22 12 18 18 18 13 20 19 18 18 21 19 16 17 16 28 18 17 23 17 19 14 13 21 15 13 19 18 22 15 22 18 20 14 19 25 27 15 17 9 13 13 19 13 19 15 13 14 15 23 17 19 17 14 10 21 12 20 12 18 26 19 25 22 25 17 20 18 18 17 22 11 18 17 17 11
17 22 20 18 13 16 14 15 14 18 16 16 24 21 11 16 14 18 16 25 22 18 17 14 15 19 14 14 15 22 17 23 21 15 23 19 17 15 17 25 16 14 13 18 22 11 14 15 18 13 16 23 19 21 14 18 15 18 18 19 15 22 16 16 19 17 15 14 23 20 20 19 17 23 19 27 18 18 20 13 20 16 20 21 14 19 9 19 20 20 21 12 16 9 17 15 21 24 21 23
18 14 25 15 11 18 14 17 16 20 14 25 15 14 16 19 21 16 16 15 18 19 12 20 15 16 14 22 23 20 12 26 20 19 18 16 12 17 18 10 16 17 15 19 21 17 14 18 18 16 6 13 12 17 17 19 27 14 18 16 19 15 12 15 18 13 16 17 16 10 16 14 21 22 12 13 21 16 17 20 7 17 16 21 12 20 14 22 22 18 23 11 18 17 14 20 17 13 17 16
23 16 19 14 23 20 22 27 20 20 17 15 16 14 23 12 15 19 19 16 15 16 15 26 24 16 16 12 16 16 18 10 19 20 17 17 14 17 15 25 23 23 15 16 14 17 15 16 14 17 21 18 19 19 9 13 19 16 23 17 21 16 23 18 15 13 19 16 12 17 9 13 12 18 24 15 23 14 18 13 15 23 15 19 21 20 23 19 8 11 18 16 15 15 18 21 21 13 14 16
20 26 18 13 16 17 15 23 16 20 18 23 23 18 16 14 16 9 20 19 14 12 19 19 15 24 21 12 12 20 22 21 16 21 19 26 15 17 14 19 17 19 17 20 19 16 20 11 19 16 15 13 14 25 18 18 12 24 20 17 15 16 22 10 12 13 18 17 12 16 33 14 10 20 17 19 21 20 23 16 17 10 21 13 18 26 16 17 17 20 15 12 13 12 10 13 13 12 18 18
19 18 20 18 16 20 13 18 20 30 13 22 15 21 17 16 19 20 18 16 19 16 23 19 19 12 14 17 16 15 19 25 25 16 18 15 5 20 17 17 24 20 24 19 20 15 15 24 17 19 22 20 19 16 13 15 19 16 16 16 25 18 19 16 16 26 29 15 16 12 16 18 14 15 10 14 13 18 20 17 17 16 26 12 16 21 13 19 17 17 20 12 20 19 17 19 18 23 25 26
14 20 15 13 17 12 20 18 18 19 13 21 16 20 12 14 19 14 19 19 17 20 27 9 12 24 15 22 14 17 19 19 22 19 22 17 19 20 21 17 13 16 19 17 19 14 19 10 16 18 22 16 25 15 18 10 10 22 16 17 20 17 30 21 12 25 20 20 23 18 23 21 18 20 29 9 16 15 20 24 20 19 22 16 21 19 20 16 16 27 10 20 15 13 10 29 18 17 21 15
27 23 20 12 19 17 13 16 21 17 28 10 18 10 14 12 14 9 26 10 32 20 17 13 13 23 16 20 20 18 20 17 14 15 15 22 13 20 16 24 15 17 12 20 25 22 21 20 15 15 20 14 17 22 13 17 21 26 20 14 15 15 11 7 9 27 19 22 13 20 12 21 22 19 16 18 15 20 22 24 23 22 15 21 12 21 31 16 18 23 15 12 16 15 11 12 17 21 20 18
13 21 24 23 19 21 17 19 19 10 19 17 22 16 15 17 14 19 15 16 20 14 18 16 18 13 19 23 20 20 27 20 24 16 16 23 15 17 20 16 26 20 15 23 16 22 16 23 14 24 18 19 17 15 23 26 20 18 16 11 13 15 14 27 13 9 18 20 15 23 22 17 18 22 23 15 23 8 16 14 18 17 15 24 14 10 15 21 22 15 16 19 20 19 20 21 19 18 13 18
19 21 18 20 15 15 15 10 26 23 14 18 16 18 14 13 16 24 17 25 17 19 19 21 18 12 21 15 15 13 11 19 14 18 21 19 17 18 15 13 19 16 15 16 11 21 17 18 17 18 19 13 17 22 25 23 13 13 21 17 10 16 22 16 9 21 18 21 18 16 15 15 24 11 20 26 23 29 20 12 12 16 14 17 14 19 22 20 12 18 18 22 15 20 25 17 13 22 13 20
28 20 20 19 18 18 16 16 18 23 18 17 14 15 23 14 16 15 22 16 17 13 14 16 15 22 17 17 22 19 19 24 22 15 10 23 16 17 15 17 19 11 18 14 13 26 17 25 9 22 19 18 17 15 17 24 17 17 12 17 17 4 20 23 17 20 21 8 17 16 12 17 16 24 14 21 13 18 11 15 11 28 14 18 17 17 17 23 18 19 22 20 17 20 18 16 17 12 20 12
13 20 14 22 15 14 19 15 12 14 23 19 23 22 17 20 15 21 21 22 8 14 9 29 23 12 23 18 16 11 20 21 22 24 22 22 16 23 15 16 22 15 19 14 21 19 10 23 18 21 16 17 16 13 17 21 17 15 11 19 14 10 34 39 15 12 15 21 24 20 23 15 20 24 23 24 15 14 17 12 25 20 26 24 17 18 23 17 17 20 26 21 17 15 18 22 23 22 14 15
17 18 26 14 18 15 14 16 16 21 13 20 17 19 21 24 19 21 15 15 18 20 25 15 18 20 18 19 20 13 12 15 18 20 17 7 16 20 22 16 17 14 9 6 10 9 12 6 7 6 8 8 7 6 9 10 5 7 12 9 10 9 7 9 11 8 6 4 9 14 12 9 5 9 7 7 8 11 8 8 7 6 10 12 10 9 9 13 9 14 9 15 8 8 6 8 7 6 8 13
8 10 12 10 4 10 8 8 8 8 14 14 16 12 10 9 13 17 15 9 8 11 6 4 8 8 14 12 11 7 12 10 10 9 9 11 5 4 7 5 9 13 6 6 13 8 10 10 16 7 8 13 9 7 6 11 10 9 14 6 6 5 7 8 10 7 9 10 11 7 5 17 8 7 11 7 9 12 17 8 10 8 5 19 9 10 6 7 8 7 20         
