0.310344827586207 1187 55 62 54 46 55 58 64 47 63 46 51 42 51 58 60 52 51 58 44 50 42 54 48 47 50 58 45 49 50 48 45 47 45 48 46 34 49 56 67 50 59 54 44 59 42 49 46 56 57 55 52 52 48 51 50 49 61 45 56 60 58 45 46 51 59 54 53 53 59 57 47 65 41 48 48 60 55 51 53 63 48 57 42 43 55 57 43 66 59 50 63 54 49 50 68 65 42 42
50 68 52 56 58 67 55 48 39 32 47 68 45 55 54 77 63 57 64 62 56 45 55 61 44 49 46 67 54 57 49 52 57 55 40 44 46 50 55 57 43 37 61 49 55 54 67 52 48 52 50 63 46 46 65 46 55 68 55 63 49 53 53 59 53 65 43 53 56 44 56 59 37 51 52 40 52 57 51 40 50 43 51 46 57 41 52 58 44 41 42 35 49 50 55 56 52 48 53 39
41 63 52 54 44 64 56 55 56 63 67 61 39 54 36 49 47 58 75 55 36 49 62 62 61 55 56 44 47 47 64 53 56 64 49 53 40 63 53 58 48 52 27 59 54 55 57 55 38 56 63 58 52 64 46 58 63 61 58 59 50 61 58 63 57 42 67 49 48 56 55 49 51 36 48 50 51 51 58 53 36 48 53 63 52 73 51 46 52 40 47 53 61 37 65 63 33 44 24 45
44 57 58 59 41 58 57 49 52 53 61 53 58 40 54 72 44 58 67 56 36 58 61 59 38 50 37 36 46 54 52 56 47 54 52 56 54 54 50 50 59 66 53 61 55 62 70 59 60 67 55 44 48 36 60 53 50 68 57 45 46 113 57 52 58 60 45 48 57 41 56 44 56 47 64 65 58 56 51 60 38 45 70 45 59 55 52 52 53 52 50 69 38 46 67 40 48 59 55 51
53 42 51 44 62 64 54 51 51 55 49 58 63 56 43 54 48 55 53 59 49 48 42 62 64 47 55 52 53 51 49 65 49 44 62 58 44 59 56 41 46 46 49 47 58 67 64 55 39 71 52 58 65 51 49 28 51 44 52 51 50 43 60 57 62 68 77 51 53 43 43 76 53 53 62 57 53 56 60 60 51 55 65 66 73 67 50 53 52 45 43 55 62 52 49 56 51 72 49 48
51 50 71 49 52 65 51 47 37 34 67 54 45 49 46 45 59 56 53 48 61 62 60 53 48 60 55 41 50 46 51 64 45 51 67 49 56 58 51 54 49 60 56 47 62 71 62 53 49 31 54 57 38 37 63 51 42 66 51 52 53 58 56 56 21 45 58 53 65 45 48 52 44 44 40 40 58 44 58 57 68 58 50 45 41 71 49 60 54 49 53 53 40 50 67 55 59 19 45 60
57 51 48 52 45 56 64 61 59 55 55 56 44 109 98 62 46 49 49 61 58 48 48 58 65 56 59 63 55 65 35 45 56 60 67 59 60 41 49 57 55 55 29 44 49 59 38 53 56 62 40 55 48 54 37 60 53 54 46 46 54 44 61 64 50 45 44 70 38 52 64 47 67 37 53 53 72 71 59 49 55 65 46 53 38 56 51 45 58 50 57 44 46 46 66 56 46 43 63 55
51 52 46 42 64 51 59 54 59 47 58 49 52 46 53 43 36 47 35 50 49 57 61 59 49 58 50 52 57 73 59 59 51 61 59 55 65 44 54 52 58 58 39 56 70 61 59 45 67 57 61 52 37 53 50 63 58 55 52 58 39 52 46 47 54 56 46 46 53 61 48 51 54 43 47 50 54 54 48 49 44 50 57 46 53 50 49 47 56 30 47 40 46 40 49 52 47 41 65 55
43 50 56 41 45 47 37 48 61 61 51 45 45 41 58 54 53 47 61 49 35 61 42 56 60 47 47 56 55 63 27 47 68 58 51 59 54 57 47 54 49 49 43 54 45 46 35 60 68 48 67 43 45 52 56 53 50 53 46 45 51 50 44 72 39 46 58 45 71 51 57 57 55 60 47 56 59 48 49 38 63 56 41 66 41 51 56 47 59 66 51 39 50 75 62 52 45 64 66 56
67 16 48 59 39 56 47 45 53 65 51 57 43 68 66 65 61 55 43 60 52 65 57 48 48 68 55 12 45 50 51 68 61 45 49 44 52 54 50 52 46 52 57 69 61 53 53 50 56 53 54 56 47 58 58 49 48 83 53 47 44 54 50 48 58 44 49 41 60 38 56 53 54 51 54 58 46 54 52 68 62 48 56 49 29 50 88 55 70 52 60 55 52 49 56 52 62 50 49 52
53 57 48 53 57 39 74 53 47 51 42 52 49 54 62 61 58 50 46 57 69 54 61 46 43 57 37 63 60 49 63 57 44 49 42 56 63 60 38 61 48 40 38 58 49 44 68 59 56 59 48 57 59 54 46 51 46 53 36 59 64 37 52 51 51 50 27 55 60 56 51 45 52 38 44 59 51 58 51 32 52 56 50 53 69 50 40 35 53 53 56 48 50 51 54 49 47 37 52 61
56 44 48 51 63 58 56 57 45 63 49 63 48 49 44 54 51 54 53 23 58 58 61 61 49 42 47 59 47 53 68 47 50 40 54 51 53 53 69 44 56 58 51 68 45 55 63 64 20 22 33 36 26 24 21 17 27 29 27 25 24 28 30 29 18 23 30 28 21 14 24 27 33 25 28 36 38 34 26 26 43 66 28 28 25 35 20 41 29           
