0.455342902711324 4766 35 33 35 29 38 34 30 37 27 34 38 41 27 28 26 29 38 42 32 36 34 19 42 47 26 39 28 35 34 23 30 25 44 43 44 21 39 38 40 40 46 34 49 31 26 28 42 22 29 22 37 41 30 38 25 30 45 33 36 41 38 19 33 35 37 42 36 33 29 31 42 28 37 39 42 37 37 36 41 54 43 35 24 29 24 32 33 19 26 36 48 28 30 32 32 28 31 42
30 30 24 35 33 27 36 37 28 27 30 26 33 30 28 30 26 39 35 32 32 43 36 30 23 35 30 27 25 37 36 35 22 19 30 30 13 35 36 41 37 39 38 33 30 23 35 28 26 31 36 32 36 34 41 38 23 24 27 34 32 32 31 32 28 35 27 33 40 34 25 25 35 30 48 31 38 32 25 33 25 31 25 31 27 28 27 37 29 28 45 32 30 29 44 23 42 36 29 34
41 23 27 32 44 37 24 38 82 50 25 27 38 33 12 37 35 58 28 36 26 37 31 48 31 31 34 52 32 36 35 35 39 28 25 41 24 31 15 23 31 25 42 47 36 35 32 44 29 36 33 24 32 30 31 34 26 27 24 32 20 28 28 35 48 21 28 38 35 34 27 30 31 39 30 22 24 30 38 26 26 25 32 37 22 29 27 28 21 29 19 26 25 25 26 33 19 31 41 28
29 32 20 32 36 40 31 20 18 34 23 43 41 30 43 23 35 29 26 33 36 28 23 35 32 23 36 34 31 30 18 36 24 28 28 25 29 37 46 40 36 30 31 35 30 35 32 32 37 33 25 34 31 37 30 28 30 21 27 40 26 28 39 40 38 29 26 43 38 20 34 34 37 30 22 33 27 33 25 34 41 46 46 45 40 50 35 30 23 34 45 38 39 29 26 29 26 33 34 40
27 34 29 32 24 27 30 23 41 27 21 25 37 45 30 28 47 31 18 12 24 32 27 37 24 40 29 35 37 30 37 44 67 35 35 42 29 28 17 32 31 29 27 28 24 27 31 25 22 36 29 30 23 42 35 32 38 44 37 21 28 29 46 39 30 26 31 32 38 30 35 19 33 28 33 37 38 26 37 29 37 35 29 28 35 24 30 45 41 32 37 36 20 32 39 36 28 22 35 30
36 18 22 26 27 34 40 30 28 30 33 27 32 30 29 39 39 44 40 24 27 34 36 31 37 32 28 23 25 38 27 42 28 37 34 31 39 38 38 35 40 29 37 44 37 42 41 29 33 36 31 28 35 27 30 21 38 34 38 39 44 27 34 30 39 19 28 22 35 26 35 19 33 46 37 34 42 30 38 21 28 29 26 35 30 24 31 31 28 32 33 28 35 48 34 29 32 30 30 29
20 40 35 30 21 42 33 26 35 33 34 36 24 34 30 28 42 35 35 25 14 24 31 41 40 40 35 31 21 34 31 28 25 36 27 21 11 13 29 19 41 25 27 22 30 28 31 29 47 34 36 34 30 42 33 41 30 29 33 35 42 34 43 37 34 32 44 31 29 28 29 30 33 31 27 40 26 25 32 32 18 35 39 27 33 39 31 32 34 23 38 31 25 27 36 32 27 33 28 29
35 29 30 30 37 26 27 35 27 26 33 30 31 37 32 35 24 36 28 24 29 31 32 25 24 34 34 33 27 39 39 35 32 38 30 29 27 28 29 55 35 34 24 38 34 32 38 36 34 41 27 20 38 19 23 40 38 43 37 42 30 36 37 36 35 34 26 32 31 33 30 29 35 29 28 35 40 30 30 40 28 31 40 34 19 28 41 32 35 42 31 27 22 32 38 24 31 35 41 34
29 21 38 27 31 22 28 36 20 36 18 22 26 38 39 43 36 33 34 31 31 37 37 42 13 35 28 32 28 27 30 15 33 31 28 29 31 15 42 37 30 42 25 25 27 31 25 25 29 28 31 35 28 29 30 23 30 30 31 21 32 32 43 24 22 19 29 25 29 35 29 28 25 28 33 26 33 33 22 29 26 27 25 35 35 33 34 32 26 31 36 25 27 31 25 33 22 29 38 38
32 30 41 30 44 29 23 33 43 22 32 41 45 34 31 32 26 38 44 42 38 24 34 37 43 39 24 17 29 42 34 19 29 30 42 31 32 31 32 37 27 26 33 37 30 33 31 35 39 26 29 28 28 36 43 29 27 25 21 28 35 22 15 31 38 30 45 29 28 27 27 40 38 26 20 25 31 10 29 39 35 29 28 26 44 33 23 30 35 23 28 30 30 36 25 25 34 30 34 38
28 33 22 29 35 41 28 22 16 32 32 26 28 29 37 32 34 29 38 29 41 45 26 31 21 34 39 25 40 31 36 35 40 32 35 28 29 35 26 36 27 28 32 28 31 36 18 26 27 24 28 27 41 28 21 34 22 30 22 25 29 39 24 21 28 30 23 33 21 21 40 24 34 34 22 32 29 33 32 45 20 24 36 25 25 27 32 38 34 28 36 31 29 26 27 34 25 34 31 24
26 28 24 28 28 24 30 45 28 31 28 32 39 29 28 25 34 34 28 33 27 44 26 39 29 37 29 33 36 26 31 38 24 28 31 48 34 28 37 35 31 34 22 32 30 34 29 36 31 25 32 25 29 41 32 23 39 26 26 42 34 33 29 37 42 17 28 33 28 27 27 32 25 35 22 31 28 39 29 42 30 26 26 31 43 41 30 42 18 38 35 39 49 36 30 29 34 22 45 30
26 49 27 32 33 45 36 37 26 41 31 22 19 30 42 22 27 38 33 28 31 22 21 17 33 31 26 42 41 28 28 31 31 38 30 42 49 23 39 21 38 36 39 36 39 41 32 35 24 32 41 17 33 39 31 26 28 41 28 29 41 44 34 53 96 86 9 78 19 29 16 34 33 28 26 13 17 38 24 29 39 37 30 37 26 29 32 35 40 30 33 29 30 32 39 29 30 32 32 30
30 31 33 28 39 40 31 30 34 52 31 26 27 32 35 34 34 40 29 42 36 30 36 35 39 51 27 36 32 29 39 36 22 32 32 32 42 29 38 34 36 28 34 35 30 32 30 41 37 24 38 34 33 33 41 39 24 35 23 30 35 26 32 39 34 30 29 25 21 39 34 40 36 29 23 18 25 22 23 28 31 28 21 28 27 24 33 40 42 40 31 34 29 32 26 34 30 31 41 37
33 21 34 34 26 33 27 27 29 34 37 33 35 34 46 27 35 29 34 31 31 31 34 37 30 36 71 39 36 47 79 39 29 29 25 44 32 28 22 32 28 31 48 38 19 42 30 37 29 30 40 25 42 32 35 24 25 27 28 30 27 34 38 35 46 33 27 37 30 23 36 29 36 29 31 34 41 36 39 21 29 36 27 32 32 23 38 25 39 25 22 28 29 24 34 33 35 35 19 39
31 37 32 31 38 49 20 19 35 32 40 32 26 33 22 37 27 37 23 26 29 28 31 24 44 38 36 34 32 28 39 34 31 35 30 44 33 44 53 57 39 41 41 40 44 22 42 28 44 36 31 43 30 29 27 45 33 27 21 32 21 31 31 31 24 29 40 36 34 35 36 25 24 25 28 35 35 34 40 34 31 34 28 32 25 26 28 39 41 35 37 17 37 44 36 36 37 32 43 75
28 35 38 33 31 30 24 29 31 31 31 22 30 26 30 35 40 36 30 30 40 33 29 29 37 13 43 34 51 39 34 33 23 26 22 37 28 40 27 35 23 25 26 27 43 41 39 28 28 22 22 24 36 23 32 32 32 30 36 34 27 21 23 28 28 36 31 28 28 30 16 25 40 28 23 31 26 32 29 25 31 16 43 37 32 37 26 30 21 41 13 21 19 26 30 37 41 26 32 36
44 36 35 23 27 31 32 28 37 35 38 33 27 38 18 41 25 24 18 28 30 20 29 29 26 34 41 40 32 26 29 31 35 26 34 24 29 45 25 31 34 40 38 25 35 30 39 30 27 30 30 37 25 42 31 33 35 28 32 16 40 28 26 31 28 25 26 31 24 26 41 35 26 33 30 29 21 22 33 30 29 33 24 27 21 29 31 37 35 36 36 27 25 30 29 38 23 32 21 28
28 32 29 32 31 32 24 49 39 27 19 39 37 36 34 20 34 25 47 29 42 29 39 36 39 35 34 15 38 26 34 36 38 39 40 38 32 44 34 38 33 33 38 29 33 32 31 28 35 35 34 36 29 28 30 21 38 33 47 28 40 33 28 37 18 41 40 32 41 21 24 40 30 27 23 41 34 27 28 36 35 29 26 34 32 21 28 41 33 29 29 31 30 23 29 38 28 21 30 24
34 35 35 33 25 26 33 33 36 25 44 38 17 35 28 38 33 35 20 26 32 29 26 22 36 52 40 26 30 29 34 25 26 36 28 17 31 36 32 28 29 30 32 36 30 35 33 34 40 33 19 30 25 34 31 45 44 27 37 36 27 30 29 39 33 30 24 33 32 22 23 25 31 27 17 27 28 32 25 25 29 39 30 37 19 28 31 22 33 28 34 31 41 34 40 32 41 30 28 32
33 40 28 29 26 30 32 21 33 31 39 33 35 22 39 24 28 29 20 39 42 7 32 26 23 36 41 31 34 43 29 18 29 26 31 28 33 26 28 37 30 39 38 35 22 27 31 33 32 29 24 32 30 28 27 31 36 37 27 34 23 32 33 25 30 38 26 27 29 33 23 40 30 19 32 24 25 36 33 32 28 29 37 31 28 17 26 39 26 36 40 21 25 36 27 24 27 39 37 26
33 22 20 26 35 26 28 36 29 27 27 34 31 33 17 31 33 22 23 36 24 35 29 29 31 34 32 33 23 29 23 38 31 25 22 14 27 35 32 29 36 42 36 35 27 34 37 35 24 29 32 30 21 36 37 29 32 35 43 39 27 44 36 30 33 23 30 34 32 48 32 46 45 26 35 32 28 40 24 25 35 22 18 34 23 25 30 17 39 20 27 26 40 26 27 33 30 25 25 40
36 30 30 36 33 37 37 30 21 26 44 29 33 22 26 35 38 28 24 21 45 38 14 31 36 26 41 38 32 36 19 29 34 32 22 36 35 30 40 37 32 34 38 30 16 32 25 28 31 29 40 32 33 32 37 32 21 36 31 34 19 32 25 32 31 37 46 27 37 29 33 40 47 33 40 37 29 46 36 34 31 36 37 29 30 32 39 32 39 35 23 33 32 39 35 35 24 35 30 26
30 33 31 31 33 31 42 36 47 33 27 32 31 34 44 30 33 30 34 26 33 28 29 34 33 40 39 27 52 43 45 43 49 29 35 37 42 29 27 23 24 30 30 27 40 42 40 41 27 6 7 39 35 43 32 32 26 28 32 35 30 60 88 59 38 34 88 66 74 68 55 67 33 13 27 25 31 22 18 22 28 33 44 27 27 35 33 24 34 34 29 26 33 35 26 37 41 25 31 30
17 24 31 31 31 23 27 37 37 24 31 33 24 27 36 17 29 32 25 26 36 34 25 24 24 31 37 29 29 26 25 33 32 31 32 32 34 29 41 15 45 27 30 40 32 42 24 26 27 42 47 27 36 35 30 30 36 31 43 27 42 22 35 31 26 30 32 29 29 35 39 32 35 38 14 30 22 26 37 26 34 21 30 34 44 26 36 31 38 20 33 42 32 17 23 29 32 29 24 25
32 28 26 29 35 40 30 29 35 36 29 35 34 29 25 40 34 42 27 24 42 31 32 42 30 21 27 29 25 31 41 34 44 26 35 23 37 29 33 29 24 22 25 25 36 32 25 26 33 41 37 28 28 30 36 34 31 30 27 39 31 26 26 36 28 43 28 36 38 38 27 28 48 25 36 36 30 31 39 24 38 34 31 37 23 31 38 35 40 23 53 42 31 25 40 36 29 32 28 33
18 30 29 27 21 45 26 27 24 30 28 23 29 35 35 18 20 36 37 39 26 29 28 38 33 22 26 20 27 33 27 34 29 30 34 36 29 21 25 28 31 42 31 32 27 20 33 31 28 31 31 38 35 30 24 38 32 33 35 30 45 35 23 26 27 29 24 31 39 34 25 23 27 32 39 29 30 42 26 27 39 30 25 36 41 37 32 41 19 33 29 37 47 40 35 43 26 39 33 30
37 15 25 26 39 31 37 31 37 33 36 35 36 34 45 40 31 24 33 32 46 26 26 33 12 28 27 22 37 34 42 31 38 31 26 30 36 31 25 39 13 35 37 24 33 39 26 35 28 27 37 36 38 32 29 26 31 24 27 33 30 33 27 26 34 33 34 42 27 26 36 27 25 42 23 35 37 25 44 39 34 32 27 26 19 31 40 23 27 33 30 32 31 35 35 54 31 42 40 36
31 44 38 26 42 32 29 46 15 31 33 34 27 35 37 31 35 32 43 15 38 36 17 32 30 26 28 39 35 39 35 40 35 33 37 32 38 28 30 22 34 36 39 30 29 38 25 18 28 30 28 33 32 24 29 27 18 34 24 34 32 37 36 32 39 37 25 31 31 27 26 37 35 24 37 29 27 27 24 44 38 33 30 33 43 36 29 23 36 36 33 28 35 35 33 30 23 20 34 32
27 34 26 32 32 15 33 40 40 41 30 35 32 21 34 27 35 36 31 38 30 27 9 32 29 20 23 30 33 27 36 28 27 20 24 21 30 21 25 36 30 33 36 30 49 44 38 40 32 24 25 14 36 41 24 26 36 35 37 27 35 33 33 38 24 33 35 30 39 25 32 24 35 45 30 37 27 21 32 28 29 28 33 33 32 31 29 19 25 44 44 33 20 22 31 18 23 20 8 33
35 31 28 31 32 28 39 20 38 38 29 38 36 36 23 28 32 33 33 27 48 33 32 20 29 38 34 30 28 38 27 37 37 25 34 27 26 34 24 45 27 28 26 31 44 28 35 44 21 26 30 28 28 24 19 40 26 27 34 29 28 29 29 31 29 6 22 35 25 29 36 31 29 31 33 27 30 30 36 28 27 27 24 34 41 37 31 34 51 35 30 26 22 32 35 39 28 31 35 37
29 38 32 34 38 27 23 30 21 23 33 32 29 29 31 38 32 30 30 25 27 22 28 27 23 32 29 26 35 28 33 39 23 15 27 28 28 16 24 29 32 28 35 26 21 35 33 31 27 25 21 22 22 23 24 33 22 28 28 22 34 21 32 18 25 20 31 25 43 33 27 26 37 30 33 26 41 34 31 29 29 29 36 29 22 28 26 27 33 25 38 26 41 42 38 28 34 25 28 27
33 29 32 19 35 44 32 33 41 25 23 30 37 36 30 27 32 27 20 33 30 19 35 20 34 28 32 26 39 45 31 37 40 36 16 36 44 22 32 36 30 19 34 34 40 28 11 29 27 40 34 33 30 27 40 11 27 30 35 33 32 32 28 30 24 31 27 28 36 27 34 19 31 32 31 48 46 21 34 25 36 17 25 33 37 23 18 38 24 36 25 28 19 30 33 28 34 37 20 22
31 32 35 36 31 38 33 28 41 32 40 31 33 34 21 29 30 42 30 18 29 22 26 21 25 36 25 35 39 20 34 23 28 47 30 31 43 35 26 34 23 32 31 31 29 39 24 32 28 28 31 39 38 25 40 34 21 34 33 20 28 29 39 29 35 19 20 25 30 22 26 23 31 29 26 34 43 32 41 35 26 47 42 27 35 29 26 28 36 30 33 36 40 36 39 21 33 31 33 28
26 34 27 32 31 33 19 20 36 34 37 29 39 27 36 19 32 37 19 23 24 20 38 19 32 41 24 23 23 40 30 31 23 31 37 32 39 26 17 37 37 31 28 33 46 44 39 35 36 39 37 35 33 21 37 30 41 30 31 36 31 36 42 23 30 22 32 25 49 30 33 29 37 34 29 41 38 35 26 31 19 31 31 34 29 22 21 26 17 28 34 22 42 26 35 47 37 20 25 25
29 34 24 42 33 41 33 41 29 28 40 25 38 33 26 36 40 35 21 29 23 30 25 35 35 31 32 24 39 32 29 30 39 47 28 48 38 24 31 22 23 34 44 35 41 21 27 24 31 27 34 31 30 33 45 27 36 43 40 29 24 44 36 40 33 32 31 31 32 33 22 32 36 42 26 27 30 29 22 27 38 36 13 33 24 25 49 28 45 31 24 34 26 27 32 32 30 27 25 27
25 31 34 24 37 33 31 29 28 24 32 23 28 28 32 32 27 26 21 22 24 29 31 34 24 36 29 21 30 34 16 30 40 34 36 22 35 26 28 37 26 24 20 27 45 31 26 33 40 36 20 21 41 35 35 39 24 28 38 31 32 33 28 27 31 31 24 34 31 27 32 37 22 31 38 25 35 31 19 29 23 29 28 26 20 33 26 33 25 41 38 24 29 32 26 28 15 23 29 29
20 37 40 24 28 40 30 28 38 35 35 27 28 31 37 31 30 31 27 23 30 27 28 29 28 29 23 47 42 35 28 37 23 32 29 39 48 47 31 35 37 29 25 37 31 44 34 29 30 33 38 31 33 43 40 32 33 37 42 35 30 35 32 27 32 28 30 42 22 40 21 31 39 31 32 28 32 24 26 26 28 27 27 25 39 30 24 33 31 22 42 37 27 36 24 21 35 28 31 24
41 35 35 29 29 33 38 28 33 42 31 37 28 38 36 26 33 29 10 30 27 32 38 37 28 31 38 29 38 34 36 23 36 27 29 25 22 31 40 30 42 35 37 18 36 36 38 37 35 46 34 43 39 34 35 15 40 32 44 32 22 36 27 27 25 31 26 35 22 31 19 25 35 31 28 51 35 38 39 27 29 44 39 27 25 29 26 31 30 32 32 27 12 31 26 28 37 30 30 28
66 26 24 25 28 12 27 23 31 29 33 27 25 31 39 25 35 24 30 34 32 29 27 27 29 20 13 25 32 21 35 37 15 25 25 25 32 27 26 33 24 27 28 34 30 29 31 37 25 37 39 20 30 38 40 32 28 31 50 21 40 40 26 12 33 39 34 33 33 31 23 35 25 28 31 33 31 22 33 32 36 28 39 28 27 37 27 31 27 42 26 30 29 35 43 33 22 26 27 20
29 35 29 33 23 35 31 28 28 29 19 29 35 23 25 22 35 42 32 33 26 36 24 41 32 31 40 41 25 26 30 27 33 30 21 28 38 31 27 25 26 36 27 21 33 30 30 33 26 34 36 37 26 39 26 31 43 25 38 30 34 27 30 30 26 35 25 87 28 34 28 44 34 27 24 41 30 30 27 36 27 30 29 36 40 40 35 30 30 29 33 27 30 90 29 29 24 29 29 35
24 26 28 31 33 20 26 34 27 40 38 36 30 40 34 35 37 36 37 39 39 43 40 29 26 26 34 28 23 33 38 23 27 35 27 32 32 38 27 35 27 37 29 29 27 21 56 29 27 27 31 27 25 27 35 31 26 31 31 30 34 38 29 22 46 28 41 15 36 38 20 36 17 39 25 27 35 34 40 31 32 27 32 35 44 30 34 22 31 31 28 32 29 27 22 39 38 30 41 27
37 24 31 22 27 33 25 42 23 29 28 35 27 27 37 37 38 39 40 25 25 30 32 33 32 40 41 23 25 31 32 26 32 26 22 33 29 30 26 33 26 26 17 29 27 30 23 27 36 31 28 37 41 36 33 40 38 25 32 34 31 35 25 33 34 29 27 31 23 36 18 32 43 31 31 37 26 33 32 30 30 28 40 35 28 28 33 19 27 20 33 31 14 25 35 26 18 23 31 29
38 37 37 29 32 31 42 30 33 26 31 37 26 24 33 30 32 32 21 20 27 50 32 28 35 12 34 32 17 39 34 37 30 38 26 42 26 34 34 34 43 45 36 35 38 34 40 31 37 26 36 31 41 38 33 30 31 32 40 17 24 20 34 33 25 26 33 37 32 29 33 31 40 48 28 32 31 31 34 49 16 33 26 28 27 34 40 35 24 24 21 27 26 24 21 28 21 34 29 25
32 26 45 29 38 29 39 36 42 31 34 28 34 32 28 36 31 31 30 22 33 29 32 24 44 24 30 28 41 15 7 28 20 41 12 36 33 36 37 26 19 29 32 36 27 31 35 30 33 39 31 22 30 30 24 32 35 29 34 31 28 31 32 23 36 37 18 37 35 48 35 37 41 24 37 34 23 41 21 25 33 41 38 34 26 27 32 31 36 27 39 26 41 25 27 25 42 28 30 33
34 30 32 47 45 30 44 23 35 30 29 42 32 32 24 26 41 29 29 42 19 40 30 26 35 35 34 46 36 42 54 34 35 33 35 28 34 36 33 30 27 26 22 28 38 34 46 45 34 28 25 25 42 30 32 42 39 37 15 5 20 16 13 19 27 15 11 24 13 16 13 14 13 15 17 21 16 16 15 16 19 10 13 15 10 12 13 11 10 19 16 15 10 9 20 16 8 14 16 12
12 16 17 21 15 12 13 17 11 21 27 16 18 13 13 10 20 17 16 23 19 18 18 16 17 16 19 16 11 13 23 23 15 17 13 19 17 12 22 13 14 18 12 14 17 17 20 16 17 21 15 21 22 12 21 18 17 20 21 14 9 21 16 15 14 16 13 18 10 14 6 12 12 11 18 16 14 16 25 22 18 17 19 21 16 13 13 12 15 15 14 10 16 18 16 13 11 12 20 14
13 11 23 14 29 17 11 16 11 13 17 17 17 9 15 15 18 10 17 20 12 21 16 15 17 13 11 4 8 13 13 10 11 12 16 14 15 5 18 23 14 12 15 17 13 10 14 11 11 16 15 13 22 11 13 7 13 12 18 15 18 10 15 12 17 12 22 20                                
