0.5 2007 17 11 12 11 17 8 14 19 18 16 12 18 12 19 14 17 20 14 19 18 14 11 9 14 10 19 15 15 14 25 20 18 9 18 14 14 13 14 18 15 13 12 11 12 10 15 11 13 17 14 15 20 14 12 18 17 15 14 35 9 20 15 15 14 9 20 15 17 12 16 13 13 18 15 20 12 11 10 16 19 13 12 15 14 19 14 17 20 11 9 19 15 12 12 22 14 15 14
12 13 6 15 25 23 18 20 13 15 12 12 14 17 14 10 19 19 17 12 16 14 17 18 16 16 16 11 13 14 13 16 15 17 13 15 18 12 10 18 14 7 13 10 11 11 12 18 25 8 13 11 15 14 10 19 16 12 22 15 11 17 17 15 14 17 19 19 18 18 16 13 17 18 15 18 11 15 10 20 18 20 12 22 14 9 11 17 15 13 24 15 10 11 15 9 17 17 12 13
13 10 15 12 15 18 13 15 15 12 18 17 9 13 7 15 22 25 16 13 22 12 20 21 15 18 15 12 17 13 17 16 12 22 20 13 13 10 17 20 14 19 15 12 15 14 16 14 19 15 12 21 13 14 17 18 22 18 17 13 16 11 20 20 18 21 15 19 16 13 18 17 12 22 18 13 16 14 26 14 7 12 13 13 16 18 18 14 29 25 19 11 16 16 16 23 11 16 13 15
14 14 14 13 17 12 17 12 21 14 15 13 19 15 7 13 17 20 21 17 18 18 14 13 10 15 22 8 11 17 19 11 18 17 9 16 12 19 20 16 24 16 15 14 13 14 18 14 15 17 15 18 14 11 11 17 18 18 14 15 17 21 11 15 14 16 17 15 19 19 13 11 10 11 21 27 14 20 17 22 13 13 14 17 10 16 10 13 15 23 19 12 23 14 13 15 20 19 12 13
21 18 23 18 26 9 18 10 19 23 17 18 18 22 10 10 13 8 19 17 15 19 13 13 18 21 20 13 14 21 12 20 18 14 21 17 17 17 17 21 16 16 13 12 19 17 15 14 19 21 11 14 18 14 19 14 21 17 27 13 23 22 36 27 18 16 19 12 14 17 17 12 15 15 15 18 16 10 15 14 10 13 13 12 17 20 13 18 13 21 10 20 14 19 22 14 14 20 17 13
15 13 17 12 12 16 11 22 20 14 18 20 14 20 11 17 15 17 15 11 15 19 13 11 16 28 36 12 23 13 10 17 15 8 21 13 18 15 15 21 16 13 25 21 15 16 13 18 18 17 9 17 20 21 17 12 25 25 17 17 16 25 15 13 10 12 21 16 14 11 14 17 11 17 22 11 24 14 25 14 16 16 23 21 17 20 17 19 18 25 23 16 21 14 18 12 25 16 15 18
20 16 17 21 20 17 17 17 14 15 14 14 19 16 19 18 16 23 13 22 26 29 12 17 11 14 13 15 18 11 23 19 15 15 14 17 15 22 17 11 12 14 11 17 14 14 18 14 18 13 12 18 18 19 15 15 19 12 16 18 9 13 18 11 20 11 17 18 11 21 15 22 14 15 19 18 13 14 17 27 17 19 17 15 8 19 28 17 22 15 19 24 15 9 19 17 15 20 16 19
19 14 14 12 21 17 19 9 16 12 13 22 13 15 13 15 17 13 22 19 17 16 20 23 19 26 17 22 10 18 10 16 14 15 10 14 14 13 22 35 16 13 10 22 16 14 13 24 7 12 15 17 13 14 25 11 10 14 15 21 23 17 14 13 17 25 19 15 16 16 21 17 17 21 20 16 16 17 27 18 19 18 14 19 20 14 17 17 14 16 17 16 11 18 14 12 18 16 16 16
25 7 16 8 14 12 17 16 18 17 19 15 13 22 18 16 17 19 9 18 19 12 18 17 22 14 19 19 18 13 11 25 8 14 11 25 12 20 12 13 14 17 21 15 19 17 18 13 19 11 17 18 15 18 18 8 20 14 7 15 12 12 18 19 13 19 18 20 13 13 10 18 21 18 20 19 14 18 9 17 18 18 16 15 13 20 12 11 20 13 11 16 12 19 11 15 19 17 21 13
22 16 14 20 13 16 20 20 8 22 17 16 14 19 13 21 12 17 19 19 20 20 21 11 13 14 9 17 18 17 15 20 17 18 20 17 12 15 17 12 16 14 15 13 13 14 22 20 16 14 20 13 18 13 12 9 15 17 17 11 46 19 19 17 12 19 25 24 15 14 15 12 21 10 12 10 18 17 13 13 15 18 11 14 13 17 12 17 14 18 19 11 17 19 17 16 19 9 21 13
18 13 17 7 17 11 18 13 13 16 19 17 17 13 11 23 8 10 17 18 12 12 8 15 11 13 9 21 14 17 20 14 14 14 12 26 14 13 16 18 14 21 14 15 15 18 17 9 13 10 14 8 15 12 17 19 21 20 19 18 26 21 12 10 23 17 19 17 13 15 13 19 16 16 14 16 11 11 13 14 16 7 16 14 21 16 13 14 8 14 12 19 15 16 12 11 9 14 18 18
10 8 22 7 11 13 20 17 13 11 12 10 19 15 17 19 22 23 10 16 15 18 22 13 11 6 13 17 9 14 12 23 17 15 14 17 11 9 20 10 14 16 15 21 17 14 15 12 16 17 21 7 13 12 17 22 19 12 12 12 12 13 23 14 14 18 25 23 21 19 9 20 11 18 15 21 20 20 21 14 14 20 23 15 13 25 21 15 19 15 11 11 19 25 11 16 15 16 16 25
23 17 19 14 16 17 16 20 15 19 15 12 21 19 16 18 19 24 13 16 13 25 19 13 12 15 22 15 14 17 18 20 15 19 18 17 22 18 14 16 21 11 21 9 26 19 13 19 11 18 15 19 15 14 17 17 12 15 17 15 21 21 15 14 19 17 13 9 10 18 18 10 25 20 12 17 14 14 21 17 14 20 25 16 11 19 13 17 12 23 17 16 14 11 9 16 15 11 11 16
17 10 12 12 21 15 15 10 18 17 20 26 18 21 22 13 15 19 11 14 19 20 16 27 19 15 13 22 14 18 20 16 12 12 14 16 10 18 20 20 17 14 14 20 18 17 10 16 11 23 24 13 14 13 8 21 13 11 22 21 10 13 18 12 14 17 15 16 17 9 14 14 9 18 14 17 19 16 14 17 11 24 11 13 14 12 12 13 14 9 12 18 21 16 17 17 17 17 18 16
12 12 13 19 17 15 9 14 20 16 12 14 17 10 10 10 13 9 15 4 13 22 18 14 22 12 15 13 13 20 17 15 11 13 16 18 19 14 17 13 20 17 11 23 16 19 10 17 20 18 16 14 11 25 13 13 19 15 15 15 13 10 18 15 15 23 13 18 11 14 10 15 19 19 18 25 20 16 14 8 8 14 20 13 11 13 12 14 18 18 16 18 15 11 25 17 22 20 17 13
16 16 15 17 9 18 14 11 19 13 17 20 21 14 12 18 14 11 15 20 13 23 13 18 20 16 13 13 11 13 12 13 14 13 17 23 14 17 14 17 19 9 22 12 15 13 15 24 15 15 21 14 11 12 14 19 22 13 24 23 13 21 21 19 13 14 15 17 13 21 16 14 21 13 14 22 16 14 15 16 23 23 13 16 15 15 19 13 15 19 18 12 11 17 16 16 19 11 14 15
19 19 21 15 20 20 12 23 17 16 19 13 9 19 21 15 16 18 20 11 14 13 15 24 9 14 25 16 12 15 19 20 19 19 15 9 22 11 15 24 27 7 15 12 19 17 16 16 37 19 12 20 17 22 14 21 19 15 18 14 18 11 11 10 18 16 15 25 20 14 22 11 18 18 14 15 15 12 18 16 23 8 17 12 12 14 16 9 19 10 22 17 15 10 13 24 16 20 20 11
14 15 14 13 20 19 14 20 12 17 17 9 19 14 11 14 12 11 18 12 16 19 16 10 18 18 13 13 19 17 17 16 11 22 17 14 17 21 14 18 20 20 8 24 16 20 8 22 12 18 17 12 17 17 12 14 19 14 16 22 11 14 15 19 18 17 19 16 19 14 23 13 21 21 15 20 13 13 15 18 14 13 15 14 19 18 18 23 9 12 12 20 11 16 20 16 16 24 15 10
17 13 16 13 13 13 13 20 15 8 12 20 11 13 11 14 13 27 15 13 13 7 21 25 18 21 20 13 19 17 12 13 17 14 12 11 13 33 25 15 19 23 16 22 15 13 23 10 12 18 15 12 7 11 15 17 17 15 11 17 13 9 16 21 7 12 16 11 9 16 15 14 14 19 14 14 13 20 14 13 14 15 17 14 24 11 18 24 20 21 14 22 14 12 13 24 16 14 20 11
19 15 10 21 24 11 14 15 16 16 19 16 18 20 17 26 14 15 21 14 11 10 11 11 21 10 18 28 14 12 10 14 18 17 21 15 16 23 22 19 21 10 16 28 17 18 22 13 14 17 13 15 15 10 22 9 12 15 20 14 22 13 14 14 15 28 15 13 19 21 12 10 19 11 20 18 21 12 16 24 10 18 16 16 14 13 10 9 23 17 20 19 16 11 14 7 10 17 12 15
17 9 25 19 14 11 10 18 18                                                                                           
