0.45 2165 29 40 19 27 29 27 31 44 20 37 33 33 33 21 23 32 31 21 32 34 23 32 19 35 23 39 31 6 31 27 29 33 31 33 27 33 28 30 32 36 22 22 29 13 22 24 14 37 19 29 33 20 23 27 24 24 22 22 26 28 30 32 24 16 33 36 27 13 25 24 28 26 30 31 30 36 39 31 30 34 23 6 24 31 29 36 35 30 29 26 33 24 32 25 27 27 35 33
25 28 29 26 35 38 28 19 29 27 19 24 30 36 31 12 35 37 19 35 35 36 32 34 34 25 24 26 30 32 26 33 35 24 36 23 31 25 29 29 25 20 29 26 31 37 30 29 28 24 37 26 27 39 27 14 31 32 27 33 23 34 24 29 34 24 33 32 33 34 40 30 29 28 20 32 38 23 28 45 27 26 29 27 16 29 29 27 27 23 30 26 23 23 38 20 27 30 31 20
24 30 27 29 36 30 29 23 35 36 31 32 30 39 35 26 32 19 36 28 29 36 29 26 30 33 29 29 34 29 39 10 42 28 32 34 34 20 29 38 24 29 38 31 15 21 34 23 36 23 25 24 40 21 30 21 40 28 41 28 32 35 38 34 31 28 37 33 35 19 41 37 29 28 19 27 45 37 29 36 34 22 30 28 25 33 28 27 33 37 44 25 27 27 22 14 29 25 33 36
39 28 29 28 38 16 29 32 20 24 33 30 28 23 38 30 29 33 35 33 16 32 31 41 32 21 22 26 29 38 21 31 28 39 34 18 32 24 29 30 35 31 31 36 32 41 32 29 31 35 25 30 30 28 37 27 20 20 28 28 16 26 30 32 32 39 41 37 33 28 29 27 27 24 36 27 31 33 24 32 28 25 24 41 27 31 28 27 24 20 31 29 28 29 30 12 29 38 27 18
39 26 28 42 33 25 24 46 35 18 23 28 26 41 25 31 35 29 21 32 26 21 35 25 34 28 33 22 32 29 28 34 23 30 21 31 33 34 35 27 24 27 31 42 27 35 20 25 19 39 25 25 27 32 18 23 21 25 27 37 31 23 29 25 28 31 24 25 23 32 24 25 32 36 37 24 14 29 27 30 24 31 37 26 32 29 32 17 29 27 30 24 27 18 31 33 37 40 35 39
32 31 24 48 28 40 28 18 24 26 28 29 32 31 22 24 25 29 24 22 28 8 38 32 33 23 20 29 34 26 39 28 27 21 22 30 28 35 28 37 23 35 24 35 33 25 31 19 37 23 24 44 28 29 26 37 39 39 35 27 27 27 21 34 33 33 32 35 35 35 25 20 35 32 35 28 25 37 30 30 37 30 32 20 27 31 40 35 30 36 25 35 40 27 29 22 27 19 36 27
28 38 24 29 39 30 25 34 44 30 33 32 35 36 29 38 24 26 30 36 25 38 26 38 33 25 29 41 20 42 37 29 34 31 30 29 31 35 32 30 25 33 26 28 16 35 36 27 35 23 28 30 29 40 44 40 33 31 36 27 31 22 23 27 42 33 26 26 35 31 37 33 32 31 19 31 37 37 23 25 24 37 30 23 37 40 22 37 36 27 33 22 22 27 23 32 27 42 34 25
29 30 29 36 26 45 25 34 31 33 26 43 28 34 26 14 22 34 38 38 39 23 39 33 35 39 35 29 25 26 22 31 26 15 25 27 18 33 31 33 27 30 38 29 31 32 33 28 31 39 25 50 21 29 29 30 27 31 29 30 32 35 40 33 37 38 36 36 32 32 40 24 30 36 28 35 33 36 27 24 31 26 15 24 28 40 36 32 35 26 28 28 33 34 38 15 36 27 22 32
23 30 31 31 33 30 29 22 26 45 31 20 22 26 33 27 31 38 25 33 30 21 17 23 28 29 28 33 29 33 29 31 37 37 29 36 31 32 32 28 23 28 36 30 43 31 29 34 27 28 33 43 29 24 35 28 35 25 33 39 28 22 32 35 34 38 25 31 27 35 39 27 26 25 44 40 33 33 27 24 27 24 34 34 20 18 35 29 31 23 32 29 26 43 30 38 25 25 34 22
35 19 27 25 19 26 46 24 34 22 26 31 23 39 28 35 36 36 20 15 22 41 33 31 38 29 32 25 19 26 30 31 22 22 11 25 30 21 34 28 36 21 30 30 35 28 18 21 32 12 23 31 31 28 21 28 29 27 39 36 32 26 26 20 35 32 32 26 29 28 33 39 31 27 22 28 28 36 31 36 30 39 32 17 20 38 25 18 32 35 35 25 17 18 31 34 30 43 30 38
31 23 25 17 29 26 27 35 36 27 31 29 32 20 29 33 27 31 34 36 25 27 24 26 38 26 26 30 33 32 32 33 33 32 35 32 30 22 44 19 37 27 44 27 18 36 24 22 34 24 18 33 34 24 16 39 29 25 27 24 42 34 26 28 66 51 60 67 34 27 22 26 38 33 27 27 25 27 21 13 35 28 38 30 23 23 27 38 36 36 32 30 20 37 28 42 31 33 30 25
33 31 27 17 28 15 42 31 30 30 26 30 33 45 38 28 38 31 33 32 28 22 44 33 35 34 28 24 34 29 33 24 39 38 36 33 40 29 24 38 29 33 39 30 38 32 37 27 31 31 20 22 38 33 39 34 27 24 23 28 33 24 35 21 27 26 36 35 25 26 41 30 27 36 12 31 31 25 30 28 36 31 26 30 28 33 26 34 33 31 27 30 28 21 40 25 28 29 36 32
27 28 33 31 27 29 33 34 29 27 25 31 24 27 31 34 21 32 22 34 25 40 36 37 24 26 36 28 31 29 29 39 19 28 40 35 25 24 26 26 21 39 30 30 26 32 34 41 33 32 34 31 23 25 40 33 35 25 46 39 12 31 24 17 36 31 32 33 34 32 24 22 34 23 16 34 37 27 32 28 12 21 21 19 34 31 34 21 30 30 31 22 29 33 29 13 29 26 34 26
32 34 29 25 29 21 45 29 26 38 23 34 28 25 27 39 28 31 20 21 36 32 29 30 17 36 37 22 19 41 21 32 21 35 26 36 25 27 29 34 15 31 27 30 26 31 28 19 28 23 24 23 26 35 25 28 29 20 35 23 35 38 28 28 32 25 37 25 27 23 29 28 18 36 28 32 27 28 36 27 15 27 28 34 32 30 22 31 23 24 34 32 34 25 36 31 27 16 21 28
31 35 33 35 15 31 27 22 31 27 29 37 30 38 26 35 32 32 34 13 19 20 32 38 25 29 20 25 15 28 20 27 29 26 31 8 24 22 31 38 27 23 34 32 27 36 23 21 26 27 35 21 33 30 19 31 26 24 33 19 29 27 30 13 16 40 35 24 29 31 34 26 24 30 30 28 35 31 26 44 28 22 27 26 32 39 37 36 37 28 34 20 21 36 37 25 47 29 22 21
26 20 32 27 29 29 29 30 32 29 23 13 26 29 37 23 24 28 28 26 40 17 35 22 23 31 33 40 22 33 30 33 28 32 23 29 30 32 47 44 29 38 28 26 23 24 38 33 23 26 27 22 33 22 38 25 23 21 31 25 33 33 29 37 26 36 25 26 32 20 30 20 31 28 28 28 26 31 30 33 37 24 29 33 24 20 29 27 38 25 34 37 27 36 35 28 51 24 19 30
23 24 33 25 42 23 34 19 23 27 32 30 19 20 25 33 29 30 37 33 30 28 34 28 33 22 42 28 34 27 27 27 20 26 31 27 38 28 34 30 29 31 21 30 42 44 33 28 46 34 26 33 33 26 13 23 36 33 31 24 31 26 22 26 35 37 25 23 23 25 28 30 19 26 26 25 12 27 23 31 24 27 36 33 37 25 24 21 31 23 20 34 31 30 48 26 30 34 31 43
38 29 29 37 29 33 21 33 25 33 32 26 31 43 31 34 27 22 31 33 39 34 27 27 23 34 36 34 31 20 23 27 35 22 32 30 27 30 33 40 28 33 33 29 21 25 40 27 21 41 26 27 36 28 28 26 31 33 33 27 23 31 27 27 29 25 22 37 28 41 34 21 25 23 28 30 28 38 33 37 31 34 35 22 36 29 40 20 35 26 28 33 25 28 28 34 26 32 32 26
27 19 34 33 37 24 33 30 29 39 23 27 20 27 24 17 27 46 18 32 31 27 25 28 26 34 33 34 26 33 18 18 41 17 35 25 33 44 35 18 35 27 15 25 32 23 32 22 33 30 35 36 26 38 29 25 34 20 32 25 32 20 27 23 28 27 21 35 26 28 31 37 26 43 31 28 27 35 35 40 33 25 20 27 29 23 31 38 29 19 21 24 32 32 34 28 33 42 28 33
29 23 32 34 28 45 33 34 42 46 23 43 26 40 41 28 35 19 36 31 34 33 20 31 36 23 31 32 22 35 35 27 26 26 26 27 27 17 17 37 40 34 25 27 24 28 29 23 27 15 27 25 23 29 29 30 30 25 28 28 48 25 24 31 27 25 29 42 26 34 22 28 25 30 38 37 19 34 27 33 40 39 28 29 24 25 30 24 25 10 47 41 29 22 31 33 16 42 24 33
27 27 34 35 32 25 26 30 20 29 25 31 36 18 21 30 39 30 38 26 27 30 29 22 29 25 34 32 36 26 20 26 27 40 31 29 32 35 27 20 30 30 30 36 37 37 35 20 21 38 43 19 13 25 13 28 22 34 27 17 25 43 27 40 33 34 30 34 24 37 35 35 24 22 32 27 21 29 18 34 37 27 23 23 27 27 39 20 26 27 22 35 28 17 22 25 32 38 29 27
20 27 24 39 16 22 21 34 29 27 23 27 32 30 35 37 36 35 28 30 24 30 26 22 22 23 29 20 37 31 36 26 25 39 20 31 29 17 44 30 30 25 36 36 35 25 24 30 23 27 28 34 27 26 35 30 31 35 28 33 26 25 42 33 32 32 33                                 
