0.387096774193548 4261 23 25 28 6 33 31 23 23 16 20 27 26 26 27 19 25 35 31 30 25 39 28 17 31 25 41 29 40 34 24 24 22 27 16 23 28 24 33 35 23 30 22 30 26 29 22 32 19 25 22 24 23 22 23 34 23 23 20 25 30 37 29 24 26 28 26 25 19 26 24 14 31 23 17 26 19 26 25 21 23 18 26 19 20 25 15 27 32 23 35 28 26 24 19 27 30 19 36
18 13 16 21 30 23 31 25 26 30 22 19 22 25 21 29 17 23 18 31 26 20 22 25 22 17 36 33 16 31 25 22 26 24 22 32 18 25 17 25 27 29 27 15 25 33 20 21 20 17 24 24 17 23 60 86 26 19 13 67 27 10 31 26 21 33 20 20 15 31 20 18 19 25 21 28 26 19 24 41 30 24 24 32 26 29 30 20 24 19 23 33 27 30 17 19 25 22 31 21
28 26 16 15 26 23 24 29 29 28 16 29 15 28 24 27 27 34 24 23 28 20 31 31 21 19 22 23 21 21 20 21 19 28 36 34 28 25 26 26 26 20 17 24 28 31 15 19 26 21 21 14 36 36 31 28 29 29 28 25 14 35 16 21 26 32 19 25 24 23 25 30 29 20 23 23 21 27 29 22 26 31 16 21 21 29 29 25 16 22 29 38 19 29 23 17 29 29 29 19
22 30 22 30 18 25 31 29 25 25 28 19 21 23 31 33 28 23 25 24 31 16 23 21 28 20 15 23 24 22 27 31 31 22 23 27 27 17 25 26 21 21 25 19 23 27 24 22 31 31 24 29 22 19 37 18 22 24 26 28 24 24 23 20 21 28 23 37 17 25 24 29 22 30 22 25 21 24 22 18 28 27 28 26 17 22 26 24 18 25 29 18 24 35 28 12 21 23 29 28
27 29 20 35 25 24 17 21 20 34 21 19 23 22 19 19 21 25 24 29 23 17 19 20 22 28 24 20 22 34 16 26 24 26 17 27 29 21 24 19 22 29 21 34 25 33 27 31 44 22 30 26 18 33 21 26 14 25 20 22 24 20 29 28 17 23 30 19 26 27 22 19 33 22 27 20 28 17 24 28 21 25 24 26 35 23 27 26 35 18 21 19 28 32 22 24 24 31 24 29
27 29 31 33 26 22 27 34 31 28 28 21 31 29 24 23 33 20 19 25 24 26 24 20 26 24 24 26 30 31 16 27 20 23 24 26 20 19 27 24 25 14 25 25 23 21 27 21 22 19 28 25 20 21 30 18 24 31 27 29 30 23 25 31 19 25 19 24 16 19 34 25 29 23 27 32 25 15 22 25 35 22 23 23 28 34 24 31 21 22 17 27 31 25 24 21 16 18 28 23
28 25 25 27 37 18 23 30 24 29 31 26 23 19 26 30 27 20 27 19 30 19 25 24 19 25 18 25 17 24 23 30 29 24 23 27 18 27 22 24 31 22 18 18 30 26 23 34 29 28 26 23 23 24 23 22 27 25 28 20 25 29 33 20 27 35 19 25 21 20 25 20 27 16 26 27 16 26 23 17 30 18 23 21 26 28 31 14 24 33 24 23 30 20 26 23 26 20 32 22
24 34 21 21 19 26 15 20 17 21 17 18 19 25 26 29 25 24 22 20 23 23 24 24 22 25 26 25 32 18 24 31 21 26 25 21 23 22 32 14 22 27 19 18 24 23 20 23 16 29 27 22 19 26 30 25 21 29 35 24 27 35 21 15 21 24 30 16 17 22 24 18 28 25 33 20 21 28 26 24 18 26 27 26 33 33 25 32 16 33 22 30 28 27 20 23 23 26 25 24
25 21 28 23 12 23 29 32 26 31 26 17 22 20 31 20 32 22 25 22 25 26 19 24 16 29 21 25 13 33 29 16 19 18 20 26 35 22 22 26 31 31 28 30 20 17 22 24 26 26 23 24 31 30 22 26 25 15 24 39 26 22 32 33 29 29 21 37 28 25 29 32 29 30 20 22 27 24 23 22 23 32 27 14 31 26 25 27 25 20 28 23 34 21 33 28 26 36 19 31
23 18 17 15 23 21 23 20 19 28 32 31 19 26 23 20 34 27 22 30 25 24 29 24 23 26 24 21 18 30 30 15 26 23 22 29 24 28 19 20 25 17 34 31 20 11 32 29 22 26 21 18 28 23 26 22 33 27 26 22 24 25 31 23 26 19 24 29 31 23 31 22 27 28 28 27 21 29 20 26 24 25 33 32 19 27 25 26 25 22 30 28 27 20 23 29 24 16 27 21
17 31 26 21 19 27 23 17 20 24 28 20 20 24 25 23 22 27 17 32 26 29 20 24 15 24 22 27 17 17 26 27 27 27 24 35 21 16 20 29 15 23 34 34 31 21 19 17 26 35 30 33 26 23 26 27 32 25 29 28 19 26 24 38 24 23 23 26 24 31 26 32 59 30 28 24 17 21 23 34 21 20 17 27 28 28 18 15 21 25 27 25 27 20 27 34 34 30 33 26
30 30 23 17 28 26 22 26 25 15 19 13 36 19 20 13 27 19 21 20 19 23 17 31 23 26 28 21 24 31 15 17 34 31 20 18 26 22 25 27 4 20 27 34 21 16 31 21 21 20 22 40 12 19 25 24 19 29 28 19 14 25 35 23 22 26 29 31 37 27 32 19 25 30 29 23 22 25 24 22 22 28 28 25 20 13 28 28 17 26 30 21 21 35 29 21 32 38 29 30
21 29 20 14 21 24 27 16 20 26 24 25 33 12 11 24 30 39 29 25 77 48 7 36 38 29 44 24 22 30 20 22 19 18 21 20 29 19 19 32 33 22 19 39 23 20 26 24 22 22 28 23 27 24 11 23 29 24 23 23 30 28 14 15 16 37 23 31 35 20 27 29 26 29 17 21 21 17 26 27 17 22 25 20 34 24 17 15 26 23 22 19 21 35 27 16 28 16 26 24
32 26 31 26 32 21 32 27 21 20 25 24 24 26 24 23 27 33 21 20 21 31 20 18 21 25 22 19 27 27 26 23 27 24 28 11 23 28 23 33 26 40 20 22 26 30 21 25 26 21 22 22 27 26 41 29 28 22 42 34 16 24 14 31 31 27 24 20 20 19 20 32 19 23 25 21 21 26 19 31 31 19 16 29 12 22 25 19 20 30 25 30 17 23 26 22 29 35 20 21
30 15 32 22 25 21 33 27 17 31 32 30 33 25 22 25 19 30 26 21 24 19 26 33 23 16 30 35 35 13 41 23 13 29 25 26 30 27 22 24 27 23 26 18 28 19 22 24 34 32 23 21 32 26 22 33 43 24 19 30 19 19 17 24 31 25 28 35 24 22 22 32 19 21 34 22 55 21 26 23 25 20 26 24 29 20 18 32 26 25 29 28 28 20 29 19 27 25 24 21
20 31 27 28 35 26 27 27 26 36 29 31 26 26 26 35 19 31 19 24 21 25 25 16 23 21 28 35 37 27 30 23 30 19 26 25 26 24 25 19 16 25 24 24 29 12 24 35 33 27 29 31 15 27 21 22 39 27 30 29 27 32 33 25 29 24 20 20 20 30 18 21 26 28 30 26 26 27 28 21 23 21 25 24 25 18 24 25 30 23 21 31 19 25 36 18 22 30 24 31
25 25 22 19 29 28 24 24 27 25 32 20 23 20 27 23 24 26 19 28 27 22 26 32 20 30 25 23 25 19 20 26 22 21 19 28 24 19 20 23 25 20 27 26 30 26 21 28 30 22 26 28 20 20 22 26 32 21 26 24 19 21 24 29 30 17 28 38 29 25 32 38 28 25 20 30 19 29 22 21 24 29 19 36 26 31 25 23 25 28 28 28 32 26 29 24 31 34 22 26
16 23 25 23 22 28 26 29 26 16 23 31 29 32 22 20 31 27 28 28 19 28 29 26 30 25 33 25 20 32 20 29 32 28 21 19 28 19 22 28 25 21 17 21 32 24 22 19 29 27 26 15 23 22 22 34 24 30 21 28 34 26 30 25 18 22 27 21 23 19 24 25 22 23 39 27 26 36 14 19 23 30 21 25 23 26 31 26 32 22 26 50 23 19 25 19 24 27 34 21
34 26 23 26 32 23 28 25 36 12 25 18 27 33 24 24 22 17 24 30 18 21 29 20 28 22 23 29 23 27 29 28 23 28 26 23 16 30 26 24 20 29 28 26 31 18 26 25 32 23 20 22 22 38 30 15 23 29 23 20 28 24 20 31 19 22 30 15 30 30 22 13 33 33 20 28 26 30 27 29 23 24 18 24 27 23 26 20 29 20 27 13 19 19 28 22 24 21 22 14
26 27 25 32 19 8 24 25 33 31 28 17 24 18 29 35 26 27 27 10 25 23 17 23 20 32 17 21 23 27 26 32 29 24 17 32 20 34 27 26 24 28 18 21 19 31 16 28 22 31 21 18 26 27 25 26 22 24 20 29 19 22 21 16 23 23 26 27 23 22 32 20 19 19 25 17 30 25 24 22 31 22 20 27 30 34 22 35 22 21 17 28 25 32 17 34 26 19 26 22
29 17 19 29 26 22 26 19 20 27 22 22 24 21 30 20 25 29 21 29 28 22 29 31 19 29 47 23 21 23 32 15 21 24 29 17 24 19 27 25 29 27 21 32 17 28 19 25 33 28 31 25 26 24 22 21 25 27 25 34 29 27 13 34 19 24 16 28 28 30 27 21 18 23 26 29 22 37 28 28 26 28 25 23 19 25 27 23 27 28 26 22 33 24 20 24 23 31 32 30
27 13 21 18 22 25 26 17 29 28 26 32 32 21 22 29 18 24 21 29 28 21 30 24 30 18 27 27 21 30 23 26 20 16 26 26 22 18 20 23 23 33 22 22 24 28 23 38 23 27 28 22 33 26 11 19 22 25 25 21 23 17 20 27 27 27 23 26 22 23 35 25 18 18 21 26 27 24 38 43 15 22 26 32 24 33 24 26 25 18 20 22 29 21 25 29 31 25 29 13
35 20 31 26 16 23 31 22 28 23 34 28 16 17 26 21 25 18 22 15 27 20 23 18 27 20 22 14 26 28 31 34 19 20 27 19 38 37 24 26 28 25 31 25 24 30 33 27 24 22 24 22 26 34 22 22 33 25 30 26 31 28 29 28 21 24 30 29 26 24 22 26 31 31 34 37 22 20 29 25 27 34 28 30 23 24 24 27 28 22 21 22 23 19 22 15 25 14 25 24
19 23 23 19 24 34 27 26 28 25 28 24 30 20 23 22 29 21 22 24 23 22 29 24 25 27 23 28 17 23 32 28 25 19 22 20 20 32 25 31 22 37 23 17 23 21 22 30 11 18 26 15 27 19 26 27 25 25 31 31 37 29 21 30 27 35 23 27 22 18 22 24 34 18 15 27 19 24 18 27 29 29 27 19 25 28 21 24 24 32 20 28 18 26 24 25 25 25 16 25
17 20 22 21 26 26 31 27 17 27 23 30 32 19 22 28 23 28 31 32 26 21 19 16 29 26 28 15 24 30 20 17 24 21 24 23 17 30 26 27 23 28 23 31 22 21 30 23 17 23 33 33 15 25 27 15 28 35 35 28 31 15 27 23 38 22 25 22 28 27 27 33 23 23 22 23 12 20 25 22 24 16 19 17 22 23 29 22 21 24 30 18 21 27 35 32 18 25 22 17
23 28 24 21 18 21 22 31 12 17 22 21 30 21 23 26 18 26 20 23 18 31 19 29 26 24 25 30 20 35 19 23 21 19 25 23 17 29 28 16 16 20 22 18 19 20 24 25 21 35 17 32 22 23 26 28 24 25 26 22 18 20 17 29 17 21 37 29 32 21 27 27 20 30 29 20 23 30 20 25 21 24 28 26 21 25 24 26 24 35 27 25 33 24 33 23 24 18 24 22
27 24 22 28 23 15 24 21 24 20 32 36 29 41 26 18 14 31 25 17 26 16 23 23 20 29 24 20 24 23 28 25 32 24 32 13 28 28 17 18 26 31 22 23 24 32 17 29 16 22 24 15 31 23 30 12 21 22 21 26 25 14 25 23 30 25 34 29 25 21 40 12 22 28 24 29 17 25 25 33 21 30 31 29 25 37 24 21 23 29 26 20 27 30 19 18 25 26 21 26
29 26 17 28 26 25 26 20 23 29 33 29 24 24 20 23 29 35 34 29 27 19 35 29 18 29 24 23 21 27 22 20 23 23 30 21 17 26 20 28 15 30 23 23 19 25 27 20 20 26 19 21 25 19 34 24 31 22 17 16 32 23 17 30 21 25 27 39 24 30 30 34 24 27 27 28 26 27 25 29 21 13 26 27 26 27 27 27 25 25 28 23 16 20 21 33 21 26 23 24
29 21 19 26 24 24 21 33 25 16 18 15 21 23 25 28 17 21 26 23 27 25 26 24 12 28 24 23 27 29 27 28 28 28 27 19 20 29 29 19 17 21 31 27 24 21 23 22 25 18 26 29 12 22 20 28 30 37 17 17 16 28 18 27 19 28 28 25 26 27 22 22 28 22 9 21 19 25 26 18 19 29 25 21 28 25 24 28 24 24 21 33 28 18 23 30 22 35 24 28
24 18 21 21 32 21 24 23 25 26 19 22 16 22 23 24 23 30 19 22 23 21 25 24 19 17 13 34 24 13 22 16 23 29 19 21 27 19 28 20 21 25 23 25 35 29 23 19 23 33 28 27 23 25 23 28 18 25 19 31 31 22 24 29 32 32 14 22 30 29 25 26 31 26 29 20 29 28 26 24 23 23 20 26 23 27 18 28 26 19 24 15 29 28 25 24 28 22 31 26
32 39 30 23 33 22 18 19 25 25 24 29 21 30 21 34 26 21 24 26 31 28 28 28 21 26 25 31 22 33 25 24 24 24 22 23 26 12 24 26 21 29 35 30 31 22 21 28 23 27 19 24 25 25 19 27 20 20 23 22 26 18 18 22 26 27 23 15 21 30 33 15 25 24 31 27 28 24 29 21 39 23 16 39 38 17 29 18 23 21 22 30 21 28 18 23 24 25 26 16
26 25 29 27 29 24 18 31 31 18 23 17 18 25 18 22 34 31 25 23 16 25 24 29 11 24 18 20 25 22 31 21 19 26 28 10 14 33 21 27 30 26 24 27 21 22 22 15 24 29 19 33 26 27 25 31 28 31 20 20 24 22 25 25 17 27 27 33 19 15 22 23 21 25 34 21 26 33 23 27 20 21 25 20 30 21 23 24 16 22 24 20 26 26 23 23 31 20 21 29
29 24 19 23 22 14 19 15 20 16 21 15 27 39 21 23 27 23 35 25 20 26 24 30 30 32 31 25 23 21 27 35 23 28 25 24 21 25 24 23 31 25 26 32 30 28 21 25 28 25 33 19 23 25 24 28 19 25 22 17 28 26 21 26 18 19 24 26 22 17 24 30 30 18 30 30 16 21 26 36 27 19 25 39 31 27 31 17 12 26 26 20 23 23 20 24 25 21 12 23
28 24 23 19 26 25 22 20 20 23 26 29 16 26 29 26 22 30 17 17 27 23 31 19 24 24 30 22 26 23 20 19 23 26 30 22 25 20 19 15 21 26 30 19 20 30 21 26 23 25 21 30 28 25 24 27 20 14 33 20 27 25 24 20 19 19 18 17 28 26 29 24 21 21 18 23 29 20 35 19 27 28 22 22 25 27 32 38 15 20 35 36 39 30 20 39 21 28 26 25
19 30 23 25 26 26 26 28 25 26 24 20 15 25 17 25 25 22 21 28 22 19 18 26 31 20 28 33 15 30 24 25 28 24 12 34 21 29 26 30 35 37 32 30 19 27 27 18 24 27 27 18 21 29 19 30 24 25 29 25 23 26 8 25 23 29 18 32 24 16 25 26 26 22 33 20 21 25 25 21 25 27 27 37 22 20 19 25 25 25 29 29 22 16 30 19 24 19 20 23
24 33 24 17 28 26 39 29 11 23 22 24 16 26 21 23 15 30 22 22 26 28 29 25 17 24 12 23 20 33 22 35 22 24 18 25 32 20 26 7 20 26 27 32 29 18 28 27 23 31 16 26 18 28 18 25 17 13 28 26 30 26 18 19 27 32 40 23 20 27 18 26 30 26 22 25 31 25 31 32 25 20 22 20 25 27 10 24 27 39 29 21 33 22 21 25 26 24 22 32
27 29 24 23 23 23 26 21 20 27 30 25 20 24 20 20 14 27 37 34 23 26 18 31 23 25 18 30 12 25 31 34 38 25 24 20 24 19 23 25 20 29 23 24 28 31 21 21 24 16 21 32 34 23 33 18 17 22 15 28 16 31 24 19 24 20 23 22 20 23 24 19 28 25 26 22 22 27 22 24 26 36 31 21 34 26 22 26 17 19 22 26 21 17 27 27 13 33 22 19
26 24 16 21 26 24 24 24 31 26 27 24 28 28 23 26 29 28 26 19 22 25 37 30 16 26 22 35 15 26 32 27 22 23 18 21 20 19 19 14 28 16 30 26 26 20 23 21 27 19 22 16 31 20 23 32 28 32 26 20 26 20 33 22 25 28 23 32 18 15 21 15 26 28 36 24 23 21 24 25 22 21 20 26 22 32 22 17 26 23 16 24 19 24 21 22 23 14 29 31
31 26 29 28 21 23 16 25 18 7 26 25 26 18 23 30 27 25 19 34 18 21 31 20 29 21 25 21 33 24 30 22 27 24 25 19 23 34 24 22 26 23 22 25 27 39 22 21 25 19 23 9 27 21 23 24 21 23 21 22 28 22 25 26 18 35 29 18 28 20 16 27 21 23 23 28 21 24 28 28 24 23 21 27 27 15 34 23 22 26 22 22 33 23 28 30 26 23 31 22
26 27 22 30 26 30 27 30 31 26 32 32 27 24 22 31 21 28 18 28 26 28 23 17 28 23 22 30 12 18 23 25 18 29 27 13 26 33 18 32 27 28 36 14 23 26 21 20 24 31 28 23 23 27 8 36 14 18 19 28 30 18 24 22 29 30 27 16 28 36 10 18 13 17 26 18 6 8 24 46 12 21 25 22 36 23 29 18 21 19 30 20 20 22 23 14 17 31 19 17
22 27 15 24 17 27 24 30 31 20 21 17 21 27 16 30 14 17 24 22 34 27 22 20 24 26 30 29 23 34 24 25 17 28 22 27 15 24 31 23 19 23 17 22 18 25 23 25 32 24 19 42 15 22 20 33 25 25 30 17 24 30 24 17 25 26 22 28 25 29 32 20 28 28 22 22 30 33 21 19 20 24 29 23 20 13 23 27 29 14 12 8 13 12 14 18 15 9 6 7
12 9 14 12 11 19 12 17 10 8 7 9 19 12 19 14 13 13 14 13 13 8 18 5 15 25 14 10 17 13 14 14 12 15 11 17 14 15 12 16 12 13 13 8 16 13 10 13 16 12 13 9 16 10 11 7 10 16 18 10 17 16 16 14 6 11 12 12 13 19 11 9 21 12 14 14 11 13 23 16 12 12 18 11 18 10 14 13 16 11 9 11 16 13 13 14 8 14 21 10
10 8 13 10 12 18 7 15 19 7 8 13 10 5 15 19 12 16 13 14 11 13 18 9 7 7 8 8 11 16 17 8 17 17 7 13 16 14 19 23 14 10 9 20 17 12 15 13 13 14 12 16 13 15 7 12 13 14 9 7 12 15 16                                     
