0.434782608695652 4670 25 24 23 34 25 25 33 28 18 27 24 27 26 18 31 10 17 25 15 32 28 31 26 20 29 29 41 35 35 32 34 26 27 27 32 29 35 35 23 26 25 37 26 29 8 34 23 23 19 26 27 26 20 26 25 27 28 30 27 23 24 36 26 37 21 28 21 25 33 18 26 32 32 30 28 32 23 27 30 35 18 29 31 23 30 26 18 23 21 26 26 21 29 25 17 20 24 28
28 21 30 21 23 20 31 24 25 31 22 21 20 33 30 24 28 21 15 23 27 31 24 28 26 29 18 27 24 17 25 23 22 23 23 22 25 23 30 33 28 27 28 20 29 35 31 25 19 26 23 16 32 26 24 26 24 22 25 29 27 21 26 23 34 28 19 26 32 18 22 22 21 11 29 28 33 22 39 60 26 13 27 41 36 30 23 52 20 22 23 19 23 18 30 30 29 28 30 25
11 21 22 22 30 25 22 33 20 30 14 22 27 23 38 14 25 22 24 29 28 28 29 30 17 29 27 26 28 28 34 28 27 25 28 21 23 24 21 18 18 21 23 20 32 15 26 21 28 29 27 25 25 33 20 37 25 19 25 30 11 31 23 21 30 27 23 30 23 30 31 25 23 21 26 32 23 23 27 17 23 27 27 32 23 24 33 26 34 24 25 27 35 24 26 29 24 30 25 28
32 24 35 29 15 24 26 22 28 22 18 34 20 30 27 19 21 19 32 21 30 35 24 28 28 23 19 33 20 37 32 28 37 32 25 23 19 25 20 28 25 24 31 25 25 30 26 20 25 27 30 20 19 29 37 19 26 27 22 31 25 20 29 29 36 27 32 23 22 32 26 22 28 27 22 20 14 35 21 24 23 42 16 25 22 27 29 29 28 9 22 31 19 31 32 23 21 24 30 21
37 24 7 27 25 21 27 27 19 19 22 24 31 14 25 20 31 24 27 23 19 30 30 20 35 25 21 33 15 20 32 22 20 13 16 18 20 26 18 25 34 28 37 21 20 18 32 31 31 24 38 31 27 33 28 17 19 18 37 17 26 33 16 19 25 25 26 17 29 27 6 17 30 35 24 32 23 32 30 23 24 25 32 31 24 25 22 21 32 18 22 32 21 32 27 21 21 34 22 19
36 27 26 29 26 26 17 31 29 27 31 22 17 24 27 25 28 28 29 28 25 24 27 32 30 39 26 35 23 30 14 39 20 20 24 27 22 31 24 22 26 26 26 30 23 33 11 17 22 23 22 33 18 25 27 24 24 32 30 26 34 20 26 22 22 13 26 21 22 27 36 29 15 30 33 27 29 19 27 20 22 36 27 27 27 23 31 19 20 18 31 19 23 25 24 27 29 24 34 34
23 20 29 24 32 23 27 25 25 21 19 26 27 25 31 24 26 32 22 23 29 34 23 38 15 23 36 14 36 33 26 31 25 23 29 23 34 24 15 33 34 24 27 19 29 27 23 35 29 30 28 22 21 18 22 36 30 25 38 30 26 25 18 24 35 22 28 20 36 28 34 34 20 19 25 18 28 23 29 31 26 21 24 24 26 22 29 21 18 23 24 28 19 33 23 24 29 21 25 26
31 32 34 32 15 22 27 19 30 26 28 32 30 33 25 30 26 27 22 32 32 31 19 27 19 16 28 30 20 26 27 37 22 37 31 23 22 24 29 35 21 15 33 36 33 28 26 23 28 26 30 32 32 24 28 27 29 24 19 22 29 28 22 27 31 17 23 25 20 21 28 26 25 25 22 31 23 24 30 23 26 25 28 33 31 30 26 25 19 28 24 27 33 31 32 26 24 22 28 23
35 31 23 25 30 32 21 29 23 18 27 29 20 23 21 20 32 23 25 23 27 27 17 26 28 14 15 24 25 33 34 31 23 30 20 30 16 24 39 24 29 19 30 26 23 27 19 21 26 25 21 22 22 19 21 31 37 24 29 22 34 22 22 21 24 28 13 26 36 13 20 26 32 25 21 19 24 23 23 32 22 33 21 40 22 26 19 24 25 24 22 27 28 39 33 28 22 23 24 17
25 28 26 20 34 18 35 30 21 19 34 28 27 28 22 20 19 21 22 45 34 27 28 25 25 26 22 19 27 25 33 30 30 31 21 38 26 18 28 27 22 23 24 23 25 12 23 33 25 30 22 28 26 24 23 27 25 25 27 25 19 18 24 30 28 23 13 29 17 28 14 26 29 22 31 26 29 25 29 19 30 26 29 31 26 23 22 17 20 30 34 14 29 22 29 29 29 27 41 25
40 26 23 33 30 26 28 17 24 27 23 24 36 22 30 22 15 18 23 29 36 31 23 26 13 29 27 23 18 31 23 28 23 26 20 24 24 26 26 18 21 25 24 17 25 25 31 22 27 28 22 22 24 29 32 32 28 30 30 24 19 27 31 22 27 24 25 25 33 33 19 18 24 14 18 23 26 34 20 19 15 19 32 16 20 25 29 23 24 24 21 29 24 16 30 34 28 21 22 30
23 32 20 21 23 23 22 22 30 19 34 34 27 32 33 25 23 14 25 35 28 26 24 23 34 18 21 31 14 26 23 29 25 33 32 23 21 30 24 20 37 21 28 23 34 22 28 33 18 13 31 29 36 32 22 26 32 23 22 31 14 16 31 23 29 22 28 21 14 25 17 33 25 22 21 19 20 24 31 20 24 21 26 15 26 21 21 20 23 32 19 29 31 21 16 24 16 28 20 22
24 37 20 22 28 20 26 22 31 26 13 19 29 19 31 28 38 36 32 23 36 27 20 30 24 26 31 30 34 28 28 28 29 15 22 38 25 32 30 24 28 27 27 29 26 22 22 18 20 20 34 19 26 19 27 25 20 19 19 22 24 26 28 26 23 24 27 28 15 18 34 24 32 24 14 31 33 26 22 29 34 19 30 29 20 28 28 27 28 29 22 31 25 25 26 25 20 30 9 28
24 49 47 72 35 24 18 21 15 22 20 24 24 24 30 26 24 25 24 31 32 29 35 25 26 18 33 30 25 32 27 25 25 25 24 34 24 22 22 27 35 27 23 30 27 23 24 19 35 27 34 22 31 18 31 26 21 23 38 25 18 29 26 14 36 30 28 27 11 27 28 30 18 29 29 31 30 20 30 38 26 15 32 21 20 26 29 27 24 29 21 31 21 29 28 29 23 15 28 29
21 23 28 23 34 25 32 23 20 30 19 35 22 22 30 33 30 30 28 32 25 26 27 28 24 23 35 20 28 29 43 34 29 21 18 18 17 29 31 18 28 24 20 28 35 25 14 16 30 31 18 21 23 35 23 43 52 45 27 27 25 20 28 22 14 22 18 20 20 29 31 33 31 23 24 16 25 22 24 28 24 33 25 25 25 36 22 24 26 25 26 6 25 37 22 22 16 26 22 28
28 22 22 21 24 27 25 19 31 30 25 19 26 28 27 19 23 28 19 36 22 30 38 28 18 16 24 19 28 32 24 24 36 28 35 20 26 26 35 27 29 14 33 36 24 18 25 21 26 26 35 24 25 28 32 28 33 29 27 24 27 40 27 25 22 26 23 21 20 24 19 26 26 25 22 27 23 23 34 23 27 36 24 30 32 23 24 24 23 18 19 15 26 31 21 30 21 29 32 25
24 30 28 23 22 24 25 24 24 26 23 21 34 28 22 26 30 24 24 25 23 28 17 27 22 35 26 27 24 25 16 31 25 28 16 26 19 19 24 21 31 29 27 29 26 16 23 14 26 17 17 31 20 43 35 21 23 19 24 29 23 10 33 19 23 21 32 14 23 28 29 25 24 19 24 31 29 37 25 29 25 18 23 22 32 18 29 21 21 31 38 19 33 19 28 27 25 18 25 29
16 25 21 20 19 40 39 28 20 23 20 20 21 15 20 28 28 19 16 20 26 27 16 22 22 25 24 25 25 21 21 16 22 31 28 21 16 20 23 22 20 18 19 31 23 24 27 32 26 28 26 18 25 19 24 19 24 29 24 34 22 21 29 26 28 24 38 32 24 26 36 32 19 30 28 23 24 30 32 25 33 20 16 23 44 37 27 17 21 41 26 28 25 26 14 14 21 26 24 26
28 20 27 19 20 17 37 25 30 35 38 38 36 34 30 28 28 23 27 23 16 28 31 24 28 40 35 29 26 22 24 25 35 29 28 22 33 20 32 30 23 33 21 12 27 33 28 33 30 27 15 24 21 27 39 30 31 17 35 18 27 21 32 19 24 33 24 29 25 34 20 28 30 27 36 29 24 20 30 27 30 31 15 21 26 24 29 23 31 22 21 30 28 30 21 15 27 32 26 28
28 30 35 25 29 19 28 22 30 34 23 26 29 24 23 20 18 23 26 23 23 26 27 16 30 34 23 29 30 26 27 17 28 26 22 26 16 31 19 19 30 28 26 22 20 25 18 23 22 22 21 35 29 21 33 26 25 23 24 26 30 22 25 21 35 22 31 24 37 28 33 30 30 14 24 23 26 17 25 22 21 30 25 19 28 30 17 23 28 30 23 24 31 21 25 24 36 24 27 30
35 26 24 34 24 21 28 34 22 32 16 25 30 32 31 27 36 27 23 19 30 28 23 22 21 26 29 31 26 23 28 26 22 20 29 19 30 26 23 31 37 22 24 30 33 33 24 24 29 17 20 33 19 37 33 26 26 30 35 33 27 22 22 26 21 21 28 24 31 21 28 32 26 24 30 26 21 24 20 23 33 19 29 24 29 29 21 25 29 28 17 26 24 32 24 29 30 27 37 25
24 27 22 27 20 25 32 28 30 31 31 23 32 22 28 35 31 16 33 26 31 20 27 28 25 23 21 27 25 22 26 24 20 34 27 30 21 25 24 25 28 30 34 18 18 17 19 25 31 29 20 24 27 30 19 31 31 33 25 28 33 23 30 24 29 19 10 21 28 26 32 23 26 22 31 22 23 32 24 30 22 19 27 25 21 28 23 29 32 22 22 32 22 27 24 24 26 26 23 29
28 29 20 35 28 22 27 24 28 31 25 30 20 32 22 22 23 29 21 23 26 31 17 31 23 21 26 21 30 29 29 26 20 20 19 16 22 31 37 30 24 24 27 13 17 26 42 31 30 33 28 25 37 24 37 29 35 15 37 23 23 20 27 25 24 26 30 22 28 30 18 21 32 26 33 28 29 23 27 28 28 29 21 20 16 19 20 42 18 31 22 21 21 22 27 30 28 26 26 25
28 36 21 21 9 27 30 46 33 79 19 31 21 26 27 16 20 26 28 28 16 26 20 19 29 26 22 29 24 34 18 25 24 30 16 38 30 20 18 24 27 24 30 28 23 39 26 21 28 29 21 25 24 21 19 27 28 23 27 20 31 23 22 26 22 27 20 23 28 27 28 24 21 34 28 27 16 18 27 23 18 37 17 27 20 22 18 12 26 29 24 22 23 31 24 38 25 31 26 34
20 26 38 24 28 18 24 27 19 21 22 28 25 18 20 28 24 21 13 27 24 23 33 25 26 16 29 29 32 18 19 29 24 29 28 19 28 24 20 25 30 24 27 20 31 30 26 23 24 26 29 30 28 26 34 34 13 28 24 20 39 23 20 23 12 24 30 21 29 20 16 26 28 27 25 28 24 24 35 23 29 26 21 25 24 24 36 21 32 26 24 27 23 24 20 21 23 33 26 27
31 24 17 32 29 32 29 21 31 30 31 20 26 20 34 29 24 21 31 21 34 32 29 16 16 27 29 24 24 24 27 30 29 25 33 27 34 22 30 26 27 28 28 25 22 24 22 33 29 25 30 22 23 26 22 24 24 20 30 32 25 25 42 23 14 17 18 27 23 27 26 21 11 26 23 18 22 15 28 25 44 27 22 23 21 22 23 29 17 26 27 18 33 28 37 18 18 25 28 16
33 19 24 19 18 31 23 28 27 21 15 26 37 22 25 31 30 22 33 22 26 23 26 21 26 29 26 24 25 20 34 26 23 26 29 25 32 21 18 25 31 32 26 28 26 24 19 21 34 27 22 21 27 24 41 32 15 26 22 30 23 25 28 19 26 30 25 24 18 33 22 27 40 19 22 19 32 36 25 18 33 16 30 25 25 20 21 25 26 25 20 22 32 24 30 24 29 18 27 31
26 26 35 21 32 18 28 29 30 20 21 28 26 23 29 16 22 15 23 27 20 23 28 18 34 25 32 22 25 20 29 20 17 22 31 25 26 35 32 26 29 33 17 27 27 31 30 29 28 16 26 28 35 22 15 24 30 33 37 28 35 20 24 24 21 9 26 15 23 19 26 27 15 23 25 27 15 17 36 25 24 27 16 27 29 24 14 23 21 20 29 29 28 19 30 24 29 22 16 19
20 26 20 21 20 22 22 19 13 29 17 9 17 31 18 20 31 12 28 23 18 29 27 31 20 28 26 21 23 18 16 19 18 22 23 15 25 26 23 28 25 20 20 25 36 9 12 36 25 25 21 23 28 21 20 20 31 29 28 26 21 26 23 27 30 21 16 19 20 26 29 27 21 32 23 22 31 24 11 19 30 9 20 30 20 29 28 25 28 29 27 27 19 27 24 16 20 20 29 20
24 27 21 20 28 36 17 26 14 31 34 28 24 26 26 20 33 20 28 20 37 23 28 28 34 33 29 19 28 19 17 24 24 5 19 24 18 24 30 28 24 32 20 32 17 23 29 27 21 25 20 21 28 24 17 21 22 21 25 24 26 18 26 24 25 20 26 26 22 20 30 21 26 20 24 21 25 26 28 25 25 24 20 18 21 23 25 22 22 20 21 28 25 16 16 23 18 26 25 25
23 19 26 28 20 23 21 20 21 23 33 24 26 22 28 26 27 19 20 32 25 28 34 21 16 32 30 14 24 26 37 29 16 18 29 22 32 20 25 20 36 36 18 24 22 25 28 24 20 22 35 20 21 24 18 23 24 21 27 24 45 16 20 15 12 29 32 29 25 26 36 21 40 18 26 24 18 30 30 24 25 27 21 25 26 32 23 12 23 21 12 19 22 26 19 26 30 32 32 21
25 29 21 24 33 27 31 27 27 23 20 18 24 22 26 23 21 25 29 21 29 22 20 29 25 27 30 24 24 16 27 21 24 16 28 21 23 29 29 26 17 32 27 21 18 24 19 26 25 26 26 27 21 29 25 25 32 20 31 19 24 12 25 27 23 14 25 22 25 24 23 24 18 28 27 29 25 19 20 24 27 27 26 11 22 22 21 21 27 22 27 28 25 26 17 29 28 19 26 21
28 19 18 26 19 19 22 27 25 20 33 26 37 27 16 22 29 19 32 27 31 21 28 28 28 26 30 32 30 19 20 21 23 36 19 28 13 22 11 21 37 20 20 20 24 19 29 19 16 24 19 17 18 41 29 27 28 35 36 21 28 18 20 17 29 24 20 30 26 31 24 20 17 26 18 26 22 18 15 21 30 15 32 9 26 26 30 23 30 24 28 17 30 16 27 26 21 23 24 18
19 21 25 14 24 21 18 25 17 21 28 28 37 27 34 18 20 24 22 31 19 25 26 22 24 25 24 19 35 17 30 30 17 19 14 23 24 27 27 20 26 27 24 21 18 30 18 32 18 33 24 36 36 33 32 31 25 33 23 24 29 28 18 32 21 32 37 30 14 33 28 20 23 19 26 18 25 24 15 20 28 28 26 25 29 29 24 17 20 23 21 27 26 26 28 22 21 23 20 19
22 13 26 25 22 27 27 26 30 21 24 26 26 29 28 24 24 18 24 23 23 26 29 30 30 25 18 25 26 24 28 22 31 18 27 22 37 29 25 31 19 22 22 25 34 25 27 20 21 32 16 30 29 24 32 25 27 23 23 30 22 28 26 19 18 24 25 22 25 19 33 21 23 22 25 23 29 37 33 26 14 21 30 28 35 22 20 31 17 22 31 25 18 27 31 24 20 23 28 25
29 23 27 32 34 30 32 27 33 24 25 30 35 18 31 25 26 23 22 28 31 15 22 29 24 24 26 31 25 28 24 29 20 20 22 27 33 17 24 29 22 26 29 21 18 25 22 30 36 24 21 24 30 16 27 31 25 31 30 27 27 29 27 16 29 23 22 25 26 22 24 26 39 15 23 39 19 23 29 30 21 22 24 26 27 22 33 18 31 17 13 22 34 31 25 24 29 24 28 19
24 23 22 29 15 33 26 25 27 29 17 21 23 26 34 36 22 24 30 26 18 25 25 25 35 29 30 30 26 21 27 22 22 23 26 25 29 18 25 35 20 13 27 26 15 26 25 23 22 33 28 26 30 19 27 28 22 27 15 20 28 29 29 28 20 27 21 27 25 35 28 21 33 26 23 27 31 15 18 23 19 32 26 31 32 26 21 36 21 18 21 26 29 23 22 24 26 26 25 31
30 25 25 30 26 36 24 27 24 23 23 29 20 36 28 22 24 19 23 20 24 21 34 35 29 21 28 19 26 33 22 30 25 6 25 20 28 21 29 18 36 22 32 25 15 30 32 33 30 16 16 17 17 19 22 20 18 30 18 22 27 20 27 24 27 27 20 24 27 29 19 23 26 20 21 19 13 23 24 28 17 37 24 20 15 32 16 16 30 30 23 35 30 24 15 23 24 24 25 14
26 26 19 23 17 19 29 27 27 29 29 25 21 27 16 17 25 26 25 25 27 22 31 21 27 20 10 18 24 21 15 30 30 14 17 15 25 26 14 13 16 18 21 25 28 21 12 20 21 34 29 20 32 31 25 14 24 20 17 28 33 30 34 25 22 20 26 20 31 29 25 17 34 26 24 22 25 35 21 20 22 17 29 26 28 17 23 28 32 33 30 18 29 26 21 41 28 23 25 22
17 27 25 27 23 35 26 24 26 21 31 18 32 31 26 26 17 39 21 38 32 33 29 26 24 21 29 26 26 25 19 23 22 25 26 17 18 16 30 29 15 22 29 15 32 33 21 26 34 25 38 18 24 26 19 20 17 17 31 23 26 24 25 19 25 22 13 37 22 22 25 19 23 33 22 28 30 24 30 25 19 21 25 35 36 33 30 18 21 26 22 15 29 25 27 26 27 14 23 25
28 29 29 28 21 19 23 29 33 23 24 30 27 25 28 36 23 27 25 23 26 30 16 25 8 30 36 25 40 31 21 20 19 32 25 28 30 22 21 16 20 24 34 34 34 31 27 23 21 33 33 29 18 21 24 21 22 23 26 27 28 31 25 23 22 26 26 23 26 23 23 26 18 33 21 20 19 26 29 31 18 21 29 20 23 11 24 30 27 21 14 30 26 31 29 26 19 33 10 23
27 33 22 35 14 20 24 29 21 19 29 22 27 29 22 32 26 35 31 21 28 28 25 28 28 31 27 28 27 33 28 17 25 27 27 23 23 33 35 23 24 22 23 20 32 10 22 27 37 24 21 23 26 24 18 17 30 24 23 23 21 20 17 28 24 28 26 28 32 13 24 21 29 19 33 22 26 23 23 20 21 25 28 29 21 26 31 16 20 18 16 26 19 23 24 29 25 26 26 21
27 28 24 28 24 26 27 23 25 16 22 29 17 26 21 21 14 28 35 22 23 32 21 22 18 17 27 25 20 19 22 22 27 21 28 20 25 35 29 19 29 27 28 27 23 18 28 29 35 25 20 22 25 21 14 20 9 19 22 28 33 18 25 19 30 25 25 34 15 28 31 27 24 22 21 19 23 28 22 17 24 29 17 22 36 29 26 29 21 32 33 9 17 27 8 32 28 15 29 21
18 29 28 28 25 32 29 23 27 17 24 26 27 21 23 26 20 24 23 25 26 20 29 23 26 29 26 20 34 19 21 14 27 29 18 19 19 31 17 26 19 25 18 23 32 33 21 32 19 23 28 31 24 23 24 20 24 25 32 25 16 41 23 30 14 22 23 16 18 9 34 25 28 25 33 19 29 26 24 33 31 28 27 26 17 28 17 23 21 23 23 24 22 29 30 25 27 23 24 31
35 29 30 33 27 25 15 27 29 25 15 35 16 29 26 31 32 33 17 19 33 25 18 32 27 24 35 19 30 29 29 24 17 25 20 30 39 25 30 33 24 33 25 35 34 21 38 23 30 29 29 26 27 21 15 22 22 25 32 20 35 34 12 6 13 11 14 7 18 14 13 17 13 10 19 14 9 15 16 16 14 12 15 12 10 13 14 7 9 10 14 17 18 14 15 17 12 12 13 13
12 17 15 14 15 16 7 14 16 11 14 15 16 16 22 9 12 12 15 11 16 15 13 8 8 17 14 17 6 5 11 17 16 8 20 15 15 12 15 11 14 13 14 10 7 5 15 6 11 10 8 7 14 15 12 17 14 20 14 12 9 11 13 8 7 17 8 9 11 8 19 15 8 12 11 16 8 13 10 8 10 15 13 14 6 16 13 11 14 18 17 18 16 9 15 13 11 17 13 12
9 16 16 9 6 16 11 7 16 8 13 16 16 13 18 15 8 14 10 18 11 10 10 6 9 9 11 17 7 15 10 15 13 11 15 10 13 15 16 16 8 14 17 7 11 10 12 11 16 21 17 8 5 16 11 13 13 18 17 15 13 10 13 8 4 6 10 12 18 17 9 11                            
