0.421052631578947 2539 15 12 24 20 23 13 19 8 23 21 19 22 24 22 19 29 18 17 21 31 23 22 15 24 23 13 23 22 18 26 15 19 17 27 17 12 19 23 20 16 34 27 20 23 26 17 18 21 23 31 18 22 31 29 26 17 14 24 18 17 19 30 30 14 24 18 16 15 26 25 14 16 21 23 19 30 33 23 17 26 23 18 11 22 40 26 28 23 25 23 23 17 10 22 19 25 26 22
18 22 27 23 32 23 17 22 18 26 25 25 16 20 24 21 35 31 26 24 21 19 25 28 22 18 24 10 15 38 20 21 34 21 16 19 27 29 17 18 33 26 33 22 24 17 13 24 20 17 18 16 20 19 22 31 28 24 21 9 17 22 20 16 20 23 27 13 27 18 14 16 16 25 24 19 20 20 14 9 23 26 22 23 22 16 23 21 25 17 21 23 24 22 26 29 21 22 24 25
21 33 27 27 27 23 14 16 22 22 18 21 23 17 14 19 16 23 12 23 23 23 17 17 23 22 33 26 20 19 21 28 17 22 21 28 28 22 21 23 16 17 24 20 17 23 19 28 26 26 29 16 6 28 28 24 18 21 22 16 20 20 23 21 18 23 24 18 14 24 24 21 11 25 21 24 20 23 24 29 19 29 20 20 22 14 19 32 24 30 21 10 25 21 20 19 21 19 25 20
21 27 27 22 24 19 20 20 20 30 32 21 24 25 27 19 23 27 17 25 23 26 14 28 13 17 25 21 21 21 27 19 26 16 21 13 20 22 20 23 23 22 23 19 19 22 22 21 16 13 24 26 16 25 30 18 21 20 24 18 18 22 15 29 12 24 24 17 23 23 20 17 21 22 20 22 21 26 20 25 28 17 26 19 21 26 26 24 29 21 23 21 13 30 22 21 15 13 15 28
22 14 22 19 22 12 14 25 20 21 24 21 18 18 22 19 25 29 22 19 28 18 27 16 20 23 24 26 24 29 12 19 31 23 18 20 19 20 20 24 22 26 19 21 18 16 21 27 24 23 24 10 19 21 23 19 23 24 23 23 15 21 14 24 20 18 22 22 24 12 29 23 19 22 30 15 26 22 24 14 12 26 22 22 26 16 21 23 25 22 17 27 21 27 19 22 24 29 16 30
18 21 21 16 30 23 18 8 30 17 21 15 19 26 28 23 18 28 24 28 34 26 18 21 19 16 30 12 17 27 25 18 30 21 24 34 16 20 26 21 18 29 21 28 17 24 16 20 28 24 16 21 19 33 21 13 18 17 18 20 17 22 21 17 17 28 20 18 22 29 24 17 11 34 25 27 30 30 26 26 31 24 23 19 21 22 18 27 30 30 13 15 21 23 22 25 25 20 22 23
25 15 31 22 18 18 23 22 27 13 20 25 22 19 16 25 28 23 18 18 27 27 28 29 15 25 32 17 39 22 18 28 20 26 21 22 25 33 39 31 16 24 21 29 27 16 9 26 30 12 16 21 20 16 20 25 28 29 27 14 24 27 24 15 21 18 20 22 21 23 18 16 17 19 19 24 21 15 31 14 23 32 18 24 23 25 19 19 22 22 19 18 23 25 21 32 21 19 24 18
25 23 17 19 18 28 28 27 18 89 13 31 78 49 42 17 20 31 22 23 26 17 26 26 17 27 26 29 24 21 26 22 26 17 27 26 15 23 31 26 23 29 27 20 22 27 26 30 24 22 17 29 27 31 25 22 19 18 30 28 27 22 25 23 17 25 20 29 14 31 18 22 23 20 16 19 22 24 21 16 23 25 19 23 21 21 15 22 22 16 18 19 20 24 24 23 25 15 18 16
18 17 24 28 21 26 24 29 23 21 23 20 23 27 21 24 17 18 18 31 23 22 20 30 29 9 30 21 19 24 20 20 21 19 26 24 23 22 29 17 18 27 27 29 23 27 19 17 30 14 21 15 30 18 29 23 28 29 21 16 20 17 29 22 28 13 16 14 20 27 20 19 15 17 18 24 22 32 22 18 21 39 23 23 29 15 20 20 34 24 27 18 19 25 20 21 14 31 19 21
18 22 14 15 17 27 20 25 22 16 27 24 21 26 26 28 18 22 19 21 35 25 27 14 16 18 18 19 24 23 25 24 16 24 26 20 18 22 28 30 24 28 22 27 24 20 26 30 18 26 22 28 25 14 22 17 21 22 25 20 15 20 25 24 22 26 28 20 28 17 24 28 16 15 20 25 16 23 12 18 24 21 25 21 22 24 27 33 25 30 20 17 24 29 32 32 16 33 17 17
22 20 17 18 34 12 21 27 23 19 22 10 17 21 21 14 24 20 29 20 16 20 26 23 16 31 19 23 24 19 26 21 22 23 19 21 22 21 21 24 18 28 25 21 26 12 23 20 19 30 26 13 20 30 22 29 35 22 18 31 19 25 27 29 24 19 15 34 24 16 21 27 24 17 27 22 20 16 26 14 19 43 23 19 14 17 14 21 31 23 14 23 18 18 19 26 32 23 23 22
29 28 28 24 33 28 29 18 33 31 24 22 21 17 21 20 29 25 29 25 15 25 22 19 25 26 21 30 15 27 21 23 29 34 17 17 14 23 16 23 12 21 23 25 19 20 24 24 25 27 25 21 22 19 27 22 26 20 23 19 23 16 26 17 20 21 15 21 30 23 24 19 31 21 11 19 21 17 22 14 23 22 26 22 16 18 18 23 23 30 25 26 21 23 24 17 23 23 22 12
23 22 20 18 24 14 23 27 23 26 27 17 16 14 16 14 20 19 29 17 28 21 18 32 23 22 19 20 23 18 25 22 22 21 18 24 18 24 34 32 14 27 27 55 9 26 16 28 30 26 31 24 17 30 19 19 20 23 15 23 9 17 20 20 20 20 25 16 13 19 23 19 20 22 18 21 18 15 22 31 22 18 22 26 19 22 20 30 30 20 15 15 33 32 22 20 30 17 16 19
31 18 16 28 26 25 22 26 20 32 21 13 17 19 20 24 30 24 24 20 22 31 23 17 31 21 20 14 14 23 30 25 29 24 24 24 23 11 27 31 20 15 27 26 22 15 28 15 12 15 15 28 16 20 14 20 13 16 24 25 21 16 27 22 21 26 32 23 25 27 18 18 29 15 17 18 19 26 15 22 21 37 21 19 20 22 16 20 24 15 32 22 24 31 17 25 23 25 20 21
24 21 20 27 16 20 27 12 30 30 17 25 25 24 21 24 29 21 12 27 11 21 18 13 33 30 23 20 16 13 19 21 15 22 16 15 22 23 27 27 19 24 17 22 20 20 11 25 21 17 16 22 23 20 35 17 26 15 21 21 23 27 25 19 19 24 19 13 26 23 16 30 33 23 20 27 23 16 16 32 13 30 19 25 30 22 18 23 14 10 24 20 30 19 22 33 25 28 26 27
19 15 23 28 22 29 27 18 13 27 23 24 20 24 25 22 26 25 27 20 25 28 28 16 29 21 20 18 25 27 23 18 21 18 24 19 22 16 17 16 24 22 27 27 24 19 22 15 21 20 22 23 21 22 22 26 19 17 26 17 19 24 19 38 29 25 24 20 24 24 33 17 24 17 17 28 25 22 24 19 20 18 28 24 20 20 17 23 25 24 19 19 19 34 19 22 24 20 23 25
17 25 28 17 24 22 18 20 22 29 22 34 15 9 35 21 17 20 30 16 20 28 28 18 19 23 16 23 22 16 22 15 22 21 15 19 23 23 25 25 18 20 20 19 18 22 21 22 16 27 27 25 30 11 17 18 24 16 26 23 23 25 21 26 19 25 24 17 24 17 24 31 26 26 23 18 19 26 20 24 22 20 22 33 19 26 22 22 23 20 19 21 20 25 27 24 24 17 22 14
23 20 32 31 17 23 25 16 22 23 20 24 18 27 12 21 37 28 18 28 15 22 25 24 22 14 27 23 28 28 26 21 18 23 22 18 17 24 21 24 23 19 20 25 29 23 10 16 20 16 23 22 25 17 21 25 24 20 25 25 24 26 20 14 23 17 21 25 18 20 24 16 16 24 32 32 17 28 20 22 18 23 21 25 14 23 16 12 25 14 25 20 25 22 21 18 16 22 22 25
17 15 26 24 21 20 21 21 22 25 23 20 25 27 26 13 22 19 16 18 25 24 25 24 11 17 19 18 24 25 30 18 17 19 22 23 19 32 42 11 27 22 23 23 25 24 30 20 17 25 15 28 20 21 29 18 24 27 16 26 21 19 23 31 14 15 8 22 24 26 6 15 24 21 18 15 24 19 20 26 30 27 23 23 27 27 30 24 17 20 27 18 25 21 20 17 25 17 22 22
19 17 21 20 19 15 23 22 21 32 25 13 24 23 20 26 24 32 20 16 30 18 25 26 24 20 25 21 20 28 24 20 22 16 19 25 20 26 19 26 21 23 22 17 15 18 13 18 18 24 20 23 16 20 22 21 24 25 22 24 20 22 24 20 19 19 19 24 15 19 26 16 26 26 17 22 21 28 17 13 20 18 16 13 22 25 18 25 26 19 26 25 15 22 17 23 27 22 25 20
20 25 19 19 19 22 15 25 20 22 25 29 14 35 18 18 20 21 28 23 22 15 28 24 23 21 14 21 20 29 27 13 22 18 21 10 24 29 24 21 21 20 21 27 25 33 24 17 28 23 25 20 19 21 16 16 20 24 25 25 18 12 24 25 26 21 24 22 12 20 19 27 28 21 21 22 24 24 24 25 19 22 24 22 18 16 28 19 28 23 23 17 23 15 48 22 20 23 22 31
21 30 19 17 24 21 22 14 22 16 18 33 22 18 22 17 28 28 15 19 24 26 11 23 21 15 29 14 20 23 16 17 16 23 18 18 19 27 10 27 20 12 20 18 28 17 19 26 22 16 19 19 20 28 24 12 20 17 24 22 19 22 22 30 22 21 28 27 25 23 12 50 23 21 23 21 23 16 25 24 26 21 36 17 22 20 24 15 29 14 24 21 12 30 17 31 14 23 34 21
25 23 14 17 20 20 16 27 19 21 13 23 25 18 25 21 22 21 25 17 22 20 22 25 19 18 25 20 21 22 22 27 26 24 16 26 25 22 17 21 32 27 24 16 14 18 19 20 22 14 15 14 23 18 23 17 22 27 26 21 23 24 22 20 21 23 28 29 33 27 16 21 13 25 24 18 29 22 30 19 16 15 32 21 27 11 23 17 26 23 26 25 16 22 19 15 20 25 21 16
18 22 15 19 25 22 19 17 25 25 21 20 23 22 25 22 21 22 19 19 35 25 20 19 16 12 16 13 20 24 17 23 15 18 22 21 19 23 14 18 25 22 26 18 23 19 19 15 19 34 23 24 17 24 17 20 17 20 17 18 19 18 27 16 26 16 24 28 17 22 25 25 28 19 29 22 27 12 15 18 21 13 22 24 19 23 20 22 15 32 19 20 20 15 30 24 19 20 24 24
32 25 22 23 21 17 24 19 23 19 14 29 22 20 16 17 26 21 18 15 14 22 16 26 13 17 26 21 16 28 17 27 24 24 13 19 25 19 21 17 20 33 20 23 19 9 21 20 27 24 21 10 25 22 25 17 32 16 31 17 16 24 24 24 25 28 16 12 13 23 21 23 14 15 22 20 21 16 16 23 14 14 23 23 23 22 23 32 11 19 25 17 23 25 19 18 23 17 21 21
28 21 20 25 23 20 17 22 23 16 12 23 20 19 23 13 20 21 18 16 19 22 19 16 18 19 18 17 25 22 20 18 19 22 19 28 26 27 26 22 16                                                           
