0.191489361702128 3744 41 42 31 36 34 39 33 33 29 52 37 48 25 29 35 30 29 32 29 34 27 30 28 29 35 30 47 33 48 36 32 29 35 33 29 33 39 33 28 37 43 44 29 28 32 35 44 36 33 32 33 30 40 36 33 32 25 42 31 35 37 42 31 33 28 30 19 41 31 25 24 38 36 28 36 34 28 36 33 35 40 36 36 26 29 31 29 35 33 31 45 28 30 41 30 28 30 27
41 33 39 37 34 36 30 31 32 23 41 29 39 41 28 31 36 37 33 41 29 39 40 25 31 27 39 42 35 34 42 38 31 35 32 44 28 28 19 28 38 55 50 23 34 28 35 42 38 30 40 30 41 34 30 37 22 36 38 38 26 42 29 29 41 31 31 33 31 36 50 27 30 30 34 33 33 36 31 42 29 30 24 35 35 39 34 27 35 27 28 34 36 32 38 29 41 36 32 27
40 36 51 35 35 37 26 35 34 40 43 33 38 30 19 30 29 25 33 35 28 36 46 35 35 37 22 36 30 43 38 40 40 30 32 33 38 30 41 39 38 32 27 33 25 44 40 38 24 39 51 41 32 43 27 41 29 45 34 30 34 38 31 27 40 35 31 37 43 39 38 29 38 20 42 38 38 36 31 36 23 22 44 33 31 40 41 30 27 46 29 41 30 31 36 30 22 31 29 35
32 42 38 27 39 27 25 33 28 30 42 32 46 39 41 40 31 37 25 38 21 43 35 25 26 47 45 31 41 34 33 40 28 24 45 42 36 37 36 48 20 34 36 35 33 29 32 28 39 44 42 41 24 35 44 33 34 32 46 31 31 34 35 20 42 37 32 31 30 40 33 31 32 50 24 28 39 51 38 32 31 36 27 45 36 38 47 24 35 34 39 39 31 30 45 53 35 25 40 29
40 27 30 34 39 32 36 39 40 32 26 33 34 31 32 31 30 31 38 39 46 37 34 48 27 37 24 35 30 27 41 36 37 30 39 36 27 36 18 40 35 34 32 33 29 31 26 45 39 36 27 43 32 34 26 35 32 29 39 31 28 29 27 25 29 30 30 36 43 34 32 39 35 37 34 39 39 31 41 32 32 44 35 37 27 38 34 35 26 33 44 30 33 41 36 38 34 43 29 41
29 28 32 25 29 43 37 39 31 41 33 34 35 37 28 27 32 28 33 37 36 9 42 28 30 37 36 33 44 34 43 37 50 36 33 27 32 38 32 33 38 34 40 34 41 30 21 31 43 22 37 34 36 36 38 43 31 26 28 44 31 32 28 35 31 34 33 31 36 39 33 40 45 29 32 36 40 35 27 40 24 32 34 50 37 38 45 35 34 42 47 33 31 35 24 27 29 42 29 36
26 30 23 34 33 36 45 43 46 40 39 40 35 31 39 27 36 30 30 28 34 39 31 28 25 43 31 29 33 38 45 40 31 31 30 33 36 30 25 34 38 40 41 32 39 37 37 30 35 31 33 37 21 47 36 39 37 31 43 37 30 28 33 27 29 33 36 33 33 32 38 35 35 24 31 33 40 22 29 45 45 32 39 27 46 32 29 28 35 37 45 40 31 47 39 40 33 34 27 32
36 33 21 32 34 33 32 31 45 53 34 32 50 33 27 28 41 31 33 35 34 33 32 30 29 38 31 29 40 31 38 29 42 25 26 41 30 38 33 47 29 36 32 28 38 47 33 23 38 33 38 34 34 32 28 32 38 22 33 35 26 25 24 22 47 25 30 34 43 36 47 38 30 31 29 35 45 36 31 30 39 32 31 49 36 27 32 43 25 34 36 34 35 34 45 48 43 36 32 34
31 33 34 34 31 35 28 30 38 30 30 32 26 27 33 32 32 37 39 40 25 33 40 38 32 36 52 38 14 47 35 33 42 41 36 44 47 39 42 37 38 36 32 34 31 42 44 29 36 33 41 31 28 46 25 36 42 37 40 37 46 30 43 39 36 43 29 31 40 29 35 39 26 30 35 41 28 25 43 28 38 30 32 39 37 31 36 37 41 32 37 30 44 30 28 31 35 31 51 39
34 40 36 50 30 39 36 28 31 38 38 43 45 38 42 29 34 32 28 41 35 41 35 24 38 40 34 42 39 30 37 33 30 31 44 29 36 29 40 29 40 40 25 34 37 39 32 45 36 45 22 41 26 42 34 30 51 33 36 34 34 32 36 41 37 36 24 24 38 29 36 42 28 33 34 39 36 35 33 55 43 32 40 29 33 37 47 36 31 42 51 37 31 43 37 37 36 28 27 34
37 37 38 44 31 37 31 37 40 37 35 44 28 32 44 31 33 23 40 28 31 40 24 29 38 42 24 32 37 38 38 33 30 36 28 34 28 33 29 40 36 35 39 40 43 30 41 34 38 33 29 34 31 24 34 33 31 35 36 29 33 27 27 39 37 38 32 29 35 26 29 14 28 36 16 21 79 36 36 36 40 37 35 22 44 34 37 32 33 42 33 31 31 37 31 40 35 36 31 35
42 46 50 37 26 35 29 45 37 48 30 34 29 27 35 42 58 29 39 38 26 24 21 39 37 24 37 32 33 36 46 33 34 40 36 41 39 30 36 25 30 37 32 30 33 40 37 35 41 37 54 37 33 22 38 25 28 33 35 47 28 31 45 27 41 33 24 25 26 37 23 39 38 29 31 39 43 40 44 41 34 32 25 32 38 42 38 32 31 34 53 23 31 34 29 29 38 42 39 35
44 26 30 55 59 52 45 46 42 41 28 33 29 34 47 21 41 41 20 29 37 38 39 36 33 25 45 29 32 32 46 33 49 41 35 40 38 31 41 41 28 34 34 32 30 33 30 37 35 36 30 32 38 34 24 33 34 42 37 33 41 33 39 26 27 40 34 44 29 38 33 39 49 29 30 41 31 35 33 40 42 27 30 40 28 29 28 40 34 37 25 41 33 16 33 43 24 25 28 38
39 26 35 55 35 38 34 26 30 32 31 32 34 35 27 30 30 31 41 37 29 30 32 33 30 30 32 44 38 40 32 37 39 25 27 26 21 42 25 30 30 39 27 37 26 37 25 40 43 37 29 45 42 36 40 34 45 28 32 38 32 31 32 36 27 15 39 38 41 30 33 38 31 33 27 25 27 40 39 35 45 41 29 44 29 37 31 32 32 29 39 28 22 35 31 37 23 31 42 52
37 39 34 34 34 38 30 29 41 37 28 36 33 41 40 37 40 32 39 29 34 33 37 36 33 46 33 47 36 25 34 30 32 31 39 31 39 28 42 40 51 40 29 24 35 38 32 35 38 35 36 25 33 41 27 36 30 34 35 29 41 29 35 38 40 45 36 43 44 25 35 33 27 33 38 42 41 29 31 24 39 30 40 44 32 36 25 43 28 23 31 34 41 41 38 42 38 37 37 48
49 25 35 42 42 28 44 39 40 23 36 35 46 32 31 29 26 31 36 38 44 31 40 39 30 43 30 39 32 44 30 32 43 36 27 44 39 27 30 31 29 33 26 30 21 35 36 36 29 29 36 38 30 43 33 33 48 39 35 25 39 39 38 35 32 40 39 27 33 36 34 34 38 38 33 38 37 38 34 43 38 31 29 37 32 26 48 39 41 34 40 43 31 29 34 30 38 24 39 27
37 31 34 32 54 27 38 30 36 38 35 37 40 44 34 36 34 35 36 27 38 31 37 32 36 31 31 33 42 32 48 39 41 36 36 40 24 34 37 32 36 23 26 38 40 35 46 33 38 35 40 29 32 33 34 25 27 28 33 40 29 28 33 37 31 34 41 34 30 24 25 42 35 38 34 22 41 43 32 28 43 28 20 26 31 37 35 41 43 27 33 45 30 29 37 30 31 40 31 28
24 28 39 33 39 30 39 36 33 35 34 33 36 29 34 40 34 38 32 32 35 32 28 30 35 43 36 29 36 42 39 34 40 34 32 46 40 46 37 26 41 32 31 36 39 23 37 50 27 42 33 30 33 32 34 38 39 31 39 36 43 28 27 27 43 37 29 32 36 28 27 34 27 27 31 33 24 20 35 43 35 36 35 31 39 33 34 36 27 35 54 31 39 31 39 29 27 38 22 37
41 42 22 42 32 28 29 27 26 28 36 42 34 28 31 35 21 35 33 39 44 32 31 40 29 30 26 39 40 45 32 33 26 15 32 13 27 28 37 23 46 38 41 37 30 37 38 41 32 35 37 37 27 27 32 31 35 30 40 41 38 25 32 25 37 43 29 39 32 41 35 19 40 32 41 40 38 27 37 33 41 27 36 30 38 36 34 31 40 45 29 35 33 30 22 32 26 39 33 28
32 40 24 33 41 40 37 35 35 35 25 38 34 27 26 43 29 39 30 40 20 33 40 34 37 29 39 33 33 39 32 40 31 43 31 36 40 29 31 29 30 41 27 44 45 31 40 43 41 30 32 42 41 33 34 35 43 32 36 43 37 28 40 31 40 27 38 32 41 46 34 39 26 30 36 42 43 35 41 27 47 39 35 24 45 34 30 24 32 20 32 24 44 27 41 34 34 29 35 32
18 39 40 35 37 38 37 29 32 35 34 27 31 34 48 31 22 30 33 33 38 34 24 27 36 38 32 42 35 33 21 28 30 40 36 30 42 20 47 36 31 39 28 37 39 42 35 36 35 36 35 38 30 46 46 29 39 25 37 38 40 26 33 33 40 34 33 44 30 22 36 32 42 24 29 43 38 42 32 33 37 37 29 40 31 38 33 39 33 28 41 47 26 33 34 39 35 31 34 31
38 27 36 30 40 31 31 34 36 35 43 35 40 26 26 34 36 35 39 42 26 39 41 29 33 35 34 36 35 33 27 37 30 49 27 24 40 35 32 49 33 31 33 34 40 25 39 43 40 30 28 44 29 45 40 31 18 28 43 32 41 46 20 44 41 29 33 34 29 27 41 36 38 37 37 42 36 27 38 32 29 35 46 38 35 35 36 37 36 39 33 35 34 32 32 31 30 43 32 29
32 35 30 35 34 40 40 33 41 32 36 36 33 39 31 33 27 31 45 29 31 29 37 26 41 33 31 25 33 41 34 38 28 40 31 31 33 35 47 34 29 37 37 33 44 37 34 35 29 27 32 37 30 48 37 38 37 31 39 22 25 29 47 35 17 36 25 23 36 35 41 38 35 41 27 22 39 38 30 40 38 39 44 18 23 15 39 38 31 44 32 38 29 24 40 39 35 48 34 31
34 30 29 36 35 34 37 31 29 42 32 35 29 33 43 36 44 38 31 36 34 38 47 37 30 30 34 49 36 32 39 25 35 26 37 37 29 28 25 36 27 32 41 47 38 43 38 28 39 40 37 45 40 34 22 29 33 31 38 38 30 39 32 40 41 37 39 31 36 33 33 30 40 29 38 37 29 24 35 26 34 39 24 38 36 40 28 44 42 32 26 41 33 44 34 44 34 33 38 44
27 29 35 20 35 34 36 40 27 21 41 43 33 45 27 31 42 34 34 31 27 32 27 31 29 42 19 31 34 37 40 35 29 37 42 36 30 36 38 44 34 43 26 39 37 33 16 34 30 38 35 50 43 32 38 31 33 19 33 26 47 40 38 34 37 28 37 29 32 36 29 44 36 49 34 37 34 35 37 31 31 27 29 32 37 32 28 33 46 34 34 29 41 36 35 29 43 33 40 36
33 28 38 25 31 37 30 37 32 23 48 36 43 43 36 34 40 40 26 31 37 33 35 36 41 40 36 40 35 33 38 34 31 40 31 36 30 39 31 38 26 34 25 33 39 37 37 46 31 28 35 36 28 35 28 44 33 38 33 45 26 39 32 33 34 39 39 32 39 33 38 24 25 33 36 37 25 47 44 40 28 28 37 36 40 41 44 31 49 38 32 35 35 37 44 31 50 29 51 27
32 41 43 34 43 31 24 34 39 37 42 23 33 44 41 26 41 35 32 27 31 29 33 36 41 44 36 21 31 25 43 31 24 32 37 29 34 29 33 37 27 32 35 39 37 31 20 31 29 32 33 33 28 37 33 27 41 28 34 31 51 27 30 35 35 34 17 28 29 30 20 26 32 31 45 19 21 43 37 53 30 34 47 32 37 34 27 27 28 29 26 43 32 38 36 37 30 32 35 24
35 33 44 33 29 46 41 31 33 42 37 40 33 33 34 40 40 33 40 28 43 36 42 30 24 27 21 34 29 36 37 30 30 47 23 39 34 38 39 30 46 43 33 37 46 26 28 32 27 36 31 32 33 28 43 31 43 29 36 35 32 40 42 26 24 32 38 39 40 41 39 33 51 34 30 25 27 31 44 43 37 34 27 34 40 37 37 37 29 29 40 32 32 36 35 35 33 46 33 44
31 44 39 27 27 33 31 26 40 31 26 44 11 33 51 39 33 34 34 38 29 42 31 43 34 28 38 36 30 40 25 34 34 35 48 29 29 39 33 42 37 35 25 39 32 36 39 38 25 37 32 43 38 29 32 38 37 40 30 37 36 31 50 32 33 40 29 27 30 41 38 42 38 38 36 35 35 35 48 28 34 26 24 39 32 40 37 27 32 42 39 36 33 26 32 35 33 29 28 28
31 27 41 42 49 47 38 36 37 37 41 37 31 36 24 36 29 33 29 39 29 27 29 35 30 41 34 32 19 43 28 25 29 28 26 31 32 40 27 34 35 38 48 41 31 41 33 26 31 34 27 35 21 32 32 25 30 27 36 35 31 29 31 36 35 30 45 35 32 29 43 35 39 34 35 29 28 44 29 33 29 46 34 30 30 35 40 26 30 30 25 38 31 44 36 51 24 42 34 39
24 31 36 36 34 27 35 44 29 46 32 33 41 45 35 38 41 34 33 43 38 28 39 29 32 36 43 39 37 32 28 38 32 39 28 32 43 25 19 31 33 38 40 24 34 33 34 34 45 44 35 32 31 35 45 36 32 28 24 37 28 38 41 35 38 18 24 36 33 38 29 38 39 35 33 36 35 33 38 28 39 29 50 31 26 26 37 47 43 25 33 45 34 29 34 26 32 32 41 34
33 28 38 35 37 30 23 41 33 24 38 31 25 29 34 29 38 41 27 36 33 33 37 30 34 28 36 38 47 45 21 31 30 31 47 30 30 43 37 32 37 34 32 32 32 23 35 36 30 35 27 26 46 24 36 28 36 34 37 33 24 40 34 24 39 30 34 29 43 31 49 35 38 42 31 33 35 42 28 37 38 25 26 36 46 36 40 35 45 27 39 27 30 34 34 42 40 38 36 26
21 34 39 35 35 32 34 41 33 31 39 40 34 36 32 31 19 36 30 29 37 42 28 28 35 36 44 36 26 47 36 37 28 32 30 31 30 39 33 30 36 31 37 33 40 40 39 38 28 43 53 31 27 38 30 39 42 28 32 35 25 28 31 45 44 35 33 25 31 42 37 26 22 28 29 40 32 25 38 32 29 32 47 42 47 40 31 37 30 23 38 35 38 42 28 37 32 46 38 26
37 32 39 33 30 34 31 40 56 36 38 22 40 41 24 38 36 34 27 41 44 32 38 34 23 38 25 39 34 28 36 37 41 35 25 24 37 34 33 35 31 34 35 29 23 33 38 33 25 38 31 31 34 31 34 31 34 41 21 45 38 40 41 38 34 37 22 32 22 29 37 37 37 24 39 28 33 30 38 35 37 33 40 36 36 42 33 42 42 29 30 36 42 32 39 36 34 38 37 26
38 32 35 40 43 39 33 40 46 32 38 24 46 41 39 31 28 33 40 36 26 30 41 34 43 21 35 37 33 31 29 32 39 31 44 35 32 30 56 38 27 21 24 39 44 27 51 25 25 28 31 35 30 29 39 36 34 37 34 35 32 24 24 37 29 34 38 42 41 32 38 30 36 36 30 24 40 37 34 34 31 35 33 22 27 23 35 38 35 46 22 12 22 23 20 26 43 31 35 37
35 42 30 37 40 33 34 43 34 38 42 40 48 35 38 43 36 44 38 21 29 38 45 32 30 30 31 32 37 34 33 30 25 31 36 29 38 34 23 32 31 40 31 26 36 26 28 27 35 29 36 37 34 26 26 40 24 48 38 31 31 31 24 31 40 39 36 28 31 38 34 23 23 25 16 24 25 16 16 16 16 18 13 23 17 19 17 20 11 23 18 13 15 20 20 20 14 11 15 20
14 23 24 18 13 20 13 11 22 10 16 15 16 16 15 20 19 14 25 13 17 21 21 22 18 24 12 24 15 19 18 17 23 17 10 19 21 19 16 18 23 19 13 15 23 15 18 12 11 18 20 17 19 17 16 26 19 20 11 17 13 30 17 25 19 17 15 28 20 17 14 16 23 13 19 18 17 23 17 15 16 16 18 15 15 17 22 19 21 23 18 19 15 20 15 15 17 19 12 13
17 15 24 19 19 13 17 23 15 13 16 14 18 11 16 23 18 18 22 15 24 21 13 25 19 15 25 13 15 22 15 15 16 21 20 8 19 18 10 19 25 19 12 18 17 17                                                      
