0.466666666666667 4421 23 19 26 19 15 14 10 16 14 20 17 11 13 16 14 20 15 18 19 15 21 20 14 18 11 15 18 16 12 20 17 19 15 11 13 16 6 17 12 18 19 11 20 12 13 10 11 9 21 15 14 22 20 16 22 21 14 19 15 13 14 15 9 15 17 13 15 20 19 14 17 16 15 17 19 14 17 20 15 8 16 15 13 24 20 12 16 14 13 17 22 22 13 16 14 17 17 16
10 17 14 10 12 14 17 19 21 13 19 19 16 15 14 14 13 18 10 14 14 12 16 18 17 8 5 31 14 13 12 12 15 14 23 18 24 15 20 14 17 14 10 16 10 13 16 18 22 19 18 29 29 17 16 14 15 21 21 13 12 17 6 15 21 22 11 12 15 22 19 11 18 23 15 13 17 9 15 18 10 12 13 16 19 14 16 16 19 13 11 19 16 17 17 16 19 15 11 21
16 14 25 15 20 18 19 12 27 23 14 12 15 15 15 10 19 17 12 16 10 22 21 13 16 15 19 16 17 14 18 11 28 8 13 18 22 12 21 15 17 15 18 12 20 25 16 20 12 14 19 12 15 16 17 20 13 11 15 17 11 11 13 21 19 17 25 16 20 19 18 15 13 15 17 16 18 15 18 10 12 18 26 18 13 15 14 25 23 15 15 18 20 12 19 19 16 16 29 21
8 15 16 23 9 16 22 16 14 19 9 17 15 16 22 5 22 25 11 31 22 20 16 23 24 23 20 20 15 19 11 13 18 23 8 15 17 7 20 18 16 22 12 20 16 20 14 21 18 13 18 15 17 19 18 10 15 30 14 12 16 16 19 25 25 13 24 13 23 18 18 16 19 18 21 14 23 10 17 18 8 13 16 10 15 14 15 10 16 11 15 16 19 19 15 15 18 22 15 23
20 17 15 24 13 18 13 17 16 15 13 15 19 19 15 18 24 21 12 15 12 13 20 17 21 9 12 11 17 18 18 18 15 8 16 15 13 18 13 19 27 17 19 21 25 15 22 24 18 30 20 5 20 17 14 15 16 16 21 24 11 13 9 12 11 15 17 12 10 23 17 16 20 20 17 17 11 15 17 11 13 15 10 14 23 24 13 14 18 22 14 14 11 24 18 13 10 17 13 17
22 14 19 19 12 21 20 22 13 18 15 16 13 21 16 15 11 16 14 20 21 21 24 18 17 10 17 31 15 11 15 17 18 15 16 14 16 9 22 13 13 19 15 16 17 19 15 16 19 17 19 14 12 15 12 20 13 15 15 17 21 11 19 20 12 13 9 14 16 15 11 13 20 16 13 9 17 11 21 20 14 12 9 11 19 12 19 18 15 15 16 36 18 14 21 16 17 10 15 19
13 14 19 23 18 12 17 12 13 17 22 10 18 11 22 11 15 15 18 7 12 15 19 15 15 18 14 12 24 21 18 11 16 18 15 12 12 9 17 19 12 20 11 16 15 16 16 20 13 15 11 17 16 12 13 15 17 10 17 14 24 16 17 17 13 15 12 16 14 15 14 15 19 14 14 12 13 19 16 13 15 16 14 11 18 12 20 20 14 14 6 21 14 10 24 14 25 18 15 16
14 16 13 12 12 19 21 10 19 13 12 8 16 12 19 19 12 17 16 22 12 18 9 17 16 14 18 12 15 12 17 15 13 16 14 12 16 14 12 9 19 18 12 18 16 31 18 15 8 16 20 15 17 15 23 14 17 11 14 11 26 20 27 18 15 19 16 19 19 18 16 15 20 9 14 12 15 10 25 16 13 14 17 16 18 16 18 17 13 16 17 25 16 15 11 13 12 26 16 11
12 10 9 17 11 14 13 20 14 17 10 12 18 18 18 12 16 15 18 19 13 17 14 17 22 17 9 17 20 25 20 19 13 16 23 21 21 17 14 16 14 17 14 17 22 15 24 18 16 20 19 18 18 14 11 12 16 19 14 18 20 16 14 15 9 16 16 16 15 19 13 18 10 19 19 17 12 15 15 14 24 7 16 16 15 18 26 14 13 17 12 19 16 19 10 18 14 12 17 19
22 12 17 14 18 11 21 21 14 29 12 20 17 20 14 18 14 17 22 18 17 17 21 23 26 15 28 19 12 18 17 17 24 15 26 13 15 17 18 18 17 17 21 13 13 19 14 13 18 21 14 26 24 17 18 12 11 16 15 19 22 17 16 13 16 18 18 22 14 17 12 13 13 20 8 20 11 18 15 9 19 20 24 13 23 21 14 14 13 20 15 19 18 18 18 16 16 17 23 19
21 15 15 18 12 11 16 10 16 20 17 19 27 16 12 20 21 15 10 16 10 13 16 15 15 24 13 13 12 17 19 16 16 18 16 20 9 16 19 14 14 14 20 17 20 12 17 17 15 18 14 13 17 13 26 19 18 13 32 12 25 11 15 12 16 13 23 16 16 12 12 16 19 16 16 14 19 21 21 22 16 21 11 12 19 11 19 16 19 17 17 20 20 10 11 18 18 12 16 14
15 14 19 14 19 18 15 15 22 19 15 10 11 11 15 14 15 15 9 20 15 19 17 20 19 18 15 5 19 16 11 15 16 19 18 18 11 15 20 16 16 21 12 19 18 10 12 13 26 21 10 21 22 13 9 17 17 16 16 10 14 17 10 17 17 13 15 23 12 21 14 16 25 15 16 18 12 19 24 15 18 14 14 13 20 13 22 9 14 19 38 39 23 24 17 21 15 19 23 13
10 14 19 17 19 15 19 19 18 11 10 12 12 8 13 16 15 10 11 15 13 23 14 17 22 20 23 15 13 15 17 11 23 15 18 22 22 10 21 10 16 9 18 17 17 22 12 16 17 16 15 18 16 15 15 17 13 23 20 16 18 15 17 17 17 16 10 16 18 16 16 17 19 19 17 19 19 19 13 9 15 22 14 12 18 10 15 24 12 12 18 20 9 14 17 21 12 16 11 23
15 9 14 13 19 18 20 17 15 25 14 15 11 13 15 18 11 21 21 10 14 15 13 19 14 18 14 7 21 18 16 28 19 16 20 18 18 24 19 21 13 13 18 25 16 22 23 26 17 19 23 32 31 25 38 21 22 23 16 13 23 14 18 17 18 13 12 18 19 9 15 20 12 10 22 18 11 20 13 15 21 21 17 10 11 13 16 12 28 15 21 14 14 12 10 12 19 14 18 10
14 14 20 15 14 22 15 12 13 21 18 16 12 20 12 11 12 18 24 24 17 14 14 18 25 12 25 23 20 17 16 19 22 22 19 22 12 17 22 17 18 18 21 13 12 13 18 14 12 27 14 15 18 14 23 9 17 15 16 14 21 16 7 11 15 10 15 18 15 16 15 19 14 18 12 7 15 10 10 16 12 14 13 16 18 22 17 16 18 11 19 15 18 18 19 22 11 19 13 14
14 22 13 11 15 8 13 14 25 15 17 26 15 13 21 26 18 20 19 13 14 13 13 14 19 16 15 18 17 21 26 21 18 20 21 16 19 17 16 16 13 21 17 17 19 18 16 16 13 17 17 12 20 15 15 21 21 12 16 20 14 16 22 17 17 17 26 17 12 13 20 13 19 12 19 18 21 20 14 21 16 26 16 12 16 14 22 16 12 19 18 26 19 18 18 19 15 15 18 18
10 16 18 17 13 14 10 18 17 9 23 19 10 19 8 16 16 18 14 14 21 20 19 15 25 16 15 20 21 8 21 15 17 17 18 19 21 10 20 16 14 18 14 14 17 12 16 17 14 12 16 23 15 23 20 19 23 17 13 16 21 14 21 18 17 20 17 16 14 12 14 24 20 13 17 18 19 17 12 15 10 11 12 12 11 17 14 15 12 28 21 26 18 16 10 18 19 15 11 29
11 11 17 15 11 12 15 19 8 11 12 16 19 15 12 12 10 18 24 17 16 18 16 19 14 15 15 21 19 26 17 16 15 10 26 14 14 10 18 24 13 20 15 15 14 11 17 12 19 9 14 22 10 18 17 14 19 17 16 13 11 13 15 19 23 11 17 14 12 17 11 17 13 15 17 22 13 12 18 16 5 12 17 17 17 21 18 18 13 12 11 17 8 21 13 13 14 14 14 16
10 20 14 5 20 17 9 16 17 19 14 21 17 11 27 17 22 14 10 16 18 14 21 18 18 13 13 13 21 17 14 18 10 16 13 20 8 17 15 30 19 13 13 12 17 12 19 18 19 11 21 14 22 15 17 12 19 9 8 15 25 20 14 20 13 12 12 16 15 13 12 18 18 19 12 14 13 16 14 13 41 17 23 19 9 19 17 13 18 21 16 14 10 23 17 12 12 18 11 14
14 10 19 11 23 17 15 13 18 16 13 22 13 18 18 17 13 13 17 15 14 18 10 14 19 19 10 10 10 16 23 14 20 15 9 17 23 18 16 17 17 12 24 18 13 13 16 13 13 17 18 15 19 14 13 20 15 12 15 16 20 12 16 19 10 14 10 14 13 23 17 13 9 17 17 18 18 23 23 15 15 16 11 12 12 20 15 11 12 16 19 10 16 10 18 12 18 12 16 23
18 11 15 16 13 18 16 14 12 14 16 17 24 20 16 9 22 15 13 9 22 10 17 12 13 14 12 13 16 21 11 11 15 14 23 18 15 20 14 13 21 10 16 21 11 13 16 8 25 8 12 20 17 13 15 8 12 18 14 14 9 17 14 9 23 17 11 16 24 16 17 17 12 16 20 15 19 11 14 15 17 15 18 29 23 21 12 14 9 13 19 17 13 9 16 17 19 14 19 15
16 14 7 19 13 17 10 22 16 12 12 23 13 21 16 19 14 5 17 17 14 19 19 14 16 24 25 15 14 12 19 16 21 23 15 17 16 20 15 16 21 23 15 11 19 20 25 17 17 19 16 18 17 13 14 23 16 12 10 19 23 17 13 23 22 14 14 14 20 14 14 19 14 17 21 20 18 19 17 18 22 19 19 21 16 22 13 19 18 9 16 13 11 23 14 15 19 18 48 47
35 33 14 24 10 11 22 11 26 19 16 22 15 13 23 16 11 16 18 24 16 17 20 22 18 17 13 19 9 14 16 21 10 18 12 24 12 15 27 18 22 11 16 29 15 15 17 25 15 24 22 17 22 17 19 12 16 17 20 20 17 19 11 18 21 19 19 14 25 18 13 20 10 11 16 6 10 19 19 15 15 4 22 18 23 12 17 17 14 14 14 14 11 17 13 14 19 14 14 17
13 21 6 11 25 20 10 19 13 17 10 14 17 11 14 19 10 17 12 15 14 16 16 16 17 20 9 8 17 16 20 14 14 7 15 22 19 9 8 23 11 25 16 15 14 15 24 15 19 11 6 8 17 15 18 9 17 14 8 6 14 19 12 14 23 18 16 14 15 18 12 13 18 17 7 16 23 15 15 17 11 8 13 17 11 24 15 14 11 22 14 16 10 7 17 19 9 25 18 12
12 18 13 16 15 24 16 12 13 15 16 16 15 12 14 15 19 12 21 13 14 18 11 17 18 12 18 14 12 16 12 17 16 12 12 18 11 18 14 17 16 22 16 11 18 18 15 10 7 15 11 12 19 15 21 7 20 25 11 10 8 15 14 7 18 13 10 16 14 18 10 18 14 10 9 17 15 12 16 19 16 15 15 9 20 18 17 17 20 14 8 20 12 13 9 9 20 20 17 16
14 17 17 16 15 13 27 19 21 13 8 17 13 18 14 18 12 17 15 12 17 21 20 9 14 13 21 16 7 15 14 13 18 15 20 17 16 15 11 10 17 19 15 20 23 23 10 18 13 9 21 16 12 12 10 14 20 11 11 20 11 14 16 16 21 21 7 15 9 13 9 16 18 17 10 19 12 13 18 17 15 12 19 16 28 11 13 16 16 21 17 12 22 16 12 16 18 19 19 16
15 9 12 11 14 15 16 19 19 17 18 12 11 19 24 13 7 14 28 11 14 20 10 21 14 16 13 11 17 15 17 19 12 14 19 14 17 8 14 9 20 14 15 15 9 23 18 11 18 17 23 11 16 13 14 8 13 13 17 14 13 16 20 13 14 14 14 17 20 13 17 18 12 12 13 20 12 24 23 15 8 14 17 12 11 10 23 17 16 15 15 14 10 9 8 22 17 10 17 20
17 12 12 18 15 15 15 14 12 11 20 22 14 16 15 12 10 12 18 16 19 17 13 14 22 16 16 9 9 15 17 15 17 19 10 16 16 11 16 14 20 13 12 13 11 16 18 12 12 17 6 13 17 17 12 16 25 15 18 22 16 10 19 24 20 19 13 12 17 12 13 17 15 15 19 20 18 8 15 22 15 14 15 17 17 13 18 22 19 15 20 13 9 19 15 20 24 13 13 10
11 22 12 17 17 23 13 10 14 10 17 13 21 20 14 15 16 10 17 19 14 11 15 15 14 19 14 17 13 10 16 10 16 17 8 16 15 22 15 11 15 16 15 17 12 15 17 13 15 10 17 11 13 14 19 16 8 18 18 11 23 23 13 14 14 14 13 12 17 22 16 19 16 16 10 17 13 12 15 17 15 15 19 18 22 23 20 8 23 13 18 17 15 24 19 19 12 21 11 11
24 12 20 15 21 18 18 15 17 13 16 18 15 16 15 15 18 19 20 16 19 11 15 17 20 13 18 15 13 11 22 19 11 11 12 15 11 8 16 16 13 15 11 20 14 15 18 16 18 16 14 26 22 13 25 21 15 17 18 13 19 23 15 14 14 14 13 14 16 13 17 17 18 7 15 13 16 15 12 6 13 8 17 19 18 10 13 14 17 11 17 15 16 15 12 10 14 23 17 23
18 10 16 9 18 12 15 7 16 16 19 17 15 15 12 17 15 13 16 19 22 26 25 12 19 14 16 24 15 14 14 16 12 17 18 15 10 18 11 20 17 8 12 25 14 23 21 13 16 14 18 11 17 13 18 8 10 14 19 14 19 18 22 17 20 15 18 9 14 19 19 18 26 13 15 10 17 9 22 16 23 22 18 20 19 16 21 17 18 20 20 13 23 15 14 13 16 12 13 12
26 23 17 19 23 14 16 14 16 14 18 19 12 15 23 21 17 13 17 21 19 11 24 20 14 12 14 17 16 14 27 13 10 20 14 23 26 17 20 15 16 21 20 20 16 20 14 18 17 17 20 22 13 17 14 20 16 17 19 23 25 20 14 20 17 19 21 25 14 19 14 21 14 14 16 14 12 18 19 12 14 8 15 15 13 14 16 23 11 22 22 14 16 16 19 21 21 25 21 23
13 17 13 15 16 9 20 17 16 16 15 17 11 16 14 24 10 18 10 16 13 21 14 8 15 11 24 22 14 17 17 19 19 24 16 15 16 13 14 20 24 16 13 17 22 22 20 19 15 21 26 20 22 23 18 24 18 22 17 13 16 17 13 39 16 25 24 13 14 12 11 19 24 13 17 15 14 26 19 18 15 17 13 14 22 10 18 14 18 18 16 18 16 10 13 20 17 14 16 19
8 22 21 17 18 19 13 15 17 19 22 20 22 17 21 15 16 24 20 12 11 19 11 21 19 11 19 12 19 12 13 17 19 13 10 13 18 17 15 15 19 11 10 13 15 10 19 16 20 17 10 18 15 12 15 13 13 9 18 13 14 18 13 14 18 19 17 16 11 13 17 20 13 14 20 21 15 18 17 18 14 16 18 9 9 24 17 16 14 14 15 16 16 16 15 9 17 19 13 13
15 18 20 23 17 15 18 15 16 15 16 13 24 13 15 11 23 17 18 20 18 10 11 16 16 16 23 14 14 14 25 11 17 14 19 11 10 18 18 16 16 16 13 16 25 8 19 15 22 13 19 16 21 12 14 7 16 12 21 12 20 11 16 13 22 12 9 22 16 16 11 10 21 11 17 16 15 11 15 13 16 15 13 14 12 15 13 14 20 14 17 15 22 18 14 20 16 16 15 18
21 14 13 19 14 22 20 10 9 12 15 17 15 15 17 24 16 20 10 14 18 25 16 23 11 16 11 12 22 12 11 18 16 11 16 15 18 13 16 15 21 10 19 15 17 9 12 17 14 12 16 25 17 17 20 11 11 12 9 23 17 16 14 16 20 14 10 15 16 13 21 17 14 12 11 10 19 27 27 13 16 15 15 9 12 22 12 14 21 18 14 16 14 12 25 18 10 22 19 12
24 17 22 18 29 19 12 18 13 14 11 29 21 14 15 12 19 18 14 18 15 16 13 20 14 24 20 18 19 12 20 17 11 18 23 10 16 14 12 14 18 11 14 17 15 16 13 18 18 19 21 11 20 19 7 12 13 14 16 34 12 16 16 21 26 12 12 17 10 15 15 17 24 15 17 11 20 21 15 15 22 19 17 12 18 13 14 12 21 17 17 18 18 14 18 16 19 19 16 12
10 23 18 16 22 12 21 14 18 22 21 13 14 11 16 17 11 19 17 18 22 15 16 21 18 22 22 17 17 13 16 19 23 16 8 20 17 16 14 15 25 14 10 18 17 20 13 19 15 17 19 21 17 10 25 15 22 17 12 16 21 15 20 21 10 17 15 22 18 21 20 19 14 15 14 15 23 15 23 20 27 16 15 22 15 13 16 15 20 12 20 18 12 13 16 16 14 15 18 18
16 14 12 9 12 11 12 13 16 19 20 13 10 14 13 15 16 18 12 15 17 29 16 19 19 16 17 9 23 21 16 21 11 17 11 18 13 15 12 18 18 19 17 11 20 15 14 21 19 14 10 19 13 15 11 20 14 11 17 20 10 18 17 18 18 16 12 17 14 14 12 13 14 20 11 14 13 10 14 13 13 11 10 9 18 18 7 12 16 15 14 10 20 12 19 14 10 16 16 16
14 17 22 17 11 23 18 18 15 12 15 13 16 10 13 19 13 13 11 17 16 21 18 12 18 16 10 14 11 14 11 16 14 17 26 19 16 20 13 23 17 21 22 30 12 11 21 22 14 11 12 19 18 17 9 11 17 21 23 12 8 14 13 9 12 20 18 15 17 12 14 19 14 13 29 12 18 18 18 19 14 19 14 14 13 15 24 13 19 18 14 20 17 15 11 19 15 16 19 15
13 16 12 16 11 11 9 12 8 10 15 15 13 23 11 19 19 20 20 23 17 20 19 18 14 14 23 24 13 14 12 15 11 15 14 11 16 13 18 18 12 14 21 12 17 19 16 19 17 11 16 22 13 13 11 18 19 14 16 20 13 17 16 15 10 14 13 12 11 22 20 17 16 17 15 21 18 16 19 21 19 24 19 18 17 13 19 17 23 12 15 13 12 9 19 21 15 18 11 14
9 15 12 12 21 15 15 14 15 21 23 24 14 12 13 15 18 13 15 16 14 19 13 18 14 14 11 14 15 5 21 22 40 7 24 16 24 16 16 11 21 17 17 20 19 13 18 18 16 14 19 17 15 14 13 19 21 21 18 13 15 15 17 15 16 20 21 18 11 12 18 15 18 17 16 16 23 24 8 24 16 16 16 16 24 16 13 16 17 14 19 11 16 15 24 18 12 13 18 14
11 18 18 17 7 17 18 8 13 13 13 14 13 10 17 15 13 16 17 21 13 8 10 14 15 11 16 23 14 23 11 14 18 12 6 12 8 6 4 5 6 8 11 10 4 5 11 10 9 10 12 6 6 8 8 12 7 7 6 9 6 9 6 10 5 9 16 7 11 10 6 7 7 8 12 10 9 11 9 5 11 5 12 9 11 5 6 4 6 10 8 7 9 9 9 6 6 7 11 10
5 6 9 10 8 7 5 5 9 8 13 5 10 7 5 9 10 7 8 9 7 5 11 9 6 6 10 11 9 4 9 8 4 10 8 10 17 7 5 11 4 6 4 11 13 11 7 6 9 12 8 7 11 9 6 9 7 10 11 5 4 12 8 8 6 8 13 12 7 12 7 7 7 8 9 10 9 10 4 6 7 7 11 12 10 8 7 7 8 7 12 4 4 5 7 17 8 6 15 7
4 4 8 4 8 10 7 5 10 8 11 9 5 12 5 12 8 9 6 7 9 8 9                                                                             
