0.465891472868217 2068 43 39 34 33 32 48 33 30 23 38 21 33 34 36 28 28 28 39 27 30 14 26 33 25 23 34 25 35 28 33 37 35 26 25 36 33 33 37 29 31 35 25 40 28 31 31 32 23 23 27 32 19 30 21 39 34 32 23 32 18 30 19 29 27 28 29 9 31 25 24 31 32 23 26 22 11 36 28 26 36 43 24 28 34 26 34 19 19 25 25 33 37 35 29 33 34 35 22
29 17 20 37 29 31 37 37 19 31 31 40 33 36 29 26 29 32 28 16 22 21 35 20 34 21 23 34 23 29 24 24 30 36 36 30 30 32 34 34 29 32 19 33 25 31 26 21 31 32 24 45 26 28 34 17 34 30 34 33 20 38 26 17 41 36 32 35 36 29 21 37 28 31 37 27 27 21 37 26 34 30 36 38 17 37 31 25 21 38 23 10 38 32 20 26 19 33 23 37
31 30 33 35 32 27 27 40 32 38 34 24 29 9 34 37 29 30 16 30 32 29 26 30 22 32 25 26 46 29 36 32 26 30 33 38 31 44 23 27 29 23 24 36 29 33 32 32 27 28 34 21 31 31 33 32 35 24 30 24 35 25 30 25 28 24 31 29 22 32 39 31 26 26 35 22 28 21 20 33 31 42 31 22 37 25 30 27 27 32 29 23 37 20 29 33 28 26 38 31
23 25 32 33 33 24 16 33 29 36 27 34 25 27 28 28 27 36 41 47 37 17 25 42 8 37 39 20 38 42 29 36 32 32 31 25 35 20 27 34 30 37 40 33 33 31 23 32 28 31 37 24 27 34 31 29 30 13 29 35 30 37 36 27 19 34 40 20 24 35 39 25 36 26 35 18 38 29 36 36 31 44 23 34 31 38 29 29 39 32 18 21 35 27 30 42 30 34 30 23
32 30 38 25 31 36 27 36 31 31 26 33 26 25 20 36 26 26 27 32 33 23 37 31 33 24 19 27 20 30 43 28 32 27 32 38 31 34 22 24 28 11 31 30 30 44 25 26 30 34 33 30 31 48 23 22 40 35 23 25 36 36 37 38 25 35 28 38 35 38 23 32 36 33 25 33 37 35 32 25 25 34 24 31 34 50 37 32 23 37 24 24 23 22 32 32 27 22 38 35
23 31 31 25 20 33 26 25 23 19 28 25 27 27 30 29 24 26 28 20 23 27 30 28 22 26 26 23 23 37 22 32 30 26 34 35 33 23 23 33 33 31 23 33 31 21 39 26 21 33 24 17 29 21 24 22 38 27 38 20 26 22 40 13 22 29 18 32 22 33 26 31 35 30 35 31 30 39 25 33 14 19 27 17 30 31 32 30 31 41 34 39 38 25 29 36 35 31 37 25
33 27 22 32 32 29 39 29 21 30 37 26 33 33 33 26 32 30 23 19 37 23 35 39 17 21 24 32 30 42 42 21 32 24 29 25 30 25 30 28 32 26 32 36 32 27 25 24 29 34 27 36 19 30 35 41 26 36 41 33 39 34 31 37 33 33 32 36 29 35 26 30 30 23 32 22 27 38 30 23 41 33 26 34 22 27 22 35 24 26 20 28 31 26 29 37 23 28 34 20
40 28 23 25 33 32 25 30 29 23 34 29 25 32 26 27 23 24 25 31 19 37 26 39 43 28 43 24 26 37 31 36 34 13 38 37 36 28 24 33 31 31 29 29 22 25 27 32 41 25 35 31 31 29 20 28 33 20 17 29 19 27 33 32 27 26 29 28 34 27 24 20 29 35 20 28 28 30 32 32 32 31 20 24 26 37 26 27 26 25 26 22 27 16 30 28 35 31 26 25
38 33 36 36 42 32 36 34 26 32 25 34 31 39 35 28 27 29 12 37 34 32 30 30 34 35 37 33 42 22 35 30 24 29 27 29 34 40 33 32 31 32 26 32 21 34 53 28 40 31 22 33 29 31 42 28 36 25 32 32 24 27 16 29 37 43 28 33 32 24 27 28 37 38 37 41 35 30 25 28 28 39 27 29 30 37 35 27 41 33 32 29 23 36 30 24 28 34 31 32
14 27 22 29 34 40 32 34 19 33 35 34 34 22 28 35 28 26 30 27 25 37 32 11 38 30 38 26 30 25 32 47 43 19 37 23 41 34 38 32 45 26 41 31 34 39 25 25 26 40 36 30 25 46 32 32 32 24 26 32 34 29 31 33 31 30 39 42 35 39 20 31 25 31 38 17 24 46 31 28 38 28 26 35 25 32 25 36 38 18 26 13 13 20 34 30 23 41 29 38
27 34 31 35 39 26 33 34 20 19 28 31 19 31 36 26 26 19 26 19 35 25 30 36 26 29 29 15 30 15 24 30 33 27 20 36 24 26 36 24 24 32 32 36 42 25 27 42 36 32 31 32 27 36 29 31 37 41 34 42 35 30 35 42 27 27 28 38 30 32 36 34 31 32 29 31 28 25 24 28 35 40 33 20 25 31 35 25 26 31 32 23 29 19 31 32 32 29 36 44
38 40 28 25 43 34 20 27 33 26 29 26 27 34 33 26 25 25 31 16 23 22 37 27 31 31 29 26 32 32 30 29 25 37 34 34 24 20 30 25 31 29 30 20 28 29 36 30 37 44 33 22 33 32 30 19 27 17 28 32 31 26 23 32 29 28 31 28 17 37 35 31 31 23 25 8 25 27 20 25 27 31 30 41 39 34 35 33 27 33 39 27 33 33 26 28 25 30 29 24
23 33 29 36 38 34 33 34 30 34 24 34 44 28 26 35 30 31 26 24 22 34 30 39 27 32 30 31 25 23 33 29 32 30 25 34 40 35 36 31 32 28 33 26 22 35 46 29 28 26 31 26 36 28 29 36 23 32 28 28 14 34 37 24 24 32 42 29 12 40 30 37 28 30 19 23 26 28 30 27 26 35 29 30 26 28 28 39 36 37 35 35 30 23 36 36 22 17 36 27
31 23 39 28 28 36 35 34 30 34 34 20 41 22 36 25 32 23 22 35 31 25 29 20 23 21 33 28 15 29 29 34 32 28 26 42 23 41 20 27 31 22 32 27 21 26 19 25 38 21 33 24 35 38 25 25 37 24 27 32 29 24 36 33 29 35 26 29 22 36 26 37 24 37 27 36 21 35 25 30 28 32 20 17 13 21 30 28 20 43 26 28 28 29 33 36 35 27 32 29
30 8 36 33 27 32 35 39 32 30 19 32 33 39 31 38 31 30 21 28 30 31 23 28 30 30 37 27 34 33 35 29 25 29 23 43 38 26 28 22 23 28 24 33 26 21 34 23 34 19 25 28 31 29 28 38 30 23 37 32 26 21 46 33 28 33 27 25 23 39 28 35 33 28 34 34 30 24 39 27 29 26 31 31 23 37 34 26 27 31 20 23 39 35 30 32 24 34 21 29
26 40 35 31 31 28 32 34 28 29 37 39 36 22 34 33 29 31 31 32 29 26 19 34 31 46 22 32 26 23 33 34 34 33 28 25 29 34 27 24 34 27 36 31 26 26 32 34 29 34 32 30 31 38 33 33 35 34 37 34 29 30 25 25 30 33 26 32 31 34 30 31 25 32 22 15 43 30 23 28 25 24 32 49 22 39 35 28 32 32 33 27 35 33 33 30 31 27 28 31
30 32 32 31 28 33 34 25 25 32 30 28 26 30 39 28 34 34 29 29 29 34 42 26 32 36 27 31 34 24 31 19 27 20 27 29 24 34 27 30 28 36 24 30 18 24 23 25 32 28 32 31 31 15 32 24 28 27 29 32 34 34 32 29 30 29 33 34 33 23 25 30 34 26 27 31 41 31 42 22 19 35 33 28 24 22 30 29 20 34 37 27 41 31 44 23 31 19 23 26
29 33 30 31 29 21 27 38 35 26 41 33 31 29 45 32 29 28 31 21 36 24 28 14 34 24 44 33 27 27 29 23 31 30 27 33 37 11 19 33 27 31 36 15 24 40 36 37 27 23 33 35 34 33 30 30 34 32 34 26 32 31 29 22 32 32 32 32 33 35 32 40 34 31 32 39 31 39 39 29 32 38 39 34 45 22 24 21 27 29 27 27 30 23 26 19 37 30 24 32
27 30 31 25 34 25 28 28 28 24 36 36 29 38 23 39 33 31 35 30 36 31 19 17 32 42 26 29 24 12 30 30 32 22 37 37 25 36 19 34 38 24 28 26 38 36 38 42 34 32 30 31 26 26 28 38 30 27 27 33 33 32 30 33 34 38 27 27 45 29 40 29 27 33 26 30 28 38 32 32 31 28 31 30 33 27 33 24 29 27 25 37 20 24 31 29 38 26 33 26
6 83 32 26 33 31 25 35 25 29 27 33 28 26 28 38 25 37 16 35 28 30 21 26 42 24 35 37 33 22 36 30 25 42 23 34 28 31 26 31 38 28 35 33 32 31 27 29 30 35 24 16 34 29 35 28 27 35 35 32 27 35 34 33 23 28 28 21 33 22 29 38 35 33 30 37 27 28 16 31 26 33 41 30 33 36 34 25 34 32 24 27 30 28 33 36 29 29 33 31
34 26 23 20 23 36 42 39 34 39 22 38 42 24 36 16 24 33 32 25 23 32 30 32 31 34 27 38 30 31 33 23 22 40 38 33 34 29 20 31 37 31 43 34 37 21 33 24 33 22 23 32 33 39 30 34 45 22 28 24 33 34 18 28 22 33 33 29 32 36                              
