0.333333333333333 1925 18 22 19 15 10 23 25 10 23 17 17 18 17 31 19 22 12 18 17 11 16 19 20 19 30 25 29 21 14 28 23 23 21 16 20 18 22 16 29 16 16 24 18 20 22 12 16 15 12 26 27 22 27 19 22 32 19 23 21 22 22 20 19 17 22 22 16 23 16 21 22 11 23 15 23 29 18 17 23 17 17 29 22 20 26 19 18 25 28 26 25 12 24 14 17 18 12 15
13 23 15 13 22 20 17 17 17 27 22 18 18 22 28 13 15 25 12 15 31 19 19 27 19 22 16 21 25 23 16 26 20 25 12 15 13 19 20 21 15 23 17 21 30 19 20 28 20 14 24 22 16 18 20 21 21 29 18 21 12 16 19 16 23 29 17 19 24 19 19 16 22 27 22 18 16 28 18 16 22 16 19 24 15 16 16 12 17 19 21 14 19 25 21 20 26 26 21 20
18 17 22 23 22 22 29 17 28 20 15 20 16 17 19 16 20 20 24 20 17 17 20 19 23 15 18 19 27 27 20 22 16 25 17 20 19 19 16 11 13 18 11 20 24 16 21 24 12 18 18 14 18 23 17 12 15 24 14 16 21 18 20 19 11 15 19 13 21 21 21 13 18 22 16 22 19 20 18 25 18 25 17 25 12 20 23 20 20 21 17 25 23 21 21 21 23 17 20 22
19 19 19 17 17 20 18 12 23 29 24 16 17 16 23 13 12 26 21 15 16 15 18 18 17 18 17 15 27 23 14 21 14 22 14 21 21 20 12 20 15 23 12 22 18 24 17 21 20 16 23 19 17 26 18 15 19 22 14 18 22 13 26 16 16 16 21 19 13 20 15 15 19 26 16 26 15 22 12 28 19 20 16 18 19 24 14 20 20 16 25 21 13 14 22 17 18 18 15 11
18 12 18 21 19 16 19 24 20 16 18 29 16 22 21 22 15 23 23 17 25 23 24 22 22 18 21 23 20 12 13 22 23 15 15 16 19 10 18 15 18 14 16 24 24 22 20 15 18 24 23 23 23 16 23 26 15 21 25 23 21 19 15 17 21 21 17 14 19 16 19 15 15 22 21 19 17 14 26 15 19 17 18 16 32 16 16 25 26 19 22 23 26 25 17 23 19 23 17 21
34 20 27 16 15 16 25 20 25 19 14 16 17 21 17 19 22 18 18 19 11 19 24 18 21 16 20 24 21 23 19 24 18 18 24 17 19 20 14 16 19 19 12 21 25 19 12 18 19 29 13 19 15 21 17 24 24 15 16 13 14 17 16 18 15 11 24 18 21 16 14 16 16 30 21 27 18 26 14 18 18 30 12 20 15 15 18 23 22 11 20 17 22 22 24 20 18 24 14 17
17 22 13 16 20 21 24 17 22 16 15 11 25 20 20 25 11 28 16 25 17 22 19 16 16 15 12 12 29 17 16 21 24 20 13 18 16 15 14 18 22 26 23 12 23 12 18 17 24 22 15 14 24 19 28 11 21 20 26 24 21 25 15 24 20 22 21 20 21 13 14 23 26 26 21 19 18 24 19 18 22 22 24 16 14 22 16 15 16 20 16 20 20 19 21 20 21 23 17 20
14 23 18 16 20 23 18 19 22 21 30 22 20 19 19 21 19 22 16 14 18 14 12 15 19 19 10 19 28 18 23 16 20 21 21 19 17 14 23 17 11 16 16 16 17 14 25 15 18 16 10 23 26 16 25 17 19 14 17 19 15 17 20 15 20 13 24 17 22 13 11 20 22 13 28 15 24 18 16 15 16 20 14 21 17 22 19 18 24 15 21 21 21 17 11 24 16 26 17 27
20 19 24 24 18 20 19 21 17 16 33 31 19 25 22 19 20 23 30 22 27 23 21 19 16 17 17 26 18 15 16 17 12 17 18 15 18 19 21 21 24 25 23 16 17 19 27 19 18 14 22 13 22 10 18 15 19 12 11 17 20 15 16 10 21 23 21 15 22 16 22 13 11 20 19 19 17 20 16 28 15 25 21 12 12 26 20 14 16 18 22 23 15 20 16 17 25 15 16 17
16 13 24 19 15 17 11 18 25 23 24 15 23 18 20 14 15 17 24 22 23 18 19 17 14 19 19 18 23 20 21 16 21 19 19 18 19 21 19 21 16 24 27 26 22 17 24 18 23 22 21 28 19 9 21 26 22 25 13 13 16 15 23 22 13 14 19 18 18 22 18 13 19 30 20 19 24 26 18 23 16 9 17 17 21 16 18 24 18 18 16 16 18 21 15 22 16 18 14 25
16 22 16 23 13 18 17 13 18 18 15 8 11 19 17 19 16 19 20 16 15 29 27 20 21 15 12 23 15 16 28 11 18 15 16 13 17 12 22 19 19 21 15 15 18 13 22 18 18 13 24 15 23 21 13 23 26 16 20 25 16 20 18 19 16 16 16 14 17 20 20 20 14 17 20 22 23 17 19 22 16 14 12 16 16 15 22 20 12 22 12 22 32 16 14 18 17 16 19 17
19 18 23 29 18 18 22 23 10 16 19 19 22 25 18 15 26 15 26 15 15 23 12 25 21 23 25 19 25 21 27 22 20 15 23 24 20 13 24 24 10 16 20 15 21 17 21 17 20 15 16 27 20 18 21 20 14 20 17 8 25 26 19 22 26 19 21 23 20 20 25 18 21 25 21 18 29 19 23 18 22 18 20 20 16 27 23 16 19 22 22 17 18 15 17 13 14 14 21 14
23 25 22 23 13 25 24 18 20 22 23 11 19 24 18 22 23 19 15 13 19 20 13 16 24 26 19 23 17 22 21 20 20 20 9 16 19 18 27 16 25 16 15 14 17 18 21 13 18 19 20 25 22 21 26 20 17 21 13 18 22 14 28 22 15 35 30 22 23 17 16 17 22 18 12 19 18 17 14 21 16 15 28 19 26 23 20 13 18 20 25 12 20 13 23 10 18 22 22 16
8 29 20 27 17 20 26 20 21 28 27 15 17 10 14 12 22 17 20 14 26 29 16 15 18 19 19 15 16 14 22 20 17 14 28 11 16 16 18 20 13 16 26 18 23 16 19 16 15 20 19 17 28 21 28 17 17 18 18 22 22 25 20 13 18 17 13 17 16 19 17 19 20 30 18 26 13 19 18 23 19 18 12 22 10 23 23 23 19 22 20 15 18 18 11 19 21 19 21 20
17 20 23 26 16 24 19 19 17 22 22 23 19 25 20 33 23 21 20 22 21 16 13 22 24 30 18 14 18 16 18 20 32 22 19 27 24 24 20 16 14 23 19 17 23 21 16 15 21 18 26 18 17 19 21 18 17 26 23 14 18 22 16 24 13 22 25 15 21 19 18 10 22 18 21 15 18 21 14 13 23 21 19 21 23 17 16 15 14 14 20 23 17 17 15 15 23 18 12 21
19 19 16 20 18 17 19 21 24 12 15 15 24 26 22 28 19 22 17 25 22 23 18 22 26 22 24 21 19 16 17 18 23 16 19 12 21 13 27 19 20 22 23 11 15 20 25 15 21 17 21 19 16 17 19 23 27 23 16 22 22 17 18 20 23 10 22 22 14 20 26 24 25 13 16 11 16 18 22 15 19 17 30 15 22 23 18 22 18 17 25 23 18 19 23 16 19 21 26 38
14 21 22 18 19 9 14 11 17 8 15 17 18 17 13 17 18 26 21 9 14 19 20 20 16 14 19 19 16 11 23 18 24 16 11 18 17 21 16 17 20 18 15 22 19 19 18 18 22 18 17 19 23 18 12 25 25 15 15 15 19 21 19 16 24 21 30 21 18 13 19 19 27 16 24 23 18 14 18 29 15 18 21 22 19 16 25 17 17 26 27 16 20 33 18 17 27 23 19 21
17 28 15 19 11 19 14 16 16 22 25 27 18 15 24 23 25 21 14 16 18 23 23 15 21 21 17 15 12 17 20 21 16 13 23 18 19 19 14 21 12 13 14 22 21 22 13 19 22 17 19 19 15 22 14 33 17 13 26 16 16 19 34 24 23 28 19 12 27 22 27 18 24 18 17 17 14 17 20 29 21 30 16 15 22 13 22 19 15 18 20 14 18 27 25 14 21 25 14 18
22 16 18 19 15 14 20 12 23 16 15 26 15 24 23 17 20 16 14 20 17 9 16 21 18 24 11 25 25 23 16 22 23 19 17 17 13 10 16 19 22 22 23 16 18 19 19 20 26 15 17 13 22 17 22 24 22 13 21 17 19 23 16 15 16 12 17 30 21 15 18 21 17 21 21 18 12 20 21 17 27 20 19 18 30 17 15 20 14 12 27 20 18 28 16 16 15 14 16 21
21 17 18 21 18 17 16 14 16 14 11 14 18 20 28 22 15 15 22 8 18 23 15 24 17 19 14                                                                         
