0.466666666666667 2700 37 35 30 20 24 30 29 30 14 28 15 29 28 21 26 19 32 28 44 34 34 34 32 27 30 32 38 37 29 32 27 30 28 35 23 35 21 26 24 28 42 22 28 29 26 30 41 25 30 24 24 26 20 16 36 27 24 27 24 21 25 23 22 26 26 38 22 26 36 25 32 25 34 28 21 27 23 31 36 33 34 29 29 21 30 78 28 30 26 32 25 30 30 33 21 27 25 34
36 35 32 37 29 31 27 17 19 27 31 26 26 27 29 28 34 21 36 28 30 28 29 23 25 25 25 23 32 28 29 26 25 34 16 29 33 32 24 23 23 28 39 25 25 43 30 22 24 29 29 38 29 28 37 34 28 28 25 21 20 22 33 44 23 25 18 27 26 17 27 29 37 20 27 27 33 29 34 31 28 35 31 30 25 34 32 31 20 24 26 34 33 29 18 23 28 30 35 25
28 26 29 31 25 23 21 22 25 25 30 29 27 25 39 37 31 22 19 35 39 34 23 24 19 36 25 32 34 34 30 18 23 28 17 34 29 28 21 24 37 28 37 34 32 26 24 21 28 26 30 30 18 34 25 31 25 19 25 43 25 28 33 26 29 24 38 23 29 43 27 31 24 30 20 27 23 21 28 31 26 31 22 32 21 31 39 33 35 23 26 21 32 26 30 30 31 32 30 31
32 18 27 13 34 28 31 23 31 30 24 28 37 22 32 19 26 23 24 25 25 28 39 28 24 24 33 32 24 23 26 30 21 31 19 30 38 28 34 35 39 22 42 39 34 15 23 35 31 25 16 29 43 25 20 27 24 29 19 18 22 38 25 24 27 26 18 38 33 28 33 31 28 24 31 24 28 27 29 17 25 36 28 28 30 21 28 33 30 25 33 15 23 20 30 25 29 20 28 23
42 33 24 27 30 28 34 28 30 30 27 29 26 35 30 26 31 21 30 31 28 27 29 21 33 19 34 22 28 32 21 34 35 37 29 21 28 32 23 23 26 24 36 35 34 30 40 36 34 27 19 22 20 19 32 34 21 23 23 36 22 34 27 29 33 23 23 36 26 20 31 21 26 28 29 32 28 35 33 23 29 27 32 26 27 25 37 28 30 21 13 27 29 27 34 26 20 31 20 29
35 32 37 18 30 37 28 40 25 30 30 37 40 18 32 35 33 37 32 28 22 24 24 33 34 38 30 24 39 25 30 31 32 37 41 23 35 25 23 32 32 30 33 30 25 24 32 27 22 26 18 19 31 32 29 29 32 24 29 35 35 24 31 27 25 30 32 30 24 29 30 23 24 32 32 36 36 34 28 30 33 30 24 33 35 30 22 27 30 28 30 21 21 38 33 33 28 26 22 22
33 24 31 31 21 24 15 17 44 31 19 31 28 25 32 29 42 22 19 34 29 30 20 29 25 39 30 28 30 31 27 33 33 42 29 28 20 21 24 24 37 21 23 32 24 22 31 26 34 27 28 26 34 29 34 30 23 36 28 22 30 28 30 24 24 41 45 38 32 28 25 32 24 25 29 28 46 35 32 34 34 25 26 25 22 24 29 40 26 33 28 26 33 29 25 28 38 21 28 31
31 30 34 28 34 82 18 14 25 29 33 41 40 39 31 27 26 34 30 38 29 35 29 23 31 30 28 33 38 19 33 25 27 34 31 27 33 42 25 38 44 36 34 31 30 39 27 32 29 30 26 27 25 34 50 41 28 25 36 43 33 36 37 24 35 28 18 27 36 21 39 25 20 37 37 32 29 25 24 18 35 23 14 18 29 25 28 34 29 59 74 57 43 24 26 39 45 41 23 28
22 33 42 31 30 36 21 24 35 33 23 38 25 28 33 34 36 30 21 17 31 26 34 33 33 35 28 24 35 29 33 36 33 34 21 42 48 22 49 21 25 31 33 32 31 33 28 35 26 19 25 30 28 26 32 32 25 36 40 28 24 34 31 30 31 29 30 38 33 22 31 30 34 29 28 30 34 28 34 35 37 40 13 30 33 35 26 40 23 32 35 34 26 29 23 25 36 27 24 32
32 30 21 28 36 33 33 27 30 35 25 16 25 17 32 38 21 32 31 30 31 28 20 34 26 16 20 31 24 26 26 27 27 31 20 19 41 23 41 27 27 30 25 23 32 36 24 45 32 32 29 27 39 30 30 34 21 32 34 38 30 29 31 36 24 22 27 43 28 29 21 22 35 29 20 33 33 37 30 23 41 32 32 34 31 31 29 26 31 33 27 36 15 30 32 28 32 22 27 22
23 25 36 34 39 33 39 26 29 36 27 30 32 36 30 34 26 36 24 27 28 28 24 28 39 33 24 32 29 37 25 32 35 31 21 27 41 30 34 29 24 29 35 34 54 41 29 28 22 30 25 32 34 28 30 25 26 31 30 41 24 33 20 30 22 31 27 32 34 36 26 37 31 30 39 31 30 23 31 40 26 20 34 28 22 35 33 28 28 26 25 33 25 32 36 15 18 26 27 16
25 29 43 29 22 33 21 29 28 21 31 37 33 34 31 45 29 34 39 31 27 25 22 42 27 29 26 25 23 29 26 38 31 28 27 25 20 29 34 30 24 23 40 30 26 22 19 32 25 37 18 27 30 23 21 26 33 20 30 28 34 30 43 21 26 31 32 37 39 23 21 26 25 33 28 28 23 30 30 23 28 43 19 24 38 29 32 40 25 37 27 22 30 44 32 35 38 24 27 38
33 38 32 39 34 30 37 19 28 23 29 37 20 29 25 20 31 21 36 32 31 41 34 26 22 26 38 24 24 35 31 21 27 24 22 26 35 23 31 29 26 34 24 18 28 28 42 24 20 29 36 33 23 28 26 24 38 31 32 25 27 32 37 28 32 32 38 28 32 29 32 31 27 38 37 27 43 38 25 35 38 30 25 16 29 25 20 30 35 31 29 15 27 27 31 29 35 33 19 21
20 29 39 20 22 30 28 29 28 56 31 30 42 29 35 30 24 25 26 28 19 21 34 27 32 28 29 34 28 31 25 33 21 26 30 25 32 21 27 33 40 18 29 29 32 31 42 25 31 20 31 34 32 24 36 28 16 15 28 23 26 28 30 35 32 33 20 29 23 25 23 26 23 32 30 29 30 32 34 20 34 24 32 19 15 37 24 29 21 27 26 25 34 28 34 35 35 26 30 29
21 21 25 31 23 23 35 27 25 37 28 26 25 23 28 23 25 19 31 41 32 27 36 26 35 16 26 31 25 32 32 38 28 30 33 24 21 22 22 27 30 42 29 29 38 27 26 23 22 21 34 28 23 26 26 26 12 27 26 32 25 29 33 31 17 17 26 30 12 20 30 23 32 25 30 24 23 13 27 33 33 35 18 38 20 25 29 29 21 28 27 26 33 28 28 26 25 25 21 28
20 26 28 33 23 20 23 17 31 15 21 29 27 22 29 29 31 25 24 17 33 33 22 29 31 36 33 26 33 20 27 18 26 32 30 20 24 20 34 28 21 20 17 34 33 21 14 30 26 37 24 26 26 29 27 24 26 33 34 29 29 43 33 32 27 36 24 23 27 23 27 29 24 32 20 32 17 39 24 30 19 36 24 27 28 32 23 34 31 33 29 29 28 25 31 32 36 28 15 26
31 30 26 24 20 36 18 17 24 23 32 30 22 31 29 38 31 30 28 23 28 30 20 27 28 31 23 36 26 26 23 29 29 31 24 25 23 29 29 25 24 33 38 30 26 27 28 23 17 22 24 34 29 32 22 29 20 31 35 28 28 18 33 29 31 28 25 29 29 36 29 36 22 31 31 42 27 16 33 31 31 40 29 39 26 35 29 38 15 29 18 24 30 29 17 18 37 21 28 37
27 28 40 23 25 27 29 25 22 26 20 33 28 40 31 18 22 29 30 26 25 27 19 40 34 31 40 21 28 37 31 26 34 24 32 28 20 33 34 27 31 30 34 40 34 30 21 29 25 28 25 24 26 16 21 35 32 19 36 32 35 31 34 32 16 25 27 19 9 25 27 29 36 39 38 30 24 31 32 21 22 29 25 29 29 30 44 24 26 21 17 26 37 31 35 27 23 35 30 36
33 20 36 27 22 26 36 32 25 29 32 20 27 35 26 26 29 25 23 32 28 15 36 27 26 26 23 23 29 34 33 22 28 24 21 27 17 30 32 28 40 37 27 34 26 22 37 33 30 30 30 33 30 38 29 31 23 26 37 30 29 32 26 31 28 21 30 22 25 30 22 13 24 35 19 23 28 25 26 15 27 32 31 30 19 22 22 32 29 29 23 29 35 33 26 30 25 32 26 16
35 24 29 40 32 24 18 30 25 33 31 35 33 26 29 19 31 31 25 28 25 39 33 41 14 27 30 31 41 35 34 31 33 38 35 34 30 19 28 22 30 35 22 23 26 22 25 34 22 37 30 23 30 31 37 26 32 31 35 33 41 31 26 34 38 41 22 47 34 32 23 36 37 26 28 39 28 32 29 37 45 23 42 27 32 36 31 28 23 39 35 34 35 33 40 30 36 28 29 30
31 30 27 23 25 29 31 22 37 27 27 34 33 31 31 29 38 32 33 22 26 20 23 30 29 32 31 29 36 32 30 23 19 34 21 37 24 26 31 36 35 35 31 27 21 30 25 27 26 12 22 24 38 27 40 24 28 18 28 36 24 36 24 28 35 24 36 31 34 31 50 23 23 29 34 32 38 35 38 30 33 34 35 23 24 35 25 36 26 26 31 18 30 33 24 30 22 29 29 30
23 37 29 30 38 42 23 28 28 34 35 25 28 31 35 11 31 26 21 39 27 28 34 19 27 31 28 37 30 23 22 16 15 28 36 19 28 34 22 31 22 29 31 25 31 27 26 24 35 30 25 19 39 30 34 26 18 38 27 30 22 25 36 31 23 28 28 29 21 17 31 36 21 21 39 31 35 19 30 24 28 34 21 27 22 19 29 34 22 22 35 28 16 35 26 35 25 40 30 29
27 19 24 33 28 32 28 23 28 29 28 29 30 26 26 19 27 33 28 38 28 34 37 28 28 26 26 24 26 30 38 33 36 48 41 31 34 24 31 43 22 18 35 28 27 35 28 28 26 26 34 27 23 23 26 32 24 26 39 20 27 22 33 13 30 31 27 22 12 23 22 32 28 28 44 30 28 33 27 20 23 32 42 23 23 30 31 22 16 21 24 26 27 10 37 33 30 43 28 22
19 36 43 26 38 33 22 25 38 26 26 39 31 29 22 29 26 34 37 26 30 23 32 37 23 31 31 31 31 32 40 34 14 35 21 21 37 45 23 40 21 34 32 33 26 24 27 34 32 34 29 22 37 42 36 25 25 28 30 24 38 30 28 34 16 30 26 27 31 21 30 10 45 34 38 45 27 28 20 35 28 31 21 21 26 26 19 35 24 24 36 35 25 26 34 24 26 28 39 33
26 21 13 38 30 24 19 28 22 22 33 31 34 26 36 30 25 24 23 29 22 23 28 13 41 25 33 37 32 30 27 26 32 26 24 29 23 28 38 37 26 30 22 26 22 23 17 29 17 32 26 23 25 23 29 33 29 40 24 31 29 31 23 36 40 27 24 25 32 24 31 29 29 33 35 30 37 31 32 28 28 22 31 32 14 37 33 32 30 27 25 25 22 23 34 33 31 34 26 22
29 23 28 32 36 21 23 29 32 12 34 29 26 34 26 29 25 28 31 32 30 31 39 29 36 31 28 31 31 40 32 26 37 29 30 29 31 31 27 29 35 23 29 24 34 29 41 23 33 14 30 35 22 29 27 27 26 31 29 38 42 35 23 25 28 33 30 28 23 28 31 24 30 33 31 29 28 33 29 40 18 15 23 18 9 13 14 16 22 11 12 9 16 23 17 13 20 8 14 25
18 17 15 17 12 10 12 23 14 11 21 15 24 18 20 16 13 14 24 15 23 10 17 10 15 16 10 14 7 9 9 16 14 13 13 12 19 7 10 13 21 16 5 15 10 14 10 7 22 10 22 13 14 15 17 12 12 11 16 10 10 16 10 14 18 8 15 10 18 17 18 16 19 17 16 5 14 19 16 16 10 17 14 23 14 18 25 16 8 15 17 8 6 8 11 17 21 10 15 13
4 8                                                                                                  
