0.438262195121951 2032 34 25 31 34 29 41 32 29 22 26 28 30 19 26 25 24 31 28 33 24 37 35 32 21 38 31 23 23 25 24 26 32 46 31 27 25 27 34 30 33 27 60 25 28 27 25 28 28 22 30 31 23 21 27 27 24 30 33 41 35 34 27 30 34 28 74 24 26 32 34 37 33 30 34 33 23 30 29 31 32 30 22 34 31 35 24 26 30 23 31 34 19 28 24 23 31 19 38
37 32 38 30 23 28 38 24 30 17 29 38 30 30 31 36 20 36 21 26 32 32 34 28 30 34 35 25 24 27 34 31 29 30 33 40 28 34 22 20 12 32 27 32 22 28 28 31 32 30 35 31 28 25 22 33 33 38 34 29 39 30 23 28 30 29 19 22 10 26 32 32 25 27 31 40 31 36 22 24 29 32 26 13 32 18 27 29 30 25 28 26 40 39 46 27 36 37 33 26
23 24 24 31 20 32 25 41 32 24 36 18 29 24 12 24 35 25 25 27 33 31 28 27 32 35 22 38 27 26 25 28 22 17 27 29 24 37 25 35 27 20 22 30 41 28 35 29 29 26 29 35 36 38 31 26 37 24 36 21 33 27 35 32 33 20 27 26 28 18 21 29 24 27 31 28 27 28 28 37 26 21 28 23 31 28 23 30 25 28 48 21 34 39 24 28 27 28 32 31
30 25 21 21 24 30 34 22 25 33 27 34 22 26 25 30 27 47 27 40 23 27 20 32 32 31 31 27 29 28 27 21 25 17 20 25 36 21 28 28 18 25 30 26 31 38 30 29 28 27 24 25 26 36 27 43 36 29 31 35 25 31 30 27 32 28 37 31 31 31 21 28 28 23 29 24 26 38 29 15 33 36 23 22 23 28 33 38 32 33 37 24 27 22 21 24 16 32 24 32
22 33 28 22 25 25 26 21 25 28 34 17 26 23 28 22 21 22 27 31 28 36 29 29 27 37 19 29 36 23 30 29 20 28 21 25 24 30 21 35 24 24 24 31 28 34 24 23 21 22 30 30 29 31 27 30 31 24 25 34 54 51 30 29 23 28 38 21 34 28 30 21 33 25 25 23 25 15 27 30 35 32 17 25 22 25 20 30 24 27 41 31 33 29 28 23 35 33 24 18
33 32 44 32 29 30 24 28 37 29 34 27 31 23 31 30 24 28 34 24 27 21 35 28 19 29 41 23 29 31 26 33 27 29 43 41 28 20 43 27 31 22 26 27 24 21 19 20 26 40 33 30 33 29 25 21 34 33 24 31 28 32 36 28 32 25 28 30 16 28 27 35 30 24 33 27 29 27 24 18 28 26 23 23 36 22 29 31 37 30 19 37 35 27 26 25 40 31 21 36
28 32 26 27 35 33 26 28 22 22 15 20 34 28 33 26 36 29 31 29 26 31 35 29 34 43 24 28 29 27 23 28 29 27 31 25 30 29 31 30 35 31 16 31 29 26 32 35 16 34 29 21 33 30 26 32 19 32 27 28 30 16 36 36 27 14 26 37 33 26 22 31 34 31 30 31 23 36 36 33 23 28 32 32 30 24 34 34 25 30 29 35 36 36 16 34 32 31 34 28
31 36 29 27 34 28 28 21 32 31 22 33 32 38 27 26 33 28 26 43 22 25 36 22 24 46 22 32 36 24 33 28 28 18 35 29 40 38 26 27 16 39 35 28 26 38 25 33 18 7 39 32 33 31 30 33 29 29 38 26 30 26 39 27 42 19 32 21 24 27 29 31 28 27 31 28 29 42 32 35 37 21 23 26 29 29 34 32 35 31 31 27 31 31 39 40 31 27 28 32
27 28 34 24 24 30 19 23 35 21 31 25 30 36 20 25 23 24 21 26 31 15 34 29 39 28 17 22 27 30 32 16 29 29 42 30 29 18 30 32 36 23 25 28 28 39 20 28 30 27 23 22 36 27 31 28 31 28 36 35 36 36 19 28 29 29 31 28 30 31 39 27 24 26 31 31 23 32 32 25 33 26 42 26 30 26 32 31 35 28 24 39 32 27 23 28 34 36 23 26
32 36 22 27 21 25 29 33 31 27 34 25 29 24 32 36 31 47 24 33 37 31 42 42 33 33 31 18 31 33 33 28 30 27 31 26 30 36 23 18 28 34 28 20 35 34 39 30 34 38 30 30 27 22 30 29 23 29 29 28 38 24 25 28 33 35 23 25 31 34 24 31 32 48 86 25 4 25 13 34 18 27 21 35 36 19 29 26 20 19 25 29 29 27 31 28 38 43 34 26
28 39 29 31 32 17 24 27 30 20 36 30 29 26 27 31 31 30 23 40 41 27 38 29 37 31 21 24 31 17 31 21 29 17 26 22 26 32 38 22 22 26 34 38 26 24 37 32 28 46 31 26 23 29 32 29 26 24 30 36 24 29 30 29 30 28 25 44 30 24 34 28 24 23 26 22 15 29 25 29 24 30 26 25 34 25 30 30 16 36 25 24 28 31 28 35 22 33 32 23
23 27 32 35 21 33 17 19 20 27 29 18 21 34 25 33 25 32 32 34 29 33 28 21 29 27 25 31 26 25 38 32 42 28 22 30 30 28 33 34 17 26 38 33 18 33 34 25 29 39 17 35 41 26 26 27 38 27 22 38 22 21 39 27 27 34 38 21 31 28 26 13 29 11 25 29 31 18 25 41 27 30 25 29 31 39 28 21 27 30 41 20 29 28 26 43 28 28 25 32
29 39 22 9 28 41 26 31 37 25 28 27 32 37 36 39 39 25 25 24 18 30 23 15 28 40 27 22 31 22 31 23 24 31 48 23 26 40 25 21 26 32 19 31 36 37 22 39 24 31 26 34 36 37 32 26 26 25 20 39 23 26 15 31 38 30 22 26 38 30 29 27 38 32 29 33 39 29 28 21 23 28 20 32 31 23 24 25 38 23 30 25 27 40 29 28 26 32 26 25
28 31 32 32 28 40 33 33 29 28 36 31 20 36 27 20 23 30 20 27 24 25 24 23 27 39 27 22 23 27 28 33 26 30 35 27 32 30 36 34 21 27 30 25 35 31 30 39 34 31 29 29 39 29 26 29 10 27 29 21 38 33 35 25 24 30 29 32 30 30 24 26 26 29 26 18 25 10 28 27 38 33 31 34 20 33 28 25 33 25 34 25 24 36 24 25 26 25 17 26
22 30 36 19 33 23 44 43 16 35 25 36 18 28 24 28 10 29 25 36 29 35 28 34 36 31 37 24 25 43 38 23 30 22 22 25 36 29 35 29 21 20 35 30 24 35 33 31 24 23 36 28 20 28 32 31 35 42 27 33 40 32 28 28 25 31 38 37 27 27 29 28 26 27 30 30 28 19 25 36 31 35 29 23 32 32 36 37 29 23 38 27 37 37 38 34 35 27 31 29
21 28 24 21 26 18 23 27 20 29 24 27 32 41 30 42 35 27 30 29 28 31 28 23 39 27 29 22 31 35 28 31 30 41 38 29 26 38 19 26 22 27 26 34 23 41 30 33 32 34 21 39 31 21 36 26 30 34 29 29 24 24 29 32 27 21 27 23 29 29 22 31 20 23 39 39 26 33 24 29 23 24 25 34 34 26 30 29 30 34 30 38 31 36 35 42 30 35 34 19
27 24 28 37 28 26 27 25 26 26 27 13 21 32 29 16 21 31 13 23 27 31 28 25 38 24 40 21 27 20 21 34 29 25 18 20 29 26 23 35 38 34 17 24 36 35 26 27 26 29 22 31 30 26 23 28 35 36 35 23 28 27 33 31 27 29 31 26 27 28 31 30 41 33 28 24 35 32 26 22 31 26 40 29 25 24 30 27 32 31 15 25 34 33 28 33 17 26 31 23
21 26 27 25 31 35 27 32 35 27 35 39 33 27 31 21 25 32 17 31 36 28 35 21 18 28 25 28 30 25 17 25 26 30 34 34 18 27 19 31 16 30 42 20 23 37 40 26 32 18 29 30 23 32 26 31 30 26 31 23 25 32 29 30 27 19 20 25 24 26 26 36 28 37 18 28 33 25 34 33 26 32 32 22 28 26 21 29 36 37 32 31 31 27 35 32 30 37 16 25
28 40 30 28 37 25 29 26 28 21 31 24 49 34 29 26 28 24 31 36 40 21 28 25 68 26 28 30 25 34 23 28 25 31 19 34 27 26 24 29 30 31 30 21 28 28 29 26 29 37 25 33 41 29 20 38 25 28 24 25 31 27 21 23 36 36 25 28 28 22 36 23 33 32 25 29 25 26 31 28 30 27 22 27 19 39 29 28 32 26 35 33 27 30 26 25 26 29 27 27
26 27 36 25 32 37 36 26 34 25 25 21 20 31 23 29 32 21 23 35 26 21 33 31 24 26 15 32 30 30 23 28 27 13 35 26 23 19 22 25 37 31 25 18 18 33 27 34 19 22 29 30 39 21 26 23 31 19 15 25 25 34 29 22 24 19 32 29 12 13 29 21 23 33 25 30 18 21 16 26 21 23 21 31 24 25 21 32 21 41 20 37 30 30 30 27 20 30 29 34
32 29 28 16 26 26 30 20 32 35 30 19 25 28 38 26 39 32 25 30 28 19 26 24 25 19 32 32 30 27 34 30 28 26                                                                  
