0.233333333333333 1533 28 30 24 29 31 27 37 34 29 27 34 27 42 23 29 25 34 38 34 29 31 32 26 41 29 31 25 28 57 27 29 44 30 40 38 21 22 33 27 38 23 21 36 39 40 28 34 26 31 31 25 20 34 36 30 20 26 31 37 28 34 34 37 34 31 31 30 22 34 26 30 45 37 33 31 30 29 30 33 44 34 36 40 41 34 32 31 23 29 35 24 30 35 26 30 32 31 34
51 39 37 29 25 27 34 30 22 23 29 33 31 38 27 35 23 40 42 36 24 27 33 45 30 38 28 32 33 24 40 19 30 34 26 37 28 27 33 26 40 25 29 33 37 35 19 37 21 28 26 32 28 30 22 38 42 37 38 22 38 32 25 30 24 37 27 19 29 32 29 38 39 40 24 33 26 41 41 28 34 34 30 40 32 35 26 35 32 39 35 31 35 35 38 35 44 28 32 36
28 27 24 35 35 28 32 39 29 33 34 30 34 29 29 39 33 20 31 34 27 20 29 26 29 51 29 24 28 33 39 30 31 22 39 32 33 33 40 32 29 31 31 38 28 43 32 32 24 39 33 21 33 35 32 39 25 39 27 41 23 34 46 28 30 26 35 31 32 26 37 26 31 37 25 16 31 28 35 26 32 36 28 35 28 29 31 39 27 31 34 46 17 38 36 26 28 38 30 26
21 34 32 40 35 42 39 23 20 43 24 37 23 26 40 29 32 38 34 32 21 18 39 43 32 31 28 29 36 24 34 27 31 36 34 35 43 33 16 26 38 29 39 32 33 21 32 31 35 34 23 25 28 38 32 33 35 35 34 33 28 25 37 34 28 28 31 44 20 27 27 27 30 27 27 18 31 34 34 21 27 33 39 18 29 34 28 29 25 38 29 32 37 28 37 27 38 12 32 22
33 25 25 23 32 37 36 18 25 32 32 37 41 35 45 27 30 43 20 25 24 35 43 32 38 28 27 25 29 29 32 33 38 45 33 30 34 35 39 40 29 30 26 21 33 61 26 28 33 41 34 31 21 24 38 35 37 32 23 26 26 32 41 25 28 33 35 24 37 20 34 35 25 28 27 25 30 28 27 28 39 30 33 14 33 26 29 35 32 28 30 34 37 41 29 25 35 31 27 31
30 41 31 30 39 26 31 21 36 36 43 38 26 28 24 33 40 34 32 33 32 27 29 35 33 43 26 31 22 27 20 27 32 39 24 37 30 35 33 34 34 39 36 25 25 26 25 40 21 32 38 33 36 28 32 36 43 29 35 39 35 31 42 32 30 26 41 33 25 30 30 23 29 29 33 19 33 33 33 26 21 19 36 33 31 34 35 26 36 41 33 28 29 32 41 24 18 30 40 31
31 29 30 28 31 41 34 43 28 33 41 24 11 23 33 35 33 33 35 43 35 25 30 29 26 27 33 37 24 40 28 29 33 27 33 29 25 24 28 32 33 38 34 39 28 29 21 26 21 33 35 38 38 32 27 24 41 32 34 32 25 31 34 43 25 27 40 32 33 34 32 28 27 35 33 29 39 32 28 30 31 35 31 41 39 19 27 29 30 35 35 37 34 37 32 25 29 32 25 33
26 33 38 27 33 32 30 33 23 29 24 31 32 29 25 28 31 32 28 41 30 22 24 34 31 37 28 33 31 44 25 34 40 30 54 30 36 18 28 27 26 30 22 33 27 34 39 47 34 24 32 36 32 27 34 31 35 38 34 34 37 26 26 28 41 30 41 37 39 34 30 28 34 36 32 22 37 30 25 28 24 33 27 39 35 28 36 36 24 23 32 36 43 29 35 39 40 30 27 40
26 30 37 26 35 34 14 29 38 31 21 24 31 34 32 26 45 29 31 33 31 26 29 33 28 43 22 27 35 29 33 30 29 36 32 30 34 30 24 27 30 35 32 35 36 26 32 41 41 27 30 44 29 34 29 41 39 33 34 34 33 25 26 28 29 21 38 34 25 33 32 34 31 43 32 33 38 30 26 46 33 27 28 28 41 24 40 27 31 29 35 29 34 40 43 32 34 52 29 34
35 26 30 31 29 32 35 47 34 45 30 38 27 24 27 29 39 26 22 21 21 38 31 34 28 34 40 28 26 30 35 28 29 39 37 41 37 31 42 31 34 32 36 23 28 25 37 29 33 37 39 32 40 22 26 29 28 30 32 38 32 31 41 20 29 35 41 22 31 37 32 26 33 26 37 31 28 35 24 41 29 38 32 32 31 31 50 29 39 24 26 37 29 38 37 26 34 31 41 30
32 34 33 29 26 38 28 34 23 35 21 36 29 26 34 35 21 31 27 26 26 31 28 32 29 36 29 33 27 35 31 26 28 36 35 23 34 36 27 40 39 26 31 40 38 26 31 32 42 31 36 38 30 14 38 31 37 44 39 31 35 30 27 41 44 31 43 35 30 27 30 29 36 28 35 32 32 33 31 32 31 38 32 28 27 45 35 40 40 38 30 28 32 33 26 23 35 34 33 29
33 30 25 31 37 31 29 28 29 29 30 32 37 29 24 39 35 28 31 35 36 29 33 27 22 51 24 37 34 24 31 22 34 19 27 24 24 32 29 36 35 33 31 29 41 27 44 26 28 30 30 28 29 25 28 32 30 40 30 34 31 35 27 35 32 31 31 36 31 29 36 33 31 24 38 34 31 37 20 43 38 31 29 39 39 22 28 31 29 25 37 41 33 41 28 27 33 33 26 29
38 36 39 27 34 38 27 29 36 29 28 27 32 40 27 40 27 32 30 28 40 26 31 35 32 32 8 32 32 29 26 23 32 46 19 22 17 25 40 29 46 27 35 26 30 25 42 25 36 25 37 44 39 29 25 27 15 26 26 25 28 25 28 36 30 30 28 22 32 34 28 31 33 30 32 28 28 36 32 33 27 30 19 40 29 33 38 31 32 33 40 46 32 26 40 24 20 32 38 36
37 29 20 25 36 29 33 28 17 29 34 30 31 33 29 22 34 38 35 38 22 38 27 23 30 21 31 35 33 32 29 33 35 28 30 39 35 37 33 34 44 40 28 42 35 25 27 29 33 34 13 34 31 28 35 25 21 35 39 27 28 26 34 38 22 35 25 32 30 24 32 32 21 23 30 29 48 19 44 27 36 21 36 34 29 30 24 36 36 26 44 23 42 38 33 37 27 32 32 26
27 32 42 35 32 30 24 34 29 37 30 27 23 33 29 18 24 21 18 28 14 24 25 28 23 31 28 20 24 26 15 22 28 22 35 22 24 22 20 29 14 28 21 26 22 19 20 23 26 32 26 22 21 19 18 31 29 30 25 18 24 15 19 25 23 31 25 23 34 16 23 24 31 28 24 19 26 16 22 21 21 22 27 23 35 22 20 26 22 22 19 25 26 28 25 22 21 30 25 30
16 34 20 15 21 32 21 18 28 27 24 16 18 25 34 23 18 18 27 13 32 19 38 16 25 24 26 18 28 18 19 33 26 26 24                                                                 
