0.466666666666667 4130 24 29 19 20 33 23 19 27 21 19 22 26 17 17 28 18 21 19 14 11 17 12 19 24 21 18 20 26 20 16 23 29 18 20 12 23 18 21 31 26 22 24 27 22 29 15 22 14 19 16 20 19 28 19 15 33 19 19 23 22 14 19 25 14 25 26 20 29 20 15 22 22 28 24 21 21 19 29 22 19 22 27 27 18 19 17 25 26 28 25 16 31 20 22 16 17 22 20
24 24 21 18 25 18 22 25 22 18 18 20 19 24 26 24 17 19 23 20 13 27 24 27 30 26 17 18 27 23 28 16 13 24 30 14 13 26 25 23 13 18 16 21 23 19 15 25 22 18 22 21 14 27 21 22 20 24 26 20 13 30 18 20 22 16 20 20 17 24 18 23 33 19 37 30 23 17 15 30 17 19 31 19 19 23 16 18 22 16 16 17 23 17 28 16 13 17 19 25
21 18 27 25 19 24 14 20 30 31 27 17 14 26 27 24 24 20 27 25 21 18 20 19 22 18 16 22 21 17 19 22 23 27 15 19 20 21 21 21 22 15 33 29 22 20 26 32 19 37 16 20 24 22 29 24 37 19 23 23 23 21 29 24 15 20 18 22 12 20 20 16 24 17 16 29 16 21 23 19 27 21 26 24 22 21 21 27 21 21 16 20 21 18 14 23 23 23 15 12
17 22 20 19 19 29 23 18 19 28 29 13 20 23 24 17 21 26 18 19 18 30 15 22 16 23 17 22 17 26 13 27 15 37 22 20 32 14 22 16 23 21 12 29 16 25 25 29 26 13 13 25 14 24 20 25 20 19 19 29 20 19 22 23 21 20 14 19 10 20 19 25 26 16 22 32 24 13 32 23 19 24 17 26 22 22 24 24 35 40 17 18 21 21 24 20 25 26 15 16
19 23 17 29 19 18 25 20 13 17 18 23 21 26 23 11 27 17 17 18 31 21 25 24 31 28 13 19 28 20 33 23 27 25 25 27 33 26 19 13 25 18 18 22 23 18 25 23 21 24 20 22 21 16 18 15 22 15 22 22 25 12 18 16 16 25 23 22 25 24 29 22 25 12 20 17 15 32 19 23 26 18 21 25 27 9 14 24 21 18 20 32 21 17 24 20 22 25 31 24
28 27 18 18 22 18 32 15 22 27 24 26 16 18 19 19 19 12 18 20 22 17 20 19 20 17 26 19 20 31 17 20 19 18 24 15 20 20 39 18 15 23 20 25 22 11 25 30 20 19 16 20 19 30 25 15 23 9 20 21 18 22 15 25 16 26 25 25 25 27 26 30 17 26 23 23 14 25 13 11 20 16 17 37 16 17 25 22 25 28 23 13 23 22 25 25 25 19 28 19
14 24 26 23 11 23 28 17 10 21 29 19 16 17 23 20 27 27 16 14 23 20 19 19 17 21 23 20 19 30 16 18 20 15 17 17 30 22 18 22 20 33 32 20 22 17 18 24 15 23 20 22 19 20 22 12 23 18 28 26 18 24 24 26 23 28 22 20 24 24 18 23 29 21 28 21 32 20 18 26 19 18 33 25 25 19 22 21 20 23 18 18 21 12 20 12 34 17 20 20
28 26 26 18 17 14 26 20 22 23 22 22 36 26 21 15 22 23 17 18 18 36 24 16 10 13 16 30 31 22 25 18 24 22 34 26 25 22 17 18 27 19 21 25 19 16 25 19 20 25 25 21 19 15 24 18 19 27 21 15 17 22 26 24 24 18 12 32 25 28 17 16 16 32 23 23 22 22 19 29 22 16 17 17 15 20 16 19 20 13 31 26 22 22 17 15 16 22 19 33
32 18 16 22 20 19 18 35 21 27 31 23 18 28 20 25 20 26 17 19 20 25 22 23 21 24 15 22 27 17 23 31 19 17 25 20 13 34 25 13 19 19 17 16 13 44 18 25 19 16 25 19 19 20 28 27 20 17 22 16 19 20 23 30 23 16 24 24 27 20 21 22 24 13 20 15 19 13 25 19 23 20 13 30 16 22 30 20 23 28 19 17 22 27 22 23 27 25 30 16
20 25 23 17 25 25 18 19 21 30 24 17 23 24 16 19 25 28 15 24 16 20 13 22 26 12 15 26 20 28 16 23 18 20 29 15 28 22 25 15 26 24 24 20 22 17 14 21 29 20 19 23 25 24 27 26 22 14 22 30 18 17 15 19 29 37 19 22 28 24 22 27 20 16 27 15 21 23 18 29 36 16 27 22 28 24 19 21 24 22 22 25 15 24 21 23 26 25 26 21
16 15 21 24 24 18 24 23 17 19 23 23 20 22 32 33 36 7 10 14 18 27 24 21 18 20 19 23 18 15 18 27 16 21 23 17 15 25 17 15 21 21 26 24 19 22 24 21 18 14 15 22 22 20 26 9 18 10 22 18 14 19 28 27 14 20 24 16 30 21 21 28 27 31 23 17 14 15 25 22 21 21 30 15 17 22 22 10 23 27 19 24 16 24 12 26 13 25 14 14
20 23 20 32 30 22 23 18 15 19 19 18 21 26 24 15 18 19 22 21 29 25 15 22 25 17 28 20 23 20 14 15 23 14 18 17 18 15 23 20 21 23 14 21 48 18 44 33 20 28 14 28 17 23 31 15 23 18 24 24 12 21 7 19 21 25 14 20 17 8 34 22 25 24 15 16 27 23 22 14 22 17 15 20 17 17 26 19 17 12 16 20 27 25 17 19 25 27 17 25
15 24 21 15 17 25 23 12 30 31 19 20 32 14 15 27 14 19 25 17 14 22 20 27 17 20 17 17 25 23 21 22 31 24 18 19 16 23 14 21 19 19 28 26 25 18 20 20 24 21 21 19 29 18 26 20 19 29 16 18 20 28 15 18 12 15 18 23 28 25 14 16 20 9 19 27 32 20 20 23 26 19 21 20 27 23 28 26 20 32 38 40 57 25 10 20 19 17 21 13
26 16 25 31 20 22 21 18 18 17 16 26 11 20 17 27 20 19 19 24 14 22 20 29 23 12 15 17 12 21 18 26 23 26 25 25 26 21 16 14 27 23 23 20 23 17 19 17 21 21 25 36 27 17 19 16 31 18 19 29 18 26 18 21 28 21 21 19 24 24 21 13 12 19 25 16 13 13 21 21 25 17 21 18 11 20 28 22 26 16 24 22 23 14 23 22 22 23 20 18
28 11 25 19 24 21 18 20 21 25 15 18 20 12 19 19 23 14 27 26 30 27 17 32 13 14 21 30 18 19 25 13 16 20 29 18 13 20 25 24 15 20 13 25 20 21 22 15 29 17 17 20 25 14 28 26 22 19 23 14 11 16 20 19 22 23 24 19 16 22 27 22 22 20 12 21 21 16 12 19 22 21 19 15 24 12 24 17 16 20 16 24 16 26 12 19 22 23 22 18
17 17 16 12 31 25 20 20 18 33 20 14 19 20 24 21 29 20 22 18 23 17 15 17 16 17 23 27 14 15 27 14 10 30 18 18 24 34 20 25 22 22 25 18 18 18 19 21 18 18 27 23 24 18 25 16 20 21 24 16 28 18 25 16 19 14 22 27 21 29 20 22 27 22 19 19 18 20 21 14 27 18 31 29 23 24 17 19 18 17 19 17 32 14 12 23 21 23 22 24
11 15 18 23 15 22 24 22 19 28 18 17 19 29 19 12 20 21 15 30 22 23 32 21 19 29 27 16 21 16 43 24 21 20 32 24 20 15 17 18 25 21 19 21 19 14 16 24 19 24 21 15 25 12 13 19 20 14 17 25 21 25 27 27 18 18 16 18 32 21 24 23 29 25 24 18 17 34 27 19 25 19 26 20 24 23 28 18 23 32 19 18 18 16 15 25 12 16 22 22
28 21 21 18 17 15 20 22 13 19 20 13 22 23 23 24 17 20 17 14 17 27 22 11 29 22 18 21 16 21 21 22 15 11 27 27 22 15 13 20 13 17 20 22 16 22 26 15 20 20 29 17 18 29 13 19 18 21 24 30 23 11 20 22 24 24 20 25 28 25 19 17 28 20 25 26 18 28 11 17 22 20 17 17 22 33 21 37 19 28 18 16 19 18 24 19 17 23 19 15
9 19 12 26 10 18 23 18 24 19 20 28 20 18 23 23 19 28 14 19 25 24 26 26 23 15 26 19 30 27 20 27 27 26 17 17 25 20 20 17 31 31 28 25 15 18 23 29 19 20 24 21 24 22 20 22 23 23 30 17 16 15 21 28 15 11 17 17 21 23 19 18 19 16 17 27 21 20 23 18 16 28 18 15 22 14 21 22 27 21 20 21 14 29 12 23 30 18 19 32
24 22 18 23 22 23 24 17 16 23 22 21 30 20 19 13 23 21 31 29 25 20 27 24 15 18 20 22 23 21 24 16 23 22 19 19 28 18 21 13 22 11 23 24 26 25 23 28 29 25 26 21 21 26 24 17 23 20 27 28 23 25 19 30 18 29 19 19 22 19 17 16 21 23 19 20 14 16 22 18 22 18 19 24 16 30 20 23 25 20 23 21 22 25 17 22 16 16 18 19
27 26 29 25 18 26 23 17 22 18 30 24 12 24 18 19 21 16 23 23 24 20 19 17 26 16 32 16 13 26 27 21 26 27 17 24 23 26 31 11 24 22 34 23 15 13 27 24 23 16 19 24 23 19 18 17 18 16 21 13 18 25 21 26 13 52 41 42 9 18 19 24 20 24 20 25 21 28 27 16 24 23 22 31 21 20 17 19 15 11 17 20 24 31 22 22 30 12 11 28
22 15 27 18 21 26 17 16 9 28 21 24 19 26 23 17 17 14 25 28 18 30 27 27 20 21 19 16 22 20 21 25 18 27 29 21 70 15 22 33 18 27 46 19 14 20 19 23 22 17 18 26 19 14 22 22 27 18 22 35 16 15 28 18 32 21 23 24 28 19 23 15 18 19 18 36 14 23 25 21 22 16 15 25 17 17 26 21 20 21 19 21 26 27 25 13 25 26 20 18
21 16 19 26 24 23 23 26 17 20 27 29 19 24 19 16 26 22 26 24 23 21 22 31 19 16 30 17 33 20 22 22 24 18 28 25 16 19 24 26 22 12 19 26 24 21 15 28 19 24 19 20 23 28 18 29 32 28 24 27 23 26 19 24 18 23 17 17 16 30 20 16 30 24 24 17 17 24 19 19 23 29 30 23 26 25 24 24 21 24 22 26 15 10 24 25 19 19 25 27
20 30 11 29 23 26 25 18 15 26 25 25 28 24 22 28 23 19 28 20 29 16 25 40 23 23 21 27 22 18 24 18 16 29 25 14 15 30 20 17 21 19 22 31 22 32 17 21 23 32 16 19 19 20 19 15 15 31 25 30 22 25 38 24 14 34 26 17 17 23 13 18 23 24 27 29 22 38 18 22 19 21 19 13 30 22 27 22 27 28 21 26 18 28 25 22 19 21 19 10
16 20 16 16 25 32 20 19 18 27 20 16 20 24 17 15 25 26 31 19 18 20 25 20 27 33 20 34 27 16 30 25 25 27 31 24 20 20 27 21 23 17 17 20 26 15 22 27 23 19 25 26 20 20 16 16 22 23 26 25 20 19 20 29 30 24 33 16 20 19 28 22 22 16 20 30 26 31 17 20 23 22 21 17 21 30 21 18 20 19 27 22 21 21 21 11 20 15 18 15
28 23 24 17 19 26 32 24 20 12 24 18 22 22 28 25 34 9 31 24 23 23 23 16 20 16 24 16 17 27 16 26 19 19 16 28 26 19 18 15 20 18 28 28 16 24 27 28 22 18 26 26 18 21 21 18 26 9 24 12 17 21 21 20 23 11 21 24 15 17 20 20 12 20 22 11 15 25 24 24 23 16 24 20 19 21 20 26 20 18 22 20 17 29 20 20 28 30 23 23
22 23 18 15 19 29 28 19 17 22 24 21 22 20 29 17 20 30 16 26 26 22 19 19 15 29 15 32 27 21 18 25 18 20 18 28 23 20 20 19 25 22 27 23 24 18 20 22 23 17 23 19 21 19 15 17 20 22 24 14 23 30 21 19 24 25 17 25 21 22 20 25 20 7 23 11 29 21 18 25 13 24 16 15 13 16 31 14 24 23 16 16 28 21 23 17 32 21 19 25
22 16 21 23 18 20 16 26 21 27 14 22 24 24 22 24 30 18 15 18 20 23 28 17 23 18 19 18 17 16 19 29 22 24 25 19 22 31 24 25 24 29 18 25 23 23 19 22 18 25 22 21 15 18 31 16 17 26 21 26 18 24 21 15 16 24 22 22 19 20 16 16 23 19 18 14 21 14 18 13 19 25 20 23 26 22 15 16 15 24 17 25 24 24 25 27 14 23 20 23
20 27 21 20 18 15 20 21 26 25 11 22 17 17 23 12 19 17 32 23 16 16 23 19 20 29 24 24 29 16 26 23 27 34 17 25 16 24 26 16 29 25 28 14 15 21 19 26 26 21 25 22 25 16 15 27 16 18 20 18 23 12 16 15 18 34 16 18 27 23 23 20 26 21 21 20 19 18 24 19 26 17 22 14 17 27 28 24 18 19 23 23 23 26 19 17 23 23 15 22
18 29 29 23 26 23 21 23 21 24 20 31 25 22 26 10 20 22 25 22 23 23 21 19 23 23 28 26 16 22 29 19 18 21 23 24 21 24 25 26 27 23 21 31 22 26 25 24 15 25 38 26 21 19 20 25 22 10 33 32 24 19 23 22 35 20 21 27 24 21 22 26 18 31 35 17 18 23 24 27 19 25 19 21 22 23 20 19 20 24 29 29 22 24 22 17 22 20 35 18
22 20 27 24 20 21 19 30 24 18 26 24 24 21 26 24 20 22 27 20 14 22 18 18 20 15 15 19 16 15 22 24 21 23 20 25 24 20 29 20 21 30 25 18 23 22 22 29 28 19 28 24 23 22 19 18 31 24 16 20 25 19 31 27 24 25 19 28 25 28 18 19 19 23 16 22 17 25 25 24 40 29 19 18 18 27 16 13 15 17 15 33 27 23 17 20 24 22 22 26
15 31 20 13 20 13 20 21 19 28 26 25 26 25 31 28 14 24 17 28 23 22 15 24 18 19 19 17 18 20 15 24 22 16 19 20 19 21 18 34 22 23 16 18 19 18 33 25 17 21 22 21 26 24 20 26 22 17 26 31 35 16 20 26 28 22 20 27 36 16 27 33 24 19 19 22 22 25 22 19 18 24 26 27 23 26 27 26 17 23 24 31 22 19 20 20 24 19 26 29
21 22 25 22 26 24 10 14 24 27 20 16 29 22 24 19 22 27 25 18 18 27 30 19 30 30 29 18 17 19 27 26 14 26 24 22 24 31 18 18 24 25 32 26 21 18 18 18 18 25 31 13 23 13 17 27 24 28 21 34 24 23 21 23 26 22 18 32 19 27 14 19 24 31 24 36 25 20 24 24 21 28 28 20 20 22 16 18 18 21 21 25 25 20 27 22 19 25 12 24
26 21 29 20 21 24 24 24 19 24 21 29 21 21 24 18 29 27 24 25 24 21 25 18 22 19 19 16 29 23 28 25 19 25 33 28 19 25 18 18 16 21 19 24 18 18 20 19 20 15 17 23 20 22 17 19 28 29 24 16 16 19 27 21 23 22 21 26 24 19 18 14 24 18 18 15 20 16 21 28 24 17 37 16 21 23 27 24 17 17 9 15 22 23 12 17 18 28 16 32
23 30 39 48 27 38 23 23 27 25 19 26 24 15 26 27 23 24 17 10 33 30 23 15 20 25 25 21 20 27 24 18 17 21 30 23 36 24 21 29 20 23 24 25 25 16 24 26 22 20 29 22 26 20 21 23 21 18 19 17 16 23 14 19 21 22 15 21 18 31 31 27 20 13 17 28 22 28 26 19 20 21 22 14 30 29 26 22 29 16 29 25 23 21 23 20 28 27 15 27
24 30 17 18 19 22 15 18 21 17 16 19 14 23 25 19 18 25 31 16 18 27 20 28 16 20 12 13 26 25 22 23 20 20 21 18 18 21 19 22 20 15 28 23 22 24 20 22 29 16 10 19 19 21 24 16 23 13 15 18 25 27 20 19 24 13 20 16 20 20 25 17 17 19 27 15 18 19 16 26 24 15 14 23 17 20 26 12 27 17 25 15 28 21 15 26 8 42 25 30
24 20 18 20 11 24 19 22 19 27 35 23 16 24 29 17 15 15 12 16 19 18 25 24 28 18 25 17 22 22 10 17 25 25 17 24 18 16 28 20 13 18 21 26 25 16 17 21 29 34 20 29 23 15 19 26 24 20 29 18 22 18 25 25 22 28 19 20 21 12 19 31 14 28 22 24 23 23 26 22 16 23 23 26 16 20 25 31 28 20 17 17 23 22 31 25 14 14 18 25
16 18 22 19 18 9 22 14 23 17 22 23 26 26 19 28 18 12 15 15 23 21 22 29 28 23 17 19 21 18 27 18 28 13 26 20 21 24 22 22 17 22 26 24 26 16 28 30 26 26 21 22 26 16 23 21 32 21 16 30 24 14 22 16 25 20 25 24 27 32 25 13 18 23 20 18 21 21 21 23 31 15 28 27 29 18 15 13 32 21 30 24 17 22 23 19 18 22 23 22
20 17 28 26 21 21 31 18 20 16 16 20 23 28 25 42 17 26 26 12 20 20 22 23 19 16 18 15 24 18 17 20 19 27 20 24 17 17 21 15 29 23 14 23 15 24 19 23 17 22 28 20 25 24 20 22 25 16 15 19 24 23 21 26 21 18 18 14 22 20 20 19 32 22 20 23 18 23 26 10 31 20 25 19 24 21 26 24 19 16 18 33 25 35 25 17 25 21 17 23
25 24 27 24 16 28 24 18 18 15 20 27 18 20 17 21 23 28 29 21 17 24 21 20 23 28 14 22 29 25 27 25 18 21 28 31 20 23 25 23 20 22 27 30 16 21 22 22 22 15 17 19 26 18 17 21 19 21 28 25 23 20 26 18 23 9 5 7 10 10 12 10 10 8 6 7 7 11 5 9 19 10 11 12 8 5 9 14 10 7 11 10 8 6 7 15 7 13 12 10
10 12 14 10 8 9 10 13 13 13 11 5 10 8 16 13 12 14 16 15 7 8 11 12 9 7 5 11 17 9 12 13 15 6 8 14 7 7 12 9 16 7 9 12 6 13 9 7 13 13 12 10 9 16 9 8 11 13 13 10 9 10 9 8 15 10 10 13 10 13 9 21 5 9 6 8 10 10 6 14 19 12 7 16 13 6 9 14 5 11 9 9 11 14 17 20 14 13 11 11
7 11 7 7 10 13 7 11 10 6 14 13 14 10 11 12 15 15 15 10 13 4 8 8 11 9 13 9 10 8 10 11                                                                    
