0.433333333333333 2011 39 33 19 46 38 26 32 43 44 36 37 36 31 36 39 34 33 27 45 31 33 48 34 29 26 38 21 39 23 23 27 25 36 32 38 31 38 50 26 31 26 29 35 40 30 39 40 39 42 30 36 18 31 34 32 35 36 37 36 33 30 31 31 32 34 30 27 14 47 19 39 39 30 39 17 34 35 44 13 31 33 29 32 29 35 27 33 42 33 38 29 39 14 30 39 41 38 40
38 25 30 31 42 27 31 20 35 36 40 34 26 36 41 36 38 37 38 31 41 27 40 33 13 30 23 36 41 30 29 44 29 37 31 33 21 40 40 33 37 28 32 22 31 34 34 45 19 44 29 30 31 35 31 29 21 35 48 23 35 35 34 26 19 41 28 38 40 25 30 26 30 42 24 27 36 28 24 20 31 34 31 36 31 37 27 25 37 30 28 23 24 24 30 25 11 30 25 24
33 33 31 37 33 37 23 36 35 34 36 32 28 15 26 25 43 31 20 29 31 38 47 24 33 42 42 32 23 38 44 28 28 24 28 38 29 29 34 29 39 33 32 34 28 20 25 29 40 26 30 47 26 41 28 27 29 35 37 28 35 17 43 37 33 34 28 32 37 33 40 31 27 35 39 28 30 33 28 25 30 45 37 35 30 19 22 30 31 30 23 30 31 39 36 35 28 49 29 30
30 28 31 31 44 26 28 37 25 20 35 33 34 32 36 55 33 29 33 35 21 32 37 32 32 35 30 27 46 33 15 34 35 26 34 33 38 34 28 18 38 32 44 28 29 34 36 35 25 33 24 30 26 43 39 29 28 36 28 35 31 26 30 32 38 30 42 36 20 23 40 24 34 21 24 32 24 30 36 27 26 34 28 26 23 34 28 41 32 40 26 27 36 27 21 33 19 32 37 32
38 35 26 48 23 34 39 34 24 26 37 24 46 34 32 42 32 30 29 36 34 35 30 29 33 25 33 10 39 31 37 36 30 29 31 40 37 27 36 28 37 35 40 17 43 45 28 34 29 30 32 22 26 26 32 31 32 37 23 29 24 22 36 30 26 36 30 27 27 28 35 40 35 42 36 45 48 53 32 28 40 42 41 25 29 28 37 32 31 44 34 31 30 31 32 42 35 32 40 27
34 31 28 33 37 33 31 33 36 31 29 34 26 45 41 30 38 49 36 37 31 31 33 26 44 30 34 37 53 71 30 32 42 32 37 31 38 31 33 29 23 31 41 25 35 29 32 32 31 27 37 28 36 35 25 24 25 33 29 29 19 30 31 29 38 34 32 30 29 27 31 38 26 31 20 34 38 23 36 32 33 27 30 38 29 34 31 28 27 37 39 23 31 22 54 29 25 21 40 33
45 35 21 25 24 32 37 46 35 40 12 44 28 32 33 39 29 32 46 28 33 35 35 22 26 35 25 28 47 37 34 39 34 35 52 32 38 27 33 13 36 38 22 42 41 29 31 37 39 39 30 33 21 22 34 35 36 41 28 32 52 31 40 36 27 37 44 35 40 34 38 27 33 28 37 39 26 28 29 37 25 35 41 31 36 28 32 29 17 27 30 32 23 39 33 45 39 40 34 32
30 41 40 29 31 28 39 32 34 27 33 33 41 25 27 34 32 30 33 18 41 32 28 25 26 36 32 37 33 21 28 34 38 20 34 32 27 28 33 24 33 19 30 35 27 32 24 50 27 34 40 31 27 29 32 31 36 45 32 12 34 39 40 25 36 26 31 42 12 29 23 33 21 30 32 26 31 26 33 31 35 23 37 29 35 31 35 27 32 36 37 30 42 26 34 33 43 41 29 38
30 36 40 22 26 38 34 28 27 42 30 41 39 38 40 37 23 29 27 37 29 28 31 31 25 41 37 38 40 35 38 32 33 28 33 35 30 50 40 33 29 27 37 38 40 42 39 18 32 42 41 33 33 38 32 32 33 39 26 29 31 30 45 35 35 34 38 28 40 37 32 41 31 32 39 23 35 23 26 36 30 38 28 23 25 31 36 45 48 40 33 29 22 38 35 35 41 48 15 36
35 36 29 37 31 26 31 32 42 22 28 33 36 37 37 41 33 27 28 48 30 36 33 32 25 26 22 34 24 43 39 49 30 44 31 48 40 45 43 35 27 39 39 29 28 26 32 30 26 44 51 35 29 32 31 36 25 22 29 38 39 40 39 19 34 34 14 32 31 33 23 31 29 31 36 15 19 35 39 24 27 19 33 25 38 38 47 26 23 31 36 10 28 32 38 37 35 30 27 39
37 28 30 40 31 26 24 11 40 20 40 35 36 41 31 38 32 39 12 42 33 36 25 44 28 17 26 34 29 23 39 28 45 44 40 39 29 31 38 38 26 37 36 34 32 35 26 36 21 22 48 42 43 34 30 40 24 38 21 42 27 35 48 37 41 31 42 29 22 36 35 32 34 45 32 34 29 35 37 34 35 33 37 28 17 31 31 32 45 28 31 25 35 45 39 34 21 40 26 38
35 35 42 36 34 25 32 32 23 35 43 37 28 30 43 27 31 36 30 30 38 42 27 41 24 27 50 23 29 12 28 37 13 36 45 45 37 39 27 30 26 19 32 36 34 40 31 35 28 33 26 43 17 29 28 26 26 22 37 25 27 24 29 29 16 32 36 35 29 30 40 28 28 39 25 30 28 31 24 25 28 25 38 27 45 40 26 22 24 27 24 29 20 31 35 35 29 31 40 34
40 32 32 37 33 35 51 33 14 28 30 41 45 17 40 28 30 30 30 40 43 26 26 37 30 25 34 37 28 40 31 37 29 35 37 30 44 27 37 32 40 34 31 41 26 39 29 34 25 31 34 32 35 37 27 35 37 33 35 32 36 29 23 27 31 46 26 33 30 29 16 33 30 39 42 37 42 30 31 30 29 29 33 37 28 31 28 32 34 31 31 35 31 21 23 43 17 35 25 45
35 27 35 28 25 28 36 18 32 28 29 37 25 21 36 37 32 19 28 35 34 24 27 30 43 36 25 31 39 29 28 38 31 32 23 33 42 33 35 34 38 41 31 34 43 33 45 37 31 30 27 37 35 36 34 30 38 37 34 24 40 30 26 40 31 27 30 34 42 34 47 29 40 32 29 37 58 35 45 21 36 35 44 21 38 32 40 29 25 31 31 30 36 41 29 42 33 29 20 33
20 42 29 28 37 38 41 25 28 36 34 37 45 35 47 36 29 33 32 32 37 45 28 22 29 37 28 38 28 29 26 32 38 31 24 24 29 30 30 44 29 44 34 28 30 38 31 37 45 35 48 32 38 19 37 42 44 31 23 32 33 37 39 31 39 29 29 30 43 33 54 42 46 32 44 32 30 33 33 30 42 26 17 29 27 29 30 26 27 27 29 34 33 28 33 27 27 29 29 34
31 38 34 30 27 30 31 24 26 29 25 33 39 38 19 33 30 31 30 26 23 31 32 31 38 42 27 35 35 38 34 21 20 40 30 42 32 40 36 23 40 27 26 30 31 34 31 28 27 37 41 42 40 28 40 27 42 29 31 23 34 35 21 24 29 33 32 24 29 38 40 30 33 33 32 29 32 34 40 33 39 19 26 30 32 34 42 26 24 41 31 36 23 40 43 33 25 33 27 34
27 38 26 24 45 26 29 37 31 42 28 33 43 36 14 34 24 37 32 45 36 31 18 36 28 23 29 33 32 37 38 26 32 26 20 37 19 42 31 27 39 29 41 41 32 32 23 30 45 20 29 42 25 38 33 34 30 40 43 42 28 27 29 41 36 46 24 44 32 34 49 30 43 40 25 32 39 30 35 33 40 39 35 39 30 26 27 34 15 39 25 37 26 34 33 33 31 30 38 31
40 42 52 30 29 43 46 25 26 36 33 32 34 31 36 34 26 36 31 34 33 34 30 36 34 37 19 27 26 37 31 42 36 31 16 29 28 41 26 39 37 37 30 29 29 25 30 35 30 29 27 45 22 33 43 24 26 47 28 27 34 36 23 38 21 47 41 40 33 37 36 32 24 40 32 42 34 35 42 26 29 15 40 36 35 24 31 28 38 45 39 31 51 30 30 38 35 43 33 49
31 32 34 32 31 38 28 24 15 38 37 24 38 26 38 30 31 45 27 33 22 22 28 31 32 35 31 26 36 24 31 31 22 21 25 34 35 33 32 34 11 80 28 43 44 26 37 28 35 26 25 22 36 25 29 35 28 37 21 37 34 29 31 37 33 31 32 34 29 28 28 36 48 24 22 26 36 26 25 39 27 22 24 26 23 38 37 30 23 29 36 39 23 43 23 26 29 30 25 32
30 44 37 29 33 24 45 36 33 48 39 21 38 37 37 43 26 25 25 29 27 41 30 15 23 38 37 49 31 37 27 22 36 26 27 26 28 33 46 38 35 23 26 33 31 42 35 45 37 36 34 33 23 15 28 28 26 24 33 29 29 25 34 26 15 42 45 28 44 30 33 41 31 35 38 34 27 43 18 18 36 27 36 30 28 30 38 39 25 30 34 33 32 31 30 35 29 26 31 36
34 35 37 29 32 31 42 28 43 36 30 33 7                                                                                       
