0.466666666666667 4664 24 37 25 46 25 37 25 23 33 25 37 27 28 24 16 30 35 36 27 21 27 35 27 24 29 29 13 23 29 34 25 31 29 27 33 39 27 25 29 24 22 36 34 27 26 45 42 48 13 23 34 30 32 17 20 34 30 22 26 38 34 29 26 24 28 37 27 24 33 28 27 23 23 30 34 28 18 12 35 28 19 29 36 22 24 24 27 22 33 28 24 28 27 21 28 25 27 25
26 32 36 29 35 26 38 36 25 39 35 28 26 30 30 31 34 34 28 36 41 30 27 18 29 44 27 30 41 28 17 34 22 26 34 32 27 33 31 28 26 34 28 33 30 32 39 34 30 27 94 65 24 36 27 24 30 20 29 21 29 13 26 33 41 30 32 40 40 26 21 28 35 20 30 15 23 23 30 35 29 23 26 31 24 35 25 33 41 29 35 35 30 34 32 32 25 29 29 28
31 33 26 8 29 25 19 36 24 32 36 36 34 26 34 29 26 19 37 20 32 30 24 39 38 23 27 20 14 33 32 23 22 34 24 22 36 19 38 22 23 26 30 30 22 29 22 25 34 26 24 30 31 31 24 27 23 38 23 29 24 20 12 18 38 30 33 16 29 24 37 34 28 40 29 33 23 35 36 32 29 32 33 41 16 36 30 25 18 38 31 28 23 36 22 13 25 35 31 31
33 23 17 29 25 28 27 25 35 25 19 31 22 30 30 32 29 20 26 33 28 23 26 24 23 31 21 35 27 36 23 30 37 24 36 21 27 39 26 35 32 26 38 38 42 26 36 19 27 26 28 26 30 20 32 34 25 26 39 34 30 24 34 35 25 41 33 29 27 19 23 25 33 26 21 30 43 31 30 29 24 27 27 38 39 67 29 33 28 25 26 30 34 29 26 38 27 33 30 20
25 21 31 30 29 40 35 31 30 29 30 24 41 28 38 26 26 39 31 30 37 29 28 30 20 14 33 34 27 40 18 24 23 17 31 25 32 25 24 33 25 36 32 34 29 26 30 22 28 33 33 28 37 34 21 36 33 31 27 23 34 29 32 29 28 24 35 21 30 29 32 31 31 23 28 29 28 15 40 40 39 35 25 35 28 38 24 25 35 27 28 34 27 41 24 34 35 36 33 28
31 33 30 36 23 21 40 22 37 33 25 33 38 27 35 21 39 35 9 28 25 30 25 35 33 29 29 20 36 36 15 28 33 26 23 33 32 27 21 31 26 34 40 29 29 20 30 26 28 29 17 28 25 29 32 33 25 31 30 25 27 23 34 17 27 34 43 24 27 32 37 33 23 32 33 21 30 43 22 32 28 31 29 32 25 22 24 17 25 33 37 36 33 25 33 26 30 25 25 14
21 46 23 31 25 23 29 28 13 32 34 38 22 42 27 27 22 35 34 33 36 26 22 28 25 36 27 23 31 36 32 37 37 40 31 28 29 34 29 24 28 18 33 25 24 32 33 24 31 27 25 27 21 36 22 25 29 29 25 27 37 17 31 32 28 22 25 31 25 40 24 26 20 38 24 22 28 44 29 31 35 17 28 28 25 22 29 31 22 24 24 23 34 31 24 26 35 18 26 34
29 25 34 30 43 30 35 33 32 25 34 25 22 25 30 24 34 28 33 30 31 31 26 37 21 31 46 25 35 41 37 35 23 38 32 33 28 34 35 42 29 27 38 29 28 37 33 23 32 25 29 30 35 9 29 32 31 41 29 33 29 33 33 28 24 44 35 28 37 28 34 29 29 26 24 28 26 22 24 29 30 33 21 26 34 27 23 27 33 29 28 28 30 40 39 35 25 23 37 35
28 31 32 32 21 26 30 31 25 41 31 25 28 27 31 27 31 27 29 23 20 35 21 22 17 42 31 30 32 34 48 26 27 21 31 32 24 26 25 23 31 26 30 19 34 29 33 12 30 27 31 29 20 33 24 27 27 29 32 19 29 26 30 22 37 36 26 29 23 35 30 33 32 27 30 33 35 42 33 27 16 31 19 38 26 33 30 34 32 31 29 25 22 34 29 30 21 34 26 23
36 21 27 39 34 25 42 42 36 24 21 20 22 34 22 32 25 38 25 23 30 26 40 28 31 36 22 21 28 32 31 35 30 22 24 27 30 28 27 32 30 29 14 20 26 34 40 28 28 22 29 17 16 22 22 24 35 21 26 23 28 31 27 33 34 32 26 32 39 26 27 31 39 30 23 34 38 42 29 35 27 25 22 21 38 11 18 27 18 30 24 34 23 31 38 22 24 34 28 22
26 28 17 30 23 29 29 23 22 26 28 36 34 30 31 25 25 21 22 21 27 26 28 31 38 29 23 26 27 26 34 21 32 32 27 28 30 27 31 24 33 17 29 28 25 26 29 30 33 24 33 30 30 27 24 29 20 24 24 24 29 26 33 28 24 32 28 40 22 28 24 25 26 26 26 29 21 27 25 26 24 27 25 26 32 22 19 28 29 28 25 26 20 21 28 24 18 27 21 43
26 21 24 28 29 14 25 36 24 42 24 37 21 30 40 28 25 31 15 39 36 38 25 38 26 33 25 25 40 34 23 21 21 24 27 33 31 39 28 25 25 43 28 57 21 12 29 37 39 40 36 31 37 21 27 34 24 25 29 23 19 25 17 27 37 23 19 23 14 32 21 39 24 29 36 39 31 36 28 26 28 36 20 37 35 24 30 29 29 29 29 21 22 31 29 30 30 29 30 33
28 28 25 29 36 27 45 35 32 31 37 24 30 31 27 34 38 22 28 20 30 32 26 32 32 28 31 45 31 30 35 40 33 26 34 27 20 32 31 29 37 29 18 16 34 28 26 30 12 23 22 39 25 32 16 35 25 31 23 24 23 30 42 33 26 28 33 39 39 30 32 28 35 26 27 32 15 19 29 33 37 24 25 78 36 51 97 38 42 22 27 23 16 34 21 20 39 35 20 29
21 34 37 27 37 20 19 26 34 42 22 28 25 24 35 19 23 34 37 34 29 31 29 36 34 33 24 20 29 35 34 26 27 32 30 21 32 32 38 25 25 29 24 31 21 25 37 39 36 19 39 23 37 21 18 29 35 32 36 16 20 33 28 19 31 26 26 43 27 40 28 34 28 29 31 28 29 34 25 29 26 32 31 21 22 27 36 26 23 34 25 36 25 27 17 29 23 19 24 27
32 28 24 22 24 31 26 25 38 27 28 25 30 22 29 32 33 31 17 33 54 29 18 30 23 25 31 29 31 41 26 32 40 35 22 38 24 31 23 28 34 39 18 32 29 26 30 28 19 33 36 27 46 41 42 50 84 45 37 24 42 36 40 28 23 27 35 40 16 30 37 31 33 29 34 35 33 27 17 37 25 26 30 31 31 32 12 35 37 40 29 27 35 40 26 21 27 35 30 27
23 27 24 37 31 24 21 18 40 28 33 28 24 28 15 20 25 38 26 35 31 40 22 29 28 31 29 30 39 29 22 41 36 32 24 26 27 30 29 34 28 39 32 24 41 24 24 33 36 31 41 15 26 36 29 38 35 28 33 31 38 34 18 32 26 32 29 20 15 33 13 22 31 30 31 22 24 25 18 24 30 29 32 19 24 39 28 29 24 32 18 18 29 18 25 41 28 33 25 28
39 30 21 34 21 36 20 40 41 30 38 26 26 31 29 27 13 22 7 36 22 34 34 28 29 34 28 25 28 25 17 26 31 21 24 48 32 36 36 41 27 34 40 32 18 35 27 32 33 35 33 27 27 34 30 23 27 22 25 28 37 11 25 41 39 27 37 29 36 26 20 36 27 27 37 43 32 33 34 33 29 36 29 31 31 23 29 30 28 23 23 35 21 22 24 28 13 26 36 20
31 34 28 23 21 25 24 37 26 19 26 24 28 14 21 26 27 32 25 31 30 22 30 31 20 25 25 32 22 23 36 25 33 32 35 23 36 36 42 35 18 18 26 21 32 32 33 40 28 30 18 20 28 9 33 21 28 31 37 26 24 33 26 31 39 27 30 37 23 31 18 32 38 32 19 32 24 29 29 32 27 31 29 35 30 30 26 34 32 51 36 32 25 29 27 25 27 34 41 21
31 35 17 29 26 26 33 27 27 33 36 34 21 30 28 33 36 28 36 40 41 34 27 30 18 25 27 22 31 24 26 26 31 27 32 29 31 43 31 32 25 28 20 30 26 31 43 37 22 32 34 32 37 24 29 24 31 12 27 25 35 36 32 36 27 32 38 35 36 27 36 29 25 34 38 24 37 39 37 20 17 38 21 29 30 33 28 23 22 32 28 20 29 29 26 34 37 43 41 34
29 40 37 35 36 39 32 37 22 31 31 18 34 22 22 21 21 22 33 25 22 32 35 33 26 32 39 32 37 23 34 24 38 26 25 32 35 27 26 25 14 29 26 36 26 26 18 31 38 24 20 30 29 27 33 35 33 25 31 30 29 28 24 27 39 33 26 23 29 27 30 32 36 15 36 31 34 25 25 27 35 28 21 18 33 32 25 23 24 34 27 29 26 17 28 21 25 22 21 29
27 30 26 30 29 28 30 23 24 24 29 33 32 33 13 29 31 25 37 22 29 29 31 18 26 29 25 31 33 31 44 34 34 68 37 27 28 31 28 21 24 29 21 27 29 16 28 25 28 32 29 37 22 31 33 40 21 21 34 28 31 29 26 26 30 18 32 24 25 30 29 37 31 25 28 28 42 41 27 26 27 21 28 24 28 33 31 35 29 22 35 30 16 36 25 31 28 33 29 22
22 28 33 21 23 30 13 21 12 22 25 30 34 27 29 28 22 13 23 26 25 31 23 28 19 23 35 20 24 22 32 33 37 43 23 24 32 31 34 25 31 30 23 24 30 26 26 26 22 31 23 20 31 24 24 32 23 29 24 32 24 24 29 17 24 36 18 27 29 32 24 28 31 21 25 27 35 24 24 34 25 23 22 26 18 26 23 27 21 20 27 36 32 31 29 27 25 33 27 24
33 17 33 24 41 30 40 33 37 21 22 29 31 26 29 28 26 42 35 35 35 33 34 26 26 22 22 41 24 31 35 33 22 29 23 21 24 24 42 32 26 22 30 35 44 24 33 34 34 23 39 36 28 28 28 38 37 30 23 29 32 26 33 21 37 42 19 22 38 35 31 29 36 40 30 23 30 31 28 32 30 30 34 23 32 25 34 29 39 26 25 24 36 34 34 26 21 17 27 34
22 31 41 31 39 28 40 36 28 32 32 32 26 14 36 31 26 35 26 27 38 21 33 28 23 29 25 23 22 26 27 20 81 69 54 24 26 25 25 29 33 33 29 22 32 21 19 24 34 29 34 26 29 30 18 33 46 33 14 39 34 32 28 42 32 29 27 31 35 31 30 36 24 20 24 25 33 23 26 23 32 19 31 39 29 37 35 21 26 36 25 27 33 24 20 29 17 25 31 32
28 29 19 31 32 23 31 33 21 29 22 21 31 20 29 24 28 30 21 29 29 22 26 29 30 31 38 35 27 34 25 31 35 34 26 18 32 20 32 36 26 35 33 37 42 28 22 36 26 24 22 28 31 30 24 20 35 27 29 26 31 41 26 30 24 34 24 34 22 34 29 33 26 32 28 27 33 26 33 30 33 26 28 30 26 32 27 23 33 27 34 32 37 22 27 18 25 24 23 30
18 40 24 24 29 31 22 38 20 27 26 26 27 27 20 31 30 21 32 36 28 31 26 39 28 39 42 27 30 23 35 31 31 16 28 37 30 36 30 31 32 31 16 33 27 35 35 40 27 20 40 28 30 36 28 31 31 29 20 24 32 29 37 22 26 26 36 21 33 28 30 25 22 23 19 21 24 24 24 23 32 29 11 34 25 23 32 24 29 31 30 36 28 24 27 29 28 35 15 32
26 28 27 41 36 28 29 38 26 17 18 27 27 29 18 24 23 23 29 31 25 31 27 28 34 23 23 27 36 24 28 22 23 21 21 29 35 22 27 31 25 33 29 29 32 29 28 25 35 22 39 22 32 28 35 25 32 27 28 33 25 17 40 30 30 28 30 22 34 29 23 26 24 16 23 31 29 17 24 31 24 30 24 38 29 26 26 11 36 23 24 30 38 31 29 34 30 29 31 29
16 19 18 7 18 25 27 31 23 18 34 43 28 18 24 32 17 32 17 32 17 20 28 23 25 23 25 25 23 26 39 23 28 30 26 30 28 22 32 29 30 22 23 32 16 35 32 36 16 38 33 19 32 27 27 38 39 26 31 30 33 27 36 39 25 35 27 25 33 31 36 26 33 32 42 15 28 25 32 29 35 36 31 26 38 20 38 20 31 31 25 29 26 35 22 26 31 23 24 29
27 27 32 30 33 24 28 40 36 25 26 21 37 45 33 21 35 27 33 35 23 36 35 26 39 22 25 23 29 19 32 37 24 33 25 25 24 29 24 33 31 27 21 20 29 25 24 33 34 40 30 28 17 25 32 29 27 19 26 22 31 29 24 31 26 22 20 35 26 28 24 24 24 26 24 26 33 36 34 27 30 40 35 23 37 17 22 31 27 38 46 21 25 32 27 32 34 44 30 27
44 37 28 24 25 12 29 26 28 22 22 26 31 37 18 29 26 28 32 29 27 30 37 33 30 26 28 25 34 26 24 35 28 27 20 29 26 28 30 33 35 22 27 35 34 26 20 27 22 9 20 23 24 30 34 13 42 28 34 15 28 29 26 29 22 30 25 26 31 24 23 26 30 31 23 34 36 28 27 33 28 27 32 25 27 25 25 26 43 17 25 24 34 30 28 15 33 25 27 30
27 22 27 23 23 25 24 35 19 24 23 24 31 33 21 27 24 15 28 22 26 33 31 22 25 23 39 26 38 35 29 32 28 30 25 34 18 32 38 17 25 30 24 30 31 30 30 25 32 27 25 15 16 19 27 38 23 31 18 33 28 23 33 37 29 33 29 19 24 34 23 22 26 20 34 29 30 36 27 23 35 27 28 29 20 32 28 20 28 13 32 30 28 31 25 12 29 23 25 27
29 15 30 30 35 30 33 28 17 33 31 35 30 25 35 14 33 27 39 26 33 28 42 17 22 26 27 29 40 38 29 24 28 23 21 14 31 36 33 32 41 23 30 19 16 34 21 22 36 15 39 29 27 31 36 25 30 32 24 32 30 22 44 35 33 28 31 39 22 26 26 30 34 25 21 27 22 34 34 32 20 21 27 21 25 34 27 22 23 22 22 19 49 30 26 34 34 31 21 32
16 30 24 25 23 39 27 23 40 28 31 23 26 27 27 26 31 26 40 21 34 25 35 27 33 33 24 23 41 20 16 29 25 30 35 42 30 22 38 38 35 36 25 27 33 26 20 31 29 42 33 18 36 30 36 29 19 28 28 24 36 32 28 36 30 23 19 35 29 34 29 37 23 24 36 25 36 37 30 35 24 30 27 33 25 23 36 29 38 24 35 39 36 21 24 30 27 27 40 29
23 25 28 33 28 29 36 29 24 40 32 32 32 24 26 32 38 25 43 24 30 28 20 33 24 33 27 33 39 21 28 31 28 17 27 28 26 28 19 30 25 40 23 32 35 25 29 20 19 38 42 22 29 34 32 34 28 32 29 27 27 37 36 37 27 27 27 31 38 18 23 32 26 28 35 29 37 28 27 33 36 29 29 22 27 26 34 24 24 25 35 36 34 40 24 32 31 34 28 15
36 32 22 38 23 37 23 27 20 10 21 30 35 36 26 31 26 24 22 28 34 38 28 22 25 24 40 27 28 28 19 32 24 23 33 31 31 24 29 34 41 31 34 26 31 40 38 28 28 28 32 33 28 31 54 38 31 34 25 36 22 23 35 34 23 26 35 38 26 30 26 43 22 29 21 38 34 45 27 29 22 26 24 32 18 24 35 26 25 29 32 18 41 37 28 30 29 27 37 35
29 35 29 31 34 26 21 21 31 35 27 29 33 31 43 27 15 25 25 27 27 29 36 32 29 32 17 24 15 25 19 35 23 25 32 31 26 24 22 24 28 13 29 19 37 33 16 27 25 26 23 25 30 14 27 30 31 25 27 23 30 31 31 31 31 30 27 22 30 29 39 31 39 31 30 27 27 25 31 38 20 26 30 21 20 18 21 30 27 32 27 34 18 32 34 28 22 28 32 21
27 34 26 28 26 27 33 25 18 32 23 24 27 30 23 19 33 33 38 22 26 26 25 20 29 27 26 17 28 31 38 37 32 30 23 31 25 19 23 14 30 21 38 34 37 37 28 26 27 32 28 15 32 30 33 30 27 25 19 28 30 39 29 29 15 19 25 19 32 38 26 29 25 28 20 33 29 29 26 31 27 37 24 30 25 17 24 33 36 24 38 29 33 41 35 34 23 27 31 36
22 25 28 26 21 26 43 23 32 46 26 31 18 28 25 22 40 39 41 28 24 32 27 34 28 26 27 39 33 29 28 25 31 33 26 22 30 33 29 35 30 27 38 31 26 33 22 28 30 43 26 17 28 28 35 25 37 28 22 29 28 27 38 34 28 30 27 48 19 33 30 32 34 31 40 25 19 27 27 33 27 31 26 30 18 26 29 34 34 12 29 24 34 33 23 18 28 19 32 22
35 24 25 27 33 21 20 29 21 25 31 37 30 27 33 24 28 31 34 28 24 20 15 32 20 24 27 24 30 26 35 14 35 23 31 32 19 54 23 41 26 28 29 25 32 31 26 26 33 32 26 34 31 40 33 29 19 9 31 42 37 28 34 31 27 17 26 31 26 39 34 22 31 28 29 24 26 30 34 29 21 28 17 20 18 26 24 33 26 36 37 19 24 23 32 32 39 28 38 36
39 65 27 32 30 39 34 28 27 26 40 43 35 25 28 33 43 24 20 22 37 25 27 28 32 25 26 26 32 31 29 31 13 26 27 22 31 25 40 29 37 30 24 15 32 26 37 25 34 29 24 27 27 23 36 21 18 31 24 23 34 39 31 25 33 36 31 33 37 18 28 26 35 23 39 30 23 40 21 35 27 22 25 31 31 25 30 31 29 33 24 25 31 28 26 32 32 31 22 25
24 35 36 35 31 27 28 28 30 30 31 14 24 24 25 30 20 26 15 26 25 28 31 21 37 26 28 12 27 25 37 26 25 35 17 27 21 39 17 21 35 31 25 32 36 32 28 23 27 25 35 31 18 22 33 24 30 33 15 32 22 19 30 35 25 46 25 25 27 33 25 23 21 23 26 22 16 26 29 33 35 35 40 34 31 28 30 34 24 24 25 32 30 30 30 25 29 31 31 30
48 33 26 28 20 34 34 27 21 25 32 34 29 28 23 37 35 26 38 30 34 20 33 32 28 28 29 26 24 19 29 34 37 34 39 29 27 24 24 19 22 24 34 23 22 35 24 33 25 32 31 30 17 24 28 35 26 22 42 36 24 41 25 19 21 31 17 28 30 34 32 24 16 29 42 30 37 30 28 22 34 31 26 27 28 39 28 16 40 43 22 31 29 18 29 30 26 34 18 34
24 31 37 22 32 11 27 33 36 28 31 26 33 36 37 35 31 29 29 23 27 33 31 23 26 33 21 29 39 24 17 35 41 32 22 24 35 35 28 30 24 29 28 26 28 22 28 26 20 34 32 30 34 21 39 23 26 34 30 36 31 19 27 28 18 26 30 24 33 45 33 24 28 36 39 28 24 26 35 26 32 29 26 27 32 24 36 25 35 32 20 38 32 35 36 27 29 25 29 32
31 30 27 22 28 24 28 34 29 24 28 28 27 26 27 32 29 31 29 31 22 32 35 27 24 24 29 27 37 21 20 27 33 31 22 33 28 34 26 27 23 15 31 35 26 28 40 30 31 31 34 30 28 26 25 31 29 30 23 25 29 32 28 25 21 35 24 31 39 28 21 44 35 43 34 23 17 47 12 36 12 11 25 29 21 32 22 29 34 19 20 33 30 32 38 28 30 28 33 23
35 32 30 30 29 33 23 40 35 26 23 28 33 28 22 33 36 38 29 11 25 34 42 13 36 25 25 29 31 29 36 32 29 31 29 32 30 26 32 30 29 17 25 29 18 24 30 22 34 30 24 28 35 24 26 40 36 33 27 33 25 29 16 41 30 37 30 32 20 43 40 25 27 32 35 36 27 33 28 30 38 23 25 22 36 37 27 25 20 10 5 11 12 12 14 12 14 7 15 11
13 12 13 10 17 18 20 17 7 15 11 11 18 9 13 16 12 22 15 27 10 13 16 17 15 14 11 16 10 10 19 15 12 16 23 17 14 10 17 10 15 13 7 21 11 18 12 16 19 11 21 18 18 15 13 20 18 11 12 14 16 16 11 16 13 10 8 21 15 15 11 17 14 14 12 9 12 13 10 12 13 11 13 13 13 19 10 19 17 11 20 13 11 14 19 18 11 6 19 20
13 18 20 20 18 8 18 22 10 16 16 10 12 12 16 4 11 15 5 16 15 18 10 19 12 9 23 15 15 12 9 15 10 21 8 15 17 9 19 9 13 12 6 20 11 22 21 11 30 27 7 9 15 13 11 13 22 21 22 10 14 16 7 18 14 10                                  
