0.333333333333333 4872 20 27 18 19 17 24 22 23 20 14 19 20 24 22 23 18 20 22 23 24 17 36 20 19 13 22 22 23 18 22 13 21 18 29 20 15 18 20 15 18 20 22 23 21 21 21 28 23 22 26 25 15 15 16 23 18 24 21 26 17 22 16 20 19 20 24 19 12 27 20 24 19 17 19 15 13 22 27 26 19 17 12 19 18 24 28 21 21 13 18 27 18 18 29 22 19 20 12
17 19 20 25 12 30 17 22 15 20 23 17 19 23 30 20 20 17 21 15 10 23 19 17 18 17 14 19 17 29 17 17 22 16 19 19 29 19 21 23 24 17 20 24 19 21 21 16 12 26 20 11 20 26 20 14 23 25 24 23 17 17 15 19 48 25 15 36 14 22 12 24 21 23 21 19 17 21 18 25 19 23 20 21 18 20 26 23 17 22 16 20 17 25 16 16 11 24 21 17
21 20 31 13 25 21 17 15 21 19 17 16 21 15 22 19 23 15 21 13 12 20 25 18 28 20 23 19 25 20 13 24 15 25 19 18 23 21 19 16 15 11 22 21 21 27 15 21 20 17 16 23 14 25 19 17 25 20 20 16 19 18 15 32 17 17 20 20 21 27 21 16 20 19 25 23 18 15 15 21 15 19 23 25 14 24 22 24 26 19 14 23 20 19 16 27 20 12 17 21
28 13 24 17 19 17 16 21 26 29 18 8 23 21 16 18 24 24 20 28 33 16 16 23 21 22 23 13 14 18 23 29 20 26 25 17 31 17 17 16 18 34 16 22 27 17 12 16 21 19 15 7 25 26 18 21 20 17 20 26 21 27 26 24 27 20 16 23 26 20 18 23 25 13 21 18 26 24 15 22 12 17 19 22 11 13 25 16 27 28 20 25 20 23 15 20 16 24 18 18
14 21 24 21 18 21 22 21 24 22 21 24 24 14 17 22 22 29 21 22 22 21 16 17 15 16 23 19 20 22 21 27 19 21 18 16 19 13 27 26 23 34 23 27 24 15 24 14 24 29 13 23 17 25 18 23 19 17 16 21 22 24 14 23 15 21 21 11 28 18 12 17 22 26 18 25 18 22 20 28 26 23 19 21 16 16 24 24 18 14 19 23 28 18 17 19 14 24 21 24
22 26 22 23 24 18 18 22 13 26 25 23 20 23 21 20 22 13 15 22 24 18 23 23 13 14 19 27 23 20 20 25 21 14 13 29 22 19 29 15 27 24 22 25 23 16 23 21 18 11 22 25 22 28 21 18 13 14 32 18 15 19 22 26 13 18 20 18 20 17 28 19 18 14 22 24 22 24 16 19 20 18 22 14 12 17 19 27 16 19 10 22 17 22 21 26 17 32 21 20
20 28 17 19 15 15 24 23 15 22 19 11 8 23 37 14 18 15 22 22 18 24 25 24 12 17 26 22 14 18 15 21 21 16 19 26 17 24 21 16 29 21 16 25 16 12 18 15 22 11 18 18 25 21 18 25 18 25 18 15 21 13 11 24 12 17 18 21 27 20 16 18 23 16 17 15 22 13 20 21 22 18 16 18 17 25 24 15 15 15 17 20 17 12 14 21 17 21 22 13
29 20 24 20 16 19 17 22 14 22 21 23 18 20 15 17 15 23 14 17 12 15 22 18 22 22 23 17 17 22 22 16 29 26 26 17 21 20 25 23 14 23 18 18 24 13 21 18 24 21 17 11 16 14 24 22 20 17 25 18 17 21 30 14 22 30 16 16 22 19 25 22 19 24 20 26 17 23 27 18 15 27 17 24 18 15 20 28 20 20 22 15 22 20 15 16 18 22 22 22
19 15 22 21 21 24 20 12 23 18 20 23 23 22 16 21 14 20 16 28 20 25 27 25 16 21 18 20 22 19 21 14 18 19 17 24 22 13 27 18 16 19 20 22 23 22 21 18 18 17 16 21 26 20 18 20 19 18 24 21 22 15 21 31 25 18 16 20 20 17 20 24 25 15 27 19 16 21 19 14 18 15 22 24 24 25 27 21 23 25 24 17 24 18 12 24 18 17 24 18
21 25 26 13 18 20 24 21 19 17 13 20 15 22 17 22 18 21 21 17 12 13 14 21 23 10 19 26 26 17 18 17 11 19 16 25 32 14 20 26 24 26 23 20 21 19 17 32 27 16 21 15 21 18 22 23 19 13 24 22 24 30 24 31 21 27 15 17 16 18 24 26 19 16 16 20 30 25 18 13 20 16 23 14 21 22 17 30 20 14 14 22 17 26 24 25 20 23 22 12
29 21 26 16 24 21 27 19 16 26 18 22 22 24 28 25 26 21 16 23 15 20 22 11 20 21 18 27 21 19 21 31 15 20 28 22 28 19 28 22 28 25 22 23 17 25 28 17 24 21 18 25 23 13 29 24 16 18 18 25 8 17 15 20 23 25 17 20 20 24 19 16 20 22 6 17 24 20 16 11 20 24 18 20 23 16 27 16 24 17 14 21 11 13 27 16 11 18 22 27
20 34 17 19 19 18 10 23 15 22 22 14 15 21 16 24 15 23 22 27 24 12 16 17 15 15 27 28 19 19 20 27 24 21 24 33 22 24 17 25 23 21 28 17 21 31 26 14 24 25 19 22 31 18 22 19 20 21 23 16 15 16 21 25 21 23 18 17 22 23 22 21 23 21 24 29 23 21 25 27 12 18 22 17 25 12 15 22 23 16 17 16 23 17 21 25 23 22 27 17
28 22 26 34 19 26 23 26 19 25 11 15 22 16 29 26 16 19 20 21 24 18 23 27 22 26 14 24 23 25 20 27 22 21 18 11 24 20 21 21 34 21 19 19 21 23 23 30 8 7 19 20 15 20 20 9 19 20 26 22 17 32 33 21 25 16 17 13 12 23 13 29 19 19 18 21 12 24 15 22 19 21 20 22 22 15 18 18 18 27 17 22 19 20 15 20 26 21 27 21
24 19 21 29 25 22 19 21 22 20 33 18 14 22 18 17 19 22 20 23 23 16 25 21 22 23 23 21 23 17 21 20 22 20 15 23 25 13 19 18 23 25 16 18 25 15 21 24 17 21 21 17 23 16 18 24 19 23 25 24 25 20 20 25 17 22 13 18 16 31 20 17 24 15 22 19 19 19 21 15 27 20 20 14 14 19 63 25 36 37 48 21 12 17 28 22 24 19 17 24
18 17 28 21 16 22 23 22 19 22 21 16 16 16 16 23 20 19 20 28 15 27 16 15 18 21 20 22 18 18 19 25 21 20 23 29 21 14 11 20 23 25 25 24 24 15 11 19 21 20 12 20 17 19 21 19 17 18 25 18 22 24 16 20 18 17 16 23 16 18 15 18 24 19 26 15 17 17 25 25 22 14 21 20 26 12 22 14 17 24 21 18 17 11 26 24 23 17 26 18
26 15 33 24 20 25 16 19 17 17 18 22 26 18 16 18 11 22 15 18 28 25 19 27 29 17 18 25 22 16 29 26 19 22 19 23 16 13 29 20 11 18 25 36 16 21 21 22 17 17 26 21 21 16 24 19 25 15 18 21 15 22 17 21 27 22 25 24 23 11 25 16 23 29 12 15 25 18 26 18 29 27 13 16 12 21 19 13 23 15 19 16 16 19 20 24 28 27 22 20
19 24 23 22 23 16 18 21 25 20 21 15 18 14 16 20 13 18 17 17 15 24 20 26 17 21 25 21 15 19 12 21 10 27 24 20 13 16 20 16 19 13 14 23 19 17 17 21 16 9 24 18 14 18 18 22 21 21 13 16 15 23 16 18 24 20 16 16 19 19 23 23 16 22 12 14 15 15 11 25 15 24 25 32 26 17 21 13 12 18 15 22 26 16 26 15 21 25 14 20
13 13 13 19 22 23 24 19 21 23 23 39 24 22 19 19 17 20 18 26 25 27 26 22 29 22 24 18 24 17 27 15 13 17 28 15 23 28 19 8 30 31 22 28 26 19 24 19 27 28 20 23 27 26 23 16 22 23 17 33 24 28 13 16 20 22 20 20 25 20 17 22 24 23 14 21 27 23 17 10 28 15 17 25 21 27 29 26 19 27 15 20 15 15 22 23 24 16 19 19
18 18 17 16 16 25 16 15 10 23 27 26 25 26 28 26 19 29 22 16 21 18 24 28 25 20 20 16 23 22 21 24 28 18 21 31 17 17 30 23 20 20 18 18 19 20 21 36 16 27 17 20 24 21 14 22 12 18 25 25 16 25 22 8 18 19 24 32 20 18 22 12 17 18 26 17 25 17 25 25 20 17 18 16 23 23 28 17 11 27 26 21 28 22 25 19 24 12 18 25
21 39 16 21 21 19 21 27 28 18 18 16 17 19 18 21 23 14 20 19 15 16 16 25 20 23 20 19 24 18 18 28 23 22 28 20 30 21 19 20 25 17 20 19 21 24 19 23 15 20 17 17 27 27 17 17 28 22 13 19 18 17 15 24 23 17 12 22 20 21 26 17 17 19 22 14 19 24 20 22 20 15 30 10 23 21 23 24 26 17 26 23 21 26 18 18 27 17 18 18
18 21 14 15 19 22 17 18 19 16 17 20 18 22 18 18 17 25 21 20 18 16 25 20 17 26 18 23 26 18 20 18 19 25 17 15 23 29 18 26 15 16 18 21 19 22 33 17 21 17 25 22 18 19 23 19 18 20 25 15 28 18 14 19 20 21 20 14 25 16 23 24 22 26 18 17 30 21 21 20 22 23 21 20 20 25 20 20 25 20 22 17 19 16 18 17 20 21 22 20
28 27 18 27 22 21 25 23 17 21 18 15 21 18 25 13 24 7 21 22 14 22 21 25 17 18 19 26 12 16 20 15 16 22 18 23 21 27 23 21 13 19 23 21 22 18 22 13 25 17 24 17 21 12 18 24 18 24 22 21 20 19 23 26 27 26 27 20 20 12 24 28 18 13 26 23 23 22 17 15 18 21 14 22 23 17 18 21 22 19 18 19 24 18 24 28 14 22 26 17
18 22 26 16 23 21 20 17 19 13 19 14 22 22 13 14 18 23 26 28 25 20 19 17 23 18 20 19 18 18 23 18 30 16 27 25 20 29 26 19 16 22 22 19 22 21 20 22 12 27 16 24 29 27 16 16 12 25 31 9 25 26 21 14 18 14 17 26 17 22 23 23 20 22 24 19 19 11 21 19 18 20 26 25 21 29 15 19 28 18 20 23 21 16 20 32 26 19 21 21
20 18 25 20 29 19 20 28 26 24 20 24 18 25 25 25 26 22 12 19 32 23 22 26 23 26 20 21 23 17 26 20 23 22 16 18 27 27 17 18 22 13 24 28 17 22 19 24 26 25 21 17 28 22 21 19 25 18 21 20 20 21 18 17 28 13 20 20 25 19 17 14 20 17 13 17 20 19 28 21 19 24 18 16 24 19 23 19 18 21 13 25 20 15 18 22 17 27 27 15
20 23 17 19 25 18 14 25 23 23 26 22 24 25 25 20 20 22 14 30 31 31 16 21 16 24 20 23 22 15 16 22 27 22 19 17 16 23 11 26 26 17 60 44 17 17 14 13 18 22 13 22 24 25 17 22 15 31 22 31 14 23 33 12 18 15 27 15 21 23 14 21 21 18 23 27 20 23 25 13 27 16 17 17 19 15 17 16 27 16 28 14 22 20 16 20 22 12 20 18
27 20 23 27 26 17 16 27 25 13 23 23 29 24 18 19 15 18 18 25 16 22 34 22 23 21 25 21 23 26 21 18 21 20 18 28 13 22 21 18 23 22 33 23 34 15 25 17 16 21 26 30 17 18 20 26 17 22 25 23 22 21 15 17 26 18 14 13 20 24 26 22 15 30 24 17 22 24 23 25 22 23 29 17 28 23 23 22 19 12 20 15 20 27 19 19 15 24 36 24
30 13 15 24 17 21 9 16 24 15 21 12 21 20 26 19 20 19 20 25 17 25 19 18 18 19 24 27 20 26 25 19 24 23 24 32 26 14 22 19 17 18 20 14 18 23 18 22 16 23 19 18 23 15 19 23 12 19 24 25 22 35 24 21 24 21 13 22 30 19 25 10 15 22 20 25 26 18 16 26 20 18 23 15 19 15 17 18 20 19 19 19 17 15 28 21 22 24 17 20
18 18 22 27 23 23 22 18 20 18 21 23 17 24 20 19 16 14 25 22 18 21 11 15 14 12 15 28 21 23 17 22 18 17 17 22 18 17 19 16 24 17 29 22 18 14 17 19 21 20 18 20 17 26 28 26 29 17 14 20 25 25 15 22 22 21 21 17 18 15 23 20 21 13 22 21 23 24 23 18 23 15 18 22 23 18 22 14 19 25 17 16 24 20 15 17 20 19 19 31
23 23 17 20 21 16 36 11 18 22 23 20 17 23 15 16 16 17 23 18 18 14 20 20 20 22 25 17 19 13 17 29 27 20 16 26 29 18 25 14 14 19 20 31 22 14 13 19 28 18 18 21 16 19 20 18 25 26 16 21 19 17 23 23 11 14 20 19 17 17 13 19 14 13 18 26 22 20 25 18 25 20 19 26 14 19 23 22 21 27 18 21 22 21 17 23 18 21 22 16
21 28 25 19 17 22 29 21 21 15 17 28 18 18 25 21 16 16 19 22 25 21 19 21 12 13 22 21 18 20 22 22 19 23 21 21 29 22 23 18 28 11 18 10 14 19 25 22 22 17 24 14 22 20 17 21 12 14 13 23 21 20 17 16 20 21 20 30 24 20 21 17 24 14 19 15 17 18 21 22 24 18 24 26 19 8 26 24 16 16 21 20 16 18 13 20 19 19 29 23
12 23 12 21 21 23 17 22 20 14 15 14 8 17 24 22 21 19 20 22 18 20 13 23 21 11 18 23 18 17 19 17 18 22 17 23 17 17 20 20 13 13 19 19 27 17 22 30 18 20 15 13 23 19 16 18 19 21 24 21 26 16 22 18 18 26 16 19 20 21 31 20 20 25 20 25 17 23 11 22 15 20 15 18 19 17 20 18 28 19 25 26 22 19 28 13 18 17 22 24
21 17 20 17 17 21 22 13 23 20 14 12 12 21 17 27 22 21 15 22 14 27 19 21 21 27 15 26 20 24 23 18 18 19 24 24 17 22 21 23 16 21 20 19 23 13 17 18 20 19 25 26 21 17 21 23 20 19 14 28 29 21 16 23 21 26 14 19 23 28 17 15 32 23 23 25 17 27 21 15 22 26 28 21 21 25 14 19 19 20 18 19 26 19 24 21 20 25 16 21
16 23 17 25 22 16 23 31 22 22 22 23 23 12 19 26 18 23 23 24 17 29 16 33 27 26 16 19 23 16 24 23 24 15 21 12 17 18 17 23 16 16 22 29 21 17 16 18 19 24 17 14 14 26 16 24 21 14 22 20 19 19 23 17 24 25 18 20 23 24 22 15 27 18 25 17 14 23 19 12 18 20 14 25 23 22 16 20 19 19 25 21 17 21 18 17 16 17 20 15
18 17 28 18 18 21 15 16 23 21 19 19 13 14 17 17 15 27 19 26 24 20 22 12 22 20 32 16 27 19 20 20 20 20 17 22 23 26 28 19 21 14 22 19 20 14 19 21 28 18 16 21 25 19 17 23 15 19 19 17 12 14 23 20 15 16 27 16 15 14 36 17 20 20 18 20 15 15 16 21 15 18 24 17 18 17 25 18 25 18 20 22 24 17 20 21 10 18 22 24
15 20 20 20 18 21 13 23 14 23 12 21 20 18 16 23 24 17 24 12 25 20 18 22 17 22 28 29 24 19 21 20 15 18 16 20 16 21 19 20 20 22 18 17 33 24 11 13 22 19 15 15 17 11 14 17 27 16 23 20 17 23 12 18 16 20 24 22 14 20 23 20 18 16 14 21 18 24 18 21 19 29 13 24 24 11 22 27 17 14 17 22 13 23 18 15 21 18 28 21
19 14 23 19 28 10 17 19 15 14 20 24 14 21 27 24 21 25 16 22 21 19 20 22 20 20 23 19 7 17 29 20 17 26 26 21 23 10 19 27 26 13 15 20 16 15 20 28 27 20 20 20 15 21 16 24 19 16 16 27 15 26 14 25 18 26 20 31 23 21 27 18 23 16 25 27 28 25 24 21 15 23 18 28 25 21 17 15 15 18 22 22 20 23 27 24 17 22 18 24
21 14 20 16 17 25 18 22 23 24 14 23 14 19 20 25 20 19 22 19 23 16 28 15 13 19 12 18 19 28 17 22 18 20 21 16 13 22 22 18 22 19 20 23 17 17 18 26 22 21 19 27 13 20 17 24 24 21 20 29 7 19 18 18 14 21 26 18 20 35 25 18 22 18 24 28 20 25 17 16 11 18 26 18 13 26 17 27 23 22 12 26 15 21 23 16 15 19 26 29
15 31 10 18 17 27 12 29 18 26 14 19 16 29 12 13 17 28 25 27 13 16 17 28 28 19 24 17 21 29 15 36 26 20 32 21 13 18 14 8 20 24 21 22 20 18 16 26 17 16 14 22 17 23 15 23 5 27 15 18 21 18 15 19 12 17 13 18 18 20 18 25 19 26 25 21 23 21 31 19 22 23 18 16 22 16 17 16 19 21 26 16 21 21 17 23 21 14 13 18
21 20 35 16 15 30 14 18 18 17 21 17 20 15 18 18 29 21 19 23 20 24 16 23 22 20 19 20 17 13 23 24 24 14 14 19 19 21 18 21 15 14 26 21 20 13 18 16 24 22 21 22 18 23 29 28 21 16 27 18 23 18 15 17 14 13 26 27 15 23 29 16 20 16 21 26 18 22 20 25 19 22 27 19 16 20 26 10 22 24 25 21 20 26 28 24 22 16 19 18
22 20 21 12 24 14 13 10 19 19 21 14 14 18 23 15 17 20 21 13 13 13 29 13 17 20 24 17 24 14 18 13 23 21 11 13 19 31 21 16 22 22 15 30 18 20 18 22 19 18 26 17 18 25 25 19 13 22 19 29 27 23 24 18 27 17 17 20 17 20 19 18 24 21 23 14 29 22 15 25 19 12 14 23 22 16 21 24 26 25 25 25 19 16 25 20 21 23 25 35
15 22 19 16 18 25 22 15 27 19 14 26 21 21 24 16 17 21 20 20 23 19 24 24 23 18 20 25 17 22 25 23 20 17 13 20 19 19 22 18 17 20 25 20 14 24 21 25 26 21 24 24 22 18 21 20 22 22 15 19 16 19 19 19 11 22 17 26 23 23 22 25 16 24 23 25 18 20 14 20 30 16 15 22 22 12 17 18 15 21 25 11 34 15 16 21 20 16 30 20
29 18 24 29 21 18 22 14 21 25 25 17 20 13 20 26 21 17 17 19 11 32 14 17 15 21 20 21 12 21 12 22 17 27 17 21 27 14 15 14 19 21 23 14 19 19 26 19 23 27 21 22 17 18 15 15 20 18 33 15 25 19 23 22 17 31 22 19 11 27 27 20 22 20 22 27 19 17 27 17 23 16 14 17 17 26 20 26 23 23 20 24 18 21 19 18 26 23 16 19
22 23 23 20 18 21 19 25 17 23 18 28 28 18 13 18 18 13 18 17 24 18 25 26 19 28 20 28 19 20 13 15 20 28 18 24 27 22 22 11 23 21 20 11 17 21 17 23 19 21 20 24 29 36 23 17 32 18 31 27 14 16 20 18 18 20 22 20 25 19 22 22 19 23 19 18 17 25 32 20 18 16 21 26 27 20 24 25 21 24 17 19 19 13 14 22 20 23 14 20
18 20 20 20 23 30 30 19 23 18 24 18 19 20 27 12 19 23 13 19 21 11 27 30 16 18 22 22 16 18 18 30 14 28 18 18 24 18 14 20 26 31 30 16 22 25 21 18 22 18 20 17 16 22 19 25 19 22 19 31 17 24 35 5 15 28 25 33 29 23 23 21 21 24 9 20 21 27 25 21 15 25 30 17 26 17 28 14 18 25 21 20 26 26 12 23 24 29 17 21
16 26 17 14 26 22 24 20 16 25 24 20 23 17 18 22 29 19 15 31 24 22 21 18 23 26 24 23 16 14 16 23 21 24 23 27 20 29 21 15 16 26 18 19 28 16 19 25 20 22 18 14 18 25 23 23 14 11 25 18 23 24 24 15 23 22 29 32 19 23 22 17 27 14 26 18 16 15 25 26 30 24 21 24 24 25 19 27 25 25 13 17 17 23 23 19 20 23 19 27
14 21 31 20 21 15 21 24 27 21 13 21 28 18 20 22 16 26 29 24 19 15 22 19 30 30 22 23 27 24 18 20 17 29 33 18 12 16 21 24 16 17 21 22 22 17 26 22 22 22 18 16 19 28 24 14 14 24 21 18 5 18 13 23 23 19 23 19 24 14 18 18 18 22 19 20 20 25 20 14 18 21 20 21 21 23 15 12 28 17 15 24 29 25 18 21 18 11 21 22
21 21 23 31 17 28 28 12 24 12 17 13 15 21 21 22 24 28 18 18 18 19 19 17 24 17 17 22 17 19 24 18 17 21 18 20 20 20 23 25 15 19 11 13 11 32 13 22 19 24 18 26 13 23 26 30 19 16 19 14 20 11 21 15 20 24 15 18 13 19 23 21 19 25 29 17 31 27 19 23 24 20 17 23 22 14 19 21 21 20 21 22 17 24 19 20 18 21 10 28
17 10 16 22 16 21 16 14 7 9 8 6 10 11 10 5 7 13 5 12 14 9 14 9 12 12 10 9 11 14 17 14 10 9 8 8 15 8 12 14 9 10 8 9 7 12 9 6 12 13 8 7 9 12 11 8 11 5 12 16 11 9 13 11 8 9 13 8 9 13 6 13 6 15 12 14 10 8 11 9 11 13 12 8 12 9 10 11 13 15 13 15 14 11 9 12 6 4 8 14
9 7 10 13 10 14 11 5 8 10 7 18 14 10 5 7 15 4 7 12 7 14 11 12 10 12 10 11 9 13 13 14 11 11 18 12 12 11 9 10 8 6 7 12 16 8 9 11 10 6 17 14 9 16 12 9 7 12 7 16 10 9 8 8 14 10 8 9 14 11 11 9 7 10                          
