0.4 2654 45 60 47 46 64 55 50 45 27 41 32 26 58 23 51 39 28 54 55 57 51 38 43 54 48 50 34 43 32 41 50 42 48 54 44 42 41 52 36 64 43 51 42 57 48 47 41 62 44 30 28 48 37 42 30 41 43 35 50 43 46 29 25 26 39 40 48 37 49 35 51 49 61 35 46 37 37 35 34 47 44 42 33 38 56 40 43 41 43 56 91 42 48 50 46 54 50 59
46 52 33 46 37 39 43 42 46 36 53 39 50 46 49 44 29 44 56 53 44 50 49 43 42 39 46 38 39 37 45 44 55 44 42 49 41 47 38 45 58 38 42 49 51 30 49 39 47 47 37 49 51 39 55 24 35 40 48 37 58 36 50 49 43 39 27 44 44 31 47 36 34 58 31 28 33 56 44 42 33 38 41 45 40 52 53 47 40 29 46 48 28 31 47 41 39 40 56 39
45 49 48 39 30 41 50 39 55 45 41 46 46 26 35 30 47 62 41 39 29 40 42 48 49 49 44 32 44 51 46 35 50 35 49 43 34 38 34 47 42 42 30 50 50 44 51 48 41 42 54 51 51 49 52 48 28 45 43 50 42 53 57 49 34 32 57 40 45 37 54 43 33 39 43 54 37 49 31 44 69 50 32 29 45 52 44 51 35 39 30 42 41 59 33 47 47 51 38 41
52 56 43 37 48 44 52 56 39 50 42 24 43 44 45 56 49 48 55 47 48 34 55 50 53 49 49 46 43 42 45 43 35 31 48 43 43 36 40 49 50 45 50 46 57 41 45 32 43 35 38 41 32 52 42 46 42 38 53 49 53 32 35 31 45 39 30 37 43 43 33 41 50 37 37 38 49 41 35 47 41 46 41 44 32 41 31 43 40 37 49 31 44 71 35 42 30 30 57 31
55 33 40 44 47 36 45 34 31 20 46 31 41 47 38 37 45 49 49 41 35 35 44 49 43 41 33 41 58 41 63 53 46 40 45 20 29 45 46 51 31 65 37 56 35 42 34 43 42 39 26 43 45 37 54 26 47 45 33 42 49 44 46 41 46 32 51 40 35 42 41 43 42 43 44 47 45 26 45 42 43 42 39 42 35 48 33 44 31 40 47 42 47 47 46 43 40 41 39 57
39 47 53 39 56 49 51 48 47 51 51 44 45 45 44 42 48 52 48 49 32 42 40 41 32 45 38 27 39 46 47 33 46 53 40 46 33 36 47 47 39 47 49 46 41 34 34 40 38 32 49 44 61 22 48 46 41 35 49 47 36 42 46 46 31 48 36 45 46 34 44 41 58 34 41 54 41 36 37 26 42 19 43 50 31 40 44 47 47 32 42 30 53 47 50 39 34 21 33 48
46 30 40 56 40 37 57 62 48 32 48 59 37 41 43 53 46 49 43 42 41 56 52 55 65 46 44 27 50 35 33 40 40 39 54 46 41 41 47 53 38 36 39 55 43 32 36 43 49 40 39 41 53 25 41 34 51 44 45 46 44 42 50 43 57 43 30 53 40 43 20 40 40 52 22 35 61 44 40 45 39 52 47 67 56 47 53 55 25 61 45 52 42 50 57 56 37 52 80 23
13 54 51 44 51 29 58 42 50 56 44 45 48 56 50 46 55 43 43 44 51 27 30 41 28 42 39 40 32 56 56 60 33 56 53 57 54 54 49 38 43 50 44 41 47 54 59 42 47 38 42 14 42 41 53 46 27 50 51 19 48 39 33 43 44 44 53 39 34 57 24 34 26 36 29 28 34 15 52 40 44 38 45 49 86 102 57 38 48 67 51 61 38 47 33 50 53 57 47 45
37 23 28 38 51 42 45 42 39 45 42 23 30 45 38 33 50 43 52 40 46 41 48 41 50 52 54 48 52 53 41 23 49 38 54 47 58 48 49 38 42 39 35 44 39 44 24 54 48 43 46 39 57 43 39 44 32 48 53 48 54 47 46 58 55 19 27 43 40 46 41 42 56 41 43 39 48 42 37 27 40 44 55 41 35 45 29 50 52 41 35 24 44 52 51 50 67 56 49 57
46 49 34 44 35 24 20 54 38 37 46 37 53 37 40 41 43 30 42 33 35 43 40 27 28 26 53 59 43 45 40 49 43 49 40 55 34 32 44 36 60 40 53 47 31 47 48 48 52 46 30 46 38 45 44 55 54 61 44 40 47 30 47 36 58 41 39 39 35 38 29 33 32 40 51 45 51 49 52 51 38 41 33 60 47 43 29 24 38 49 43 53 42 45 49 45 56 39 53 52
49 51 29 52 39 44 38 45 41 43 46 35 49 40 49 25 37 45 39 18 51 37 44 55 44 44 43 43 56 52 43 34 48 40 34 39 44 53 64 53 40 65 58 40 53 60 56 41 49 44 36 35 59 47 56 46 39 60 43 42 42 38 48 46 54 42 40 38 41 39 43 48 37 30 28 40 31 46 52 39 51 63 37 66 43 45 49 51 41 52 28 29 51 28 31 51 26 50 28 38
39 42 39 34 51 47 52 36 54 49 46 47 47 34 45 37 51 46 46 47 48 44 42 37 44 37 42 39 21 46 48 43 55 40 57 54 39 52 52 51 36 45 47 37 44 43 45 40 46 32 49 34 48 32 45 42 37 39 44 48 44 33 52 28 39 46 44 62 30 36 47 49 35 41 47 50 53 49 51 35 51 37 47 48 52 52 47 58 33 46 28 35 40 41 48 53 49 56 40 43
41 37 55 45 44 39 37 42 41 38 28 43 38 48 49 54 51 29 40 40 49 52 56 44 51 36 43 49 36 47 51 48 35 45 33 55 24 37 42 54 46 54 53 35 48 45 44 52 58 44 48 39 35 43 39 37 39 44 50 55 41 38 43 50 46 51 44 47 57 45 52 46 39 42 38 44 47 45 36 16 54 39 43 41 53 45 44 47 52 50 36 28 43 46 44 43 39 43 60 63
88 111 37 46 53 37 47 41 28 40 49 54 41 34 50 41 44 46 31 30 42 34 43 38 40 34 48 54 31 35 44 49 43 47 52 46 34 46 29 49 45 48 24 12 41 38 33 49 57 36 47 26 58 41 63 39 47 42 46 46 45 53 55 45 40 36 42 35 45 49 38 51 41 31 39 34 44 56 44 51 43 53 46 34 39 39 56 56 44 47 36 29 39 27 50 32 43 52 49 42
51 47 57 40 50 43 37 50 42 42 47 49 45 43 33 36 41 41 57 33 49 55 39 41 42 54 35 30 53 53 47 47 36 44 16 39 41 45 35 29 39 36 44 40 40 24 44 33 43 35 53 36 19 42 41 52 39 51 32 33 43 48 43 35 32 45 55 57 42 33 41 46 48 50 40 39 53 42 50 47 48 50 38 41 41 56 43 37 34 43 37 39 72 50 41 52 39 52 49 42
32 42 38 34 53 50 33 36 25 48 24 46 56 43 32 43 35 49 45 44 23 40 43 46 43 51 31 42 42 50 31 32 43 33 47 57 52 40 26 27 43 52 36 40 43 48 48 39 51 49 56 43 35 48 47 31 55 38 50 35 38 31 29 31 39 40 49 33 31 31 41 48 48 37 30 44 30 31 44 45 49 47 42 32 35 37 40 35 44 37 33 48 46 50 34 46 47 33 41 38
42 67 55 51 39 41 40 42 43 44 52 45 43 39 42 34 39 51 36 47 36 48 36 50 49 35 42 39 23 41 51 40 37 45 44 48 37 40 49 49 45 47 34 24 12 37 50 48 36 50 39 48 41 52 53 35 53 40 50 22 39 51 40 48 40 61 40 40 38 30 39 37 43 35 34 36 23 56 37 40 36 54 48 25 40 26 44 36 42 47 45 45 64 42 40 46 36 34 32 41
50 33 39 37 37 31 54 47 38 40 48 34 32 36 32 26 43 45 40 32 38 50 41 42 48 39 33 16 40 42 34 20 35 61 42 53 52 40 48 34 52 42 40 38 41 32 40 34 43 41 48 55 38 42 30 48 39 35 37 33 42 42 51 43 29 32 44 34 37 50 43 48 32 24 54 40 45 36 51 41 40 45 42 13 49 35 44 40 47 40 47 41 42 53 47 54 36 41 50 45
57 56 38 37 48 48 50 51 50 45 38 43 37 41 48 47 47 37 46 43 51 40 59 53 39 49 42 35 35 40 47 47 38 31 39 31 38 47 47 45 32 42 41 46 41 41 39 45 42 45 47 29 53 28 54 44 33 35 30 38 35 40 43 31 31 36 42 38 46 49 48 29 46 50 40 46 23 54 69 37 49 46 47 35 55 40 45 53 59 53 40 27 41 51 54 21 51 43 35 38
38 41 38 44 34 57 36 31 49 21 37 44 46 44 46 39 44 48 39 41 51 35 40 53 38 45 46 30 49 33 40 40 42 47 43 62 44 47 48 48 40 47 38 64 41 59 55 66 45 49 54 38 35 44 23 49 50 54 52 35 37 42 39 48 43 41 41 32 50 49 40 39 33 38 40 27 40 34 49 38 40 34 45 44 39 43 43 41 44 30 42 41 49 54 57 48 43 58 43 35
43 41 47 38 43 48 52 50 53 45 34 36 52 57 54 43 52 55 36 32 49 32 46 41 49 26 43 48 44 50 31 35 38 36 45 50 38 38 34 41 45 47 53 37 41 51 47 46 44 46 56 30 41 38 34 60 39 31 44 36 38 36 49 44 15 47 39 40 45 33 39 50 25 40 24 48 37 41 24 42 33 50 36 43 35 41 47 29 59 20 32 42 30 37 45 29 50 44 38 50
42 44 38 52 40 47 48 48 44 28 38 36 46 33 49 41 41 31 42 53 42 41 33 47 30 45 21 53 47 43 47 40 49 42 35 43 51 38 42 33 55 30 46 52 42 35 48 32 42 34 26 46 40 47 40 37 38 51 59 49 32 49 43 42 48 54 53 41 40 48 49 46 61 44 46 37 40 44 40 40 36 35 38 48 37 45 39 53 31 54 61 52 34 47 40 40 38 39 35 36
40 51 36 39 45 43 28 52 48 37 37 33 50 39 38 26 41 41 37 46 36 26 38 35 37 26 41 47 45 31 48 39 55 49 31 30 40 38 51 43 39 36 52 39 44 39 56 36 27 46 53 37 48 49 48 22 36 65 52 47 34 53 45 50 23 44 42 36 40 33 44 41 49 42 57 47 43 59 40 47 43 37 49 55 59 51 42 45 46 31 53 46 44 53 44 43 42 33 46 44
49 46 39 71 37 50 49 53 32 41 52 53 25 46 38 53 40 30 36 34 49 41 17 45 38 39 37 49 35 51 51 40 53 32 40 46 44 42 40 48 48 52 43 32 55 47 34 41 39 48 56 39 48 16 61 42 55 40 41 51 40 34 43 43 42 32 37 42 44 48 43 35 44 41 33 28 44 40 24 39 28 38 40 31 36 41 51 45 40 56 39 39 33 37 42 33 41 40 35 36
35 29 42 36 42 38 46 37 47 36 49 32 42 32 41 54 36 49 35 44 41 39 36 47 46 43 37 57 51 56 65 39 52 46 38 33 39 35 44 48 30 53 42 33 46 42 34 43 35 32 58 42 31 32 30 48 51 57 40 40 56 39 54 43 49 39 40 42 43 39 34 51 47 37 34 35 37 47 37 43 48 42 45 38 47 44 48 54 37 44 36 37 34 45 36 32 41 39 45 35
42 50 40 45 45 46 35 57 49 37 45 39 40 38 55 40 52 38 50 39 44 47 40 42 57 47 62 52 42 48 57 51 15 27 18 23 10 30 17 23 18 19 20 17 26 23 19 19 26 19 22 21 27 27 24 12 23 22 25 10 12 14 22 21 20 20 21 20 12 25 20 20 22 17 18 20 17 17 14 16 27 18 18 19 22 13 26 26 20 16 16 11 19 6 19 29 16 30 10 18
16 20 25 22 18 17 22 23 13 29 27 25 24 27 17 27 26 17 32 19 18 22 31 28 15 15 24 24 18 23 9 19 20 22 21 27 26 18 20 30 16 17 22 22 5 12 25 26 24 21 16 19 18 19 7 26                                            
