0.428571428571429 2084 14 18 23 15 31 18 30 18 32 24 21 20 14 16 20 22 28 15 19 23 22 23 19 26 23 18 18 19 22 20 14 20 20 20 25 24 18 17 19 13 19 18 25 23 24 23 14 13 19 18 34 24 21 10 20 29 29 16 25 15 26 17 28 21 22 27 16 21 19 23 23 17 22 17 24 17 23 31 18 14 30 10 19 25 19 29 24 19 23 20 28 30 24 11 31 20 14 19
21 23 20 16 21 19 14 17 26 14 21 17 23 16 22 13 17 22 18 18 18 23 14 27 25 29 25 16 32 16 25 22 17 14 19 18 19 16 15 25 18 23 18 26 15 12 24 18 16 16 13 21 20 14 15 20 19 12 28 28 15 22 21 17 25 16 21 30 26 12 22 35 15 11 21 26 24 20 21 19 24 16 21 19 20 15 22 17 23 22 23 29 20 14 20 19 23 17 20 20
24 18 18 19 18 24 28 10 23 24 17 23 28 17 17 18 31 22 19 21 16 20 14 11 17 29 19 17 13 24 14 27 28 24 22 18 22 28 24 18 22 21 21 19 24 17 19 16 27 11 21 24 20 24 21 13 22 31 23 19 18 25 17 17 22 12 18 27 22 28 21 18 19 26 25 13 20 11 20 15 19 27 16 13 20 29 18 23 12 13 24 19 14 21 24 15 25 17 15 20
15 17 25 18 24 23 20 24 19 21 21 22 21 15 15 21 12 22 15 24 21 11 19 25 16 12 20 23 23 12 18 15 12 19 17 15 25 19 19 18 18 17 16 22 17 21 20 18 17 18 21 14 18 20 17 12 21 19 31 18 23 22 19 25 11 17 20 20 18 19 20 20 25 20 22 17 22 25 18 13 21 17 20 24 19 23 16 29 20 23 16 20 19 14 20 19 19 12 23 26
13 20 20 25 17 23 34 21 26 15 27 15 20 22 23 12 13 13 19 26 16 21 26 22 28 20 25 22 16 41 17 20 22 18 25 18 22 15 19 32 15 22 18 24 20 22 20 21 24 19 14 20 15 27 23 17 15 21 18 14 22 21 19 18 20 18 19 25 18 28 21 18 16 24 19 17 15 27 18 16 21 18 21 19 19 14 19 24 17 21 16 24 18 19 24 22 25 18 17 18
13 19 33 14 29 22 18 20 27 23 21 14 27 16 22 19 24 18 23 15 21 14 22 22 24 19 39 17 17 24 11 25 17 28 25 18 32 22 19 23 18 20 29 23 13 15 23 19 21 21 20 18 14 21 24 26 17 23 26 20 18 16 26 15 25 20 17 19 28 29 25 19 21 19 25 19 17 22 13 19 12 22 21 15 16 13 10 20 24 29 21 14 21 24 24 28 29 24 21 24
41 22 22 14 18 22 21 24 25 31 18 21 19 16 14 18 25 16 24 17 22 17 24 12 21 23 20 22 20 32 24 19 23 23 24 24 14 20 22 15 17 18 22 12 20 20 17 21 26 22 26 25 27 23 39 14 15 20 19 20 16 43 17 26 15 19 20 19 16 15 25 29 14 14 21 25 18 18 21 18 14 16 18 27 21 12 18 18 24 15 15 10 27 21 21 20 16 17 15 10
17 29 14 20 26 20 27 26 17 22 19 22 20 15 22 23 20 22 12 17 26 15 18 9 20 28 23 29 23 20 25 27 26 15 28 11 20 17 20 25 22 28 27 20 23 16 15 28 20 23 21 29 18 27 10 16 31 15 16 12 13 26 20 12 19 30 18 19 23 7 30 18 19 26 27 18 27 24 17 25 20 15 23 19 22 23 21 26 21 21 18 26 20 23 24 14 17 14 17 19
16 18 27 16 24 26 27 23 15 28 26 17 19 26 20 21 23 13 28 24 15 16 19 11 20 20 17 16 26 23 12 23 20 24 14 18 16 17 26 13 13 21 13 17 24 22 13 32 20 29 16 18 19 16 23 21 20 15 21 12 18 15 22 18 19 22 18 16 16 19 16 16 20 25 14 26 20 19 20 17 26 19 18 23 19 19 16 19 23 14 15 18 17 15 19 20 20 25 16 27
27 19 24 21 26 19 20 24 20 31 23 25 14 17 18 29 16 20 23 16 13 22 11 14 14 17 21 14 17 19 20 28 22 16 17 17 33 12 22 23 13 13 17 15 22 20 20 24 20 17 17 15 23 22 14 21 22 23 17 20 27 19 17 22 18 18 15 19 27 20 23 22 20 16 20 26 30 23 16 19 18 19 15 26 18 29 18 13 20 19 20 25 16 17 18 21 21 16 21 23
26 20 21 22 16 18 16 27 25 28 21 21 22 18 22 31 18 11 11 23 17 17 18 21 25 25 7 23 16 19 19 22 17 30 20 25 26 22 27 11 26 27 23 20 16 19 19 23 22 18 19 14 30 20 27 17 22 10 29 20 16 13 20 20 23 26 15 18 23 22 12 13 14 18 19 14 20 15 25 26 21 16 31 40 29 20 22 17 25 13 21 19 12 17 27 21 26 15 23 21
22 28 12 22 24 26 22 11 23 22 24 24 25 20 23 25 23 24 18 17 19 11 20 14 22 26 18 22 16 23 18 23 24 18 17 27 24 19 32 21 27 22 24 12 23 18 20 25 18 20 23 21 16 20 18 24 20 24 13 24 25 10 22 26 23 18 20 25 19 25 31 16 17 18 14 22 27 16 17 18 19 20 14 21 12 23 26 26 17 23 18 17 21 31 21 17 25 11 17 27
33 17 11 29 22 22 20 32 19 11 19 20 24 20 15 19 17 21 11 22 28 21 10 21 25 18 18 21 17 23 18 21 16 17 31 16 19 20 20 13 21 20 19 20 27 23 18 21 22 26 20 34 11 20 17 20 25 26 18 20 13 16 19 21 27 23 21 17 17 26 29 24 19 19 27 22 27 23 22 16 26 23 20 19 29 21 17 23 22 30 19 21 22 19 20 14 28 17 20 18
17 25 26 14 27 27 21 26 14 24 26 31 11 21 22 20 21 22 21 11 27 17 26 19 17 23 16 15 21 32 17 24 16 19 12 18 21 18 21 18 14 19 21 12 25 15 25 18 23 24 19 17 19 22 18 23 15 18 22 20 29 28 22 29 15 25 25 13 16 25 11 14 16 17 26 22 21 15 16 31 26 14 21 18 27 18 23 21 29 19 21 14 17 15 23 24 22 22 20 19
17 28 26 22 22 20 20 22 19 24 19 20 15 19 20 26 18 29 19 9 27 27 12 23 12 9 25 31 13 21 21 12 18 24 18 23 21 24 22 24 26 24 23 18 24 19 19 19 21 19 25 26 23 16 22 22 23 17 24 13 30 16 25 8 21 27 18 19 23 24 24 25 20 19 27 36 19 17 13 16 16 20 22 20 21 26 21 26 26 14 19 21 25 20 23 20 28 24 9 25
14 28 17 16 19 19 22 19 24 26 20 21 20 23 21 22 22 30 22 18 22 24 21 21 23 30 19 21 23 24 20 24 23 23 19 23 22 25 16 17 18 17 19 25 26 20 18 26 16 21 20 42 22 17 19 23 23 20 23 23 20 21 20 22 27 20 23 31 16 15 14 23 17 28 24 18 23 16 18 22 23 22 23 15 20 22 13 18 21 20 31 13 16 15 26 21 24 25 12 13
24 20 21 18 25 28 23 21 16 19 20 16 36 24 23 19 24 28 20 19 20 17 12 24 20 27 16 13 18 24 13 15 22 16 14 18 18 16 21 23 27 16 14 17 25 15 26 18 21 21 20 15 16 23 16 15 18 27 30 24 30 23 29 18 21 24 18 16 16 27 19 18 15 21 16 11 13 27 25 24 20 14 17 18 15 18 34 17 31 20 20 21 30 13 13 15 26 12 15 12
25 22 17 17 12 24 21 17 13 30 22 18 20 19 23 18 20 16 27 24 20 11 16 25 22 17 28 16 14 33 19 25 23 21 20 17 26 25 24 15 22 20 17 21 15 29 26 22 23 21 22 23 15 15 26 19 14 15 33 24 21 21 17 21 21 19 18 22 22 18 15 23 15 13 26 30 17 23 21 20 19 19 15 22 16 26 20 25 22 43 18 14 16 19 18 20 21 29 20 23
22 32 17 30 10 24 23 17 17 30 33 17 16 22 21 14 20 14 21 14 18 15 11 17 25 19 15 19 13 17 24 26 26 24 26 15 24 16 24 26 30 22 13 21 25 25 29 26 23 15 22 19 19 24 15 20 27 23 23 20 20 19 33 13 28 24 22 6 26 22 24 24 21 22 16 19 15 27 18 20 15 18 17 19 14 16 23 25 24 25 20 19 40 15 19 26 23 14 23 16
22 14 26 17 20 21 15 11 23 19 20 18 21 18 24 24 16 25 32 14 18 18 29 30 20 24 22 26 27 23 17 19 24 19 18 33 19 21 21 18 23 20 20 26 18 17 16 14 17 18 5 59 20 18 17 16 24 17 19 23 19 22 19 23 19 19 16 20 16 23 18 23 21 20 21 30 14 20 25 22 16 26 11 21 16 28 18 20 27 19 25 20 25 24 16 19 18 16 24 18
6 9 7 9 11 7 11 12 15 14 8 11 16 9 12 5 17 8 15 5 12 9 10 11 14 15 11 11 7 7 8 9 12 11 11 9 11 15 9 8 9 12 10 13 15 10 7 10 10 12 10 11 12 11 9 8 13 8 15 4 11 6 14 13 13 9 14 12 10 10 15 17 8 12 10 5 6 7 16 13 7 12 12 12 12 9              
