0.291666666666667 2075 19 27 23 23 25 38 20 24 26 29 26 22 26 21 22 33 18 17 15 30 27 21 25 21 23 14 25 28 19 25 21 25 24 25 24 18 30 22 32 25 9 20 21 22 25 28 27 19 21 23 23 15 28 24 22 22 22 24 16 18 24 21 23 17 16 20 16 20 28 27 14 14 23 19 20 20 16 25 25 25 18 22 30 28 28 26 23 31 24 30 24 17 26 28 25 31 19 19
21 23 18 23 27 18 17 24 25 17 37 21 21 22 24 21 28 27 22 22 25 31 23 23 25 30 22 24 20 20 18 26 17 29 21 26 15 22 28 32 22 19 30 23 28 31 18 21 27 29 23 34 36 21 18 34 24 27 27 26 27 33 21 25 17 22 29 17 16 27 22 21 25 20 34 23 16 22 19 27 23 24 17 25 16 23 28 23 26 20 23 20 33 19 32 20 28 26 18 19
19 12 30 11 18 19 22 19 24 19 22 22 28 31 23 22 31 22 23 18 18 24 22 28 20 18 21 21 18 21 16 24 19 33 13 30 20 18 19 23 25 21 31 22 23 25 34 17 26 27 25 27 20 17 28 26 30 18 23 13 31 26 16 22 27 25 24 22 34 21 28 22 17 22 24 21 19 33 15 17 18 22 24 14 23 18 30 34 28 15 22 23 30 27 33 19 30 28 18 23
25 35 23 20 33 20 23 21 21 16 29 26 25 25 27 38 21 23 23 27 23 12 27 17 20 21 22 32 19 27 35 16 22 19 15 20 33 25 28 25 16 19 26 29 24 27 16 23 21 30 24 32 26 26 22 21 25 23 33 27 25 24 24 25 24 22 23 28 22 33 19 25 29 15 22 15 22 22 22 19 25 24 23 20 21 19 26 26 22 23 20 17 25 22 30 18 18 24 21 20
23 14 17 25 32 23 35 22 18 35 23 32 32 26 31 26 21 20 28 34 27 24 21 20 18 20 39 24 20 18 20 22 23 20 23 23 27 28 29 22 21 28 40 32 22 22 34 17 31 28 23 27 21 17 22 24 21 24 19 18 26 24 25 25 25 23 20 31 23 20 24 29 19 18 28 22 20 18 21 18 23 29 19 25 17 18 23 17 20 30 28 20 26 25 29 20 20 31 22 23
29 13 19 25 16 21 28 22 23 22 17 29 16 25 21 20 20 22 17 19 21 27 21 51 31 23 27 23 27 21 25 27 24 19 17 29 27 26 25 22 24 19 26 7 21 22 22 15 23 25 25 23 27 18 28 24 16 24 43 21 22 29 16 24 22 28 21 24 19 32 25 31 18 25 38 20 25 27 15 22 17 23 25 31 20 20 27 23 18 25 21 23 24 31 23 28 20 28 25 21
20 45 37 17 11 19 39 20 30 24 17 28 32 27 30 20 22 15 26 17 28 21 19 35 26 17 27 21 22 24 19 28 28 27 25 29 24 31 30 25 22 24 22 31 15 29 24 25 26 27 30 26 22 23 24 29 18 17 26 25 29 23 24 26 20 29 16 26 17 28 24 13 27 17 20 28 14 17 26 21 27 29 26 25 26 24 27 23 22 23 24 21 23 33 23 23 23 20 22 31
24 27 23 30 32 20 26 18 19 20 18 35 33 17 22 29 28 24 28 23 20 20 19 21 30 34 29 32 17 23 21 28 15 19 26 24 25 27 23 23 29 24 26 22 22 20 27 24 25 27 24 16 25 27 23 15 18 14 26 22 22 26 12 23 14 21 17 24 20 27 16 26 23 22 24 25 29 19 28 24 33 26 23 17 19 37 20 25 27 24 20 20 17 20 22 28 30 23 19 33
16 21 22 28 25 28 17 21 26 26 24 28 19 24 34 32 29 28 33 31 25 25 31 33 14 27 26 24 25 22 24 16 19 28 23 21 26 22 28 21 30 18 18 31 21 23 24 25 34 30 22 23 28 30 28 27 26 21 20 18 23 31 23 26 26 26 26 22 16 19 28 23 21 25 37 26 23 16 18 17 19 30 19 27 36 23 20 23 28 24 22 17 28 26 30 25 28 21 22 23
21 28 28 21 25 22 23 22 21 31 23 20 27 25 28 29 37 27 16 29 19 23 23 35 27 13 20 20 33 17 23 22 21 26 23 20 27 27 27 20 19 30 29 31 28 26 27 39 16 22 17 38 15 20 22 24 26 23 28 30 27 25 27 18 20 22 20 17 21 19 17 17 22 23 22 26 21 34 23 27 24 20 19 27 24 33 31 31 27 23 26 27 22 30 29 24 31 23 22 23
29 25 31 23 19 31 28 30 20 26 21 29 25 24 25 23 36 28 23 25 33 21 20 27 19 22 24 20 26 28 23 25 26 20 18 28 18 31 27 24 18 24 18 20 26 23 14 19 19 17 24 31 29 16 24 29 19 22 22 23 22 18 17 16 27 17 24 29 26 35 19 23 24 20 21 22 28 22 27 23 28 22 21 24 20 29 21 28 25 23 24 24 32 30 17 28 32 21 24 27
26 25 19 25 33 36 25 20 21 21 22 20 17 26 17 26 17 24 23 22 21 20 24 22 25 22 23 22 27 26 23 22 16 21 34 22 27 16 22 20 32 21 28 19 25 30 24 17 26 20 33 16 30 29 29 27 18 33 19 20 19 18 20 27 22 26 26 26 27 13 24 24 21 28 34 30 27 18 26 17 14 26 31 28 25 24 19 29 25 17 24 28 24 27 20 23 18 24 15 22
25 22 24 22 19 25 26 21 21 24 21 27 16 23 41 23 24 29 28 16 18 16 20 24 24 19 14 20 25 23 21 21 28 24 17 24 23 21 30 21 22 22 23 21 20 24 28 20 27 17 17 18 31 21 23 28 21 20 25 27 20 24 27 27 16 18 23 31 33 20 19 30 19 18 34 32 19 24 21 18 22 20 24 17 22 19 21 22 19 26 18 16 20 22 16 24 35 27 22 16
20 30 29 26 18 36 35 23 25 25 22 20 25 27 21 20 23 26 22 24 21 22 25 26 23 30 21 27 24 31 22 30 24 25 24 22 34 21 24 15 24 24 19 27 18 29 29 23 32 18 25 22 20 22 31 23 25 20 18 18 24 30 17 18 19 12 32 23 19 17 23 22 29 15 29 34 17 24 27 32 20 22 20 20 16 16 24 24 17 27 22 19 21 31 24 17 21 18 21 24
26 23 35 26 19 17 24 30 23 28 24 23 29 20 19 18 26 33 25 18 28 21 25 26 20 17 30 26 22 30 26 25 26 39 27 35 22 17 21 27 27 22 14 17 27 30 32 20 26 25 31 28 26 22 22 24 17 19 17 26 25 28 24 18 22 22 26 24 23 15 23 23 28 26 28 24 18 28 30 21 18 28 22 17 25 26 15 17 22 35 31 18 20 24 23 19 30 24 16 25
24 21 22 31 23 17 22 19 27 25 26 19 20 26 30 24 25 22 20 26 19 24 22 20 20 25 25 30 15 25 26 24 28 25 26 22 33 25 26 23 27 36 20 31 21 26 13 21 19 26 22 18 30 24 25 29 17 20 29 23 18 18 22 26 24 23 24 19 17 22 22 25 17 26 38 23 30 19 15 33 25 17 21 26 26 28 22 26 26 32 21 22 28 23 22 22 22 26 23 13
23 26 18 27 26 12 17 29 11 19 25 20 19 32 28 29 25 24 29 22 17 30 15 33 24 23 20 23 26 18 36 21 23 25 19 14 26 22 35 30 33 20 24 29 30 24 19 22 26 25 27 19 26 19 31 27 18 27 28 21 31 23 29 27 23 29 27 27 15 33 16 20 14 15 20 22 16 22 22 18 22 22 41 22 24 28 30 22 17 21 27 31 17 22 22 14 31 16 28 29
17 25 20 31 31 23 21 25 24 23 14 27 18 23 19 16 31 21 25 22 24 32 34 29 20 25 24 13 22 23 19 19 16 20 24 16 24 32 27 16 16 32 17 26 32 18 16 34 23 29 27 20 35 21 28 25 16 26 24 26 28 22 17 23 27 30 18 28 26 27 20 25 24 27 24 26 22 27 19 30 24 30 29 24 17 17 31 27 32 25 28 29 17 27 23 27 18 29 13 19
25 25 19 18 22 22 27 36 17 18 32 27 22 17 25 26 23 20 24 23 32 25 30 22 20 19 24 24 27 22 24 24 24 20 21 21 24 15 24 30 31 18 22 19 32 30 25 30 22 21 18 26 27 29 25 24 24 26 23 24 26 22 19 28 26 26 25 24 21 20 28 20 20 22 27 23 19 19 21 14 22 17 29 23 27 22 40 28 24 20 23 27 32 18 22 18 14 22 26 22
19 21 21 27 23 18 23 21 24 14 27 23 35 17 26 27 15 21 25 18 17 32 30 18 26 16 27 24 14 13 22 21 25 26 21 22 19 29 17 25 24 25 13 19 24 22 22 24 23 24 24 18 22 24 22 24 23 22 27 21 13 22 18 22 16 22 27 29 22 33 23 18 17 24 21 27 23 32 29 20 21 21 29 25 17 15 22 28 17 25 20 28 19 21 22 19 21 21 22 30
21 26 20 28 27 22 18 22 26 22 18 16 23 19 30 13 21 13 24 11 22 22 23 17 14 21 18 20 32 25 25 14 29 20 19 22 19 15 22 21 22 21 22 26 21 22 20 19 27 18 24 38 16 30 21 16 20 19 19 22 23 19 24 8 24 23 17 22 15 23 16 22 25 17 17 33 27                       
