0.392857142857143 1984 26 28 19 21 21 16 28 24 29 32 25 22 18 14 24 22 21 25 27 26 19 27 20 25 18 23 16 21 30 23 22 22 30 20 22 20 21 25 23 24 21 20 21 31 15 21 23 13 29 19 26 18 20 18 26 26 12 20 19 25 18 18 17 11 22 9 14 14 23 20 17 14 23 22 33 29 26 16 19 21 19 13 26 17 24 18 26 18 17 21 21 18 29 18 25 27 31 16
42 25 14 33 27 27 23 31 20 16 19 18 18 21 26 25 17 28 16 22 20 23 31 17 23 29 21 16 19 29 15 19 20 25 20 16 13 17 24 21 26 31 28 25 15 13 28 18 20 24 25 18 24 24 22 23 20 29 18 19 25 28 29 23 19 25 16 16 20 20 26 15 26 20 19 17 27 27 19 18 16 20 16 18 21 26 21 31 25 24 25 17 15 16 23 27 21 29 25 26
23 16 22 17 26 24 28 22 17 29 17 20 26 23 28 22 24 19 20 21 18 26 15 29 27 17 28 29 20 19 17 18 27 30 21 25 24 29 27 26 17 28 19 18 23 29 23 22 25 25 22 20 17 27 28 24 25 21 27 31 17 23 20 28 27 17 24 25 10 14 26 20 22 19 19 16 14 20 24 22 20 16 22 14 26 24 22 35 21 25 24 17 26 27 16 23 23 23 21 26
29 28 22 35 25 20 31 29 28 27 29 22 17 24 18 10 22 23 24 27 29 29 25 12 25 25 21 18 20 23 19 21 21 29 25 28 22 29 27 24 17 33 16 15 30 10 23 30 23 27 22 28 19 31 22 23 26 25 28 23 14 27 24 24 17 25 20 33 26 31 24 22 24 24 25 24 29 18 22 17 23 23 23 28 24 20 21 17 24 26 27 36 28 29 21 28 21 28 20 19
35 20 12 26 16 28 19 16 27 16 21 19 19 18 22 21 29 23 21 34 13 24 21 30 20 22 18 18 24 19 31 22 15 22 17 23 22 20 19 24 24 21 25 21 15 20 17 21 15 16 20 18 26 23 11 18 26 21 14 35 22 19 17 14 27 12 18 15 12 22 14 20 31 18 26 26 25 16 18 30 29 17 27 29 15 26 32 24 25 31 18 22 20 22 32 46 20 26 22 20
15 22 21 18 20 22 18 21 26 17 26 15 27 25 15 23 21 23 26 33 15 20 21 24 20 8 25 28 25 17 23 26 23 15 19 28 30 23 22 22 33 18 24 23 17 30 35 25 28 19 25 29 20 19 27 26 26 26 22 23 23 19 43 24 18 19 24 17 21 17 18 19 20 28 17 21 17 23 21 12 18 17 17 19 21 29 18 24 14 30 21 21 20 25 19 9 22 18 21 13
14 19 16 32 32 20 21 23 26 26 27 21 34 17 14 15 23 20 17 29 23 22 28 16 16 21 23 15 20 17 23 24 23 15 24 21 19 18 26 31 26 36 20 21 28 22 22 26 18 19 20 21 22 27 25 22 22 25 30 26 22 26 16 12 16 19 23 22 22 29 30 24 22 16 30 27 24 16 20 21 22 23 34 23 24 15 25 23 21 11 35 25 20 29 11 25 17 12 26 24
27 20 25 23 24 17 16 26 31 17 18 28 29 14 27 17 17 25 23 21 26 24 19 24 31 19 26 26 13 28 26 22 27 32 18 27 28 22 21 22 21 26 26 19 24 36 22 27 30 14 25 21 21 20 23 15 25 23 17 20 21 25 27 22 23 22 22 23 23 27 27 17 22 24 23 18 20 21 26 27 17 18 26 18 24 19 18 26 20 13 25 36 31 25 26 26 23 27 25 16
23 18 26 16 27 29 30 25 21 18 14 19 17 21 19 37 28 19 17 18 26 22 23 23 35 17 21 20 20 17 26 27 21 18 18 17 19 25 25 22 19 23 20 27 17 28 19 25 17 34 21 21 17 17 30 22 26 19 16 15 22 23 23 21 24 27 24 23 23 22 16 20 28 26 20 35 26 23 15 13 16 25 23 22 18 22 23 22 17 15 26 26 26 16 17 23 18 21 22 13
24 16 13 21 25 23 23 23 12 17 30 26 23 21 24 30 20 22 31 21 34 23 9 28 24 25 19 34 21 20 16 20 15 22 25 18 17 22 18 19 24 23 33 20 29 22 27 21 18 22 18 33 20 21 26 17 29 25 28 59 58 27 17 23 31 10 17 21 21 30 28 18 24 21 23 27 20 18 25 29 21 26 21 23 26 30 16 25 14 29 25 18 21 28 18 22 25 20 33 30
25 31 22 32 22 23 32 19 12 23 17 22 17 28 21 15 27 18 15 24 18 18 29 17 24 19 31 21 20 31 30 31 17 21 22 18 21 24 25 23 18 24 24 28 31 22 21 29 23 25 29 22 30 13 17 16 16 19 17 15 17 23 23 25 23 19 16 19 16 17 23 21 21 14 27 23 20 22 25 24 14 22 32 13 19 18 17 28 28 13 29 26 15 26 18 18 24 26 14 27
16 27 27 36 19 22 26 24 27 24 20 19 23 17 21 20 20 19 23 15 25 16 14 22 14 20 13 21 27 18 20 29 21 18 18 29 26 23 27 15 25 29 21 21 28 17 18 23 33 27 17 20 25 19 27 37 21 24 20 20 26 24 23 22 21 22 11 27 21 14 22 23 28 21 22 25 24 22 25 19 25 16 13 31 12 23 27 28 21 22 22 22 27 18 21 23 23 19 18 21
20 24 22 20 14 19 18 14 22 25 25 21 26 24 25 14 21 22 21 23 19 18 21 16 21 25 16 18 25 21 26 27 33 19 21 22 21 26 21 25 20 16 24 20 15 13 19 18 21 24 20 19 22 28 18 29 21 19 15 24 20 19 24 22 23 26 22 20 21 22 28 31 10 22 28 14 17 21 21 19 13 13 17 26 19 32 20 23 18 25 24 23 19 26 23 17 24 21 23 30
17 18 15 17 28 17 14 40 22 16 24 28 24 21 19 17 22 23 20 25 24 23 25 22 21 20 22 23 21 22 15 32 22 23 16 21 14 22 18 28 23 20 24 15 24 26 15 14 15 20 29 17 22 23 18 23 24 32 33 26 15 26 18 21 18 27 31 29 31 17 31 28 24 28 30 26 13 22 33 17 26 15 23 15 26 18 18 18 19 19 20 25 31 31 19 26 20 18 21 26
18 17 26 23 27 22 24 18 15 29 26 21 21 16 22 26 22 34 23 18 19 15 15 26 20 15 26 18 24 16 21 20 23 23 18 20 26 18 21 30 27 21 17 28 28 24 32 32 21 22 24 23 25 25 28 24 26 18 28 18 26 24 19 26 22 22 26 17 26 17 22 27 19 21 14 15 17 18 19 22 13 22 21 19 20 21 22 18 25 26 20 23 20 15 11 25 19 22 34 14
27 23 20 22 31 27 27 20 24 17 21 30 30 18 21 26 21 17 14 23 20 19 21 17 23 23 27 19 33 23 27 23 38 23 26 19 31 21 25 23 17 19 15 29 22 26 16 29 27 26 23 11 24 21 24 22 28 26 19 21 24 26 22 18 25 13 26 18 13 19 25 23 23 29 11 24 25 25 22 14 24 25 17 18 18 20 20 30 25 19 16 31 32 17 20 31 23 25 25 18
34 16 26 26 24 17 22 17 23 26 23 17 16 25 26 23 24 19 17 18 19 19 23 25 25 26 19 13 21 26 24 20 23 20 19 22 19 21 24 14 21 21 22 24 25 24 17 22 16 18 13 23 20 25 23 24 10 21 21 28 18 21 23 30 26 16 17 20 23 18 25 22 13 21 34 17 33 27 22 19 21 28 31 27 23 15 24 22 23 21 27 21 19 21 31 25 13 26 19 22
24 31 27 20 22 28 22 18 21 20 22 18 24 20 21 25 26 17 17 30 27 24 17 17 15 20 29 27 23 24 24 19 25 32 22 29 27 23 26 14 17 15 26 23 24 23 23 21 19 26 26 16 22 20 14 21 24 28 24 19 30 26 23 26 20 20 28 28 25 25 22 27 11 33 20 32 30 28 22 24 26 13 14 24 28 21 18 22 17 23 25 22 27 26 18 29 21 24 21 24
19 22 24 29 29 20 13 30 24 20 18 13 17 22 29 24 26 25 25 15 24 19 26 15 24 23 25 22 15 21 21 17 20 12 16 21 28 21 19 25 28 21 18 15 26 18 20 20 27 20 24 24 18 17 18 19 20 18 28 19 14 26 25 28 21 16 19 22 24 23 15 23 17 16 19 22 28 14 22 25 15 22 28 11 20 24 27 27 23 30 28 21 27 26 29 22 10 23 26 19
24 21 24 22 28 26 23 20 27 18 21 27 16 18 32 21 22 29 20 21 22 21 23 20 25 26 12 30 16 9 33 23 25 24 20 26 21 20 24 32 19 22 22 29 22 19 21 24 21 23 28 17 32 17 15 22 25 17 17 23 26 18 26 17 20 22 12 24 24 18 25 16 17 24 18 28 53 18 25 19 20 34 20 25 23 16              
