0.464285714285714 5115 31 40 35 33 30 49 38 38 39 25 30 39 34 35 40 42 28 36 27 29 27 37 37 37 38 30 40 41 28 36 41 41 42 46 29 50 46 39 45 50 24 33 35 35 28 34 37 35 35 47 35 45 48 34 31 40 31 27 45 36 38 32 28 33 28 37 50 35 32 46 35 36 31 32 33 43 37 32 26 37 35 40 48 47 28 29 44 43 30 38 42 35 34 37 25 28 39 42
37 17 27 39 47 31 39 44 31 41 28 29 42 33 34 21 30 30 46 50 32 27 27 40 41 40 5 44 36 31 27 40 35 36 31 49 34 28 44 37 20 38 33 29 28 39 41 33 49 46 32 36 12 33 28 35 37 39 41 34 34 27 22 29 33 45 38 35 47 40 42 38 26 22 43 36 44 30 33 25 33 36 42 34 37 30 31 30 98 62 28 40 26 26 36 28 32 33 42 88
23 44 22 31 24 27 44 25 39 27 24 31 40 27 26 39 39 33 39 38 23 27 36 31 18 27 37 43 40 39 28 35 30 24 41 45 39 44 45 43 28 37 32 40 40 36 35 37 44 40 30 19 33 34 23 30 37 21 20 46 38 34 43 40 27 34 36 42 38 29 33 45 42 19 33 33 35 15 33 36 35 40 31 50 32 27 36 32 36 39 25 17 29 37 30 39 34 28 38 35
38 35 39 30 44 25 37 31 31 32 39 40 43 37 32 29 30 35 42 32 32 29 37 36 16 28 32 35 39 38 31 37 37 31 34 44 31 41 37 42 43 47 35 43 34 31 30 39 28 41 36 34 48 47 23 40 38 33 33 38 37 32 40 43 31 30 43 40 34 33 40 35 23 25 40 37 25 33 31 19 30 33 37 34 29 32 39 39 43 36 38 31 38 39 38 42 25 29 32 28
26 28 38 39 40 48 41 33 32 30 30 31 20 33 22 31 30 44 38 35 29 15 36 47 23 35 25 22 30 21 45 27 25 52 40 34 35 38 22 25 35 29 25 43 34 36 40 36 46 29 45 47 39 32 31 26 35 35 31 24 19 34 41 38 32 41 20 35 35 42 29 33 40 34 35 34 34 33 45 47 34 38 44 35 32 37 24 25 20 50 44 44 21 34 26 44 36 28 41 39
17 27 28 32 48 34 53 34 38 25 27 34 32 30 36 34 32 45 26 41 39 35 32 47 29 38 24 38 40 36 31 42 28 42 29 40 39 51 42 39 32 43 47 29 34 35 37 39 31 44 41 39 39 33 32 31 36 38 15 39 55 32 34 31 34 43 33 31 32 32 29 24 43 45 32 28 37 24 31 27 49 37 23 43 23 20 36 37 39 33 29 26 27 35 31 34 40 31 37 43
43 38 40 25 34 31 33 31 27 32 35 40 8 38 42 32 41 31 38 37 38 33 35 25 33 32 32 29 32 44 51 22 36 29 23 44 36 33 25 37 42 29 48 41 23 34 34 43 50 35 34 23 44 41 46 45 37 37 34 31 23 39 24 18 29 25 43 42 38 46 38 42 44 30 27 39 34 22 28 30 46 32 43 32 39 47 33 33 46 29 40 38 41 36 53 47 35 42 34 45
34 26 34 40 40 47 31 24 35 30 30 32 32 41 32 25 40 31 31 28 37 32 44 30 46 15 29 39 38 29 38 32 41 32 33 36 38 44 32 31 45 35 40 35 43 28 31 33 51 40 44 28 44 34 43 36 30 23 43 45 25 26 34 32 36 39 32 32 29 34 38 27 40 35 39 43 26 35 32 40 42 33 34 50 43 38 39 22 35 41 43 30 34 39 49 32 24 34 34 35
34 20 36 37 29 44 33 33 15 30 36 27 37 41 46 37 21 28 39 34 44 43 36 36 38 38 28 31 27 35 36 28 36 45 36 35 39 26 42 31 42 39 26 26 35 35 38 36 30 53 26 40 38 30 37 36 30 31 14 33 35 36 36 44 43 31 35 32 36 36 45 36 40 33 38 34 29 36 40 34 35 27 26 36 38 39 49 41 41 43 40 35 31 32 30 18 42 35 28 35
42 37 40 33 35 40 35 28 38 34 27 36 45 25 34 29 30 28 29 36 39 40 28 41 22 36 39 35 27 42 35 31 35 34 41 40 43 40 47 27 29 39 32 33 35 39 31 35 32 31 32 35 35 35 27 36 31 28 42 24 43 40 38 33 37 37 36 27 34 41 32 37 49 38 43 34 38 33 34 33 42 42 25 36 22 43 22 40 49 43 22 36 41 34 34 31 26 25 42 32
36 42 22 30 35 34 40 33 20 34 37 42 39 31 40 26 41 38 52 38 38 43 32 34 42 31 24 34 31 49 22 41 48 33 40 32 39 33 30 42 32 19 27 37 20 29 23 31 32 26 33 28 39 33 28 44 43 32 38 39 42 45 35 32 43 44 21 32 40 37 33 34 37 30 33 33 20 37 34 39 37 30 39 38 35 42 42 34 29 27 38 41 35 32 42 31 36 29 36 42
34 46 30 40 26 32 44 33 35 32 10 34 33 51 46 40 38 35 37 38 43 44 28 48 42 29 41 40 35 21 31 44 42 32 41 40 41 29 31 33 41 35 36 39 31 30 36 28 46 44 35 28 52 27 27 29 44 41 35 34 55 37 42 25 28 27 30 37 28 25 40 20 46 42 39 46 35 41 40 34 43 17 43 46 35 24 35 36 45 39 33 34 39 35 30 34 33 25 34 39
40 45 41 42 32 35 44 37 39 37 32 26 45 37 38 31 40 22 35 44 31 40 32 28 32 29 29 31 34 46 28 34 36 37 35 36 36 39 40 40 30 31 27 22 22 32 28 32 40 38 27 42 40 49 38 46 32 31 45 34 38 43 40 37 41 34 40 40 33 47 38 32 28 39 47 33 37 34 44 26 45 35 34 40 30 31 11 39 27 41 23 27 26 33 42 29 39 34 21 28
32 39 34 32 35 32 33 33 46 40 30 33 37 43 40 40 38 35 36 42 38 26 38 42 27 30 31 37 23 29 36 39 31 30 34 26 32 28 25 28 41 28 34 27 45 42 32 37 30 39 34 35 41 42 32 22 45 39 30 25 37 49 37 42 49 27 25 45 49 43 30 36 25 33 14 33 44 53 28 26 31 37 35 33 33 42 27 24 31 23 38 43 41 48 42 38 21 41 25 37
33 28 39 37 33 23 33 48 21 26 31 41 30 26 43 33 35 36 38 36 29 45 25 31 31 29 33 33 36 22 32 44 26 25 26 40 36 26 31 33 11 28 41 33 29 31 31 34 29 29 22 35 34 34 41 43 37 36 24 28 35 26 40 41 33 36 42 42 39 35 39 40 28 34 31 31 36 48 31 35 46 40 30 32 36 40 18 41 34 32 32 38 38 32 31 30 24 35 38 29
29 33 39 31 37 29 33 38 29 30 43 45 58 34 39 29 28 25 40 50 45 24 42 24 33 44 39 34 28 32 40 36 41 41 31 27 31 37 40 44 38 36 28 34 31 25 30 38 34 40 46 63 50 51 51 53 58 42 30 31 30 38 37 30 32 35 28 42 33 42 30 36 44 26 36 37 31 34 41 51 34 33 36 37 38 21 33 43 34 40 45 35 32 33 36 39 27 37 21 35
37 40 53 28 22 37 34 34 34 38 32 36 46 31 26 34 34 36 41 30 36 26 34 34 41 51 27 31 28 36 40 36 41 34 46 37 29 27 26 40 21 48 23 41 43 32 38 30 37 32 35 27 39 36 33 32 35 36 28 30 33 27 50 22 50 34 37 25 41 30 32 52 44 44 29 40 36 33 39 38 35 33 30 35 32 42 41 33 18 44 30 41 40 41 37 38 36 28 21 49
49 48 48 38 37 47 42 35 33 23 38 33 36 42 36 27 29 42 33 39 40 32 28 35 53 37 27 57 35 32 34 34 38 35 49 46 40 33 16 36 41 37 28 33 36 28 30 29 34 41 35 35 35 37 23 51 45 33 32 46 39 38 38 42 49 32 39 41 34 27 43 48 44 26 25 40 33 38 31 28 35 33 44 24 24 38 37 26 34 31 24 27 26 42 39 43 34 37 43 30
28 34 32 39 43 20 27 24 46 46 45 31 36 37 35 43 29 38 37 41 43 37 30 59 36 43 41 39 42 36 35 33 41 33 38 39 45 34 36 39 34 30 38 31 48 31 34 35 33 48 34 53 35 27 43 50 38 42 40 33 43 21 36 29 26 46 40 24 46 23 36 38 30 21 28 34 30 31 32 34 31 28 35 38 42 33 39 31 62 28 24 39 38 29 39 42 39 33 42 23
39 35 43 46 27 28 33 39 34 24 32 31 27 36 45 45 45 34 37 40 37 29 32 41 39 20 21 36 42 35 39 40 33 36 38 33 34 27 44 34 28 31 37 32 39 38 26 38 23 31 33 27 29 40 48 40 42 43 43 27 24 28 34 42 42 45 51 17 30 38 20 46 37 29 34 34 36 37 31 37 25 34 37 44 41 33 28 33 37 41 43 42 47 41 40 29 29 37 31 22
41 38 36 37 34 39 34 30 29 38 18 43 35 31 35 33 39 21 27 37 38 35 41 39 46 29 31 42 28 39 39 32 24 39 38 47 34 43 35 41 48 31 32 39 40 30 41 25 36 20 43 26 37 36 41 39 31 40 40 35 40 42 31 12 25 39 44 35 43 42 17 39 33 33 35 37 27 35 39 38 41 29 42 50 31 36 41 37 41 26 34 38 35 32 21 40 33 34 31 39
36 39 44 36 27 45 25 35 43 39 38 37 39 26 41 25 39 34 33 46 32 37 39 33 38 48 35 35 40 30 35 41 41 35 29 43 42 54 46 49 54 34 30 24 31 20 27 35 31 46 58 33 29 32 32 29 37 28 42 42 28 43 23 31 47 25 44 31 30 22 30 27 136 43 40 28 37 32 34 39 35 24 37 32 27 29 39 43 29 31 32 37 27 43 43 32 19 41 30 26
40 42 32 34 42 32 29 39 21 22 30 31 28 36 20 34 24 28 36 42 37 44 25 23 40 49 48 29 35 38 26 43 28 28 33 26 35 43 34 34 44 29 30 28 37 37 27 34 29 33 36 28 39 43 40 33 45 38 41 22 28 34 34 26 34 30 46 43 55 33 42 34 39 34 43 37 9 36 34 33 30 37 46 46 33 45 43 31 32 29 40 29 35 38 25 44 33 45 28 27
45 37 38 27 28 29 17 28 39 32 33 43 40 38 42 44 30 39 35 37 28 40 30 18 47 38 31 28 41 29 30 32 28 25 40 35 33 39 31 31 34 33 33 42 33 46 32 34 43 30 20 28 43 29 37 35 38 28 29 34 39 32 35 39 29 39 27 36 31 36 31 41 31 31 31 37 38 18 30 34 43 36 39 51 29 30 33 31 28 31 25 19 39 39 39 41 35 32 36 39
28 40 30 32 47 48 39 41 30 44 50 46 37 38 28 36 37 37 33 38 33 34 36 54 39 27 31 40 33 28 42 30 38 44 37 33 36 18 36 35 25 36 37 44 42 37 33 35 30 36 23 35 44 37 25 33 37 40 37 36 30 30 45 43 38 39 34 44 38 38 39 38 30 35 33 42 48 22 30 37 42 28 38 34 28 35 38 27 40 29 47 25 39 42 56 50 43 41 46 48
26 38 33 34 35 43 30 51 84 94 33 27 33 31 31 35 45 32 41 32 45 41 31 49 28 35 28 26 24 27 43 34 25 43 27 38 44 30 37 41 46 29 35 35 41 35 30 29 31 32 52 39 45 21 36 36 36 39 38 31 38 33 40 36 30 39 50 44 39 49 32 36 39 34 41 43 33 42 32 30 38 44 30 37 35 43 24 11 9 45 41 23 26 29 48 25 31 24 30 30
40 35 33 30 30 48 39 47 41 31 44 32 34 27 26 50 38 32 33 45 44 34 51 24 30 47 36 29 27 37 35 31 33 25 34 31 32 47 33 28 31 30 37 38 26 37 32 30 39 34 37 38 29 41 41 44 33 31 42 36 30 34 38 56 40 30 24 39 36 38 38 29 19 32 41 18 30 33 33 47 26 39 32 37 50 36 37 37 34 42 40 29 44 32 25 27 54 27 32 33
44 33 41 34 33 35 38 38 41 34 32 53 48 37 39 49 24 28 49 24 35 38 31 38 32 24 30 32 38 28 26 36 41 36 49 29 30 35 39 41 27 43 33 38 33 42 30 34 35 32 46 36 49 34 29 44 42 28 49 24 32 31 42 27 41 39 41 33 32 27 35 37 39 19 25 38 26 45 29 29 36 29 29 32 30 38 34 26 32 33 40 35 40 48 29 36 42 40 36 43
30 37 38 29 34 30 29 40 13 32 33 35 34 23 35 42 46 25 36 41 24 21 41 36 43 35 33 41 36 32 42 35 34 44 33 43 37 33 29 39 37 43 29 33 34 32 36 29 38 44 60 32 31 25 33 43 28 38 44 30 36 54 35 33 42 40 31 36 31 42 38 42 43 39 34 36 39 38 34 32 34 29 33 31 37 37 27 30 31 30 33 22 30 45 46 41 40 36 38 39
40 32 26 34 22 27 31 27 41 31 37 41 26 33 36 46 41 38 31 33 35 30 37 42 29 40 36 36 27 35 45 31 37 33 39 47 34 39 23 36 50 37 42 33 37 39 38 35 30 34 41 44 31 30 43 39 40 31 23 34 32 45 44 41 40 48 46 39 41 42 42 43 43 35 33 37 30 22 33 33 27 25 32 37 35 33 34 40 41 37 33 38 37 45 40 39 37 43 40 46
70 39 44 36 33 37 28 45 42 31 39 42 42 29 28 28 34 12 47 33 36 26 42 32 38 32 32 39 31 35 42 32 26 29 33 25 31 34 46 40 45 38 41 26 40 34 29 38 33 57 36 47 39 27 30 34 20 41 30 38 35 30 25 37 32 48 34 33 37 38 34 31 27 40 38 25 30 32 38 15 36 27 38 41 43 41 45 32 33 26 33 39 31 23 35 35 27 33 27 28
30 30 25 41 55 42 23 8 30 33 30 41 30 45 41 26 30 25 38 29 39 27 49 36 37 39 27 40 32 38 27 25 36 32 37 44 44 31 39 46 33 27 28 34 36 34 27 36 28 30 36 21 43 35 35 35 23 34 35 35 29 33 38 30 41 29 34 44 18 16 48 30 34 21 38 33 36 19 37 25 26 33 33 30 36 33 30 39 41 27 40 42 32 40 40 34 30 43 30 30
33 40 45 34 53 43 29 35 22 40 39 24 33 43 32 36 25 40 30 32 26 39 33 22 25 28 38 32 33 34 30 34 31 42 35 36 35 32 41 26 37 32 33 42 28 31 27 38 37 30 42 37 37 35 25 27 32 36 33 27 43 41 34 30 41 45 29 34 42 35 41 36 51 34 31 39 24 30 29 45 38 24 37 32 45 31 34 45 43 39 38 33 36 17 32 54 30 26 39 34
39 36 30 40 34 39 34 36 42 26 40 31 29 45 31 20 40 38 35 36 34 35 29 20 38 31 27 34 40 36 27 41 29 51 26 33 23 32 51 38 41 35 43 29 47 19 33 39 46 33 34 32 31 32 40 43 27 42 35 29 21 32 34 37 32 38 42 35 30 31 37 38 39 35 36 34 15 35 39 41 41 41 32 29 39 31 29 25 23 39 43 36 37 29 18 26 47 30 45 33
38 19 24 32 40 50 38 29 44 41 38 38 26 39 31 30 39 31 38 34 29 39 37 35 29 27 34 35 32 47 46 33 39 27 34 35 29 25 35 51 27 34 37 34 15 30 35 36 32 35 39 31 28 32 31 43 24 43 32 17 35 40 32 37 44 25 27 32 32 26 43 34 29 37 40 45 28 30 42 39 33 25 39 33 37 39 33 44 43 31 31 35 44 34 39 35 32 27 33 45
34 30 26 37 39 31 42 36 33 39 45 34 37 40 18 37 39 40 38 35 39 45 38 40 40 50 43 26 30 25 36 37 32 44 40 42 32 36 25 40 30 21 28 35 36 34 56 15 44 36 45 42 31 14 41 48 44 28 34 45 29 43 36 15 34 32 35 10 42 51 38 28 40 34 35 33 37 47 36 33 28 30 29 42 33 25 37 31 41 33 44 33 36 33 37 32 17 20 36 24
31 36 29 37 34 32 35 31 41 37 37 34 37 39 38 32 40 37 37 32 39 41 43 29 29 38 29 55 32 32 39 32 39 38 47 30 37 40 22 39 35 38 32 36 28 28 35 37 38 25 33 37 26 19 35 38 34 35 12 37 37 55 30 26 34 35 39 36 30 41 35 36 38 21 49 33 43 31 43 34 29 43 40 32 47 38 36 23 45 34 34 38 55 30 45 56 23 38 44 36
32 34 34 38 31 32 41 29 34 38 41 28 27 26 41 40 41 33 38 33 43 28 32 40 36 36 35 33 39 33 34 42 36 35 31 25 41 34 52 33 38 41 35 34 44 49 34 26 34 34 34 37 19 41 46 46 26 31 45 45 34 48 44 45 33 52 42 33 51 35 45 33 31 34 29 38 26 40 42 34 43 44 42 41 34 33 44 34 34 30 27 45 29 32 17 80 27 34 43 33
38 28 28 46 34 31 27 28 23 33 37 45 46 39 37 37 46 33 18 15 49 33 28 27 48 34 39 26 38 39 31 27 37 37 35 22 10 38 44 39 46 34 36 44 35 52 43 34 34 34 37 24 28 38 38 28 33 46 36 25 21 46 28 42 35 25 25 38 28 42 25 29 36 39 33 41 32 43 35 34 30 30 39 36 30 35 24 40 40 31 41 16 39 20 48 48 37 28 32 37
31 31 33 39 36 38 25 11 27 43 34 48 27 49 27 31 38 42 32 27 27 29 25 31 37 41 37 47 33 33 46 32 19 29 51 22 34 27 51 31 39 40 36 27 31 34 38 29 34 40 39 37 31 34 34 34 32 35 27 33 47 21 32 42 28 44 20 43 25 40 32 45 38 32 38 36 37 41 32 34 38 41 43 34 38 34 25 37 29 46 34 33 36 25 41 29 34 41 34 37
32 38 39 40 28 37 27 45 37 42 42 45 44 43 31 25 44 34 27 43 40 42 31 41 34 34 29 24 30 49 34 40 44 30 41 36 42 32 37 24 40 35 23 33 23 38 33 30 31 30 42 41 42 33 36 21 38 41 32 40 31 39 44 36 39 42 60 34 39 41 36 41 21 24 41 35 29 25 37 36 27 31 32 44 31 46 35 28 38 48 28 38 43 42 29 32 41 29 40 37
38 40 26 33 37 43 38 37 32 47 36 42 36 48 36 29 45 27 34 37 23 31 38 37 26 43 30 31 25 37 26 35 53 25 41 42 32 29 34 29 42 38 36 36 46 46 31 30 43 30 29 24 26 30 37 39 28 33 26 29 45 24 24 39 17 33 25 38 33 40 16 28 38 27 43 26 22 32 37 14 25 34 33 42 38 45 37 24 37 40 34 33 32 36 35 41 28 35 45 50
33 31 43 45 49 33 33 56 39 41 29 42 35 38 39 30 21 33 40 36 39 27 44 40 46 24 31 34 27 22 33 35 31 42 23 35 22 36 40 35 33 32 43 40 41 27 29 30 23 28 30 43 38 39 41 48 26 37 31 31 33 34 31 44 33 35 22 28 41 41 22 47 38 31 36 38 37 27 33 37 41 35 30 38 36 35 37 31 31 35 35 38 36 45 38 33 30 20 23 23
28 41 33 45 37 28 31 44 36 47 29 36 31 44 39 32 20 42 38 38 37 29 32 35 35 34 28 23 36 35 34 31 42 33 43 29 29 36 24 45 33 29 34 35 53 36 37 42 30 42 42 38 34 29 39 24 41 38 12 31 33 39 26 52 45 35 30 38 38 32 39 57 45 35 27 34 38 54 35 38 22 30 31 32 35 30 32 38 24 41 23 35 32 29 38 23 42 32 32 34
42 55 37 32 26 29 32 33 37 37 31 36 40 51 27 42 42 35 41 33 18 38 41 38 30 27 33 32 41 25 39 43 36 25 39 37 40 39 38 20 41 34 24 38 31 32 38 27 37 29 35 34 42 32 38 31 30 40 30 39 34 32 32 29 35 29 34 34 41 34 42 40 34 26 40 35 42 40 46 53 40 24 31 42 30 48 24 40 30 28 31 43 40 33 41 43 32 35 36 37
45 33 41 31 29 24 29 29 38 36 33 40 34 35 28 41 34 33 37 34 38 37 53 41 26 39 33 33 33 33 36 34 40 36 42 42 36 33 30 44 40 41 38 36 32 29 26 38 35 29 32 43 44 29 26 37 29 35 39 43 34 28 42 30 45 41 34 36 33 45 30 32 35 43 28 42 36 46 30 28 34 41 16 37 35 33 20 33 43 47 38 47 45 42 32 27 29 21 14 34
42 44 36 39 44 22 36 36 53 33 22 41 25 41 35 41 21 53 40 35 19 33 38 28 31 36 36 27 51 38 32 34 38 51 33 37 37 29 37 28 27 32 40 30 29 27 52 38 42 33 40 42 43 43 38 47 24 35 37 34 41 48 36 41 38 28 34 45 39 40 26 45 38 39 27 38 37 38 26 29 41 33 29 34 41 22 36 26 33 33 50 33 36 44 31 57 28 40 36 35
8 36 33 36 35 25 26 43 36 18 39 26 39 43 32 37 39 30 33 34 33 44 47 36 39 35 20 48 35 32 23 43 34 35 31 30 33 35 39 33 39 38 40 44 41 31 40 29 29 45 47 27 39 40 23 46 23 17 29 39 35 34 36 29 40 33 16 31 25 35 40 31 36 35 33 36 34 44 34 33 34 10 14 72 27 24 61 33 63 42 18 31 35 27 45 42 30 26 29 32
43 37 34 32 34 34 33 32 48 34 36 36 20 27 46 43 30 37 33 42 40 31 28 42 27 31 22 32 25 38 28 34 34 31 37 29 32 37 33 32 37 36 51 37 40 37 36 37 44 37 47 35 24 42 29 40 38 40 46 33 30 41 38 26 40 37 31 39 38 45 34 29 30 46 42 41 33 33 50 40 39 41 43 42 42 35 27 35 44 37 42 29 35 33 27 16 19 15 20 20
20 12 24 20 14 15 11 12 15 11 21 14 11 19 23 24 20 15 24 11 19 10 14 10 14 13 16 10 13 17 17 19 21 18 17 18 7 9 17 11 24 16 11 21 16 17 20 15 18 19 23 16 20 23 24 17 20 7 24 18 17 10 12 28 24 12 15 14 23 15 5 20 20 22 20 15 19 20 14 16 18 17 17 23 10 13 22 10 11 10 18 16 13 19 12 18 8 16 11 13
21 16 24 27 25 18 13 14 15 15 12 17 12 13 13 14 25 18 18 18 20 21 15 15 18 13 20 18 16 18 16 16 18 15 14 21 15 16 27 19 13 13 18 27 12 18 20 18 18 19 17 15 7 13 12 16 16 24 34 7 24 15 9 10 7 19 20 12 9 16 17 18 17 24 20 21 18 12 14 12 17 20 22 16 13 17 19 23 11 18 8 21 18 26 16 14 16 17 21 20
18 24 11 19 18 19 18 8 20 23 24 20 5 13 16 15 15                                                                                   
