0.419354838709677 2036 19 31 26 29 22 55 30 26 16 29 26 14 20 24 25 23 35 20 29 31 23 28 24 19 23 25 32 14 12 28 14 26 25 31 19 25 59 26 26 16 32 28 30 27 31 27 14 24 25 24 19 18 32 24 14 34 29 31 22 21 25 29 20 30 54 19 31 21 32 37 40 30 34 31 28 33 23 20 24 24 23 33 15 23 24 30 24 19 34 23 30 19 22 21 25 24 22 24
22 20 22 26 28 22 18 16 25 10 29 18 41 26 24 26 23 20 33 29 29 22 31 27 25 28 35 28 29 25 23 26 23 30 32 22 33 23 33 27 24 31 28 30 33 29 25 32 29 24 33 29 28 26 36 29 28 26 25 23 29 25 27 25 31 34 27 32 26 21 22 23 8 24 24 28 22 20 29 20 21 23 24 29 30 27 30 26 27 23 14 21 22 38 35 26 35 21 27 40
26 35 25 21 29 25 31 27 29 23 27 16 36 27 33 21 24 19 30 11 35 24 33 24 32 26 24 32 27 24 26 25 40 24 27 21 28 18 25 34 22 23 21 23 35 29 25 20 35 34 28 30 24 27 22 23 20 18 25 24 28 31 36 29 28 26 34 25 20 19 29 14 21 26 28 30 24 21 37 21 27 28 25 22 25 30 32 20 31 25 26 31 26 30 31 47 26 19 25 32
38 23 32 36 33 29 21 32 39 32 30 22 31 26 25 29 35 26 31 31 30 30 40 24 45 31 20 29 21 28 26 22 21 29 34 15 28 30 16 28 20 28 21 32 34 18 22 34 24 11 28 26 19 18 26 28 25 19 22 25 22 14 24 21 24 33 25 37 24 31 29 32 18 22 27 29 24 26 28 25 26 20 27 29 31 28 32 22 12 27 18 22 22 33 30 20 18 25 20 21
21 19 24 27 32 22 28 21 21 39 28 27 25 23 22 28 25 31 22 23 18 29 32 29 28 24 16 26 16 28 23 29 31 29 25 28 25 25 27 28 26 31 17 36 21 19 29 28 36 31 25 29 21 21 23 27 30 23 25 17 27 34 25 33 25 24 22 32 24 22 33 26 33 50 31 22 18 27 35 25 29 22 31 36 36 26 24 38 30 17 30 35 23 33 40 26 26 20 31 28
33 28 37 27 21 28 27 23 29 35 21 16 25 24 28 27 24 27 34 31 33 23 29 32 23 16 15 19 20 22 30 21 29 26 28 23 24 28 33 24 29 26 22 23 31 22 31 34 22 23 27 13 22 14 18 15 24 32 25 26 35 26 28 27 16 25 34 31 21 28 28 25 25 31 30 29 33 27 31 22 18 31 30 19 34 25 31 22 36 26 26 40 19 23 23 24 34 23 36 23
19 20 32 33 27 31 22 31 30 24 27 28 30 28 28 24 23 22 29 25 25 20 25 16 16 22 25 19 31 18 32 20 27 18 31 24 21 29 25 30 26 26 22 16 22 22 27 27 38 18 29 39 25 25 28 34 26 30 28 34 38 19 21 32 32 27 23 19 32 27 32 22 24 26 19 20 30 21 26 23 32 25 25 28 26 20 27 30 24 24 34 18 32 29 22 22 34 17 31 22
22 31 31 34 28 21 29 23 30 25 18 30 29 29 23 26 28 28 25 23 26 27 21 20 26 16 34 29 28 31 27 25 26 24 21 29 23 21 30 32 27 23 31 24 34 34 28 26 23 33 24 25 31 28 28 29 24 17 27 24 19 14 24 25 31 21 23 24 30 22 27 27 25 18 32 26 25 23 21 25 28 25 26 24 27 25 24 28 34 36 19 28 40 28 33 23 28 30 23 25
17 28 36 36 25 22 24 28 18 30 27 25 20 27 26 27 28 28 26 18 27 20 21 27 31 22 16 32 22 34 24 25 31 19 29 25 24 27 13 26 19 29 26 24 40 32 30 25 27 22 24 30 28 14 25 23 20 30 23 25 24 21 31 18 21 23 32 28 31 21 18 28 31 25 29 37 23 28 27 26 23 27 17 18 32 22 20 33 28 20 15 29 24 19 19 29 36 26 28 36
32 22 22 25 29 22 25 27 24 30 29 26 23 20 23 33 27 25 22 19 22 19 31 28 33 26 23 24 23 21 22 26 29 21 22 30 29 35 17 32 22 30 22 31 26 39 33 27 36 27 27 19 29 33 27 16 36 27 37 22 32 27 20 24 18 21 30 31 17 29 29 16 28 23 34 23 33 24 29 48 27 11 25 9 21 22 24 28 11 22 36 25 28 28 26 19 26 26 34 31
32 34 30 18 21 36 36 34 28 25 32 40 21 28 27 26 22 25 19 20 30 14 27 21 26 38 28 31 31 20 25 25 35 17 14 12 29 23 27 22 27 25 42 31 25 28 25 33 27 29 27 21 30 26 21 26 31 32 26 28 29 35 21 21 30 28 30 22 25 16 16 35 27 24 29 27 26 31 23 21 26 25 32 16 21 24 23 32 24 25 29 32 32 39 12 26 29 21 22 24
33 22 35 21 32 32 25 24 25 22 35 35 32 28 27 27 20 30 26 28 25 26 22 25 32 32 26 32 26 26 29 20 24 24 28 18 24 16 27 25 24 28 24 33 35 29 29 15 28 34 24 24 31 38 24 22 34 23 22 20 30 19 28 24 26 24 20 24 20 16 35 20 22 22 17 25 27 24 21 28 29 20 24 21 33 24 24 33 29 26 26 14 38 27 23 21 33 21 22 32
21 14 21 27 35 22 22 20 19 13 30 10 28 24 22 31 25 21 28 18 18 29 26 29 16 19 18 24 14 29 22 23 22 28 25 23 19 23 27 28 29 24 17 25 25 14 18 34 27 23 26 28 33 31 27 20 19 18 24 31 30 34 24 21 18 22 17 22 21 19 19 33 32 26 28 25 28 29 27 23 27 31 24 16 28 24 26 27 29 19 26 23 16 20 20 27 21 16 25 13
20 22 31 20 29 30 21 21 21 16 29 21 15 17 22 24 27 20 25 21 31 23 18 17 17 17 27 21 19 24 33 23 24 28 31 32 34 30 34 27 30 26 31 29 29 37 29 17 28 29 35 35 28 33 39 26 23 31 32 29 19 26 24 22 19 31 22 23 17 23 24 23 24 35 27 28 31 17 39 23 25 31 28 30 20 19 14 23 31 28 35 33 24 25 23 18 19 28 36 28
24 32 21 26 23 14 21 33 29 23 31 19 23 24 22 39 26 22 26 18 19 32 24 24 32 26 22 24 10 20 30 24 22 17 28 22 32 29 23 21 24 19 26 20 21 29 27 25 40 20 17 17 22 32 23 27 21 22 28 20 27 28 20 16 28 24 18 19 17 32 35 31 21 23 21 22 24 29 23 36 23 27 22 24 26 26 30 21 19 26 31 18 26 24 17 30 36 20 24 32
31 25 20 24 22 22 35 13 22 30 26 20 31 31 21 21 18 19 22 25 19 29 23 26 32 25 20 37 21 30 22 28 28 19 14 24 30 14 30 24 25 33 28 32 19 22 22 29 21 21 25 19 20 29 27 26 30 27 37 27 27 19 25 29 28 30 21 24 12 25 24 25 20 17 29 22 24 27 34 19 23 24 27 26 25 35 22 30 28 30 26 22 27 24 33 30 30 21 26 29
28 25 22 28 28 24 26 20 30 28 27 18 23 30 36 28 24 29 24 39 25 22 11 19 27 35 30 21 18 20 21 26 23 32 31 30 28 24 23 17 19 22 27 38 25 25 32 20 26 17 32 36 27 27 29 26 25 25 36 25 27 28 32 24 31 23 26 24 24 34 25 36 32 29 31 23 23 20 30 35 33 30 26 28 26 28 28 29 24 29 27 34 32 27 20 25 32 30 19 30
22 34 27 29 26 32 22 25 34 28 28 35 26 19 30 25 23 20 32 27 32 21 24 27 24 27 14 36 22 25 19 34 25 24 34 24 17 30 18 28 22 31 28 23 26 28 27 18 21 19 21 19 32 19 33 20 25 28 24 35 24 31 21 19 17 27 21 23 19 24 20 26 29 33 15 26 31 18 35 25 29 21 25 21 24 28 20 33 22 28 36 23 26 27 25 30 29 18 18 34
22 19 16 27 19 38 25 38 36 23 23 29 26 30 29 27 28 26 27 20 29 35 23 29 33 30 22 31 29 20 19 26 7 70 20 28 30 31 24 22 29 37 20 29 23 18 26 27 31 16 22 18 28 23 28 31 27 16 33 39 18 24 22 23 24 26 26 24 22 26 21 25 45 22 32 19 24 19 29 24 33 19 28 27 23 19 27 24 34 22 27 15 23 22 31 27 20 23 29 32
16 36 27 27 23 23 29 26 30 29 31 23 24 31 27 21 25 28 28 36 19 26 33 18 23 24 17 17 27 24 30 26 17 28 23 20 23 33 28 18 39 19 26 17 27 28 28 26 24 21 18 25 37 21 29 24 37 21 25 24 22 30 25 38 35 13 26 29 16 17 27 28 22 33 22 24 25 23 28 27 26 26 27 30 30 12 20 23 27 31 23 33 23 33 25 19 23 13 28 25
26 21 31 24 24 23 30 27 13 29 28 25 25 13 26 40 31 24 27 26 27 19 27 16 28 15 26 27 20 25 35 20 34 22 30 24 37 26                                                              
