0.416666666666667 4957 26 27 23 33 13 18 32 20 27 30 25 35 22 33 15 29 31 29 32 50 23 24 31 37 20 19 24 23 34 28 29 26 22 32 22 30 33 27 19 20 30 20 25 25 24 23 23 34 36 22 26 29 25 33 31 35 22 29 32 34 34 24 27 20 37 24 28 25 28 27 26 26 22 28 23 26 30 32 28 31 32 27 28 26 26 36 25 30 25 20 37 28 28 36 30 28 28 33
16 21 21 26 19 19 33 41 24 34 29 23 25 29 19 24 24 46 40 18 21 40 32 37 25 36 26 30 31 24 35 28 20 23 18 27 28 38 23 25 26 25 22 26 27 16 27 21 30 26 29 21 26 29 33 28 30 25 28 22 32 17 36 38 33 28 22 25 24 61 13 27 33 64 22 34 34 38 41 32 32 38 28 23 23 25 28 20 34 27 29 27 15 25 20 24 28 32 29 33
20 23 28 30 31 33 25 36 32 31 39 28 30 28 34 17 24 19 27 27 26 22 34 40 27 20 19 24 32 19 31 31 21 30 25 30 28 22 31 32 35 33 29 32 28 30 22 29 30 17 30 29 21 18 26 27 29 25 28 26 39 42 28 24 26 27 35 32 39 31 15 26 27 21 22 28 28 31 31 21 35 23 29 28 32 29 36 29 32 23 25 31 33 24 28 32 22 21 23 23
37 36 20 25 28 18 25 31 27 31 36 31 25 25 35 36 15 29 28 30 27 32 26 21 33 16 23 43 26 20 20 18 23 33 32 21 34 23 27 24 33 27 29 26 26 31 22 24 29 28 25 31 26 34 23 30 33 29 27 32 37 32 37 29 28 32 21 24 29 29 21 29 26 25 31 34 21 18 32 31 32 21 29 33 30 21 28 24 26 18 27 23 25 24 31 17 24 26 27 24
28 30 26 19 25 27 34 22 22 39 25 19 19 13 30 19 23 28 24 29 19 26 27 25 20 32 29 28 28 33 28 27 30 28 32 17 28 32 20 26 26 29 18 13 26 35 24 20 20 29 28 25 10 18 25 23 21 22 31 38 34 28 27 25 25 31 29 39 31 31 27 21 24 25 24 38 20 28 37 33 18 18 27 31 40 28 24 33 25 20 24 25 25 24 19 26 18 30 31 16
19 18 23 29 27 27 33 32 20 31 28 20 32 24 26 36 27 35 23 22 20 27 26 25 29 29 25 32 22 28 22 23 29 36 23 26 21 21 30 24 19 26 27 29 33 38 19 31 32 26 29 28 34 25 29 36 29 25 30 23 21 26 25 37 30 20 34 23 22 35 29 27 26 27 23 23 22 22 27 24 20 28 21 30 18 20 30 35 32 30 31 21 30 26 22 25 18 25 33 27
25 24 25 25 25 25 28 25 29 34 22 30 25 33 27 31 33 31 24 25 29 27 15 23 30 21 30 21 27 17 21 38 31 30 25 37 33 19 32 26 31 30 25 20 27 25 16 25 20 35 37 25 26 27 35 24 39 28 34 30 36 35 27 28 29 23 27 21 25 29 34 25 28 28 21 23 21 15 36 32 32 31 38 32 23 27 32 29 22 36 28 28 24 22 27 31 26 18 24 26
23 27 22 25 18 24 27 26 31 19 25 40 19 21 30 17 25 33 42 18 15 24 23 34 31 23 34 25 34 28 34 26 24 23 28 27 27 30 30 30 23 27 39 20 26 30 33 37 27 27 23 30 14 18 21 26 31 21 24 29 26 25 23 29 22 27 14 17 24 23 32 33 30 41 27 23 27 30 27 22 24 30 22 29 24 25 22 30 22 24 21 30 34 21 33 24 28 30 30 23
30 43 41 24 22 31 19 28 22 35 21 29 29 28 18 23 17 29 31 30 26 26 25 31 27 33 26 29 25 27 31 34 18 42 25 22 23 21 26 26 31 30 27 31 26 25 33 25 36 28 31 26 31 27 34 26 23 19 30 28 28 26 13 26 20 27 21 20 27 30 29 30 19 29 24 21 21 27 30 30 34 33 30 29 34 21 30 25 30 25 25 34 37 34 28 23 30 36 27 29
38 28 26 29 25 18 25 23 24 27 26 35 25 26 20 22 20 40 26 30 30 38 28 25 33 23 23 31 43 29 25 30 31 27 34 30 21 26 30 30 37 27 27 18 23 25 26 24 30 21 15 19 31 16 23 20 26 24 24 36 30 26 23 25 21 28 22 27 26 23 30 28 31 28 26 20 30 30 27 20 14 30 31 33 24 21 31 25 29 26 30 29 24 31 22 30 24 23 18 26
23 25 32 34 24 24 32 30 31 32 37 20 35 28 33 8 25 35 30 38 17 26 37 21 20 38 22 28 17 30 28 34 31 32 26 26 34 29 28 25 31 28 24 26 24 25 20 22 23 26 16 30 33 30 21 23 21 24 26 18 14 34 21 30 22 15 21 35 24 24 18 26 24 23 25 24 32 20 35 17 25 19 20 22 27 29 26 34 27 33 26 18 33 25 25 31 21 20 19 22
28 27 25 21 18 26 23 36 25 25 23 21 25 25 24 24 36 25 34 33 26 31 23 18 22 22 29 17 27 21 32 18 28 32 30 27 19 32 30 32 18 19 29 28 30 23 25 27 34 29 21 16 28 33 29 28 31 28 29 31 27 29 20 32 28 35 26 29 29 25 26 25 16 17 21 30 25 25 28 44 37 32 36 51 42 42 41 8 24 21 26 31 20 38 37 32 32 28 17 22
33 26 30 27 28 28 26 25 29 23 32 25 17 18 15 28 28 25 21 20 20 26 22 28 22 27 27 34 20 27 25 18 23 30 27 26 42 29 39 15 26 21 27 20 20 26 26 30 30 33 30 26 32 27 27 17 34 22 33 17 19 27 17 27 25 37 27 28 28 34 31 27 27 25 24 30 23 33 26 24 35 37 31 26 25 19 20 25 27 28 29 29 28 31 29 20 25 23 24 22
20 28 24 24 29 23 27 40 39 19 27 18 29 21 27 30 30 25 18 29 23 25 20 29 20 18 22 31 23 31 29 25 33 23 42 22 31 31 26 26 30 14 32 23 25 27 32 33 26 26 39 24 25 22 39 34 31 20 23 33 27 30 31 28 29 31 39 22 23 26 37 31 30 21 32 27 28 23 22 23 25 28 13 26 22 32 49 36 32 33 26 31 74 35 18 32 28 23 27 25
23 20 34 24 39 29 25 29 31 17 21 37 23 25 28 27 36 27 30 29 22 37 23 21 34 26 26 24 32 17 31 24 37 34 24 28 25 32 24 15 41 27 35 28 32 27 32 25 26 24 25 14 21 30 27 24 25 17 32 20 24 33 26 32 14 34 24 27 27 29 34 34 38 23 35 33 31 24 24 28 30 29 31 33 22 20 10 50 57 28 62 18 17 27 25 33 22 19 30 19
32 36 17 40 23 23 31 17 12 23 22 21 36 28 26 29 24 40 34 34 22 16 37 33 35 27 21 22 19 21 28 19 27 23 33 37 19 17 17 16 14 23 34 29 27 29 24 26 30 25 28 34 28 33 27 30 23 31 27 26 32 45 22 31 34 19 33 27 25 27 44 34 35 36 30 32 35 33 24 20 27 27 39 33 28 25 34 28 21 25 33 23 34 29 27 25 28 31 20 27
26 24 20 24 34 31 31 20 27 31 20 32 26 38 33 32 36 30 32 34 28 32 18 26 30 37 40 32 32 30 37 28 30 23 29 23 34 35 26 30 30 28 34 30 23 15 27 38 27 29 20 18 32 30 22 18 29 22 21 27 49 26 26 30 32 19 29 26 31 31 18 40 25 24 24 21 29 28 14 27 28 36 23 33 29 37 33 31 19 20 29 27 24 22 23 19 30 31 29 20
13 35 24 24 30 21 27 22 25 25 22 30 32 28 29 18 24 22 23 21 35 20 23 15 18 17 27 26 21 22 18 20 20 22 15 22 25 17 26 34 23 24 21 32 23 33 16 27 35 25 23 25 37 33 36 24 31 14 33 31 19 30 37 15 30 33 24 23 32 32 16 30 30 20 26 33 27 21 24 16 38 28 20 26 29 36 21 23 32 27 28 23 40 31 15 26 31 30 39 26
27 29 29 38 21 18 41 27 13 21 17 32 23 23 23 28 33 21 32 23 29 27 31 28 36 21 25 32 25 24 29 25 26 26 23 43 28 20 28 40 31 29 25 27 30 33 23 23 32 23 16 29 19 20 31 29 25 24 21 22 19 28 49 25 30 32 40 31 27 31 26 29 28 30 26 33 34 30 21 19 26 31 27 16 18 20 27 40 30 26 18 35 27 26 29 31 34 28 29 34
31 20 27 11 36 38 35 20 28 31 24 25 29 19 31 30 30 29 28 29 24 31 25 26 34 23 16 29 24 26 32 23 31 27 30 31 28 22 36 13 22 31 28 39 24 19 32 22 27 19 29 25 29 12 24 19 28 26 25 31 20 33 30 22 28 23 33 18 33 20 25 25 26 26 41 36 24 31 32 31 32 28 18 26 21 38 27 21 20 28 33 32 31 22 24 17 25 19 17 22
31 26 25 25 23 36 31 31 30 34 35 28 30 34 39 24 32 18 33 27 29 22 25 31 18 23 23 25 28 30 23 19 33 32 35 26 27 23 34 36 11 31 26 35 24 28 34 22 28 34 31 34 23 33 29 24 35 22 27 32 39 34 33 32 28 21 28 22 36 35 29 14 21 5 12 24 28 10 25 25 61 38 26 26 18 30 24 28 28 33 15 30 21 29 31 21 29 29 30 26
27 19 16 24 29 32 31 24 13 27 28 26 32 34 34 35 22 32 19 30 29 28 26 29 24 26 30 35 30 18 24 27 18 34 30 29 28 30 20 23 22 42 27 23 28 22 23 40 17 28 17 31 29 27 22 31 26 31 15 32 31 29 33 22 26 29 26 37 21 24 30 20 25 21 28 31 27 19 29 34 24 30 36 34 26 18 31 19 48 17 30 27 23 24 18 31 19 34 23 20
21 24 22 29 31 33 41 40 26 18 24 30 42 33 32 30 27 31 34 34 36 22 21 22 32 24 29 21 35 28 29 24 23 32 23 22 17 28 37 31 36 33 28 23 23 37 33 28 30 29 16 21 37 29 23 30 19 36 28 32 20 27 34 27 24 38 26 32 36 26 36 23 23 27 30 35 26 25 31 16 26 31 42 32 23 29 31 23 25 34 30 39 31 28 44 40 31 29 25 21
29 24 36 28 40 34 24 34 25 38 27 20 25 18 26 44 28 32 30 29 26 26 29 37 14 34 28 24 33 27 23 38 34 32 23 23 21 23 32 37 27 20 24 34 21 28 35 32 23 29 21 30 26 30 28 24 12 23 27 24 22 34 28 28 31 25 33 12 29 27 27 22 26 23 32 19 29 30 36 25 23 28 25 24 31 19 35 30 33 31 27 32 26 22 29 24 23 36 35 23
25 29 26 31 32 34 35 25 36 27 33 22 18 28 15 10 17 34 45 67 40 33 64 44 45 43 11 17 30 22 6 26 29 32 37 30 22 35 33 25 33 16 29 28 39 25 24 28 30 23 25 23 27 23 23 22 25 26 27 25 21 34 28 19 28 23 27 22 21 30 25 25 21 30 24 20 28 27 33 20 26 31 24 23 23 22 24 26 22 15 36 31 25 20 28 35 35 38 27 20
31 38 33 20 26 17 31 14 18 19 20 31 25 20 25 16 23 23 19 19 14 20 20 30 18 23 28 18 21 18 24 32 20 24 30 27 26 21 23 27 24 25 32 39 31 27 40 27 25 29 27 33 24 23 26 24 20 32 28 25 7 32 17 31 31 35 25 30 29 28 25 31 30 22 21 13 24 27 31 25 17 26 20 23 23 27 31 25 22 41 35 23 30 31 34 24 16 19 24 27
17 32 23 26 18 37 33 22 41 28 28 33 30 25 32 24 23 24 23 34 23 21 24 22 23 33 26 20 29 33 35 30 33 24 40 30 31 23 31 21 24 22 34 23 26 27 27 28 33 30 27 28 38 25 24 33 25 27 30 16 21 24 27 26 27 22 23 27 34 7 28 25 33 30 22 23 30 29 22 23 15 20 21 21 31 22 32 16 18 39 26 33 38 19 28 29 23 18 22 34
21 24 29 26 23 25 18 35 17 21 23 23 24 34 33 30 21 32 26 31 26 26 29 24 26 34 29 21 34 19 25 20 29 33 21 25 18 30 24 22 24 24 33 31 32 24 18 25 22 21 32 35 33 15 26 27 27 22 12 37 33 22 29 34 22 27 27 29 31 22 21 31 24 35 21 23 22 29 30 27 28 26 19 24 24 28 20 25 24 26 28 15 33 29 31 27 30 27 26 35
22 20 28 21 16 30 24 27 23 31 38 32 28 27 29 37 28 29 23 27 28 29 30 26 21 33 35 19 25 26 21 22 27 29 27 21 28 30 35 35 20 24 28 22 29 33 25 17 23 29 23 18 32 37 23 33 22 24 40 30 29 36 38 21 33 24 23 41 30 24 27 25 19 21 34 31 26 37 34 32 33 28 28 39 28 32 35 32 28 27 33 40 30 27 25 38 27 29 28 25
26 25 36 35 30 29 22 22 20 39 33 31 19 22 29 31 21 34 27 36 11 34 31 40 31 30 24 24 27 20 23 22 30 29 29 24 36 34 21 16 29 18 20 25 40 24 25 26 24 19 30 32 23 21 28 15 25 23 38 27 19 22 23 25 19 26 27 37 24 34 31 31 26 30 20 18 23 30 22 30 40 34 24 19 38 42 33 22 24 27 42 22 33 27 28 26 33 21 29 23
31 21 27 32 28 35 28 17 30 21 21 29 29 31 32 18 34 30 45 23 24 21 24 28 31 24 35 29 28 28 34 12 19 37 28 23 25 38 24 32 24 31 22 32 21 35 26 31 29 17 39 32 35 26 21 28 26 20 28 23 29 26 28 30 36 20 17 21 20 20 36 31 27 38 26 33 31 29 37 17 22 27 33 29 30 24 36 28 31 32 30 28 20 18 29 22 25 25 28 19
35 29 28 23 21 25 34 32 20 17 33 25 37 24 23 26 32 22 22 24 34 32 31 29 34 27 31 28 26 26 33 27 25 20 30 34 34 31 30 21 29 27 26 24 22 33 31 24 33 27 36 29 27 28 24 25 28 22 29 15 22 18 25 19 30 20 20 26 30 16 22 26 37 31 18 30 25 22 25 26 25 26 29 28 26 31 26 29 28 30 29 33 21 25 29 28 18 24 25 32
26 24 25 32 33 32 32 36 32 34 19 28 30 21 20 37 32 32 33 37 34 15 22 18 23 14 25 25 26 20 26 34 21 22 32 31 22 30 24 39 33 27 24 25 31 16 19 32 18 30 28 27 30 31 26 35 25 36 27 23 31 28 35 27 34 22 22 21 26 38 16 29 29 17 17 33 21 20 21 13 38 29 33 31 25 37 18 28 29 24 27 37 24 37 22 36 14 14 29 33
23 24 30 29 24 26 29 29 21 26 30 30 31 32 28 29 35 23 25 26 27 30 25 21 18 20 31 30 29 25 26 25 25 24 33 26 41 17 31 28 24 32 26 39 25 27 27 25 24 25 26 24 33 14 27 31 32 22 23 35 33 31 20 25 36 30 30 19 20 11 24 31 33 22 23 35 18 27 16 20 27 25 22 24 24 24 31 30 23 20 36 25 30 19 32 29 28 25 28 25
35 26 34 36 22 25 41 34 32 27 24 30 28 24 30 24 17 29 19 30 25 20 27 30 30 28 29 33 21 27 25 38 41 24 30 25 34 29 16 27 30 31 32 19 20 39 21 33 21 31 29 28 29 25 23 21 24 32 26 30 29 23 35 24 27 32 30 28 17 19 23 27 16 20 32 18 32 25 38 19 24 28 27 21 29 10 22 31 27 32 26 27 31 22 25 28 28 33 29 23
28 24 29 24 33 34 24 34 29 34 26 23 27 25 32 30 30 27 25 25 28 22 20 35 31 30 26 26 25 32 29 20 37 15 16 20 26 23 27 42 33 17 18 37 29 36 35 28 41 21 23 25 22 25 17 36 31 24 20 18 31 29 25 28 28 36 21 28 29 23 26 25 31 28 28 28 31 40 21 40 28 25 23 30 34 37 20 30 31 15 31 45 21 18 24 26 25 19 33 33
26 10 26 33 27 28 18 26 24 24 23 22 15 25 29 20 25 25 25 23 33 23 20 31 20 17 40 22 32 37 19 32 30 26 22 26 29 33 23 31 28 30 26 53 52 34 37 26 24 33 25 27 24 31 35 26 36 21 26 26 20 26 24 36 31 32 33 31 37 24 40 22 27 32 32 24 17 25 36 25 23 22 22 25 15 35 21 28 21 25 31 31 24 36 28 27 26 33 25 21
31 30 23 21 26 25 36 30 33 27 29 34 34 15 22 22 23 8 25 34 28 25 23 31 18 32 29 36 49 25 31 33 25 29 32 20 26 32 29 20 26 25 33 19 32 33 31 29 28 31 28 30 35 20 27 24 31 25 25 21 35 25 35 16 31 38 20 20 32 22 28 21 25 30 30 31 31 28 34 31 24 29 21 36 31 22 32 24 30 32 26 32 33 28 24 25 12 20 25 17
16 24 24 48 29 29 36 29 20 20 26 26 33 23 34 34 19 30 28 27 23 25 26 24 29 29 21 18 24 22 19 29 27 21 25 24 34 28 26 17 27 27 23 29 25 26 32 35 26 24 28 27 31 26 23 22 34 27 32 24 24 24 22 37 27 26 19 35 25 26 31 20 26 5 21 27 25 32 24 20 24 22 27 18 25 27 27 28 33 24 36 24 25 24 31 25 31 28 29 33
31 36 42 35 25 26 31 29 27 35 36 24 42 29 32 34 25 21 32 23 20 22 27 29 31 21 29 23 21 30 37 20 33 30 28 27 33 25 21 27 25 25 27 29 24 23 18 24 27 29 27 30 21 42 31 23 29 34 29 29 28 30 18 28 21 28 27 30 16 27 30 23 24 18 14 22 30 36 27 29 21 21 31 32 22 29 23 16 23 20 23 21 25 31 36 27 34 26 20 24
28 27 28 28 25 27 27 30 26 34 34 18 36 37 25 25 29 26 31 26 27 32 30 23 27 35 19 22 26 17 16 28 26 29 19 28 31 43 31 24 26 27 33 31 34 32 32 36 32 26 29 22 28 33 50 43 26 36 31 24 42 27 29 20 26 30 24 26 19 27 39 20 34 20 29 39 36 18 23 24 20 38 21 29 29 35 24 23 33 15 27 32 29 34 34 28 28 21 10 24
21 32 57 25 31 34 21 28 17 33 26 28 30 31 25 24 29 26 19 25 22 29 33 32 29 20 40 24 23 25 26 29 23 27 28 13 24 23 29 28 27 32 22 31 24 25 26 27 29 20 26 30 30 17 27 19 24 21 18 23 33 24 27 24 20 29 21 26 29 27 32 27 35 29 27 18 25 29 32 25 26 27 18 31 18 33 27 23 34 22 26 19 31 24 27 21 24 29 34 23
27 34 27 27 23 21 27 25 26 25 18 37 30 29 36 33 31 14 33 24 29 33 21 24 22 27 24 27 20 28 23 19 31 22 31 26 19 30 29 20 28 36 34 16 25 19 26 24 26 37 26 25 27 29 36 30 31 23 32 29 30 20 24 24 26 24 24 22 23 24 26 24 19 37 19 26 24 28 36 34 30 26 30 30 26 19 28 21 26 23 23 24 28 14 36 29 17 22 24 26
29 20 30 26 25 25 33 29 31 30 29 23 23 24 27 36 27 27 26 34 25 22 18 18 16 34 24 39 24 20 24 37 28 24 19 24 27 34 22 33 35 25 24 36 32 25 28 37 14 27 20 18 30 16 17 34 39 25 21 19 30 15 31 19 30 32 23 27 28 27 20 31 17 33 23 32 32 24 21 21 31 28 22 28 31 34 23 36 24 25 29 25 23 22 37 35 19 27 32 22
17 29 34 29 20 24 24 24 25 43 31 40 29 34 24 32 29 30 24 30 35 34 39 38 34 26 20 29 25 15 20 37 26 24 28 29 27 21 28 40 30 12 33 26 30 14 23 30 17 31 21 26 31 28 35 31 15 21 22 28 29 31 25 12 23 29 28 39 32 25 25 27 19 30 24 18 35 34 30 29 30 39 25 28 30 28 29 22 19 26 20 38 19 25 24 32 36 29 22 30
24 32 33 22 34 31 32 30 24 31 29 18 28 35 26 30 29 28 25 21 25 22 28 27 31 24 27 35 27 23 27 21 26 23 21 32 25 29 30 26 29 25 27 34 30 24 25 27 43 31 20 32 36 27 17 26 34 36 30 16 33 35 28 31 19 18 31 27 18 29 29 34 26 27 21 27 31 29 40 32 21 27 25 20 25 32 33 29 27 18 32 29 21 21 30 22 22 31 22 26
26 28 31 28 29 24 23 17 27 20 22 38 29 22 40 21 22 28 26 26 34 21 32 18 20 26 38 23 22 29 33 36 24 21 27 20 29 25 36 27 30 26 34 29 33 22 29 26 30 37 25 28 43 31 30 22 30 27 21 12 9 17 27 11 22 60 27 35 31 33 21 31 25 35 24 20 21 32 30 21 18 29 11 20 30 26 29 25 20 33 25 30 20 27 17 33 29 34 31 22
23 26 22 31 15 21 33 35 29 21 32 18 29 29 34 23 28 26 25 15 11 22 17 20 24 28 27 24 27 24 22 27 29 17 30 22 11 30 23 39 22 27 32 29 18 29 18 26 24 23 32 25 19 21 22 29 23 30 32 28 39 24 42 27 14 13 15 11 24 17 14 22 13 18 18 12 10 16 9 11 14 18 13 11 15 9 18 12 10 12 13 14 9 10 11 13 14 17 17 6
21 18 9 7 13 14 15 12 9 21 15 17 15 11 11 11 22 15 17 16 9 18 15 15 18 14 15 13 12 19 12 14 10 14 18 11 5 14 15 16 14 8 15 15 11 15 9 7 6 26 16 11 16 8 9 6 9 8 18 16 10 19 16 13 13 10 18 18 10 15 16 12 9 13 12 15 13 13 10 11 10 20 15 10 21 14 13 14 16 12 13 15 15 8 9 18 15 15 17 16
11 12 7 22 18 8 15 12 19 22 12 15 10 17 10 20 16 20 14 19 14 11 11 11 6 13 11 25 10 21 17 11 15 8 16 17 12 16 9 12 15 11 16 8 14 8 13 14 11 11 9 13 10 11 11 7 18 19 12                                         
