0.461538461538462 4632 24 17 32 31 27 22 32 25 22 40 33 42 28 22 32 30 27 27 30 38 39 28 29 42 36 35 24 22 21 34 18 27 30 20 21 31 23 25 24 26 21 23 20 23 28 16 23 37 26 21 38 33 18 9 26 35 23 27 27 27 32 21 24 27 21 30 24 25 24 18 27 32 26 22 24 24 27 28 18 22 19 26 25 19 27 27 11 19 20 24 17 32 26 27 32 17 21 27
27 20 26 29 21 25 25 14 22 21 11 22 15 17 24 30 23 23 35 23 21 19 32 23 24 26 20 27 24 36 21 24 34 25 26 21 24 37 19 24 22 25 25 23 26 24 23 28 23 33 22 26 15 35 21 18 36 16 29 21 20 30 33 29 26 33 28 27 31 27 25 25 37 80 14 27 26 42 31 27 23 24 29 26 36 27 23 24 27 28 25 28 22 24 32 31 32 23 23 23
26 16 17 23 30 25 14 19 16 25 31 24 17 22 39 29 20 27 26 23 27 30 24 26 26 34 25 18 21 21 31 22 33 22 27 27 30 22 5 25 14 28 28 24 36 21 21 25 28 33 28 14 17 35 22 21 28 28 23 24 28 26 17 29 30 24 42 28 20 29 23 16 26 26 17 22 26 22 20 21 38 28 14 30 22 26 30 16 28 38 23 23 27 18 25 19 44 28 29 35
20 22 26 16 23 23 17 30 26 18 35 26 33 16 22 25 28 28 19 26 21 24 17 30 11 32 26 16 33 19 27 19 27 14 25 26 33 26 25 26 27 29 22 23 24 17 21 19 17 31 32 16 22 28 31 21 21 26 24 31 27 17 25 30 24 27 29 29 25 23 25 24 23 22 25 19 19 27 22 21 28 19 20 16 23 17 15 30 22 18 13 26 36 31 45 50 22 20 25 18
20 30 26 29 19 32 30 23 20 12 23 34 33 21 24 21 25 23 43 31 30 25 19 15 18 25 29 24 25 22 22 26 28 28 29 25 24 28 22 37 19 31 33 29 35 30 23 30 27 30 29 23 17 21 22 22 23 15 28 23 19 28 26 16 16 19 26 21 24 34 32 23 24 19 19 26 31 27 21 26 36 30 27 23 23 24 26 22 36 21 38 35 19 22 18 33 39 24 29 33
26 28 27 18 28 29 34 24 17 26 22 27 30 30 24 32 33 32 24 26 27 27 28 21 26 21 28 24 18 22 22 15 21 25 20 36 34 10 28 32 11 23 25 26 36 25 19 30 19 26 40 17 26 28 27 25 25 27 29 31 27 36 21 29 26 16 36 15 22 19 30 15 17 30 32 27 25 17 21 23 24 32 32 30 31 23 33 28 25 30 24 17 11 21 15 16 18 18 31 24
18 28 21 23 27 30 16 32 20 34 22 19 24 26 35 9 19 17 33 24 22 28 26 22 33 34 29 17 26 19 25 31 26 18 29 29 28 27 26 29 26 17 29 27 22 31 25 26 22 21 23 32 29 26 25 30 18 36 25 23 19 25 23 12 21 34 16 28 27 18 27 23 26 25 31 26 22 16 28 23 40 11 19 27 33 30 29 29 22 24 22 23 20 25 22 21 23 27 23 28
23 23 16 42 31 34 23 33 32 26 27 34 22 26 31 27 30 40 10 26 18 27 20 24 21 24 28 28 36 25 16 27 27 24 31 20 33 32 22 23 13 23 29 21 22 30 21 23 20 32 31 27 28 21 23 27 29 27 21 17 25 15 20 21 18 32 26 22 24 34 21 28 18 25 22 25 15 27 33 25 21 26 27 26 25 19 20 27 27 23 27 21 20 22 22 18 23 17 16 20
36 24 26 24 24 25 28 36 31 25 26 19 32 22 19 19 27 20 28 32 26 17 15 14 24 27 28 25 20 30 33 27 29 33 21 20 30 23 34 21 29 25 23 20 27 19 15 24 28 23 23 25 21 17 19 20 26 21 24 17 19 19 23 30 36 27 19 29 26 17 28 13 32 24 30 29 19 26 15 28 36 22 26 28 32 26 12 27 26 32 19 24 25 27 18 34 28 28 17 30
29 27 27 16 26 9 15 23 30 35 26 23 32 27 18 22 27 27 28 22 30 19 24 26 23 22 28 18 21 20 19 15 24 23 24 24 24 20 27 40 29 37 28 19 28 30 23 32 24 29 11 24 24 27 25 33 20 16 22 28 23 26 21 25 33 29 21 31 25 24 18 20 24 22 32 13 24 23 32 35 32 28 28 27 15 22 29 13 21 21 30 21 21 18 22 24 18 18 26 19
32 29 21 20 19 26 16 26 26 32 14 29 20 20 12 17 22 23 27 29 22 23 18 35 30 18 24 26 23 25 32 25 20 21 24 30 28 17 20 28 29 24 18 17 20 33 14 25 22 22 18 29 30 22 25 24 30 18 24 24 24 38 24 27 22 23 23 19 18 29 26 26 19 25 25 24 16 21 22 27 22 22 21 19 25 27 27 32 25 19 32 26 17 21 22 29 15 17 19 31
36 19 24 22 21 23 31 19 26 28 19 23 30 15 23 24 17 28 23 32 30 25 22 21 30 15 28 16 25 22 18 30 20 23 27 19 20 28 40 25 26 21 20 28 18 33 53 24 28 22 22 28 27 10 26 27 22 25 27 21 21 26 25 32 29 18 23 28 22 38 33 20 26 20 28 27 17 20 34 24 24 17 26 26 18 33 19 8 17 24 15 23 16 24 22 31 23 33 26 24
28 31 26 24 18 33 16 25 14 32 30 26 17 20 22 22 29 15 27 30 24 38 30 23 33 34 33 32 21 24 22 39 27 24 28 33 31 16 31 27 29 27 24 21 27 30 30 18 29 21 13 20 26 19 28 33 28 31 30 26 21 29 26 26 28 18 28 31 23 30 22 27 30 26 69 41 62 75 61 21 36 14 20 33 36 21 24 28 22 28 23 15 24 19 26 19 26 20 22 35
27 25 32 19 22 21 22 24 18 27 24 28 37 20 35 28 26 34 18 30 20 30 21 27 19 27 30 29 28 28 29 29 25 26 27 30 29 19 30 31 20 27 20 18 22 23 26 21 33 17 35 14 32 32 22 30 26 25 22 24 27 23 28 32 32 34 28 27 32 23 42 29 32 21 20 14 19 22 26 20 30 23 18 31 24 17 18 34 23 31 23 26 32 23 23 30 34 30 28 23
28 14 23 21 14 23 21 29 29 26 29 30 38 27 25 19 29 31 27 16 39 15 29 20 25 26 23 27 26 21 19 28 28 21 26 24 25 27 24 23 23 51 59 20 19 25 39 28 26 26 25 16 28 31 24 36 23 35 22 24 30 25 19 30 15 22 29 24 22 17 26 19 25 21 26 28 31 19 16 31 14 21 20 20 36 29 32 32 26 27 17 23 25 20 31 32 33 33 22 32
28 22 27 20 34 43 27 28 24 27 8 32 29 36 25 30 28 28 23 18 14 23 23 28 26 29 32 20 22 18 26 25 24 26 28 28 26 22 25 31 25 27 28 25 29 16 28 21 35 39 35 32 31 36 25 22 25 34 24 33 21 22 26 30 18 35 27 31 19 19 26 30 29 21 26 15 15 30 29 19 27 29 25 30 28 25 28 35 17 25 34 19 23 35 27 17 30 23 21 17
31 22 37 29 24 24 27 30 22 21 30 32 25 32 31 28 24 16 21 23 24 35 21 27 24 31 25 27 30 23 24 27 23 25 19 30 22 19 25 30 20 19 34 23 34 31 27 33 35 22 28 30 26 27 18 21 32 21 23 31 36 24 23 23 21 32 17 28 24 24 29 19 27 29 26 26 23 36 15 15 24 23 21 32 21 23 23 24 26 25 23 23 22 24 23 20 22 24 19 15
29 23 29 17 28 22 24 25 24 25 19 22 25 25 21 17 35 27 26 23 19 36 29 32 26 33 33 33 30 25 24 22 33 24 26 33 19 16 13 19 29 26 26 32 27 27 34 30 32 27 22 33 25 26 28 19 27 36 36 30 33 26 32 25 33 31 28 32 26 23 19 18 35 24 24 26 26 26 24 25 20 34 15 27 16 27 25 31 25 29 35 23 28 41 24 32 15 30 29 39
29 23 26 24 20 19 22 21 38 16 16 25 19 9 21 29 24 32 35 29 28 20 20 22 21 22 16 27 21 22 21 23 28 36 38 27 23 29 31 27 23 25 28 22 25 32 26 31 24 25 8 20 27 28 25 16 32 29 24 21 24 23 22 25 26 22 19 32 27 25 29 31 28 34 20 29 24 18 17 22 35 26 24 20 28 31 26 19 26 28 25 14 35 34 23 31 27 25 31 28
18 24 23 24 21 30 25 21 31 29 26 24 26 33 32 24 22 25 31 26 26 29 25 25 30 25 20 22 30 35 32 20 29 28 29 24 33 29 30 30 26 24 19 20 27 23 34 25 26 28 18 21 15 21 26 13 19 26 23 18 22 33 33 17 21 27 31 21 28 28 27 33 18 23 28 26 24 32 25 28 32 25 24 30 25 21 26 29 29 32 20 22 25 23 24 32 17 27 29 31
32 28 31 23 37 25 27 26 26 35 35 20 19 22 27 26 20 18 24 26 25 32 17 30 32 23 21 22 18 27 31 23 24 28 25 31 20 26 19 26 32 23 28 31 24 17 22 23 22 22 15 26 30 26 27 28 25 15 29 22 28 28 27 23 31 19 32 22 24 20 30 34 21 35 14 24 14 23 27 32 31 26 22 21 31 33 31 24 16 25 25 34 20 26 26 27 28 19 24 22
24 23 18 30 30 22 18 20 16 29 21 29 19 23 23 23 24 26 27 18 27 21 35 24 23 23 27 19 22 23 22 31 23 33 23 27 24 25 26 30 32 27 18 32 26 26 24 27 33 30 27 26 24 28 32 28 25 21 36 28 23 29 17 20 31 19 22 34 25 40 20 33 29 29 21 32 25 26 22 25 15 34 26 19 21 31 23 17 37 26 16 30 31 37 38 24 34 30 27 21
26 30 27 26 19 23 12 23 31 25 36 28 25 27 15 26 23 28 29 27 16 25 27 42 30 31 34 26 19 22 21 25 19 24 29 26 23 19 27 35 23 20 17 25 23 27 40 32 22 13 28 28 28 24 22 19 30 23 26 22 30 23 29 24 21 25 19 32 39 21 23 23 32 28 22 27 26 18 19 22 22 31 30 34 29 25 27 35 32 26 32 33 21 33 25 24 23 34 30 38
28 33 27 19 30 22 34 21 15 28 31 26 21 29 23 23 23 22 17 23 19 22 22 25 34 22 28 24 29 19 25 20 28 30 27 26 26 25 17 20 25 24 29 24 25 29 34 65 14 80 13 27 23 26 27 27 26 30 31 13 28 25 33 28 19 23 17 26 26 19 26 21 22 26 33 30 24 18 26 17 23 22 21 20 21 18 23 26 24 29 29 16 25 37 20 20 13 39 25 29
19 24 29 21 33 33 20 26 29 31 19 34 21 36 24 36 23 33 22 26 36 21 25 30 32 25 26 27 25 28 25 18 22 30 29 23 23 36 30 27 19 26 36 28 26 33 39 34 19 28 22 18 23 25 33 24 25 29 23 26 21 29 28 18 28 24 29 27 25 32 13 16 35 31 22 29 18 20 25 26 20 19 25 30 20 23 22 24 36 33 26 26 16 26 20 11 15 35 17 22
21 28 17 20 23 26 22 34 20 28 28 28 27 26 23 20 30 21 28 23 21 22 27 26 24 24 22 18 23 18 23 22 17 30 36 35 30 16 26 24 22 18 20 21 15 20 24 18 23 23 18 28 28 27 25 18 22 25 32 26 23 29 19 40 31 22 17 16 26 10 27 19 21 27 23 23 29 18 20 28 25 30 23 24 18 26 15 24 35 23 21 29 23 27 27 23 19 24 25 21
22 25 24 15 30 24 22 16 29 27 23 23 27 31 30 27 19 24 29 21 25 25 30 24 25 19 27 31 32 27 26 21 26 21 20 19 21 26 36 30 40 27 30 34 23 39 27 24 14 20 21 29 38 23 28 21 21 30 16 28 26 26 15 33 37 20 24 23 28 29 24 34 33 26 29 17 24 32 26 29 31 31 22 30 31 28 24 23 20 14 27 16 34 25 27 18 28 25 23 28
29 34 33 16 25 25 30 34 24 20 33 20 35 27 30 23 23 33 23 27 37 31 24 34 24 35 29 32 30 26 24 22 34 22 35 29 18 27 32 27 29 29 30 33 22 22 32 10 24 21 26 24 26 26 25 21 27 15 32 20 30 25 15 23 33 17 26 17 21 29 24 27 14 32 20 22 33 18 26 36 22 26 22 29 29 26 24 29 21 17 25 26 19 12 34 24 24 25 22 17
29 26 25 16 17 30 29 24 24 22 30 29 27 23 27 18 26 31 22 22 19 20 27 21 21 25 21 20 29 34 24 22 32 22 21 24 22 24 24 17 14 21 27 34 21 23 21 31 23 34 14 30 21 24 26 21 27 30 28 22 31 32 32 23 22 29 18 17 25 28 24 28 20 18 23 26 34 22 29 31 32 23 34 20 27 29 19 34 27 14 24 29 16 25 19 26 29 26 34 24
33 19 16 25 29 27 22 24 26 24 25 25 23 15 18 27 21 18 10 15 25 24 25 21 28 19 20 27 17 24 17 27 23 17 24 25 18 24 25 21 17 28 29 25 16 16 24 20 16 32 30 20 33 23 22 17 26 31 17 12 17 25 30 19 14 21 33 21 26 20 33 27 21 24 27 16 19 35 25 10 30 20 30 17 26 21 25 18 21 12 28 23 20 25 32 22 22 16 20 23
30 27 12 26 26 19 21 11 20 21 21 25 25 37 22 34 31 26 31 27 28 25 32 25 25 32 34 24 27 19 28 29 19 22 24 16 26 17 23 28 23 20 29 22 29 31 23 22 21 29 23 31 22 25 31 21 25 26 17 23 22 30 16 28 31 28 23 27 21 26 21 19 16 26 17 9 23 21 26 29 24 15 14 22 31 25 22 21 20 23 23 27 34 30 26 24 28 31 16 28
33 29 13 20 24 35 29 22 23 21 19 20 32 29 28 20 17 22 23 19 23 29 18 22 32 22 22 19 23 16 26 30 30 29 27 17 31 17 19 20 21 25 25 28 25 18 21 29 22 21 29 20 32 26 22 25 23 22 24 28 17 23 31 24 28 31 24 22 19 19 26 19 14 21 34 25 21 25 28 29 21 24 23 40 16 28 11 20 25 30 24 19 26 28 24 22 25 30 28 24
27 30 19 21 18 20 39 29 17 24 23 23 17 30 21 26 35 35 25 16 27 26 19 24 23 24 21 27 28 26 25 26 24 24 29 24 38 25 20 28 20 17 23 20 20 26 21 34 33 18 17 20 23 21 34 30 15 30 26 33 33 21 24 23 32 18 23 15 22 26 19 25 21 23 28 18 25 28 23 29 25 31 24 30 24 26 20 27 16 30 20 22 20 17 27 22 28 16 22 23
20 18 22 28 24 24 30 28 24 30 25 28 13 28 18 24 24 20 30 28 39 30 34 25 28 23 17 32 22 25 24 25 24 31 37 26 30 30 24 23 34 20 33 30 36 35 33 28 22 20 26 24 21 43 35 32 29 19 27 32 22 24 25 34 37 22 25 25 32 31 29 25 30 31 25 31 21 35 29 24 25 26 27 21 28 29 28 35 35 29 35 28 35 25 25 21 34 36 28 20
18 32 33 24 35 23 21 22 26 35 27 34 33 25 28 25 26 13 22 25 28 36 27 20 35 25 26 26 31 24 18 17 23 24 19 15 28 28 32 28 21 35 29 40 25 28 26 28 23 22 26 22 18 22 22 26 35 24 36 24 27 21 24 23 25 19 22 34 19 26 20 30 29 12 25 15 28 20 19 31 34 27 28 28 20 16 31 11 25 23 21 29 16 26 34 27 35 24 30 6
31 24 23 16 17 25 16 26 26 26 19 20 25 31 34 18 24 30 28 29 22 24 31 28 30 17 26 16 15 28 22 19 28 27 24 25 19 29 24 27 23 20 23 24 26 31 24 22 28 29 29 23 23 25 24 22 19 27 30 12 18 20 31 17 15 33 20 25 21 24 28 30 20 17 19 29 22 17 21 23 32 22 36 24 21 15 20 17 24 30 18 23 27 19 29 22 18 15 25 25
27 26 27 21 22 23 32 28 22 20 25 8 23 19 21 27 22 19 22 20 20 28 22 35 32 22 32 23 15 32 23 23 29 20 27 30 19 22 27 37 27 14 17 30 22 20 14 27 30 31 33 31 26 22 28 22 27 37 27 29 26 20 31 28 24 30 29 31 17 33 25 24 22 17 25 20 29 21 14 23 26 21 31 37 19 33 24 17 30 12 25 17 20 21 19 23 25 19 32 32
19 34 31 29 35 26 26 18 22 25 27 31 28 24 27 15 30 23 28 23 23 24 29 31 15 22 23 22 22 24 18 28 23 30 32 13 34 19 27 23 26 19 23 21 30 28 30 28 23 26 29 30 30 31 18 26 26 29 31 17 24 24 29 18 27 31 21 21 28 15 19 24 30 24 28 22 27 28 23 30 33 27 35 29 23 24 22 33 35 25 30 33 42 15 34 23 11 18 23 20
19 16 23 27 23 26 23 20 19 27 25 33 22 21 26 31 23 24 22 24 35 29 31 30 21 32 24 32 25 23 28 24 27 23 26 23 25 31 24 19 24 21 18 15 31 25 22 14 24 23 24 27 27 19 27 11 24 30 32 29 29 25 21 36 23 26 21 38 22 22 24 23 29 14 21 23 29 20 30 34 23 28 24 25 26 35 19 17 21 20 18 29 22 33 29 27 32 23 31 28
26 27 20 25 21 20 24 32 22 22 22 29 21 22 23 29 24 31 28 33 28 31 34 31 39 29 28 28 19 29 25 18 33 14 19 25 27 29 16 23 28 18 18 19 31 26 41 26 19 27 27 34 33 27 21 28 24 31 30 25 37 20 23 20 28 30 30 20 25 25 23 31 31 26 35 28 21 31 22 33 31 28 27 24 52 54 24 31 17 29 29 29 34 21 33 22 18 21 19 26
23 27 29 30 19 35 20 29 23 20 23 35 23 29 33 23 25 21 17 21 29 26 24 24 30 26 27 24 29 18 27 20 31 32 39 13 32 23 24 31 17 23 28 30 28 32 19 25 34 18 24 21 26 27 30 30 18 28 26 24 31 20 26 22 19 22 29 29 27 27 18 17 28 28 21 18 24 37 25 24 16 20 23 23 28 18 22 29 26 28 32 7 32 32 23 25 20 29 28 28
19 28 30 14 21 18 28 35 26 25 24 11 24 25 20 29 24 25 20 28 21 33 27 25 15 18 21 27 22 29 11 28 37 28 29 37 21 28 18 20 22 29 28 31 30 24 24 24 19 19 18 24 31 26 30 37 22 27 26 27 25 23 22 21 28 24 19 23 11 30 24 20 30 35 31 25 7 23 22 34 35 24 21 35 28 38 23 22 25 22 24 24 17 27 29 26 24 16 14 30
22 22 20 17 20 23 29 15 30 22 18 27 29 43 30 29 27 32 21 23 28 36 34 17 27 22 29 15 20 27 26 26 26 27 29 30 17 28 25 23 16 24 24 29 23 25 28 22 28 25 32 25 28 19 29 30 31 19 34 29 17 15 29 19 30 25 18 19 40 34 26 35 30 25 30 28 21 21 18 21 13 21 21 25 20 24 22 25 26 27 25 29 25 26 21 14 14 30 22 37
31 36 16 20 24 30 8 24 21 27 29 21 19 23 30 34 31 18 21 14 24 26 21 25 21 16 21 21 26 24 15 28 31 16 33 31 23 20 32 18 26 26 23 17 8 23 25 27 23 30 17 26 20 21 18 22 34 28 23 26 21 24 24 20 31 21 33 21 20 28 19 18 29 16 27 35 26 21 33 25 23 23 17 27 27 21 26 23 18 23 34 24 29 33 26 25 22 22 27 25
25 25 24 18 19 28 27 24 25 21 34 22 32 20 21 18 21 29 24 23 22 27 27 22 21 29 19 24 17 27 24 28 29 35 26 20 33 31 30 32 18 25 28 24 21 26 27 30 44 27 31 26 28 14 33 18 12 7 4 14 12 5 14 11 11 6 19 9 20 12 11 17 14 11 19 17 12 11 10 8 15 8 5 11 15 10 17 13 10 8 10 9 12 15 18 12 18 14 16 11
10 12 17 10 17 11 9 11 16 9 12 9 13 10 10 9 13 9 17 14 9 16 13 19 15 10 19 9 14 16 16 7 9 13 5 12 10 5 10 15 17 13 19 12 17 10 10 9 15 12 17 9 11 11 11 13 8 15 9 9 14 11 23 10 7 11 12 11 12 8 14 14 17 13 13 8 13 17 10 9 9 14 13 9 12 9 15 19 12 19 14 8 11 13 15 15 9 14 12 10
14 21 9 8 19 12 12 12 13 7 6 12 7 8 5 17 12 8 18 13 12 12 10 14 21 8 12 9 13 11 20 20 22 14                                                                  
