0.433333333333333 2012 20 35 27 31 22 23 35 20 85 38 32 27 28 20 34 38 28 30 36 22 31 40 30 22 22 29 32 29 37 37 29 27 33 34 44 33 30 28 25 21 30 28 27 29 25 22 42 25 36 21 18 24 34 18 24 37 35 26 32 30 16 27 32 36 26 32 29 27 23 31 29 27 27 36 30 33 25 35 35 28 24 25 39 22 21 30 38 28 33 33 36 46 28 16 27 28 25 28
27 40 39 34 28 39 28 30 31 23 22 32 35 33 30 27 14 25 27 24 38 38 34 20 30 19 28 29 40 34 25 32 29 22 19 22 30 28 45 25 37 33 20 31 35 39 29 27 32 36 19 28 34 28 29 27 37 22 39 18 32 29 34 28 28 20 31 22 28 37 32 28 32 27 22 34 35 33 24 35 31 31 31 22 31 41 22 35 23 24 21 32 28 27 33 34 29 37 38 16
28 25 27 33 25 23 35 27 31 31 31 26 32 25 26 33 19 37 29 41 55 30 39 33 32 39 25 24 31 41 28 24 25 26 36 22 33 30 20 41 30 29 27 26 26 24 29 31 32 29 29 17 24 37 37 40 31 27 24 26 39 29 28 25 27 26 26 35 25 30 39 17 20 33 24 15 28 32 26 27 17 28 28 40 42 32 30 36 27 24 42 35 37 32 30 36 28 22 28 23
18 32 35 30 30 36 28 22 37 40 24 17 37 35 26 29 25 28 35 18 29 27 26 20 28 38 20 40 23 28 20 37 22 42 36 36 18 18 11 30 22 21 37 27 24 27 21 42 38 29 32 29 26 31 37 34 24 30 19 32 27 29 32 24 35 27 34 24 24 31 24 31 29 31 32 19 28 33 24 26 30 32 27 30 21 38 30 26 29 35 41 34 39 38 27 25 17 15 34 33
22 29 38 31 32 27 41 26 23 28 33 31 42 26 27 22 35 32 35 31 16 24 37 28 26 27 31 29 13 30 30 29 25 27 32 25 21 34 23 30 30 25 31 36 28 32 23 38 40 28 25 24 30 26 18 32 36 32 22 24 26 29 30 22 28 32 28 33 29 23 31 33 32 28 30 36 42 37 27 17 26 23 20 43 25 24 34 32 73 28 39 33 27 31 33 31 28 23 29 30
31 19 26 32 26 30 26 18 17 26 34 29 16 25 27 35 23 32 30 27 28 36 31 29 24 38 17 26 35 34 30 30 29 34 29 27 23 41 31 35 30 28 28 18 28 40 28 32 32 22 31 23 38 30 32 21 25 22 27 33 30 30 61 22 59 63 23 25 29 26 24 44 24 29 26 24 38 38 24 29 26 25 27 29 26 30 24 31 32 23 32 25 21 22 37 28 29 28 34 25
40 22 22 22 31 34 32 33 29 36 35 21 29 14 23 33 26 34 16 33 22 28 24 24 29 25 23 23 28 11 27 28 36 31 26 29 29 32 14 20 32 22 31 18 26 34 25 21 25 27 22 24 38 31 31 20 28 20 25 30 30 25 26 37 32 32 21 36 24 26 30 21 34 34 22 21 32 26 31 31 40 16 31 28 24 26 31 30 33 41 24 52 30 31 22 27 29 20 19 28
34 20 17 25 39 22 19 34 34 30 36 33 28 31 18 37 22 36 35 22 18 37 36 26 40 35 32 26 31 27 25 37 29 28 35 35 24 32 31 25 20 26 26 23 24 28 24 23 41 33 28 34 21 29 30 34 28 21 32 34 30 30 27 42 22 21 25 32 28 38 44 30 31 18 33 31 30 24 37 31 35 27 25 32 29 26 33 29 31 25 27 31 28 31 24 26 31 26 27 24
23 19 22 26 30 34 29 36 32 23 26 25 31 23 37 39 30 29 30 24 33 31 30 25 23 31 30 31 34 26 22 23 32 23 33 39 26 26 22 27 31 30 30 29 39 21 27 44 38 36 25 30 19 33 23 26 36 28 20 24 31 23 32 32 23 12 28 27 29 26 24 25 30 57 24 72 26 25 25 27 16 38 25 19 32 41 24 30 37 42 25 21 33 24 27 24 35 23 33 31
29 26 34 31 36 28 14 28 35 33 22 32 17 28 35 28 25 35 21 33 35 36 24 26 30 35 30 25 30 33 22 24 36 32 19 36 18 26 29 29 27 36 27 40 34 27 30 26 36 23 26 36 21 29 31 20 24 27 32 26 32 31 44 32 31 30 32 22 23 22 30 29 31 23 38 26 29 18 43 26 28 37 31 35 27 31 40 24 24 41 26 29 30 27 33 35 36 30 27 28
23 20 36 17 33 29 26 32 37 27 29 29 33 23 25 31 32 35 35 35 33 29 59 29 41 30 30 20 35 31 25 35 31 32 28 29 31 24 38 26 31 28 27 30 75 33 21 30 15 30 38 28 31 33 15 36 32 41 29 28 15 40 27 26 34 40 34 14 32 38 27 34 31 46 21 42 32 33 28 29 41 33 29 16 33 23 27 25 29 46 24 28 25 29 23 18 34 29 25 38
35 35 42 26 27 26 34 22 19 29 31 16 29 14 35 22 27 19 23 25 34 26 33 16 28 27 28 27 35 34 19 40 23 30 42 22 15 33 26 20 28 37 30 29 33 35 25 25 27 39 29 16 37 25 18 33 29 26 32 20 24 29 36 33 29 30 22 20 36 23 27 33 27 34 33 28 37 32 27 26 25 33 31 21 24 32 31 33 30 25 25 42 26 27 33 25 30 21 32 21
35 20 33 21 30 29 32 27 28 24 26 21 25 21 26 29 25 28 32 27 25 24 20 25 28 29 41 22 37 34 22 32 31 25 31 29 23 23 36 28 21 32 35 25 29 30 34 28 32 23 29 35 22 29 27 29 27 28 35 23 19 23 28 33 27 30 18 27 26 32 31 25 33 40 33 22 27 29 26 39 35 24 19 29 23 29 33 36 37 28 46 34 19 27 34 27 26 30 24 22
27 28 41 37 41 36 27 23 32 27 24 29 42 21 34 16 36 28 20 21 26 34 35 23 26 33 22 34 25 26 30 32 40 29 38 24 30 27 29 26 25 28 24 22 37 25 22 26 29 33 26 29 33 39 31 35 29 20 27 26 28 21 24 20 32 34 26 24 48 28 31 43 22 42 24 29 26 30 26 25 24 28 23 35 34 38 28 27 36 24 27 25 27 32 33 32 29 26 17 32
24 32 23 24 34 31 21 32 14 30 35 25 34 35 26 42 36 35 28 32 39 20 33 38 26 30 32 18 28 22 26 30 35 33 24 25 32 24 27 35 39 34 35 40 32 24 30 27 31 35 31 31 33 34 42 29 28 28 40 25 27 24 37 30 37 29 33 25 27 26 31 30 24 32 28 31 25 26 26 33 37 26 32 38 22 27 27 34 21 35 23 18 23 29 40 34 23 25 25 35
23 29 20 36 37 27 37 32 36 26 25 36 17 19 32 22 25 24 22 25 32 27 26 30 36 18 21 25 22 21 25 37 31 19 33 45 29 23 31 31 31 37 37 24 33 32 13 18 31 16 29 35 19 37 31 31 28 30 11 35 21 32 28 34 32 40 28 27 18 22 28 27 42 31 14 31 35 31 28 39 22 34 38 28 22 23 30 29 37 32 26 20 34 33 23 31 29 35 21 34
24 28 34 35 19 26 29 21 31 29 36 30 26 28 27 29 29 24 34 28 41 33 33 29 14 35 28 38 20 21 24 35 25 36 24 39 29 39 31 38 29 32 36 28 31 31 20 29 32 30 27 34 21 29 34 30 31 23 29 34 40 24 24 38 34 26 13 33 25 25 22 20 33 36 39 33 45 28 24 27 27 23 23 37 29 20 22 27 35 27 28 18 27 35 30 37 33 28 38 40
30 24 42 34 36 18 29 36 39 31 34 24 31 24 27 41 27 24 34 20 12 27 29 31 34 30 21 34 24 25 18 24 28 30 35 35 24 30 26 23 15 20 33 27 30 31 31 39 28 23 16 32 26 25 32 26 22 34 28 26 25 7 27 34 24 34 29 23 32 19 29 24 27 35 31 19 34 30 27 35 42 22 22 27 31 30 16 16 26 34 36 24 36 26 19 29 32 26 20 28
30 21 33 45 38 36 31 23 35 36 29 24 32 26 32 31 28 34 25 21 28 23 24 37 24 19 31 26 28 26 36 22 30 78 24 31 19 31 20 30 33 26 35 40 14 41 25 29 35 25 31 33 27 31 29 31 26 30 41 35 23 20 39 33 40 20 30 35 31 22 29 32 29 25 26 23 27 20 19 38 44 26 39 31 40 35 28 32 17 30 30 29 21 31 22 31 27 20 33 29
31 21 34 22 30 23 23 32 24 34 28 15 27 37 24 35 28 25 31 31 37 28 23 22 31 25 28 34 21 27 30 26 34 35 26 35 34 27 23 23 27 30 22 32 30 34 16 35 34 27 36 32 26 33 35 34 22 24 21 27 24 30 30 28 40 27 35 24 30 30 24 23 24 31 29 9 26 33 26 34 25 33 20 39 27 19 30 33 20 38 30 33 31 27 37 34 37 22 28 31
23 27 34 28 26 23 33 21 20 45 38 22 26 27                                                                                      
