0.424242424242424 3598 30 14 31 39 34 36 33 37 34 38 27 22 42 37 37 35 27 27 28 21 31 27 33 45 34 35 27 29 31 35 35 33 27 35 33 28 26 22 35 40 32 32 40 26 24 35 40 29 29 29 27 22 22 39 26 41 43 31 42 24 35 23 28 26 28 30 29 38 27 35 29 34 29 27 28 15 32 27 41 15 23 26 27 34 31 33 18 28 37 37 34 33 24 23 41 24 33 25
31 42 24 34 44 23 27 28 18 24 42 26 22 32 24 36 34 31 39 30 35 30 34 35 31 26 36 9 73 21 146 35 28 37 33 31 26 27 33 37 38 36 33 47 28 36 32 32 21 26 33 34 34 42 38 26 37 29 22 26 30 35 35 22 33 32 17 10 26 35 38 21 23 26 38 28 29 32 13 29 32 29 26 34 34 29 31 31 28 33 35 28 27 19 37 43 29 19 26 21
30 22 38 35 23 30 32 30 38 32 28 35 32 18 32 36 33 33 34 30 31 38 30 33 34 29 28 18 40 28 35 29 29 26 38 45 33 31 33 27 24 29 36 36 23 33 26 27 24 34 39 35 35 35 36 31 40 38 41 29 25 34 33 36 30 41 32 28 22 27 27 24 32 27 24 33 31 25 42 33 37 28 44 36 38 29 30 31 26 34 17 26 34 29 31 38 25 38 32 20
24 31 31 29 32 31 39 35 33 22 37 31 42 24 24 33 30 31 28 27 41 41 32 23 25 31 21 26 35 24 27 34 25 15 26 28 33 29 36 31 32 27 20 24 36 31 27 24 31 24 29 32 33 32 42 25 24 38 31 38 24 34 36 34 34 37 30 30 30 40 25 35 34 27 29 36 27 27 30 25 28 28 29 29 32 30 30 33 27 35 20 46 27 36 32 30 40 27 18 32
26 23 27 23 41 28 36 34 29 24 28 39 26 28 31 28 37 26 33 32 29 27 30 26 36 22 38 30 31 31 25 29 33 30 34 30 33 30 24 24 35 25 33 22 29 39 29 31 30 22 30 29 36 31 26 26 30 30 34 33 36 38 25 29 25 32 36 32 33 33 34 40 36 30 26 29 36 27 29 20 29 24 37 26 24 38 38 33 32 22 34 26 29 33 20 30 37 31 14 33
30 23 34 39 28 25 21 34 28 40 32 32 34 29 29 23 32 34 36 29 24 35 33 19 24 39 21 30 28 23 31 38 34 31 23 23 31 25 33 29 33 27 21 38 28 28 31 33 31 30 40 23 25 39 35 26 32 36 37 25 26 38 39 36 30 34 22 26 33 35 26 22 22 30 30 29 25 31 34 24 29 32 18 42 34 23 32 31 22 35 32 25 32 36 35 24 28 32 13 20
21 23 28 32 40 31 39 30 24 34 25 27 24 37 25 34 31 23 19 31 28 28 23 28 37 36 25 32 31 31 30 31 30 33 35 25 29 20 29 24 20 46 35 27 28 25 32 20 23 21 40 41 34 35 34 36 25 30 29 23 24 28 29 31 19 33 33 28 21 31 37 38 35 29 23 37 31 20 30 24 35 49 30 36 32 28 29 23 19 26 40 29 41 40 33 23 25 36 32 27
27 32 42 27 35 20 22 37 35 32 26 34 36 27 16 21 29 39 33 43 41 34 35 41 34 35 32 31 36 31 31 35 27 33 32 27 42 30 29 36 42 23 36 22 31 33 30 28 15 35 41 31 36 33 41 38 32 31 27 35 47 27 24 34 30 20 28 22 36 27 18 27 50 35 30 17 31 27 36 22 39 29 39 29 41 43 29 31 25 30 24 24 25 32 38 42 23 36 39 17
30 28 36 26 31 33 26 35 24 36 33 34 41 18 29 35 28 26 23 29 32 33 23 34 20 23 36 27 35 34 26 25 29 37 31 38 32 32 16 29 32 34 28 18 32 26 27 26 27 24 33 30 27 23 35 39 15 30 26 31 35 19 42 31 33 35 33 23 39 34 32 38 27 39 30 32 19 37 31 23 30 34 24 26 33 38 31 37 43 33 30 34 25 34 35 25 58 27 33 21
29 31 35 28 25 19 40 39 30 41 23 38 38 19 42 33 23 30 29 12 32 31 25 31 31 35 31 41 37 26 36 38 23 28 25 26 33 39 39 27 36 38 30 28 33 27 37 28 36 37 40 22 40 28 33 35 36 26 37 26 46 42 23 35 37 26 33 31 28 22 18 34 34 25 26 25 24 31 26 17 27 44 30 40 47 43 38 25 28 38 9 29 28 27 30 37 28 33 36 43
38 35 28 38 24 32 17 14 33 17 38 23 27 22 30 25 22 34 22 31 21 26 29 35 30 26 16 27 20 24 26 38 35 43 47 38 30 31 26 35 40 39 34 35 25 26 26 19 40 26 20 30 39 19 40 33 22 30 28 29 33 31 23 29 28 32 31 31 25 26 37 33 28 31 33 42 30 28 28 37 34 29 34 27 35 24 23 35 36 30 19 43 31 25 26 30 32 28 34 28
24 24 40 25 33 30 24 31 31 57 61 66 65 29 27 25 34 45 34 22 34 49 32 29 26 25 37 37 34 22 37 38 36 40 40 32 28 31 27 30 34 22 25 34 30 36 31 21 35 36 42 27 39 41 36 11 30 34 38 24 31 34 36 32 25 35 32 25 36 35 27 38 35 41 32 22 32 23 33 36 24 34 23 27 28 34 24 33 31 21 29 33 33 29 34 29 27 24 36 17
23 37 28 32 37 35 25 29 24 30 30 30 35 27 45 27 29 32 38 21 23 31 38 28 24 27 22 21 31 32 28 27 18 26 23 32 28 33 33 32 36 17 22 30 33 30 22 36 43 26 31 24 33 30 25 31 28 39 33 47 19 37 31 26 31 32 35 28 33 26 32 27 23 14 21 27 32 26 31 28 36 21 29 21 29 24 20 38 30 25 28 33 26 33 37 13 35 28 30 29
30 31 28 39 37 25 34 38 30 23 25 39 37 18 16 34 36 22 36 25 30 28 28 38 36 29 29 34 33 30 29 29 25 35 30 24 26 31 26 36 35 28 27 28 20 32 28 29 34 32 34 23 28 33 39 38 42 36 29 25 36 38 31 23 31 35 30 26 35 30 31 26 36 31 36 38 37 33 29 31 23 30 26 24 29 37 18 48 29 33 34 46 25 31 22 31 31 24 28 30
34 31 30 38 27 28 16 31 24 24 33 17 32 35 26 19 41 26 15 33 25 32 27 21 49 24 30 32 27 22 29 29 29 28 45 30 27 42 35 33 30 29 29 23 34 32 45 54 40 39 41 36 30 39 38 37 35 25 26 41 36 35 37 30 38 31 30 38 33 27 29 31 25 32 32 29 40 31 31 38 31 28 30 34 24 34 40 33 29 26 26 37 26 34 24 32 25 29 28 19
32 46 45 30 38 37 23 33 37 32 24 31 29 45 21 37 36 32 26 27 27 31 32 43 26 43 36 35 29 39 34 36 37 30 25 27 17 31 32 36 37 20 24 32 34 36 20 25 40 36 34 43 43 34 24 27 30 27 36 25 31 29 35 37 20 35 30 38 40 16 34 24 32 31 37 32 24 32 26 40 21 31 36 27 33 31 38 35 27 35 36 37 32 31 26 37 22 36 27 33
35 37 31 20 31 31 32 30 26 31 38 35 27 35 22 34 28 30 25 25 31 31 35 23 20 36 37 29 35 36 36 31 30 35 23 35 28 21 27 36 36 28 37 29 42 31 34 41 40 20 27 39 29 41 38 30 34 35 43 37 27 34 33 26 25 21 21 34 28 34 28 36 33 34 38 19 27 34 41 42 23 27 31 27 23 28 23 42 36 24 32 25 30 30 39 26 29 27 27 28
25 24 34 35 33 35 33 19 31 41 33 37 30 33 27 33 30 41 32 33 44 45 32 36 32 32 35 31 29 39 41 33 27 28 28 28 30 30 15 25 29 30 31 34 30 26 40 36 34 25 28 27 32 32 53 27 38 29 32 31 36 42 24 36 36 26 17 32 31 23 34 31 25 30 28 44 28 35 21 38 32 26 26 30 27 25 41 32 19 26 36 28 34 45 40 35 24 33 41 30
30 37 28 21 28 27 29 32 35 32 29 35 27 10 28 27 29 34 20 21 19 28 30 33 25 38 34 25 17 29 41 28 27 31 35 31 28 25 40 32 26 25 39 29 25 33 28 37 26 42 29 36 26 32 21 25 27 25 36 29 42 42 40 25 31 22 29 33 31 28 36 22 30 45 37 43 33 40 29 36 39 31 21 35 32 34 15 29 34 27 21 29 27 38 26 32 33 22 26 37
31 39 29 30 32 37 39 34 35 23 33 27 24 26 39 29 32 26 37 31 22 19 36 46 34 37 27 32 34 25 39 23 30 27 27 29 27 39 24 27 28 40 31 39 29 29 37 33 22 36 19 31 31 34 27 20 35 25 33 31 33 37 22 23 25 31 25 31 30 28 35 37 38 36 33 24 29 38 29 28 29 34 33 41 37 33 39 33 24 27 31 31 35 31 42 33 31 37 26 27
37 29 26 36 40 32 43 36 28 27 40 24 35 36 25 28 28 32 15 27 32 16 28 28 33 41 40 32 37 27 28 39 28 28 28 36 30 31 22 30 27 27 32 30 22 30 22 33 41 24 31 33 40 23 36 25 28 24 29 40 28 29 35 37 39 30 29 19 33 32 34 27 33 26 28 29 26 30 34 26 31 32 35 35 32 34 26 31 32 30 34 18 34 28 35 29 31 30 31 29
30 28 37 35 22 40 31 21 37 27 34 30 35 26 33 32 36 37 36 32 32 26 42 22 29 10 45 28 34 27 37 44 37 29 21 34 33 30 30 25 33 40 30 27 36 28 35 26 28 31 12 33 36 25 21 24 29 26 26 29 29 28 21 32 33 19 33 24 25 23 27 28 23 29 37 20 27 25 24 28 30 35 29 27 24 32 28 25 24 39 28 27 29 28 32 26 41 38 38 34
25 28 30 20 40 33 28 39 38 25 25 19 26 29 25 25 21 28 36 29 30 14 19 14 32 25 37 26 26 38 34 37 33 24 30 30 37 19 35 36 31 32 26 28 26 22 34 34 21 23 35 36 19 23 28 43 29 30 23 26 26 32 25 36 25 44 25 35 38 27 25 31 29 28 33 21 34 30 34 36 30 35 33 25 33 32 45 30 23 22 23 30 26 28 32 31 39 24 20 31
24 23 29 30 24 27 36 28 17 30 31 41 30 33 32 25 32 25 37 33 25 33 16 30 15 32 27 20 25 25 35 28 24 35 30 34 30 42 23 32 28 26 22 27 22 31 38 33 30 26 34 30 34 26 25 37 31 34 25 29 33 28 29 32 28 29 24 26 27 35 30 22 33 37 29 24 23 23 46 24 33 29 22 27 27 26 33 42 27 28 25 34 31 25 30 35 22 19 25 42
20 29 23 29 33 28 31 28 16 29 32 21 34 31 37 35 34 26 28 31 22 44 33 39 32 33 24 39 28 42 28 31 28 40 24 38 32 34 23 28 34 26 25 26 25 35 32 38 30 30 30 33 35 32 41 34 43 23 38 25 27 36 37 39 36 34 35 29 35 34 39 24 18 30 22 41 43 24 38 32 27 24 29 26 30 26 33 32 29 25 26 31 38 22 29 33 30 39 12 24
35 42 42 31 25 28 27 18 35 31 41 27 45 24 45 35 18 39 17 25 26 30 22 22 28 25 31 26 38 30 22 28 31 25 39 24 29 27 32 23 49 31 35 36 16 13 39 28 26 28 24 27 30 35 31 25 35 12 25 34 40 50 28 40 33 9 37 36 19 37 23 35 35 31 34 32 18 28 18 31 29 31 26 28 43 33 30 24 27 30 31 29 32 18 29 34 38 28 28 32
40 34 20 23 25 29 41 33 27 38 31 33 35 29 16 38 21 35 30 19 27 27 23 26 23 33 30 32 28 20 28 25 33 28 43 32 34 27 30 35 31 37 39 45 38 28 33 40 27 29 37 36 40 38 30 28 38 24 45 29 33 38 27 34 33 30 25 23 35 31 40 22 37 24 29 27 28 42 24 39 31 44 36 32 30 38 36 28 37 33 37 9 39 29 32 27 31 33 37 33
25 30 21 38 28 33 25 35 17 30 61 40 37 25 35 25 33 29 29 24 29 28 36 38 35 39 30 38 36 28 32 22 20 30 42 25 31 30 24 30 30 41 37 21 31 27 33 25 21 34 28 32 21 28 34 30 33 32 31 41 23 33 19 37 18 32 24 28 32 38 22 38 27 29 34 33 19 26 39 30 35 16 31 35 30 18 29 26 26 28 27 26 30 39 26 32 19 32 29 37
24 30 31 35 25 35 32 28 32 20 30 28 34 26 29 19 34 40 39 34 20 34 32 27 32 36 22 32 32 15 36 31 33 32 30 26 40 32 31 33 37 23 20 29 32 37 33 36 30 28 37 19 30 38 17 37 38 30 39 37 40 37 33 32 34 23 31 34 32 40 22 30 28 49 16 25 27 30 31 40 35 28 27 29 33 22 39 34 33 30 27 31 32 37 34 35 23 28 29 28
34 36 43 27 25 33 17 42 24 43 31 27 27 43 27 30 17 32 30 27 32 21 34 26 27 29 18 39 37 36 29 17 37 27 35 32 26 35 35 34 33 31 31 39 35 33 33 32 31 32 29 47 21 32 7 36 35 33 22 30 26 33 42 34 45 24 39 34 29 50 29 31 29 32 24 20 29 32 35 31 45 29 40 35 30 39 33 25 21 34 34 30 49 30 23 31 35 36 28 35
36 26 23 36 43 34 24 33 29 36 30 27 25 50 30 24 30 37 39 35 26 34 44 28 28 29 38 32 25 19 27 36 33 27 26 37 34 25 32 28 33 27 38 37 31 37 45 29 45 34 36 28 42 32 29 32 24 40 47 28 33 36 38 33 42 32 25 19 38 42 30 30 41 27 37 33 25 34 43 25 27 27 22 36 30 29 28 28 34 30 29 27 30 31 33 34 27 25 25 28
32 32 32 32 53 34 33 35 41 35 34 36 44 42 33 24 33 38 28 32 22 27 31 34 22 37 30 28 31 25 32 30 33 28 26 25 36 26 26 28 35 30 30 33 28 32 31 25 28 20 33 32 34 31 30 45 30 20 24 44 37 27 30 16 27 24 33 24 26 27 24 35 34 27 26 31 30 37 28 25 35 28 28 26 20 40 35 34 22 31 32 35 27 31 31 30 49 14 35 21
33 33 33 43 30 36 30 25 26 23 17 33 34 34 28 35 24 30 35 23 26 30 25 23 30 18 36 19 26 31 22 22 16 28 20 35 26 30 37 23 24 31 33 29 33 30 19 17 33 36 25 28 25 25 30 30 35 26 31 24 21 30 24 31 33 29 22 31 37 31 29 30 33 35 19 22 27 40 37 26 31 36 34 40 25 37 30 21 37 19 29 22 23 29 27 29 35 34 32 39
25 38 42 25 30 29 30 33 35 40 39 32 33 36 29 19 39 30 29 34 31 34 30 14 26 29 25 29 35 30 28 40 27 36 42 44 19 35 28 36 27 32 22 41 26 17 32 25 27 34 24 31 22 21 36 36 27 25 19 27 14 32 22 36 26 43 38 27 36 25 30 29 31 30 19 15 38 29 28 24 24 34 33 29 27 28 32 20 21 24 39 28 35 34 39 37 31 23 29 65
39 26 33 30 26 32 31 21 39 35 31 28 32 18 29 38 29 30 29 14 30 33 27 35 30 32 23 37 36 29 26 24 27 31 29 27 36 30 36 20 38 20 30 26 28 36 39 22 30 40 28 34 31 26 32 30 33 28 31 29 35 30 23 35 28 27 26 29 38 25 39 25 10 30 23 12 15 10 13 12 18 15 16 14 18 10 15 20 13 9 15 14 14 22 15 17 21 9 17 16
10 14 25 19 14 16 18 13 23 12 16 18 24 14 19 16 12 19 20 9 10 23 11 16 7 16 19 18 22 15 15 15 10 20 23 18 15 15 19 11 9 27 13 11 15 20 15 16 12 19 20 15 14 23 26 15 17 13 24 8 16 15 12 19 16 16 17 17 13 12 18 7 12 8 6 15 23 20 17 15 7 15 24 22 21 13 28 34 12 21 25 9 17 12 18 10 17 43 22 16
