0.433333333333333 6249 29 36 41 45 41 35 38 29 23 26 34 35 25 38 30 36 28 36 35 24 32 32 31 32 28 43 24 36 33 30 28 26 34 32 27 38 35 19 33 36 36 42 37 36 26 41 39 29 37 34 29 38 35 35 42 34 33 39 31 43 41 33 27 33 41 39 40 38 46 39 27 45 36 19 29 25 30 34 28 26 19 26 19 25 33 27 27 29 23 30 40 20 28 39 33 25 28 35
36 44 26 49 27 32 33 33 29 38 34 31 35 37 40 29 29 30 37 38 34 34 24 16 29 28 30 33 35 38 34 29 25 29 29 32 24 45 31 39 31 38 24 42 45 32 29 36 23 42 34 29 28 24 28 31 36 24 20 22 23 37 32 36 24 25 38 24 28 27 25 24 39 46 30 41 27 44 30 27 36 35 34 40 31 32 36 30 40 29 42 29 37 36 37 29 33 21 28 27
41 32 23 24 32 34 29 34 20 30 28 27 22 28 31 30 33 34 23 28 45 17 23 13 31 39 34 18 38 22 22 24 28 58 43 18 29 15 27 38 30 27 28 36 18 30 39 35 26 44 37 42 41 46 27 35 35 31 32 22 22 30 31 27 24 17 37 30 33 34 34 42 28 30 36 23 28 25 34 39 33 35 33 30 30 30 35 33 33 27 35 34 37 37 37 30 31 21 37 25
23 36 27 29 38 38 39 19 22 28 31 34 40 30 30 37 38 47 31 21 17 27 30 26 32 21 31 35 33 34 29 31 20 42 36 32 27 35 47 37 29 31 33 35 31 26 22 34 35 23 41 29 36 20 38 31 30 36 23 37 37 27 34 23 40 31 39 33 37 35 36 30 23 33 39 30 25 29 23 26 34 27 49 31 28 30 27 21 26 27 31 37 29 27 43 36 29 30 42 33
31 29 33 26 20 28 34 26 31 33 35 38 37 25 28 28 31 30 32 44 33 26 25 29 27 47 46 33 30 33 37 39 28 23 37 40 31 28 35 35 28 29 31 21 39 37 28 27 35 30 26 36 33 25 32 32 29 21 33 24 38 33 47 25 32 43 26 34 39 33 33 27 29 25 19 30 29 35 31 35 32 38 29 37 41 37 29 38 38 43 29 37 33 37 36 43 40 18 40 36
29 27 33 20 32 34 30 32 18 35 34 34 34 36 32 25 23 37 33 41 40 41 35 43 27 26 30 34 32 29 24 27 35 31 30 37 31 31 34 28 27 29 22 16 32 28 32 31 31 37 29 33 30 22 41 32 35 26 34 39 27 31 30 34 38 36 31 33 35 32 32 34 33 29 28 31 37 33 31 27 25 37 29 33 32 42 33 36 43 37 30 23 26 39 31 39 37 30 29 39
27 31 41 45 22 16 25 33 35 38 35 29 28 39 35 38 31 41 28 40 27 37 33 33 25 20 23 30 41 35 41 24 27 22 40 34 31 38 31 25 35 32 22 39 33 26 33 47 34 35 30 30 35 44 31 27 39 32 32 34 45 42 32 22 31 33 30 37 26 31 32 47 46 55 35 29 23 38 32 28 26 28 33 41 38 20 39 21 47 22 42 32 37 36 26 31 25 34 36 48
32 28 27 41 53 28 38 35 41 28 32 25 30 25 32 33 33 21 30 29 42 42 25 33 30 34 19 42 32 35 30 29 28 33 32 33 42 27 36 40 35 28 24 44 34 38 28 25 33 22 25 35 26 52 28 28 32 29 31 32 27 28 20 34 34 32 28 22 19 36 33 29 30 28 34 34 32 28 33 25 32 27 15 24 20 34 35 31 30 24 30 28 24 41 34 31 27 31 36 43
29 38 28 26 31 26 36 27 31 30 28 31 36 33 32 31 35 39 30 32 44 32 36 43 40 36 30 21 41 23 33 31 24 31 22 28 34 41 31 31 39 29 31 25 27 35 19 25 28 26 43 38 29 21 38 30 23 26 36 23 42 24 26 30 29 28 28 35 37 29 34 35 32 35 21 36 31 32 41 27 29 31 34 33 33 33 30 30 23 34 29 29 37 20 38 34 34 41 35 37
32 37 29 29 37 29 33 37 21 36 37 32 30 14 39 31 33 35 34 29 39 35 25 28 24 31 34 36 39 31 36 27 32 33 27 41 35 39 33 37 33 30 22 31 22 23 28 45 35 22 36 25 29 29 33 31 19 36 41 29 40 28 44 29 38 32 30 35 26 25 37 25 30 39 24 19 25 19 39 23 37 25 39 28 31 33 41 20 35 29 39 33 19 45 32 30 37 36 35 33
30 34 33 26 31 24 31 30 25 33 27 25 26 32 33 36 26 20 34 22 40 40 28 36 56 31 39 34 32 22 36 43 31 25 23 35 41 28 34 31 34 35 29 35 24 40 27 32 25 26 42 36 28 40 25 30 30 29 28 28 30 33 30 26 33 40 34 40 30 29 40 31 33 35 28 26 26 32 49 33 37 41 30 28 45 39 29 30 41 34 28 34 31 28 39 42 19 33 30 23
30 24 29 26 35 37 29 38 41 25 23 27 38 30 33 38 25 36 32 33 30 32 37 28 29 32 31 36 32 27 39 29 27 36 36 31 30 36 32 34 26 35 44 26 26 26 41 29 34 33 35 25 34 28 45 34 21 33 33 29 31 21 27 35 39 25 32 19 27 39 37 45 40 28 35 31 42 42 32 27 30 39 38 33 30 29 34 34 29 29 29 35 22 24 30 28 33 28 25 30
27 41 36 30 32 25 30 34 41 33 24 34 31 34 23 28 33 39 29 24 35 33 39 34 32 33 39 39 21 29 43 32 38 30 37 29 32 31 39 27 39 37 25 30 36 31 26 21 22 27 22 37 32 36 30 32 30 30 43 28 22 27 28 40 43 29 33 31 26 33 37 29 38 20 38 43 36 19 35 47 22 29 34 34 30 31 25 33 37 23 41 27 33 31 36 34 25 22 30 20
37 29 36 33 28 43 21 42 27 20 39 23 38 33 39 37 32 38 28 38 32 26 27 34 27 43 39 28 25 35 29 30 28 29 33 29 44 36 20 16 26 34 38 42 37 24 30 26 24 34 28 30 30 33 26 31 43 34 30 39 20 44 33 28 32 29 24 46 32 31 18 19 31 27 30 25 27 37 42 47 27 31 30 28 26 25 24 19 19 28 31 28 31 31 42 25 38 34 23 30
35 29 18 34 38 31 29 29 33 30 27 28 31 30 35 43 36 26 29 32 34 34 35 46 28 38 32 26 28 37 9 9 32 32 35 44 31 38 30 34 28 28 36 26 40 33 31 33 31 32 18 39 27 27 28 27 28 32 30 31 29 29 30 31 30 24 27 44 24 46 35 39 35 24 38 34 30 31 34 25 38 31 27 28 34 30 31 34 30 26 17 20 26 29 37 28 27 32 27 38
35 28 27 39 31 20 25 26 31 40 41 32 18 35 26 30 36 32 27 25 37 29 44 29 32 30 17 26 31 40 33 32 31 41 44 35 34 32 31 17 35 24 27 31 31 23 26 31 29 33 21 33 34 32 34 39 28 29 31 35 36 29 26 33 29 37 35 22 20 47 33 34 31 21 23 37 22 39 33 47 19 27 31 24 31 26 27 30 34 39 30 37 27 34 30 37 35 22 28 36
29 30 28 30 28 26 26 33 24 44 30 28 9 27 37 27 31 29 28 26 43 30 31 38 38 34 22 22 31 25 34 32 34 38 32 16 31 30 31 36 38 23 27 25 36 35 29 42 41 25 22 30 22 27 34 34 22 27 31 30 38 38 12 32 23 31 32 35 34 32 27 30 27 35 36 27 27 27 28 32 33 34 29 24 30 35 32 28 25 29 30 31 39 18 33 41 48 29 14 30
25 38 34 27 39 23 22 25 39 32 38 36 35 45 31 29 30 22 36 25 36 39 28 31 37 30 35 33 31 43 37 39 37 20 24 40 26 28 29 29 36 18 33 35 34 30 40 31 35 33 37 37 34 35 34 36 27 23 50 35 39 27 26 20 29 43 27 25 28 45 31 48 37 34 37 14 31 25 32 57 49 49 67 33 19 21 38 38 27 34 38 31 28 35 26 43 38 33 36 23
30 26 26 20 27 35 27 24 39 39 40 34 26 18 34 34 24 33 34 38 40 35 28 26 38 37 32 31 36 47 25 25 33 24 37 37 33 42 21 31 39 38 46 28 41 34 40 34 34 32 38 38 31 35 32 29 36 35 40 41 31 24 32 32 37 25 30 31 29 24 25 24 44 39 37 35 30 35 32 35 27 24 36 35 29 42 29 39 29 31 39 40 36 35 17 39 33 39 38 35
40 20 37 36 27 23 31 41 33 26 47 40 38 33 40 33 44 26 29 26 34 21 36 35 29 22 42 36 34 33 27 40 28 32 22 22 41 31 38 31 37 34 24 32 32 21 24 35 27 34 37 23 30 34 24 32 30 26 37 27 34 40 30 39 29 32 26 31 31 27 35 33 26 31 34 29 45 35 32 21 28 43 29 24 28 34 30 34 40 33 45 25 26 26 33 32 32 31 28 30
16 59 101 92 40 33 24 36 32 24 27 30 27 25 29 38 29 30 21 25 23 28 30 32 43 19 28 41 44 32 29 31 27 36 38 25 25 24 28 26 32 36 31 20 31 32 18 30 30 35 27 27 16 30 30 23 20 26 27 29 28 38 38 31 39 29 31 33 34 33 22 34 39 26 37 42 24 30 26 13 37 34 34 36 30 28 31 28 31 27 33 37 31 24 42 34 42 36 40 30
29 33 36 34 29 24 30 28 34 30 37 41 31 36 35 21 23 30 34 38 23 33 39 37 23 37 36 33 35 28 43 36 34 26 33 37 38 22 28 41 28 42 29 48 35 27 41 30 39 43 23 39 30 33 42 37 23 26 36 37 33 39 30 27 35 32 32 26 29 44 34 30 30 42 33 29 35 36 31 24 34 22 21 41 25 40 34 44 26 32 31 43 28 32 30 38 20 31 33 27
28 27 31 32 27 35 29 35 27 29 47 34 43 43 31 41 25 34 33 39 22 32 41 36 51 34 37 36 38 32 32 10 27 43 39 35 17 29 30 33 34 31 37 36 30 24 30 41 33 30 21 37 35 38 35 20 18 34 26 44 31 28 38 38 23 32 22 30 16 26 28 35 33 32 41 21 32 28 22 23 32 27 41 43 23 35 32 42 33 29 35 33 36 32 28 36 39 35 36 34
36 37 34 20 41 22 38 36 37 26 22 34 38 41 26 23 38 34 33 44 26 31 28 33 37 34 19 39 23 28 33 27 35 32 37 27 22 44 21 27 26 20 33 24 32 20 36 40 40 38 42 31 33 42 26 31 30 45 33 27 39 39 30 31 28 37 40 34 46 34 23 26 34 32 34 28 32 32 28 37 17 31 32 23 37 30 27 35 41 35 33 35 24 32 30 26 29 30 25 29
34 27 28 37 39 27 31 34 29 32 26 28 42 24 39 26 29 44 33 30 34 34 26 33 33 31 32 26 34 25 23 9 28 42 29 31 37 41 35 38 28 22 38 23 28 29 34 27 30 30 35 31 42 22 53 25 38 28 20 27 37 30 35 39 32 38 32 27 29 49 22 33 32 29 29 36 21 61 28 46 31 30 30 25 26 31 29 36 34 27 25 35 43 24 34 36 33 33 34 26
32 34 34 34 33 23 27 34 25 48 33 28 27 23 30 28 32 19 31 30 31 26 39 29 21 45 42 25 28 32 20 26 34 35 20 32 36 30 33 24 26 37 38 32 35 49 32 36 37 26 20 32 35 32 34 24 24 45 25 32 26 28 29 26 20 29 32 29 30 34 35 33 36 29 22 29 40 26 32 33 36 20 23 33 39 31 34 33 33 28 32 42 31 36 16 25 28 39 36 32
23 38 30 38 26 30 24 34 25 28 19 34 45 33 24 22 36 32 24 47 31 33 23 33 27 36 35 32 26 26 23 32 35 24 34 28 31 30 31 25 39 27 28 38 30 25 24 32 34 29 33 37 28 33 28 33 30 33 31 35 43 35 33 27 39 35 30 23 32 27 27 34 44 36 28 35 33 29 26 24 30 34 25 33 42 34 24 32 32 35 31 38 33 28 28 32 44 29 23 29
37 40 27 36 29 37 32 27 27 35 32 28 34 22 22 24 40 29 35 34 22 30 32 40 27 36 31 31 16 27 48 38 27 34 38 35 26 43 31 39 31 35 34 33 33 28 27 47 15 30 27 35 35 34 29 27 29 30 32 27 27 30 25 30 32 30 28 28 25 40 29 31 31 33 28 40 23 32 32 35 36 28 24 27 18 37 28 33 17 28 21 32 36 28 27 37 31 33 31 33
33 33 37 25 35 36 23 31 22 23 31 27 34 31 27 37 30 37 31 32 39 31 31 35 31 21 30 34 33 33 30 37 29 31 38 34 32 29 24 34 32 27 21 40 36 32 35 38 34 27 32 46 21 38 35 31 23 29 31 31 38 24 24 27 29 41 26 32 30 26 23 26 36 34 35 45 26 31 31 29 34 29 32 36 38 22 37 38 26 25 41 32 29 32 34 28 31 22 25 36
37 19 24 33 42 44 31 21 26 19 42 44 36 36 38 42 27 30 32 35 32 34 24 22 41 33 43 21 34 30 37 32 24 30 20 33 39 40 43 23 30 32 24 38 29 33 38 35 31 26 25 32 29 27 32 37 28 39 38 32 22 35 40 35 35 15 25 20 37 31 34 41 30 30 25 36 30 23 30 31 34 31 33 31 30 31 39 24 31 25 34 30 24 34 36 40 28 29 27 33
25 30 30 32 43 32 34 40 21 32 21 25 36 40 25 40 34 35 24 34 24 41 30 35 38 38 34 45 29 36 34 30 33 16 24 37 35 41 24 27 44 30 43 34 40 39 38 32 35 36 21 25 33 43 32 20 35 27 40 48 44 25 32 19 28 29 29 35 32 39 41 38 40 28 40 24 37 41 40 27 33 18 36 29 43 30 35 28 28 35 31 30 35 31 26 36 44 24 21 49
28 25 35 40 29 41 34 28 31 29 35 33 35 30 33 24 42 29 35 39 28 34 31 31 32 34 40 33 47 39 35 36 26 26 37 23 34 71 60 85 57 21 28 27 32 39 41 49 34 23 31 31 31 31 27 32 30 20 32 40 30 33 37 24 26 31 16 34 29 34 25 24 38 41 35 27 35 24 40 19 28 27 25 27 23 34 33 42 52 37 26 25 34 38 22 30 26 36 36 33
26 33 43 25 26 35 29 27 36 44 30 26 31 37 28 27 35 31 39 33 27 29 24 33 34 47 39 38 28 28 26 38 26 50 53 55 26 28 28 34 30 28 29 33 24 26 24 30 44 38 8 22 37 37 37 45 31 38 31 26 26 32 29 41 42 24 35 29 35 26 34 43 31 26 25 31 43 36 43 30 34 36 18 31 37 31 40 28 39 32 30 35 40 32 33 42 29 31 24 33
32 27 27 26 30 23 25 20 32 28 32 29 23 45 29 32 29 39 35 25 32 39 27 28 41 24 42 34 34 31 25 36 23 34 31 29 25 23 39 22 37 35 29 30 28 15 33 28 36 26 27 33 20 28 31 24 27 23 29 24 26 50 41 27 24 27 28 33 27 37 32 24 36 37 33 28 40 16 42 36 24 41 37 44 22 24 24 37 32 29 31 20 31 36 23 31 30 31 35 25
34 28 28 28 30 29 33 35 26 32 22 37 32 36 36 33 35 37 37 37 25 11 33 31 24 26 22 29 24 38 37 34 33 37 30 41 40 36 30 46 33 19 28 17 40 37 35 23 25 27 24 34 31 25 34 29 41 37 22 24 24 32 33 22 28 37 21 45 32 32 28 27 26 29 28 23 36 22 30 39 35 27 37 29 36 35 34 29 37 24 33 26 29 35 37 24 24 27 36 27
32 30 31 23 41 31 27 28 36 27 24 27 35 30 24 30 37 26 38 32 27 26 35 26 34 41 36 39 38 34 40 30 32 33 29 30 30 28 30 34 24 36 36 29 40 28 34 44 33 40 28 33 36 32 34 23 38 32 29 31 30 34 23 31 37 25 37 40 22 40 26 39 33 34 34 23 20 29 33 28 36 28 24 31 38 28 31 32 36 38 38 43 27 38 38 27 31 32 24 42
39 29 36 22 19 28 33 29 23 35 30 28 39 34 37 42 28 29 35 21 26 40 32 24 27 40 35 28 33 27 30 30 30 31 30 25 27 40 26 35 24 40 36 38 26 36 48 31 22 27 29 32 38 30 35 29 35 31 21 29 29 29 41 32 30 34 33 27 37 28 36 30 42 29 34 41 24 28 38 36 33 26 29 32 20 37 23 33 31 34 33 34 36 34 30 40 24 32 40 32
28 38 34 41 36 32 22 29 24 43 39 29 31 27 33 39 26 25 37 25 41 33 34 42 34 23 35 27 32 32 26 34 30 37 26 42 36 19 51 31 30 40 33 25 30 23 32 35 44 34 34 42 46 23 25 35 35 31 32 33 23 28 26 34 39 34 37 31 29 45 43 40 29 27 24 30 28 27 39 29 34 34 37 35 37 42 35 28 24 13 30 25 39 36 32 39 27 34 41 31
28 34 32 30 27 32 35 30 36 35 45 39 39 38 36 32 29 36 26 31 26 36 42 30 38 44 40 33 35 30 31 37 32 25 32 32 28 31 34 42 31 25 27 34 33 43 34 25 35 31 24 27 26 33 29 37 35 36 30 32 20 30 38 25 27 44 25 35 33 26 33 32 28 32 32 34 38 26 31 39 40 36 26 45 26 31 28 28 26 41 17 27 33 37 38 36 25 20 32 28
30 28 31 29 27 30 27 27 34 45 39 36 34 36 36 27 39 44 33 38 32 38 39 39 23 28 31 33 44 30 36 28 34 34 21 33 26 24 35 38 32 26 35 44 34 36 33 33 26 24 32 24 36 24 24 29 31 38 23 36 37 33 31 26 31 32 31 36 36 31 37 32 35 33 39 29 35 43 30 42 25 32 30 32 24 15 31 25 36 33 46 24 37 35 24 32 45 36 27 29
29 35 32 37 35 27 40 30 33 30 38 45 36 38 37 39 30 33 26 28 26 36 31 43 27 32 54 30 31 44 32 33 28 35 30 39 30 27 40 41 29 34 30 32 26 37 36 33 38 32 33 27 24 34 40 32 32 24 30 35 34 35 23 33 16 31 25 31 30 35 26 33 24 24 31 28 26 33 28 26 35 24 31 16 32 34 30 40 34 31 37 34 43 35 44 29 32 48 32 40
30 39 35 29 27 31 31 34 27 31 38 36 41 27 44 28 35 31 36 53 31 37 30 28 34 34 29 29 25 27 38 31 22 39 27 30 37 36 36 33 37 29 28 24 32 30 51 38 37 30 22 29 26 28 40 29 38 33 34 37 38 29 30 39 21 48 27 22 29 31 32 30 42 23 34 37 33 29 38 38 45 24 29 30 42 36 28 33 25 38 22 34 30 34 35 33 28 28 26 36
36 33 37 21 28 41 23 41 29 33 38 41 51 30 28 33 33 33 38 26 13 38 36 39 26 36 38 39 27 20 26 31 32 30 38 41 25 25 34 28 23 39 32 34 24 33 32 25 37 39 37 34 33 41 25 22 24 31 40 35 38 29 30 26 29 27 38 26 27 33 40 39 26 25 30 28 36 23 35 30 44 35 37 40 30 33 27 31 36 33 26 32 37 31 35 23 37 44 34 18
30 30 20 25 35 36 32 23 35 32 46 36 24 38 31 27 25 35 35 20 28 34 31 38 31 28 35 30 22 30 32 28 36 28 40 22 31 26 27 29 32 25 26 25 38 34 37 26 31 32 29 31 30 38 33 37 34 26 29 37 31 34 23 27 29 39 26 34 30 21 35 30 35 35 34 27 15 29 28 31 31 42 47 28 29 25 35 26 22 28 35 35 30 38 30 33 32 41 32 28
36 44 32 26 27 41 36 24 30 30 31 27 34 39 35 38 38 45 25 32 24 38 37 37 38 50 31 29 23 19 35 41 35 42 34 39 41 36 32 32 34 21 45 31 28 48 32 30 34 38 30 27 33 31 31 36 36 37 27 25 16 26 36 30 32 33 30 27 28 38 22 40 40 25 22 25 40 28 38 36 32 35 31 27 31 29 30 30 37 42 24 27 38 29 30 24 28 37 31 31
33 31 26 20 43 30 35 30 32 27 32 29 34 45 32 30 27 30 27 41 36 28 37 27 30 29 26 22 33 16 37 32 21 34 36 41 31 25 33 36 25 30 30 31 37 31 39 31 29 38 32 28 32 28 31 33 50 36 25 37 28 38 28 34 45 31 27 30 34 31 37 36 27 31 33 29 34 43 37 31 39 36 38 32 31 42 27 30 31 51 40 52 25 27 26 33 30 31 37 42
28 27 33 30 28 22 25 34 27 21 34 33 28 29 38 27 32 31 36 45 31 40 39 31 43 27 25 36 32 33 53 34 29 28 29 28 31 47 34 33 32 27 25 27 42 26 38 31 32 27 37 23 33 27 28 29 27 32 33 37 36 37 34 29 34 28 44 34 31 38 29 32 31 33 34 34 20 51 39 25 29 28 44 26 29 48 35 29 42 41 25 40 34 34 30 23 42 33 55 24
43 23 29 17 25 26 30 35 42 37 29 33 28 41 40 33 18 25 25 37 34 32 34 26 32 40 39 31 47 32 31 34 36 42 33 36 27 28 24 32 32 50 42 42 20 23 27 26 27 33 35 38 27 49 27 37 39 34 38 31 38 33 33 36 35 33 38 29 25 38 39 30 36 47 43 30 34 35 31 29 47 34 36 39 31 35 33 18 40 27 39 42 32 32 23 39 48 33 35 28
47 24 24 26 38 29 33 32 32 36 18 29 36 29 45 30 36 39 32 28 25 28 32 36 31 32 31 39 39 27 29 38 44 24 31 35 44 27 29 35 34 38 29 26 17 25 34 44 26 39 26 30 14 25 34 28 31 39 26 32 23 35 24 33 37 43 20 36 27 33 43 28 25 37 35 38 34 33 27 33 40 43 35 37 31 28 36 36 32 36 35 23 39 31 29 25 35 29 26 34
40 30 32 31 33 27 40 32 41 23 33 32 24 26 41 29 27 36 28 23 36 34 30 32 33 29 34 35 31 33 28 28 29 39 35 38 27 38 41 34 27 35 35 27 27 44 35 38 27 35 35 25 25 31 46 32 43 30 31 39 37 33 37 39 29 33 41 39 31 33 38 28 34 28 31 28 35 35 26 33 45 35 35 37 32 13 27 38 32 27 46 29 32 30 39 40 30 26 30 34
42 41 38 34 25 35 46 26 26 39 33 36 43 27 22 33 33 33 26 31 35 42 20 32 31 49 23 29 43 25 45 34 38 48 31 32 35 38 29 32 25 32 20 30 28 50 40 24 35 23 32 36 38 33 46 38 38 44 43 31 37 47 28 37 31 42 28 37 41 38 29 28 27 58 35 40 35 31 41 43 37 35 28 29 29 34 25 20 43 29 23 38 39 36 31 32 34 31 39 36
26 25 25 34 39 41 27 30 47 24 49 35 31 38 34 29 31 28 41 32 24 34 28 27 35 24 29 51 34 32 31 29 39 43 33 27 24 33 26 29 34 33 31 37 16 35 28 26 26 29 22 38 31 49 51 50 53 31 40 28 27 37 34 29 32 43 23 39 39 29 25 32 35 32 32 42 41 29 39 25 24 35 26 20 20 22 28 36 21 39 39 53 41 41 36 27 47 28 34 35
35 20 28 24 36 28 38 21 32 28 36 35 30 31 32 28 23 34 36 29 23 22 24 32 26 21 35 28 21 29 32 29 34 35 33 29 42 31 31 21 22 35 33 34 50 30 33 19 39 39 40 41 37 36 36 39 33 27 29 29 33 33 24 28 40 10 33 35 41 37 28 27 34 32 45 29 33 26 39 30 40 35 20 33 45 39 24 42 29 34 22 29 38 36 29 29 28 24 30 30
29 33 29 30 30 34 33 18 30 25 28 35 35 37 31 33 38 21 26 26 30 29 36 22 42 38 42 27 26 24 28 30 25 41 29 33 26 33 28 29 29 30 27 38 34 37 41 30 36 32 40 35 30 40 25 30 29 34 38 37 24 21 33 35 31 32 33 20 33 24 38 41 21 35 35 34 39 31 42 34 31 29 32 26 34 31 30 27 35 36 31 27 32 27 41 32 39 36 36 24
30 32 40 32 24 26 34 35 31 35 29 29 29 23 24 31 40 23 25 39 29 34 33 25 29 28 31 28 22 25 38 36 36 21 37 42 37 20 44 22 29 34 36 22 34 29 33 35 46 36 22 36 24 32 23 38 32 30 32 33 35 38 30 41 30 31 24 31 29 27 30 39 29 32 38 29 28 27 35 33 26 34 32 34 32 34 30 29 34 31 25 22 24 33 41 30 32 31 33 33
41 25 32 41 32 33 35 29 21 33 46 20 35 29 23 32 29 18 39 29 38 43 32 35 22 27 30 31 25 41 30 30 35 27 32 27 39 36 31 27 30 33 32 33 26 42 24 42 30 35 36 33 35 35 31 32 28 31 34 43 25 27 33 29 20 34 28 38 32 29 39 46 33 32 32 26 34 28 39 29 32 34 51 42 45 27 20 22 41 30 42 21 26 26 31 35 35 31 27 33
42 34 38 29 27 25 32 32 33 35 36 30 44 26 25 29 37 30 30 38 28 27 31 27 12 11 33 32 25 36 47 42 36 27 26 38 36 32 35 32 24 32 30 22 24 31 34 30 36 27 27 28 27 34 32 41 31 36 30 39 27 37 22 43 36 29 33 35 32 34 33 36 35 29 26 40 30 32 37 23 27 25 32 27 35 38 26 26 26 26 22 33 36 37 30 38 33 42 41 30
39 34 35 30 25 22 43 31 24 23 33 33 31 36 28 26 34 42 36 25 37 37 33 29 25 42 35 30 29 38 28 34 40 31 48 37 25 35 35 29 27 32 26 27 35 29 30 43 38 24 31 26 33 36 38 35 38 29 20 26 30 30 37 40 30 29 37 30 35 43 28 31 34 25 38 26 37 27 36 23 33 26 31 36 34 39 36 31 32 39 29 33 21 27 32 43 24 33 25 24
30 27 38 32 41 43 31 36 28 36 28 31 20 26 41 39 34 30 37 26 29 33 23 29 30 30 22 36 25 40 46 21 31 30 27 14 35 25 21 25 23 39 32 41 31 29 45 26 34 28 32 26 21 26 28 39 31 24 25 24 39 27 34 28 37 33 22 40 27 35 23 28 26 34 26 36 27 28 26 26 24 34 38 27 35 41 39 38 36 38 27 32 33 26 31 11 9 7 75 15
32 39 25 38 39 33 33 34 42 30 41 27 45 33 39 45 24 25 28 21 34 24 29 23 36 35 30 31 35 27 33 30 24 34 25 26 31 36 39 27 34 33 43 38 45 37 27 37 35 26 30 31 26 20 30 31 33 37 26 34 32 43 26 23 35 30 28 41 38 34 30 32 24 26 29 40 31 28 35 32 34 36 30 23 46 41 42 30 24 25 33 30 26 24 37 48 33 34 24 19
33 26 38 33 27 35 37 36 29 44 38 34 24 36 21 37 27 10 12 13 20 15 21 18 13 19 16 15 15 14 7 15 13 8 13 16 19 25 18 13 15 11 18 18 15 13 7 24 19 13 19 19 19 12 13 17 17 20 21 12 22 18 13 11 18 17 9 14 12 14 20 8 14 12 9 19 16 12 16 14 12 16 19 19 19 16 19 19 25 12 20 14 15 10 18 17 18 21 24 17
18 22 7 13 13 11 14 14 14 17 12 21 16 12 16 9 15 10 21 14 11 17 10 9 14 21 22 20 10 17 14 23 22 16 17 18 20 23 22 13 18 17 16 10 16 22 12 10 11 12 13 11 11 9 15 15 15 18 18 14 11 20 21 17 15 13 10 11 22 17 13 21 4 13 14 19 17 19 11 13 17 15 20 9 11 15 12 12 13 16 12 15 15 19 10 17 15 19 18 20
20 13 14 18 10 16 18 13 17 23 16 13 15 12 14 18 15 19 13 12 36 10 22 14 7 17 10 13 9 6 13 22 17 11 19 14 9 21 15 5 15 18 10 19 17 13 16 20 15 15 16                                                 
