0.473684210526316 1622 16 13 18 18 13 17 11 20 28 12 27 15 22 18 21 23 12 15 14 10 13 14 18 23 16 13 20 17 13 22 16 21 21 12 7 15 15 12 12 14 17 15 18 23 24 19 19 11 20 13 15 22 22 19 21 15 21 17 16 20 22 13 19 18 14 18 19 16 12 11 16 22 24 21 16 19 9 16 33 14 10 12 21 29 16 10 17 21 16 15 17 17 23 17 13 14 19 14
16 25 21 18 14 19 14 19 14 17 18 9 18 21 19 14 13 19 17 14 22 14 16 20 20 16 22 16 13 30 18 22 17 16 12 25 12 18 13 13 15 13 10 17 19 11 11 15 19 13 12 7 16 19 16 21 15 15 32 22 9 12 13 13 18 11 13 22 19 16 19 29 7 17 21 17 22 11 21 16 12 17 16 15 16 24 11 16 14 18 17 14 25 10 17 13 14 23 13 12
15 15 13 17 17 13 9 15 13 12 14 16 18 15 20 16 12 23 20 17 10 21 15 21 18 13 16 8 15 13 15 22 16 14 20 20 16 21 22 21 21 21 25 12 14 20 17 11 15 17 20 7 15 15 15 10 22 22 17 13 16 20 19 14 17 15 17 18 13 17 15 16 14 14 17 9 11 11 20 17 15 17 10 15 15 12 15 23 13 20 12 8 11 12 20 12 13 16 15 19
15 16 20 20 17 20 8 17 18 20 11 15 18 13 15 13 14 14 11 20 12 8 17 17 12 16 15 11 18 11 11 19 13 20 15 14 13 13 13 19 11 18 19 17 11 12 11 10 12 19 11 19 12 21 9 13 16 7 10 21 13 12 14 11 24 17 15 12 14 13 22 18 24 17 13 12 14 15 14 25 13 17 11 25 16 14 13 17 21 16 20 9 17 21 16 14 21 17 9 22
12 15 24 23 20 19 12 23 23 17 32 27 20 15 9 17 15 11 20 15 25 14 21 16 9 21 20 13 16 18 18 14 14 16 15 17 20 17 18 19 10 19 25 15 19 20 10 19 15 24 12 18 17 22 18 24 23 18 19 15 24 14 17 19 17 22 16 13 16 17 20 20 20 16 13 15 15 18 21 18 14 19 12 9 18 18 13 22 24 19 13 24 17 18 11 24 16 18 19 25
10 22 15 14 31 33 11 11 13 15 24 20 20 18 19 12 14 18 15 11 14 18 20 15 28 19 23 16 13 18 17 24 18 11 13 16 16 19 19 16 18 22 12 19 20 17 18 16 26 16 10 14 19 20 17 22 22 12 16 19 22 20 22 14 27 13 16 12 17 19 10 17 19 24 18 24 17 18 14 16 14 14 16 15 8 13 18 20 21 15 16 18 16 23 11 21 27 22 23 16
18 16 13 16 17 13 12 17 22 16 25 12 14 22 26 16 20 14 20 16 12 20 9 13 17 22 20 22 9 18 26 21 17 18 11 17 16 15 14 17 18 11 19 18 16 21 16 20 11 20 17 16 19 18 17 9 15 14 14 10 20 14 18 14 15 16 16 21 16 17 24 21 15 15 14 22 18 22 16 14 19 15 9 12 19 17 14 19 16 23 19 20 20 11 21 11 23 15 15 11
14 26 17 11 25 16 16 13 11 10 17 12 14 12 13 16 19 18 13 23 15 22 15 16 15 17 15 15 14 17 21 15 18 16 11 8 21 23 16 8 9 15 20 19 16 18 16 19 26 19 16 10 16 20 19 18 15 12 13 13 16 15 20 11 18 13 11 8 28 27 22 13 14 15 13 17 16 14 19 16 17 15 16 18 15 14 17 16 10 15 13 14 15 16 22 18 24 19 15 18
22 18 12 21 19 17 19 26 23 14 23 19 9 23 16 16 14 17 22 14 13 10 13 19 24 14 16 13 21 16 14 19 15 19 21 24 14 10 23 13 13 18 15 20 13 15 26 15 12 13 21 24 20 19 27 13 15 16 19 26 17 17 18 19 12 21 15 14 20 13 19 26 20 17 18 19 21 18 17 19 13 13 14 14 18 13 16 20 19 18 23 9 11 18 19 17 14 17 20 13
25 17 21 17 12 15 19 22 14 11 19 15 19 19 11 14 20 20 14 21 9 17 12 9 11 16 25 12 17 21 18 16 12 17 20 17 16 21 22 13 14 15 16 17 22 17 22 18 16 9 21 14 20 15 22 23 29 13 16 9 15 18 22 23 20 18 16 21 16 17 12 11 20 10 11 13 13 23 19 11 18 21 25 19 20 21 22 19 16 15 15 19 17 14 11 17 8 14 13 17
18 13 20 21 17 20 19 21 13 24 19 16 24 15 23 13 15 18 22 17 17 14 20 18 17 18 21 19 16 24 19 11 15 18 17 17 20 17 21 13 14 13 10 16 23 16 13 20 16 11 19 15 15 17 22 16 20 20 16 16 13 13 21 14 16 17 16 20 21 15 18 12 15 18 17 16 19 18 14 15 12 16 16 11 12 21 14 16 14 18 15 19 17 24 15 9 16 17 14 13
20 15 17 22 19 17 15 14 18 10 9 15 12 17 20 15 18 14 9 17 19 20 16 22 12 15 19 16 13 16 20 17 20 14 18 16 20 11 21 19 20 14 18 15 14 15 18 25 25 12 12 10 14 23 15 15 16 8 13 18 15 21 13 16 15 16 15 24 16 13 12 13 19 19 22 16 26 14 17 16 15 13 13 20 18 11 24 15 18 13 24 17 19 16 13 12 20 15 23 13
12 16 11 19 18 6 16 16 12 23 10 12 20 15 15 14 14 20 10 16 10 19 28 19 19 13 18 13 24 14 14 23 19 17 19 11 16 19 12 14 18 17 17 13 20 28 11 26 19 20 16 15 17 23 16 11 20 17 27 27 17 21 21 17 20 20 19 21 25 20 20 18 20 21 15 20 18 12 17 13 19 20 12 15 23 9 21 12 19 17 15 20 15 13 18 17 16 22 15 12
18 17 10 15 17 21 14 13 23 19 15 15 18 13 19 14 20 12 17 20 22 16 9 20 10 14 11 20 13 17 16 14 11 24 19 17 19 14 12 30 14 17 7 20 15 21 22 14 11 8 17 19 12 10 16 37 16 12 16 14 6 13 8 15 21 23 11 18 12 22 19 23 20 16 15 23 11 17 22 16 20 18 14 17 11 19 18 14 14 18 23 15 12 20 19 20 20 22 18 16
16 14 9 11 16 23 21 19 17 14 15 19 14 21 25 22 21 15 22 17 19 14 12 21 15 21 12 16 9 19 10 15 14 16 9 24 23 13 23 24 13 19 18 15 15 14 17 12 12 14 17 31 12 12 15 23 16 13 13 15 23 14 17 8 19 29 14 18 12 26 15 13 15 23 13 20 16 19 21 21 17 18 16 9 19 15 15 14 17 14 22 15 12 24 7 17 20 15 13 15
20 12 12 17 17 14 12 19 15 23 20 14 8 12 13 15 29 18 16 11 17 13 11 15 12 12 25 20 11 10 11 18 23 16 23 17 19 14 17 20 12 13 19 14 14 16 17 14 29 13 13 17 15 17 14 10 18 15 17 9 12 14 16 17 18 12 16 20 18 19 13 15 19 11 17 15 15 10 12 22 16 12 9 17 17 13 18 23 17 15 15 9 18 17 16 18 19 19 14 15
13 20 15 17 14 18 19 11 11 19 15 18 21 22 12 13 13 19 15 20 22 14 14 18                                                                            
