0.46875 3631 32 38 36 40 32 34 31 44 33 32 45 45 37 35 23 45 28 35 36 33 53 26 43 44 41 35 35 34 41 34 29 25 28 38 36 50 39 34 38 34 37 17 26 44 28 34 45 17 38 42 34 38 32 39 33 39 37 28 33 42 32 41 34 28 43 39 49 38 36 28 33 29 27 39 37 30 40 43 33 38 29 29 37 25 37 33 40 47 33 33 25 28 44 38 39 27 41 31
37 38 39 40 24 28 38 30 31 30 47 42 36 26 35 31 23 28 36 29 30 41 34 32 39 31 32 35 41 38 41 32 37 55 8 12 25 46 31 17 30 23 43 21 48 37 53 39 40 35 40 35 42 34 33 41 44 45 32 29 30 39 59 38 31 31 43 31 34 35 26 40 36 32 27 33 39 33 41 29 35 32 35 35 28 36 20 45 34 27 35 39 40 30 34 44 48 41 33 39
38 44 29 30 36 38 28 35 31 41 34 33 45 38 33 57 42 28 53 50 46 37 41 44 33 25 38 33 49 40 28 23 39 49 31 33 27 34 39 42 35 43 34 41 42 26 33 27 42 31 28 30 42 30 28 26 36 43 28 36 34 38 39 25 39 32 36 34 47 38 33 35 38 46 46 47 41 46 31 27 43 34 37 37 29 27 38 31 37 28 19 62 27 37 33 42 48 38 34 13
35 16 32 22 26 30 30 40 29 26 28 34 39 49 30 40 40 31 36 36 34 39 32 25 24 34 26 28 42 22 53 44 34 30 39 44 44 33 34 44 46 34 41 40 32 34 40 27 46 37 33 31 32 22 33 40 29 28 33 29 49 40 45 38 32 48 32 30 42 38 38 29 40 40 34 43 49 34 37 26 29 32 35 34 29 33 33 26 21 33 34 31 30 39 35 38 41 47 32 46
30 42 36 39 27 41 33 18 36 32 39 40 32 42 28 43 51 34 47 30 42 43 46 38 40 47 36 40 43 24 45 41 31 24 41 30 35 46 44 41 33 30 42 58 33 27 38 27 35 37 50 37 41 43 47 22 21 33 21 48 43 37 23 39 45 35 29 32 38 31 46 30 27 37 31 43 24 32 43 35 39 38 43 47 6 32 34 42 33 49 43 32 36 41 42 40 40 42 40 41
45 41 49 33 43 46 51 34 44 47 36 42 45 34 29 39 38 32 26 41 37 33 31 32 33 33 31 32 33 43 39 35 30 32 39 30 33 30 41 43 36 32 37 35 32 38 40 24 33 39 37 41 37 33 32 34 43 38 28 26 43 45 39 42 28 32 33 32 35 35 26 41 33 41 48 44 39 40 31 16 41 48 31 44 33 35 35 37 14 38 49 34 32 28 42 50 40 40 36 46
34 27 27 41 34 46 29 33 43 33 42 39 39 25 28 46 28 36 36 45 34 37 37 35 34 30 25 25 31 27 28 27 46 36 33 35 29 39 36 41 47 27 30 34 31 37 33 53 40 39 35 42 36 43 42 24 40 24 25 37 28 42 43 32 35 27 34 17 26 39 30 39 31 35 32 36 35 34 36 32 46 42 36 46 24 42 46 49 27 33 32 33 39 31 28 35 27 29 32 41
35 47 40 32 41 48 38 35 35 37 31 32 18 39 42 37 30 31 27 33 32 38 26 34 35 35 37 38 38 46 26 18 36 26 24 40 35 39 29 38 35 37 29 30 39 41 38 37 45 32 47 28 30 24 40 37 34 31 32 43 26 36 35 41 28 32 27 49 37 34 39 26 39 38 34 13 32 30 29 31 35 37 40 22 35 31 26 28 28 43 38 29 26 37 32 38 31 39 31 32
41 28 34 27 28 29 33 27 31 32 24 43 26 24 32 30 41 30 33 33 29 27 26 32 33 30 25 36 35 39 23 34 30 38 24 42 26 28 36 25 38 36 31 56 23 19 36 29 24 26 28 40 45 33 33 23 24 27 36 32 20 32 33 13 44 43 36 30 35 38 33 45 27 31 28 30 28 30 38 35 31 28 27 43 28 36 28 34 39 39 26 24 9 31 27 33 31 18 20 36
42 22 35 28 35 34 29 27 35 37 32 26 35 43 38 34 32 24 26 38 35 26 32 30 30 33 29 35 38 22 37 31 26 33 29 23 38 33 40 29 40 39 36 38 32 38 41 48 39 33 37 50 45 39 31 29 32 25 37 37 38 32 33 40 34 31 32 39 28 28 33 28 36 26 45 27 34 17 36 31 23 35 28 38 29 36 32 34 35 39 19 36 56 29 38 40 47 23 38 48
86 81 26 53 12 28 35 30 47 39 34 35 36 35 32 25 36 31 31 26 29 38 37 37 36 34 27 38 32 26 31 35 35 28 39 37 43 37 41 43 42 40 34 37 30 35 30 26 43 32 37 30 29 41 38 28 38 50 33 48 30 47 38 36 41 35 38 36 36 22 30 43 44 33 39 38 37 11 34 45 40 33 26 37 31 40 30 38 42 40 33 24 29 32 33 32 36 33 26 33
31 40 30 46 41 54 30 30 33 35 29 27 39 34 38 29 34 24 41 40 24 43 28 42 44 31 34 35 25 37 29 46 23 37 101 42 22 43 43 23 41 20 21 33 23 30 25 34 32 31 21 39 42 33 39 29 32 50 30 25 28 29 39 29 32 34 39 40 36 20 35 30 36 31 33 42 37 41 33 39 25 34 19 42 38 39 40 45 34 28 46 41 36 43 46 38 28 23 36 37
36 37 36 40 45 40 47 38 33 42 38 30 42 33 28 34 45 46 28 28 33 38 26 14 43 21 37 34 42 36 40 44 40 50 26 31 20 36 43 40 37 48 34 46 31 41 44 32 35 37 30 42 26 28 39 29 33 33 44 36 32 38 43 47 36 47 35 43 34 31 46 42 36 37 44 36 27 46 31 32 37 19 34 27 45 30 34 45 48 31 34 38 32 33 29 24 28 27 34 25
24 26 26 24 38 28 45 42 36 57 40 38 34 37 34 22 23 38 29 36 39 28 45 33 30 40 39 27 33 34 41 25 28 22 47 37 28 28 46 37 39 33 37 45 32 40 32 41 27 29 31 39 23 26 33 32 35 35 37 25 19 34 36 45 30 33 32 44 37 32 25 35 25 30 27 37 37 23 47 39 20 36 39 32 36 45 27 29 33 30 29 26 34 58 44 33 38 39 40 23
40 28 47 39 29 34 37 37 37 38 41 52 26 40 39 33 41 47 48 41 25 35 38 39 32 44 31 30 21 42 48 45 44 30 32 32 31 37 30 41 32 37 31 31 39 46 29 39 53 36 34 44 40 42 98 37 35 32 53 52 43 43 30 44 33 42 45 31 43 32 24 31 43 34 40 40 47 25 37 33 32 31 26 41 26 32 38 28 54 39 32 42 34 28 40 25 47 29 29 36
33 35 30 37 31 27 33 35 33 46 28 23 41 33 33 34 41 40 33 38 33 35 36 26 36 39 45 42 34 38 37 41 35 31 30 36 34 41 25 39 29 31 34 35 44 32 40 30 33 22 33 33 36 39 27 38 31 31 33 30 36 37 29 41 39 27 37 41 27 46 29 25 30 40 28 39 25 39 37 49 49 44 37 25 23 38 33 36 44 34 37 47 31 34 37 42 31 44 40 43
47 31 31 41 45 27 36 35 41 35 39 37 39 13 7 35 37 35 48 30 31 30 42 40 47 23 36 28 36 40 48 48 31 21 36 41 32 40 45 37 33 31 43 34 39 37 40 23 45 18 44 30 26 36 41 32 34 34 31 39 30 31 33 31 34 28 31 40 34 33 23 38 39 39 31 37 20 37 34 39 40 36 34 44 38 28 33 37 45 25 39 41 37 32 31 28 37 42 35 40
24 32 36 35 41 38 24 29 36 19 31 40 38 31 26 29 30 28 39 33 26 35 36 30 42 43 29 41 24 17 33 34 39 36 29 32 32 27 47 43 40 36 32 29 22 43 38 33 26 34 35 48 41 49 35 47 47 41 47 43 30 41 35 30 32 37 30 40 47 28 48 30 41 29 26 32 30 35 31 29 44 35 53 33 37 29 34 40 30 51 26 24 29 30 43 43 40 27 41 42
31 32 43 26 37 34 38 46 42 35 33 34 44 38 63 39 31 33 21 37 31 47 37 31 10 49 27 44 44 39 40 40 37 57 25 30 79 59 78 21 29 18 28 24 41 39 33 27 46 34 36 28 30 40 34 35 38 43 35 39 24 33 38 28 33 28 35 31 26 32 36 14 37 32 49 32 35 40 34 28 38 25 36 18 37 36 29 35 38 46 24 37 37 21 25 37 39 48 37 51
41 33 33 36 41 35 32 38 43 36 37 41 39 39 34 43 33 36 22 24 38 29 40 39 37 32 31 36 40 43 31 42 34 36 28 37 33 33 33 34 31 34 27 46 38 35 28 33 16 18 30 40 31 26 45 33 31 36 40 41 24 30 36 38 47 36 39 37 30 27 44 34 42 39 36 37 30 24 32 39 19 40 32 31 35 37 28 37 29 41 30 28 44 34 32 30 35 33 39 37
30 21 51 35 32 37 23 40 36 35 42 35 35 49 24 23 32 21 34 42 33 34 40 36 28 40 34 35 37 28 38 40 45 28 28 28 35 34 25 43 29 29 49 32 34 31 26 24 35 15 31 32 26 32 30 33 19 19 30 35 35 40 40 25 39 23 24 33 15 29 22 43 34 26 27 35 30 27 47 18 39 32 32 38 33 20 33 35 35 28 33 37 33 38 25 37 29 23 20 39
32 36 31 32 40 30 30 41 35 40 25 31 42 34 41 36 43 45 30 33 39 29 40 34 31 25 33 36 33 33 29 26 37 34 26 36 38 30 36 22 34 28 34 29 25 40 39 21 19 34 36 31 31 23 43 32 36 29 29 39 50 25 33 27 29 37 38 21 23 37 36 30 25 42 43 19 30 36 27 25 33 35 35 38 36 45 41 41 41 42 42 32 33 30 54 41 46 26 31 22
32 37 40 41 32 32 32 31 37 35 30 41 32 31 41 36 37 30 24 42 39 31 28 39 27 24 28 39 32 26 42 32 34 32 38 29 33 31 43 29 27 32 43 34 36 24 26 34 29 33 23 34 33 28 43 40 28 23 40 32 29 30 29 34 30 30 37 28 45 32 36 35 40 31 33 28 31 38 20 28 29 43 27 39 29 26 37 30 39 31 41 34 45 32 31 38 43 26 25 33
30 51 35 33 26 45 29 36 36 40 33 36 16 25 37 40 40 38 47 45 40 39 34 38 34 31 36 51 27 49 34 33 18 41 37 22 32 30 26 33 43 31 31 38 41 33 37 31 27 32 40 21 26 31 38 50 34 29 44 42 42 28 25 33 27 26 14 29 23 22 38 29 29 31 42 37 35 32 27 30 31 39 37 35 37 47 43 42 31 32 39 34 37 31 28 29 32 37 32 45
38 36 33 31 27 34 32 29 26 41 36 25 23 24 29 39 28 26 24 38 27 39 33 32 43 38 31 32 30 24 30 29 28 33 37 36 34 22 33 25 42 31 34 31 32 17 37 28 22 23 30 45 27 25 40 38 43 28 37 32 29 37 43 42 25 44 26 25 35 35 31 51 33 41 21 33 38 39 32 24 35 31 30 28 40 24 38 31 27 29 48 32 34 27 37 39 27 32 38 43
24 28 41 24 41 33 37 33 34 32 31 46 40 36 35 29 35 37 50 32 37 33 39 35 48 35 31 31 27 28 35 40 39 34 43 37 43 34 40 44 45 45 36 26 51 41 40 47 47 40 31 26 47 48 28 48 34 33 29 23 26 25 18 36 37 39 32 32 39 40 43 43 38 22 37 43 39 18 24 34 34 37 38 38 14 36 32 43 27 25 31 38 34 41 33 24 22 34 34 32
28 39 26 33 45 31 31 31 29 41 37 13 27 34 31 34 33 35 36 24 26 32 26 41 30 31 24 36 30 33 41 34 33 35 40 42 40 40 35 45 30 23 41 34 43 37 32 36 44 41 50 34 42 32 38 34 34 45 33 34 30 26 44 41 45 36 29 38 27 40 37 29 31 46 31 38 28 46 31 37 32 39 32 27 38 18 44 36 39 101 26 46 32 31 40 29 49 33 30 30
31 20 43 39 31 32 32 29 33 42 40 37 38 29 36 16 33 29 31 30 34 33 31 41 36 44 34 32 47 36 33 43 42 33 41 36 38 40 31 33 37 34 30 29 36 38 25 40 41 35 33 39 78 43 32 33 28 28 43 36 25 40 26 29 27 43 27 26 29 26 43 35 44 38 37 40 45 34 30 41 28 34 30 37 39 36 39 16 33 33 30 31 34 35 27 33 29 39 36 34
32 27 32 35 28 31 39 37 36 41 40 38 38 38 34 35 33 24 31 31 27 41 39 37 31 37 26 30 40 40 47 37 46 44 30 40 35 37 37 29 32 37 30 37 28 20 46 44 32 21 37 33 32 37 39 38 37 27 15 37 37 29 25 24 37 49 23 33 34 41 50 28 42 33 41 39 48 12 30 33 36 35 35 23 24 44 37 12 22 36 40 30 22 28 26 37 37 39 18 26
28 36 34 50 34 33 24 46 45 34 38 43 32 36 30 34 30 32 30 29 18 39 36 29 39 49 41 37 47 34 32 31 48 34 26 25 28 37 39 39 21 29 36 35 40 29 34 38 46 45 31 27 40 33 31 39 32 44 39 35 43 31 34 39 44 31 41 41 32 42 36 30 35 38 32 29 28 35 34 27 42 33 35 38 39 34 30 54 45 27 37 32 33 23 33 34 29 26 30 37
26 41 25 35 33 28 31 43 29 28 60 18 29 23 33 41 40 32 46 33 28 39 37 41 54 32 36 25 31 37 32 32 32 47 38 37 36 27 37 41 37 29 39 37 39 30 38 45 46 44 46 34 30 33 33 30 44 32 38 43 42 22 34 27 28 14 26 35 27 43 39 35 29 38 37 31 36 19 37 40 28 35 30 31 25 32 42 35 38 46 45 36 35 36 38 43 39 34 49 36
34 45 35 44 36 10 35 34 30 24 39 35 38 23 50 38 39 48 45 36 34 35 38 41 51 35 23 35 42 43 89 38 33 33 35 37 39 35 28 33 46 30 33 42 50 56 35 36 39 32 35 33 40 29 26 34 38 43 53 52 44 34 50 44 36 34 40 38 41 38 37 41 38 34 41 42 37 37 38 33 39 37 42 29 36 28 34 45 39 37 38 31 36 33 39 34 29 25 37 54
45 43 46 30 40 31 33 44 44 42 32 35 38 35 41 38 37 44 30 40 16 30 33 31 23 34 27 41 31 45 31 39 32 35 35 35 40 29 28 47 36 26 26 37 27 25 43 38 34 40 33 33 36 12 33 30 36 13 35 44 55 27 36 30 35 41 36 43 35 51 24 40 49 49 37 37 28 40 33 29 35 37 40 32 30 42 40 39 39 37 29 42 42 35 40 35 34 37 44 44
33 33 35 35 34 35 47 22 46 36 53 44 28 45 43 54 44 31 47 45 39 33 33 22 29 33 37 26 32 28 31 45 30 33 39 27 40 27 40 37 49 37 43 31 23 28 31 31 32 29 19 40 34 34 32 40 29 37 26 29 33 34 39 43 34 25 31 25 40 29 29 18 25 37 29 33 32 10 42 28 33 34 33 35 27 38 17 30 27 33 50 33 22 17 55 48 32 38 40 20
31 28 33 33 39 38 45 41 32 24 28 33 26 30 29 41 39 33 36 25 26 28 43 33 41 41 36 32 49 39 10 39 34 30 31 30 28 31 32 32 32 41 40 48 29 43 48 44 35 42 35 42 33 45 40 21 31 36 24 32 38 31 23 31 38 44 45 28 42 34 37 44 41 40 31 43 41 43 39 43 47 32 42 21 13 14 27 12 14 20 28 25 16 26 15 9 15 16 20 18
13 25 15 12 15 16 11 23 29 17 22 21 11 17 20 23 12 24 18 17 13 16 16 15 19 19 14 11 27 19 14 20 15 18 19 22 17 22 12 18 11 12 11 20 22 18 9 14 5 14 10 12 18 14 13 12 20 25 15 20 15 16 23 17 16 15 15 14 18 26 5 19 28 19 15 12 17 27 18 18 15 16 15 20 19 17 15 13 14 17 14 19 22 26 25 18 10 22 20 16
18 11 19 10 4 20 26 12 20 23 24 18 23 11 23 14 19 19 19 19 19 19 28 20 17 22 21 14 21 20 21 18 24                                                                   
