0.444444444444444 1937 17 23 21 20 26 29 25 21 17 14 21 20 23 24 23 23 21 19 19 13 22 23 21 26 19 23 25 20 23 31 19 25 20 19 23 21 21 19 12 25 23 18 19 25 20 19 19 16 35 23 19 26 17 18 13 28 12 24 23 22 25 15 21 21 14 16 18 21 22 25 19 29 24 12 13 22 19 14 17 19 15 18 25 15 18 15 21 26 13 24 12 20 19 12 26 17 22 17
18 20 21 20 21 16 19 22 26 29 17 19 18 15 12 16 18 24 21 18 17 22 20 26 26 17 17 16 25 27 30 16 22 22 22 18 18 19 28 21 29 26 20 19 17 21 23 24 23 29 16 31 13 27 24 22 23 16 16 20 29 19 20 23 38 22 23 23 19 22 28 25 12 25 18 16 18 16 20 27 16 21 17 18 22 25 27 18 16 24 21 25 17 30 19 32 21 22 21 21
15 19 22 29 20 23 24 18 24 22 23 23 25 24 24 14 29 19 18 19 16 16 11 19 19 26 18 18 19 22 27 21 22 26 21 23 24 18 28 15 30 12 17 21 24 21 23 20 25 25 24 23 20 21 25 22 18 17 27 25 21 14 21 19 26 28 21 27 18 21 19 23 28 13 23 17 21 22 26 23 33 24 31 23 23 25 27 18 19 30 14 19 33 22 25 21 19 33 32 22
20 20 23 16 23 24 17 20 21 19 26 26 23 24 29 22 14 26 21 21 18 16 27 20 21 22 16 15 24 25 17 17 14 22 27 16 29 23 22 36 27 22 23 26 25 20 17 15 23 31 25 22 20 21 16 22 28 29 18 23 25 22 22 26 33 17 5 12 19 31 17 25 20 15 25 17 25 12 16 19 21 34 25 27 25 26 20 24 30 26 21 24 25 23 12 42 20 37 20 29
22 28 24 25 20 22 21 19 18 27 20 36 23 26 17 20 29 31 25 20 20 20 24 23 26 21 24 24 25 20 16 11 21 18 18 19 21 29 21 24 17 18 18 25 18 24 34 21 24 22 20 24 15 16 17 12 26 19 22 18 27 21 28 18 18 21 15 22 18 24 16 21 14 18 21 27 29 22 25 16 23 17 35 25 23 43 19 25 17 21 19 18 17 17 22 23 16 24 13 30
27 26 27 15 25 16 22 21 27 24 20 25 18 23 16 17 25 23 20 27 19 26 33 27 25 16 9 23 21 17 20 21 20 26 17 29 17 21 15 20 20 17 32 24 26 10 18 21 23 26 21 31 20 19 18 12 41 14 29 20 18 21 21 24 26 25 24 18 17 24 21 20 31 21 15 15 15 13 22 29 20 18 10 24 34 15 19 19 23 21 21 22 19 23 18 21 19 19 20 29
29 23 20 16 19 16 30 23 26 29 24 16 23 26 16 25 29 28 28 28 13 21 18 12 17 23 23 16 12 23 23 23 18 21 19 28 21 13 23 22 16 14 17 22 13 18 22 21 13 21 26 23 15 13 24 15 19 23 25 23 26 21 24 20 24 23 14 22 17 26 18 22 32 16 24 19 21 20 23 30 21 13 23 19 30 21 29 22 22 17 24 17 20 22 22 22 15 22 22 17
14 25 15 16 18 17 22 28 25 22 17 23 13 19 19 14 21 20 18 24 21 30 28 28 15 20 23 22 28 24 23 16 25 27 18 18 17 21 18 28 18 22 25 27 23 18 18 23 43 16 24 25 24 24 28 23 10 19 31 22 24 24 19 35 22 15 22 20 33 12 20 24 22 15 25 28 23 24 22 20 18 27 14 29 28 30 27 26 19 17 19 22 28 23 27 22 19 21 17 29
5 27 25 21 25 12 28 22 22 18 19 22 26 20 20 19 14 19 23 24 24 28 20 21 21 22 25 22 32 22 17 20 22 35 27 20 17 13 25 29 20 17 22 22 23 21 23 21 36 16 32 18 18 31 19 19 19 21 16 23 10 18 24 16 19 34 18 17 20 21 22 25 23 15 29 15 17 15 18 22 15 17 17 30 23 20 19 20 29 18 22 31 14 16 19 13 69 73 28 26
17 24 23 24 27 21 17 15 28 21 20 21 21 28 26 25 25 24 25 25 21 24 25 12 34 27 26 23 22 27 26 15 24 23 27 17 19 20 34 26 18 25 22 20 28 13 22 21 25 33 22 35 23 21 29 24 27 22 21 28 20 26 28 16 16 22 22 21 19 28 20 24 22 29 23 15 22 19 21 16 19 21 12 17 37 19 27 24 24 20 17 14 27 29 24 14 25 26 30 26
30 27 20 27 17 27 21 19 20 27 16 24 13 25 19 20 25 24 21 23 20 31 24 25 25 20 20 32 12 33 18 21 26 23 22 25 19 25 28 24 21 21 18 22 23 24 32 30 31 18 20 16 19 23 21 28 23 22 31 18 30 18 30 24 27 20 26 17 28 26 17 15 27 26 23 20 22 18 22 29 22 24 22 20 24 22 26 29 21 17 17 14 32 28 21 23 23 20 19 25
12 23 13 13 26 24 22 18 22 24 27 28 21 37 16 18 23 23 29 19 21 19 25 19 25 13 19 20 21 20 23 21 19 26 17 28 32 27 28 29 15 24 18 23 20 26 31 23 19 23 20 26 19 20 21 25 12 28 30 19 21 26 15 23 26 28 17 23 24 22 13 32 24 31 22 31 15 27 19 26 20 29 28 22 23 19 22 26 22 22 18 21 19 32 25 31 22 22 28 22
16 19 22 26 21 23 20 20 18 27 24 21 27 20 35 20 24 27 24 24 25 18 20 23 21 15 19 23 22 25 18 18 30 25 29 27 27 38 22 27 19 20 30 22 29 17 24 25 17 18 27 24 25 26 15 18 26 28 16 22 31 21 18 21 19 24 24 20 17 17 21 24 24 24 18 28 17 24 25 23 22 16 19 18 30 26 25 24 24 33 28 18 31 16 22 17 30 25 24 32
26 16 16 30 26 27 31 23 22 20 18 23 20 25 23 21 21 18 18 27 16 25 25 24 34 20 28 28 19 21 26 21 16 22 23 29 21 14 23 15 27 23 21 18 21 23 26 22 14 22 31 16 24 24 19 23 18 23 19 26 24 26 24 26 29 16 24 22 28 26 24 23 20 25 20 24 25 24 22 19 26 21 20 36 31 22 25 18 34 16 17 17 21 14 23 20 23 26 25 24
27 29 20 19 20 22 22 20 22 23 20 21 25 19 17 27 14 25 25 25 16 30 14 14 24 23 14 21 16 34 22 28 26 27 20 30 19 16 19 23 22 24 33 15 20 31 17 19 22 24 29 25 19 12 16 29 22 25 22 22 23 17 19 16 22 22 19 21 17 18 24 21 23 20 20 26 25 27 26 20 20 14 21 20 19 24 18 13 18 21 18 26 20 19 23 16 25 19 17 31
26 19 23 23 17 24 24 28 26 23 28 23 22 27 22 17 36 20 20 26 21 24 23 18 27 26 10 19 26 25 23 18 25 27 19 23 25 20 33 21 13 21 19 15 17 14 16 15 17 14 31 25 26 18 22 22 24 23 14 22 24 23 23 13 20 22 18 25 30 32 18 21 15 21 20 16 27 26 17 17 21 15 23 26 22 23 21 16 26 17 25 18 16 16 23 27 19 28 25 25
22 16 65 27 19 28 26 22 32 14 16 23 23 22 20 24 24 22 22 18 18 23 17 21 21 18 25 28 20 24 20 23 28 29 20 19 16 15 21 19 22 24 19 19 26 19 19 16 22 27 13 28 11 34 23 20 23 21 24 13 19 23 16 14 16 15 31 15 22 26 24 16 21 26 21 27 22 18 26 22 20 22 18 26 20 23 19 20 17 19 22 20 23 32 27 21 24 19 25 22
25 16 29 21 21 23 19 18 31 22 23 16 17 23 22 23 19 20 28 26 32 23 26 23 19 21 26 26 31 24 29 18 27 21 25 28 34 32 14 23 25 25 25 18 12 17 23 26 30 30 23 20 23 18 21 17 27 20 19 20 21 15 21 24 19 19 25 25 21 22 22 23 22 23 19 24 15 19 21 18 22 25 26 23 14 18 25 18 19 28 23 19 15 26 25 25 21 23 31 21
26 16 14 28 22 28 22 18 23 19 33 24 18 24 27 12 20 24 30 15 26 22 21 28 21 21 18 18 24 15 26 31 27 26 20 29 21 22 29 20 25 22 28 19 33 25 27 14 22 24 24 15 18 21 19 22 16 22 32 25 20 20 15 25 19 20 26 27 12 19 25 18 24 21 26 23 26 20 14 12 17 16 13 13 12 23 21 19 28 24 19 21 25 30 30 20 23 25 22 16
28 30 20 17 19 19 25 16 19 15 24 23 19 19 12 18 28 22 16 22 28 8 31 20 20 33 24 23 16 23 20 28 37 23 21 13 19 20 26                                                             
