0.461538461538462 3602 9 11 17 12 17 16 12 13 9 14 13 15 11 12 13 10 7 14 16 18 16 14 17 17 8 9 14 13 15 15 15 18 14 10 12 17 8 11 18 14 17 17 11 13 14 15 19 16 12 25 10 13 22 12 13 20 15 14 14 9 19 14 11 15 14 8 10 11 21 14 15 9 16 20 15 14 13 16 13 14 17 12 18 16 15 13 11 14 11 12 17 12 13 13 12 19 5 13
21 13 12 9 11 8 17 16 16 14 11 13 15 13 15 13 18 9 12 15 12 12 10 17 11 12 18 9 39 21 69 19 16 16 11 11 16 25 18 18 18 15 17 9 12 8 14 11 11 17 23 12 12 6 13 10 15 11 12 11 13 11 17 15 10 15 14 14 17 12 11 12 10 10 14 14 17 15 12 12 11 12 5 15 8 9 8 15 14 12 9 15 14 13 15 9 13 12 18 15
22 19 11 17 19 5 9 10 15 15 10 13 17 14 17 12 19 16 14 13 21 12 15 12 11 17 13 13 13 15 11 16 15 11 18 14 15 19 21 10 15 12 17 14 17 24 12 14 10 30 18 18 9 14 16 11 14 14 12 18 11 11 8 15 15 13 12 21 14 15 16 17 18 11 11 18 11 23 15 21 11 11 16 12 14 12 17 13 12 12 15 14 13 11 13 26 12 19 21 23
14 10 10 19 17 14 10 16 13 17 17 11 10 15 18 15 9 12 14 11 14 12 15 15 14 15 12 11 16 16 15 12 13 11 9 12 15 25 13 12 9 20 15 20 13 9 14 19 11 14 13 15 13 6 11 17 9 11 9 14 12 10 25 20 13 14 11 14 14 15 11 13 10 15 15 15 13 10 15 16 13 15 10 11 16 8 9 10 12 12 14 18 11 8 16 22 14 16 16 6
16 8 16 13 11 15 11 19 10 13 13 14 13 11 19 16 9 8 14 11 22 7 9 18 18 11 11 14 21 15 14 21 12 9 12 17 16 19 12 6 10 13 20 16 21 14 14 9 10 11 15 12 14 12 15 12 13 16 8 17 18 18 17 10 22 14 14 18 20 19 11 13 21 11 15 12 10 17 16 14 13 11 15 10 17 18 12 21 10 18 7 13 22 16 13 13 11 16 16 10
18 14 12 12 11 17 11 9 16 11 12 19 14 15 9 17 19 9 13 18 14 18 18 18 14 10 17 13 11 20 20 16 8 16 12 14 13 12 15 13 13 14 16 14 9 14 13 11 17 20 12 11 10 16 17 14 13 11 13 14 18 13 15 12 16 14 13 14 16 12 12 11 16 14 12 16 21 27 15 15 7 9 20 14 15 19 9 16 17 16 19 14 21 16 14 13 15 11 24 13
16 19 17 15 13 12 20 17 17 20 17 18 13 13 13 15 16 11 15 21 11 22 15 9 19 17 10 17 7 13 18 9 10 14 19 14 14 14 15 20 10 17 15 17 23 10 15 16 14 14 8 8 20 16 16 20 26 23 12 12 15 14 19 13 14 14 13 14 13 10 10 18 14 13 20 10 11 18 14 11 16 15 10 16 10 8 14 13 9 20 15 16 16 18 15 14 10 15 15 8
14 14 13 17 12 17 11 19 16 13 6 10 11 19 17 11 9 16 13 13 15 22 10 14 14 16 11 11 13 10 12 14 18 9 14 14 11 10 9 11 14 13 14 14 16 17 13 13 18 17 9 19 16 15 13 8 22 10 9 8 12 15 13 11 9 11 11 13 18 13 17 14 10 12 11 14 14 17 15 15 10 10 9 10 15 13 15 9 14 17 18 12 15 5 13 16 8 17 11 11
12 14 13 8 14 9 9 9 15 8 21 11 14 13 11 10 11 12 16 19 15 12 8 17 8 15 14 6 15 13 9 19 13 13 14 14 17 10 9 13 14 18 45 13 17 11 13 12 7 10 13 14 14 12 14 17 17 16 17 16 25 25 11 14 16 12 11 9 14 12 12 18 9 16 12 12 15 11 9 14 15 13 13 19 11 17 19 13 16 18 18 10 18 12 10 13 12 21 13 10
8 13 12 16 9 18 11 13 18 22 15 5 16 20 17 14 13 10 11 15 10 12 16 19 16 22 15 18 10 13 10 11 15 16 17 16 17 14 15 12 19 18 10 13 16 10 15 10 10 11 12 10 17 19 10 12 16 17 14 17 23 15 11 15 14 12 15 12 15 14 16 10 17 15 17 17 18 24 13 16 13 14 9 15 10 13 20 15 12 16 11 13 10 18 18 10 9 16 15 12
10 18 15 17 14 12 11 17 24 14 15 12 21 14 14 10 9 7 10 14 17 15 13 19 12 16 12 20 11 14 6 16 17 9 11 16 12 14 14 21 16 13 10 17 15 19 14 14 13 5 14 9 15 14 14 14 11 13 6 12 13 11 11 8 13 8 20 13 23 11 29 8 11 16 6 12 10 11 11 19 13 12 15 20 9 26 10 9 16 10 14 17 20 14 14 15 16 13 16 12
14 8 10 13 15 17 11 10 13 13 8 12 7 14 10 17 13 21 18 13 15 9 21 12 14 27 8 13 15 20 13 11 13 17 14 17 13 11 22 13 11 18 11 24 17 15 13 13 14 20 20 18 20 13 16 8 12 9 14 14 10 17 12 13 14 13 21 18 14 17 16 16 16 16 17 15 25 16 19 14 14 13 11 14 9 12 21 15 19 17 12 15 17 17 19 17 16 19 15 16
19 14 13 21 12 19 12 19 12 11 17 15 16 11 12 13 18 14 12 14 11 14 17 15 11 22 12 16 14 14 12 20 13 13 11 10 20 14 12 14 10 15 9 9 18 10 17 12 14 13 14 10 14 8 8 14 14 11 15 12 18 8 11 10 11 15 15 12 12 15 16 22 10 12 13 14 11 23 14 21 12 13 15 10 14 16 14 18 23 15 19 16 10 12 11 11 11 14 11 7
8 16 12 10 19 15 21 12 13 12 16 15 19 15 20 10 22 19 9 9 19 13 12 8 19 14 10 11 18 17 17 14 15 14 16 12 13 13 7 10 12 8 17 12 13 12 17 14 12 11 17 12 10 13 12 12 14 11 11 20 13 23 9 14 15 12 12 24 17 13 14 15 11 10 13 16 13 13 11 16 15 13 17 8 11 13 16 14 12 15 20 14 11 14 14 13 12 13 11 11
8 16 15 11 14 9 8 15 9 13 11 9 12 12 13 15 12 11 12 11 10 15 19 10 8 18 15 15 12 20 21 13 7 15 17 16 10 12 12 15 13 16 17 21 12 14 17 13 14 19 16 11 13 10 15 18 16 19 9 18 11 12 14 11 19 10 14 21 11 15 19 15 16 7 18 15 11 11 10 12 10 11 9 7 14 8 11 19 15 10 11 10 14 13 7 12 8 14 16 8
12 16 6 6 14 12 9 12 12 17 18 12 14 13 12 22 19 10 15 14 14 14 14 15 16 13 10 13 10 16 14 13 11 10 11 13 8 11 15 25 18 15 10 10 18 11 17 13 14 7 15 13 20 10 11 16 13 14 12 13 13 15 16 13 15 13 11 10 14 16 17 16 14 14 15 22 17 16 12 8 12 13 16 10 20 17 16 13 22 14 16 7 13 21 18 19 19 19 12 10
15 12 13 11 12 7 19 11 13 13 14 13 18 12 10 17 17 14 15 9 14 21 11 15 13 10 24 19 12 15 11 22 10 20 20 13 16 13 20 10 10 17 9 12 12 15 19 15 8 8 10 18 8 11 12 13 17 9 14 13 11 18 18 11 9 14 18 11 11 15 12 21 15 16 14 13 13 17 9 14 11 11 16 17 10 15 9 16 18 12 14 10 9 22 13 17 18 14 12 12
18 11 20 9 10 11 13 16 13 13 20 14 21 11 9 11 15 14 18 12 10 11 14 10 17 12 12 8 11 14 9 9 22 13 16 15 19 10 17 22 15 12 11 11 15 19 18 17 14 37 9 15 13 12 11 19 19 14 16 18 15 14 7 11 13 10 18 12 16 12 15 22 16 13 7 13 14 18 17 11 15 8 11 15 8 12 15 18 19 20 15 13 10 20 13 12 16 10 15 14
15 11 22 9 17 12 14 21 12 16 14 17 13 17 17 13 15 15 22 8 20 12 11 7 19 16 15 14 11 15 16 15 7 10 19 8 10 16 9 25 13 21 10 15 11 11 18 10 15 17 14 20 12 15 11 10 20 16 10 21 13 13 11 13 12 20 9 13 18 17 12 14 18 11 22 12 18 11 15 13 12 12 15 13 8 17 12 17 11 10 11 12 17 8 13 10 11 12 15 10
16 9 15 10 15 13 9 12 18 12 11 14 10 17 16 9 16 13 15 19 12 14 13 19 9 16 11 20 15 11 14 15 16 15 15 10 14 13 17 9 12 8 13 15 18 17 12 16 11 9 7 12 14 14 13 14 10 10 13 15 8 10 9 12 13 7 8 8 14 6 15 20 10 13 17 18 16 14 17 17 17 14 15 20 12 10 16 16 16 24 9 16 10 12 16 15 22 12 12 15
13 12 14 17 20 18 17 11 16 20 10 13 12 10 13 20 8 22 15 11 12 19 16 13 12 23 21 13 18 12 16 13 13 11 12 16 14 10 9 14 18 15 18 16 23 16 12 10 10 15 18 9 14 14 8 10 14 20 20 14 12 11 8 19 15 7 11 14 16 15 14 21 9 13 8 11 10 13 8 18 13 11 15 16 9 14 17 19 14 16 12 14 11 12 9 13 14 15 11 17
12 13 11 11 15 22 12 12 15 19 11 13 23 15 15 22 10 18 7 11 18 11 15 7 11 12 17 13 10 7 11 21 17 16 18 12 19 9 12 20 16 16 14 12 19 22 22 13 22 13 7 9 8 18 12 13 17 12 16 18 17 9 14 17 11 12 14 14 15 12 13 10 14 16 14 13 16 12 19 16 9 11 16 11 15 17 11 13 15 14 14 8 14 22 9 16 11 9 10 19
12 10 16 21 12 15 13 13 7 16 11 19 16 18 8 17 13 17 9 12 12 12 16 15 16 17 12 11 16 12 17 22 11 7 12 14 8 14 13 21 11 11 12 12 13 14 14 10 14 14 7 16 15 14 16 14 14 10 17 12 8 12 10 12 13 15 13 16 11 14 11 16 12 17 11 11 15 11 10 15 17 12 13 13 11 18 14 11 16 9 9 17 9 11 9 10 9 11 8 13
17 17 16 13 14 14 13 11 16 15 12 16 14 15 16 11 11 16 21 11 13 12 10 8 11 10 17 14 15 13 11 9 14 16 12 14 11 10 13 17 15 10 13 24 10 17 18 13 11 11 13 14 13 12 18 18 17 13 15 20 10 15 15 14 11 10 17 14 11 17 9 9 10 21 16 17 15 10 22 23 14 13 9 14 15 13 14 10 11 9 12 19 15 15 11 15 23 7 16 8
24 10 18 15 13 14 18 11 17 12 16 13 19 14 11 10 18 11 13 12 16 15 16 12 13 11 17 10 16 7 14 10 12 16 16 10 13 10 13 13 6 9 11 15 14 12 13 9 8 16 12 13 11 13 8 15 19 18 15 11 12 21 11 11 12 12 8 9 13 13 13 14 15 17 11 16 12 20 10 13 12 13 11 13 16 13 19 19 11 14 11 21 12 12 14 9 19 15 13 14
15 11 10 17 15 13 14 16 12 8 11 12 11 17 14 15 12 14 18 9 9 12 12 16 11 17 14 14 17 12 12 12 14 8 20 12 11 11 11 11 8 14 12 10 13 17 13 17 10 12 18 15 11 13 12 8 11 10 13 15 11 7 7 11 13 10 11 12 14 11 9 16 9 12 17 16 19 13 13 16 14 16 9 14 19 11 16 14 10 12 16 15 12 11 17 9 10 13 9 18
12 16 13 12 8 16 9 8 12 13 14 16 11 14 15 11 13 7 16 13 17 10 13 13 8 13 12 12 13 18 9 18 10 22 14 16 15 16 12 15 18 11 18 10 14 17 12 16 15 10 12 13 10 13 15 16 18 15 16 12 16 15 12 15 9 12 13 14 15 14 11 14 18 11 14 9 12 21 15 15 14 13 11 10 12 14 18 14 17 18 14 19 13 17 20 13 14 14 14 19
13 12 13 12 16 17 12 16 17 18 11 19 10 14 9 16 10 10 13 13 14 9 11 16 10 9 19 8 19 13 8 7 11 13 14 10 13 11 16 16 19 11 13 11 7 7 18 15 17 13 13 14 12 9 13 9 9 19 14 12 11 14 14 11 6 19 14 15 15 18 18 16 11 13 12 10 18 18 11 18 13 15 13 14 13 7 20 23 11 15 22 10 16 19 5 15 12 15 14 13
7 7 13 12 14 20 21 15 13 18 12 13 15 16 10 11 9 16 15 12 16 16 16 10 15 7 12 7 9 20 23 14 14 11 17 17 16 17 19 11 13 11 11 15 13 20 15 15 11 8 16 11 20 21 16 12 13 14 14 21 6 16 15 15 12 11 8 15 12 10 14 15 10 19 15 15 14 10 8 21 15 15 16 12 19 18 13 8 10 12 8 13 10 17 8 13 16 15 16 10
19 11 12 22 14 18 15 12 14 17 14 17 15 13 14 18 16 16 14 21 25 18 15 13 8 21 13 14 15 13 16 18 8 20 9 14 18 12 16 25 15 10 21 10 20 15 13 19 18 10 15 10 15 14 10 13 14 11 14 12 14 13 12 14 16 16 16 10 17 17 13 9 12 12 14 14 19 19 10 15 12 12 19 12 11 8 12 12 12 7 13 13 14 19 18 12 16 10 10 17
12 15 18 15 11 12 21 15 16 15 16 15 18 14 17 9 11 12 15 13 10 16 16 15 24 21 14 15 14 11 13 16 16 14 8 9 14 11 22 17 14 13 10 15 17 14 13 15 12 11 24 13 14 15 11 15 10 16 12 12 12 18 11 17 11 11 15 18 16 15 16 15 17 8 19 11 10 13 14 13 14 13 16 15 10 11 10 15 9 12 13 16 11 12 16 17 13 15 20 12
14 14 20 20 13 21 9 11 12 15 17 9 11 16 13 14 13 18 15 16 12 14 13 19 14 15 11 16 15 13 14 13 10 10 11 14 19 16 12 9 15 16 10 9 9 10 11 10 15 12 15 10 14 13 15 17 14 14 13 16 12 15 18 19 16 13 20 15 12 13 10 8 10 16 19 7 13 13 13 13 12 19 10 17 12 15 14 15 9 6 10 11 12 9 11 11 11 18 12 16
13 14 18 13 14 17 12 19 15 8 11 13 15 13 12 15 15 10 10 13 11 9 12 6 15 14 14 10 13 15 10 11 10 10 9 15 16 17 10 13 12 15 14 20 18 11 22 16 13 16 15 10 11 18 19 12 16 23 26 13 19 19 13 15 16 8 8 11 11 10 16 15 16 13 12 12 11 12 12 14 12 11 11 12 10 8 9 11 18 12 14 13 19 15 14 14 14 15 11 17
17 19 16 15 16 14 19 13 19 13 10 16 12 19 8 12 15 21 12 14 15 18 15 14 16 14 14 7 13 17 16 15 13 19 11 14 12 18 15 17 13 14 14 19 16 18 15 17 16 10 16 8 15 11 15 13 15 14 14 18 15 12 10 13 14 15 16 12 13 15 12 17 12 18 16 10 12 22 26 10 17 12 10 8 17 17 10 11 12 16 12 16 9 13 12 20 9 11 14 8
12 18 13 15 10 10 14 12 14 13 8 16 18 11 13 13 13 16 14 9 11 16 17 21 14 11 16 10 13 20 16 7 16 14 15 13 11 11 15 16 16 24 14 19 12 16 12 18 9 16 19 19 21 13 16 16 27 16 23 16 16 11 18 14 9 18 13 20 16 17 12 6 6 4 7 8 6 6 7 9 5 8 8 7 5 9 9 5 11 11 8 6 11 10 13 10 10 9 6 6
5 5 10 14 9 5 8 6 9 8 13 10 9 8 4 10 7 7 6 8 5 9 7 6 6 5 8 8 7 9 6 7 4 4 6 6 10 6 7 8 7 8 8 5 5 6 7 10 5 4 6 8 5 4 5 7 6 10 7 6 8 5 9 7 8 8 13 7 13 5 8 6 4 4 12 5 7 10 5 8 7 6 5 6 8 10 9 9 7 6 7 10 6 5 21 6 7 8 6 10
6 11 5 10                                                                                                
