0.428571428571429 1954 20 23 18 32 26 38 27 30 30 28 33 30 25 38 23 30 21 17 25 22 29 37 32 34 27 22 20 27 32 35 35 26 29 34 30 29 38 28 23 23 25 29 34 29 37 30 16 35 31 29 23 23 25 17 18 29 24 41 31 24 28 26 30 28 21 27 25 25 23 28 21 31 34 25 23 28 22 19 40 22 23 38 36 22 30 24 36 30 40 31 24 25 33 31 25 23 38 24
28 28 37 24 37 25 23 27 30 33 26 25 25 21 31 32 33 42 38 27 32 36 23 31 20 29 23 31 32 25 32 27 27 30 20 20 25 34 29 30 26 42 28 22 32 29 31 26 33 32 29 26 24 29 30 26 36 28 25 20 26 23 25 35 22 30 17 24 32 27 28 27 25 28 39 29 23 24 27 28 33 31 25 34 30 31 42 34 37 29 34 30 25 22 31 20 27 32 28 31
35 32 34 31 41 33 27 26 37 25 23 29 24 26 36 26 32 33 30 36 21 34 23 24 38 30 38 25 28 25 28 25 29 30 34 28 29 32 34 32 35 22 22 33 35 28 37 28 26 30 26 29 33 27 36 31 30 32 28 27 29 27 26 36 35 35 39 29 28 37 30 36 36 27 36 27 22 36 30 23 37 32 24 29 22 23 30 31 30 23 41 37 18 26 39 36 25 16 27 30
20 33 28 28 24 38 31 27 30 28 35 13 30 25 20 35 29 25 30 20 37 22 34 23 22 39 30 28 28 24 31 28 29 37 19 28 27 32 36 23 23 32 34 25 34 35 33 30 30 25 32 24 35 32 25 33 27 26 19 37 31 26 18 28 24 29 27 19 21 40 31 39 31 21 25 38 33 29 40 26 38 24 31 10 17 23 19 33 36 26 22 36 36 24 35 23 23 23 21 28
30 25 23 27 35 37 24 26 34 28 27 32 35 26 28 36 37 30 28 24 34 29 27 20 29 29 39 28 17 18 35 21 33 30 33 31 25 30 29 39 22 31 30 25 16 27 27 31 32 22 23 31 31 29 30 25 30 33 44 29 33 35 26 23 25 39 25 25 27 33 26 35 36 26 28 33 31 28 34 15 34 35 32 33 31 32 24 26 19 33 25 23 37 28 33 35 27 24 30 25
24 37 38 31 37 28 28 27 26 29 29 27 42 24 30 34 36 31 22 34 36 45 24 27 26 66 52 25 26 21 39 29 24 34 29 25 25 28 26 26 23 22 32 28 24 35 36 23 29 30 28 30 21 27 24 26 32 24 18 23 33 27 27 19 26 30 34 30 24 35 28 25 25 17 29 19 24 27 25 31 33 33 26 22 18 26 28 19 27 58 45 37 29 21 35 27 37 27 40 32
32 34 27 32 36 30 29 15 18 25 25 27 22 34 24 22 22 33 18 38 28 26 26 24 36 26 30 27 29 33 25 32 24 22 29 24 26 30 23 25 19 27 15 33 28 32 32 34 38 24 32 34 25 44 32 21 10 32 26 34 33 36 38 45 28 33 33 25 18 32 29 35 30 36 29 30 29 24 41 35 24 26 33 34 26 34 30 30 18 28 20 23 23 28 33 31 27 30 39 25
33 32 30 41 36 20 26 21 25 25 20 26 23 30 28 27 32 29 25 18 39 26 19 28 29 27 24 23 22 35 23 22 27 22 28 30 17 37 23 22 32 28 26 26 24 32 31 33 19 34 31 28 32 31 17 23 31 19 34 32 28 32 35 34 33 27 36 30 23 28 29 22 26 33 37 22 28 36 26 30 28 34 38 36 35 24 13 24 29 32 26 36 33 29 23 31 21 37 39 31
20 21 41 23 36 21 33 35 34 26 37 33 23 33 25 29 25 27 35 36 26 28 22 30 25 31 26 20 31 34 29 32 29 16 26 36 30 26 34 24 33 30 21 35 15 25 35 33 23 37 28 32 28 27 24 27 36 36 25 26 30 27 37 22 30 35 43 37 23 31 19 21 17 30 30 17 7 35 19 27 26 29 24 27 30 26 26 25 25 26 31 41 30 25 29 24 35 28 17 32
24 26 38 35 29 30 31 16 30 35 37 32 27 18 36 24 20 31 31 25 21 23 26 31 27 29 29 28 24 33 29 36 18 32 33 24 34 27 48 34 28 31 27 28 43 32 24 25 29 29 32 25 30 36 21 23 35 30 33 39 33 35 25 30 24 26 24 32 24 32 25 26 35 29 40 25 36 31 25 37 32 25 23 34 29 30 32 29 29 17 32 23 25 30 23 24 31 30 42 25
26 36 30 37 35 37 31 32 18 20 35 22 42 39 24 29 29 34 31 32 32 28 30 25 26 36 24 28 34 36 35 22 29 29 35 30 28 28 37 27 29 24 20 38 46 28 39 29 24 34 38 25 27 37 28 29 28 22 29 34 22 45 22 22 29 27 27 31 38 35 27 34 34 26 32 29 32 47 21 29 28 32 31 38 25 27 31 27 36 31 33 34 28 31 21 39 26 24 36 30
24 36 23 24 26 31 36 31 25 24 31 33 32 35 33 27 23 36 16 37 23 37 22 29 21 36 25 29 41 28 27 31 30 23 33 35 33 34 21 27 17 21 24 14 28 27 27 29 24 23 40 35 28 28 29 30 36 22 28 27 27 25 17 25 8 36 25 19 28 30 29 28 31 29 25 30 36 25 24 29 45 24 24 27 29 24 30 29 35 25 32 34 26 30 35 32 29 30 30 24
23 25 27 27 30 33 31 23 28 25 29 12 25 22 35 35 31 25 33 31 27 29 36 30 37 14 24 29 28 33 34 28 24 22 29 29 30 24 30 29 26 28 38 40 29 32 29 24 31 34 19 27 21 32 26 23 24 34 27 34 36 34 31 41 35 36 23 37 33 25 26 33 23 33 13 29 35 34 33 29 23 22 37 29 31 37 29 25 24 35 23 42 25 30 28 31 28 28 25 30
28 28 23 34 30 20 20 31 21 27 33 25 28 31 30 37 34 21 25 28 24 40 25 12 18 34 32 36 28 30 32 29 19 38 29 27 31 19 38 25 25 23 24 34 34 19 26 17 38 24 34 30 23 20 27 38 23 21 23 34 32 34 25 21 39 32 39 21 26 30 25 27 26 14 26 26 27 25 27 17 31 35 30 44 24 27 26 27 31 31 29 24 30 37 35 32 27 31 35 36
22 28 14 39 32 24 33 26 25 28 35 23 33 22 23 25 30 12 27 17 26 32 31 25 31 38 27 17 32 23 27 23 24 25 21 31 22 25 22 28 31 28 25 19 27 34 21 32 23 24 28 25 29 16 19 31 26 22 33 35 28 29 29 36 25 29 29 22 34 32 21 33 30 23 21 24 25 37 25 20 25 28 34 35 24 28 28 26 30 35 28 21 27 32 26 22 32 29 30 36
23 29 34 20 20 28 23 30 21 26 23 23 34 27 21 29 44 32 35 16 32 24 30 25 31 34 18 20 26 38 37 28 26 22 28 36 28 37 26 9 34 23 34 40 32 19 23 31 35 24 22 37 29 26 29 35 24 30 28 26 29 32 31 23 34 25 22 31 28 33 33 18 30 28 25 24 29 29 33 27 36 40 24 19 28 33 23 36 22 28 25 22 33 36 40 30 28 24 31 38
27 34 29 24 27 20 39 33 29 26 23 34 39 30 22 22 28 21 22 36 28 30 35 27 26 24 27 36 29 33 24 29 38 37 37 24 25 19 34 30 27 32 30 28 23 23 25 34 23 25 28 35 38 36 34 21 32 29 25 21 31 24 34 28 37 35 31 24 25 27 39 34 21 31 23 27 21 29 34 32 22 21 40 26 24 19 23 25 34 25 32 29 23 31 35 25 19 28 23 27
30 13 23 32 20 25 22 24 39 32 27 46 25 47 21 19 27 29 28 29 30 26 22 26 36 28 39 27 24 35 36 22 25 19 38 31 28 42 29 29 38 29 28 25 30 29 23 33 30 31 29 29 18 22 22 23 32 34 31 30 35 21 29 25 27 29 23 31 31 31 19 28 30 5 13 19 64 14 28 25 27 36 25 29 18 38 27 20 30 21 32 27 33 31 25 20 27 32 28 18
34 31 26 34 21 42 27 26 33 28 40 31 31 27 21 33 21 23 35 29 25 27 32 43 22 32 18 26 27 30 19 33 27 26 21 29 33 28 28 23 15 33 21 37 28 22 22 19 29 29 17 30 30 22 38 34 34 24 24 34 27 25 27 22 30 24 29 31 33 27 20 28 27 30 19 28 22 26 25 26 23 33 33 35 21 23 14 18 26 20 23 27 31 22 23 24 24 28 20 39
19 29 22 31 43 29 26 16 30 23 36 29 23 32 36 23 29 20 40 42 25 31 26 30 28 29 35 22 25 27 29 35 24 21 26 31 34 27 27 23 26 17 23 30 26 28 30 32 33 24 27 27 37 24 25 26                                            
