0.470588235294118 4970 13 33 18 27 27 27 34 39 23 33 28 32 23 23 26 76 25 31 19 28 19 37 35 42 24 30 26 34 27 24 26 29 33 25 27 39 30 15 32 25 18 28 29 24 23 21 26 18 16 30 27 19 20 18 22 31 26 27 36 23 30 24 26 30 21 31 29 23 30 28 18 27 28 31 21 28 21 17 24 23 25 27 23 16 28 29 31 27 12 25 23 23 32 34 29 33 28 28
30 30 21 17 24 31 22 23 30 26 26 29 42 27 24 14 22 20 20 22 20 18 26 23 38 20 31 23 31 28 21 34 23 24 23 24 33 33 29 20 22 19 21 20 32 22 22 23 15 20 25 30 21 28 22 29 21 25 25 39 32 27 20 18 20 42 24 32 23 25 27 47 46 35 26 19 27 38 27 28 17 26 16 32 30 27 25 26 18 29 20 27 22 26 32 28 30 25 30 20
29 23 21 21 26 33 29 29 27 23 31 31 30 26 30 26 28 18 27 24 36 18 20 24 20 18 15 27 29 23 23 26 29 16 14 23 19 24 30 23 20 40 31 28 13 22 20 23 12 25 28 24 27 25 24 23 21 36 26 32 20 30 25 27 25 23 28 30 24 26 32 23 24 28 28 28 30 25 14 28 30 19 23 30 27 23 41 26 23 31 29 24 35 28 18 40 26 27 33 30
29 24 25 28 30 19 24 35 29 22 16 26 26 26 22 24 26 13 30 22 28 25 35 26 34 26 19 23 28 18 30 36 20 28 28 27 26 17 19 26 27 17 31 33 28 30 22 30 24 21 25 25 16 33 33 23 36 13 22 25 17 25 24 32 21 25 21 30 25 40 33 23 30 25 25 29 29 25 27 27 24 27 18 28 28 27 17 36 34 24 22 22 22 23 23 30 35 20 27 34
28 67 10 27 30 23 16 30 22 33 27 23 25 28 27 25 31 30 20 31 45 21 16 23 23 29 28 34 35 26 30 26 29 30 20 18 25 30 35 34 28 31 13 26 23 18 38 28 22 20 25 22 39 30 34 38 23 28 34 19 28 35 20 28 30 34 21 32 33 30 26 22 33 23 22 29 26 41 33 24 32 20 16 31 26 22 35 22 19 27 21 22 28 32 21 21 29 27 23 24
25 25 38 29 25 28 29 22 21 21 25 9 25 25 28 32 28 33 24 27 24 32 26 30 18 34 19 29 33 36 26 24 38 25 24 36 23 38 24 32 38 26 34 24 32 27 35 31 28 28 36 25 29 32 23 28 32 43 30 37 22 35 41 26 23 44 9 29 22 33 24 32 27 22 27 25 25 19 24 25 31 41 31 25 30 33 19 31 27 26 20 20 24 36 33 28 19 28 27 24
25 27 28 24 36 21 35 16 26 24 30 21 19 34 35 20 23 28 29 25 24 25 25 24 24 28 31 29 21 25 34 29 35 16 32 24 30 26 29 41 23 31 24 31 31 18 21 22 36 21 24 28 31 26 27 25 27 26 30 29 40 19 36 24 24 35 34 24 28 25 22 38 32 30 26 26 21 26 21 31 27 19 35 22 21 37 26 25 28 24 20 23 29 28 35 15 30 26 32 32
26 21 30 45 21 26 33 23 24 32 21 35 32 25 21 19 24 26 27 26 22 16 16 18 25 28 27 34 19 24 28 25 30 31 35 20 19 22 31 26 19 27 35 33 40 25 17 25 35 29 16 34 16 33 32 19 29 21 25 20 33 26 23 25 25 28 18 21 26 11 40 20 20 17 26 19 18 29 22 26 33 29 24 33 35 28 32 23 26 20 31 27 26 37 27 34 27 21 19 28
30 36 28 16 28 33 34 20 33 26 31 27 25 23 29 21 25 27 24 26 23 17 23 31 23 27 19 30 30 32 34 32 21 30 31 32 32 20 22 23 22 20 24 28 31 31 27 32 32 29 16 36 19 26 29 30 31 28 31 26 34 25 27 28 28 28 32 28 32 33 28 25 33 31 24 37 19 31 24 28 34 27 37 26 28 28 26 34 23 25 27 16 27 31 28 26 20 26 26 25
25 38 29 32 16 21 29 14 23 35 39 26 32 27 23 19 28 25 17 30 25 27 35 26 32 28 33 26 28 26 30 27 25 36 23 29 24 28 38 16 27 23 32 31 30 23 29 34 22 41 18 28 32 28 30 19 26 19 25 34 27 41 29 37 19 25 27 30 24 28 23 33 35 30 30 33 27 39 30 24 33 33 24 25 25 20 23 26 25 28 27 30 21 14 13 20 26 26 36 21
35 29 18 24 18 29 36 32 33 31 23 25 23 27 19 34 25 21 22 27 23 35 30 27 37 32 31 13 21 31 31 36 27 24 30 30 26 11 19 21 25 25 38 19 20 25 16 25 29 24 26 22 25 12 23 31 9 40 21 30 17 30 28 22 25 23 22 21 22 21 31 31 21 32 23 27 22 22 19 20 29 31 17 35 41 19 21 34 18 23 23 25 34 31 25 32 34 24 27 16
19 22 28 29 23 31 25 20 25 32 22 29 31 28 30 34 22 24 22 22 28 24 30 19 25 29 16 25 22 22 27 24 21 21 24 21 26 26 18 25 23 26 21 23 22 22 29 35 24 22 26 27 24 20 19 27 27 33 19 26 25 26 30 24 20 27 21 19 27 30 21 30 26 27 20 32 24 27 27 24 36 24 32 22 22 15 26 29 24 31 36 32 27 30 25 21 24 32 34 23
39 20 25 30 31 30 19 24 25 34 21 17 31 23 22 24 25 26 32 23 28 18 22 24 30 32 24 33 22 33 21 34 27 27 21 23 20 30 21 29 24 31 25 30 22 27 21 28 27 27 29 23 32 33 27 25 28 29 19 24 27 21 20 28 30 27 34 23 25 21 25 18 24 20 23 30 29 30 38 23 35 28 31 24 19 28 23 23 28 21 28 34 18 27 21 36 24 24 16 16
36 25 30 13 33 36 23 23 29 36 26 27 25 22 18 28 18 22 24 28 19 22 18 26 18 26 12 22 24 22 25 20 25 21 21 26 36 23 28 22 28 25 19 22 26 18 20 28 25 20 26 19 22 30 26 25 30 31 29 24 23 22 29 27 21 7 13 53 22 18 35 41 9 29 20 26 32 27 17 26 33 22 29 19 30 30 26 34 18 29 34 26 29 32 9 23 10 22 28 25
32 28 30 28 26 24 29 32 33 37 27 28 33 26 18 24 25 23 19 20 23 29 29 27 32 25 26 22 16 29 25 37 22 25 31 19 31 31 27 27 23 28 18 36 29 23 36 26 28 37 27 28 24 27 27 29 31 29 38 31 31 25 31 26 29 28 22 34 26 29 28 21 22 24 40 21 27 29 27 29 25 24 13 26 42 34 23 24 28 25 38 27 29 34 23 18 30 16 26 29
24 27 23 27 19 24 29 24 28 31 26 37 34 29 25 23 22 14 27 21 30 24 23 30 21 28 26 33 16 30 24 25 26 40 23 33 28 30 33 34 10 31 35 25 39 19 29 21 32 23 22 23 25 33 32 29 25 29 30 19 25 23 51 32 23 33 9 24 30 24 24 30 35 29 25 21 27 25 26 26 33 26 28 24 25 22 28 35 31 16 27 27 24 25 25 14 20 20 22 16
21 17 24 21 27 30 25 30 23 17 17 25 37 22 25 21 22 25 21 35 21 20 29 46 22 26 24 41 25 22 22 27 34 26 20 31 30 42 29 24 37 15 31 24 29 26 25 43 26 31 19 30 22 22 32 47 21 22 36 25 23 22 33 21 25 27 36 36 14 27 29 34 20 19 31 30 30 23 21 21 30 25 15 11 22 27 25 33 14 26 22 24 26 25 35 30 24 28 27 38
26 29 19 30 34 30 26 20 28 34 24 27 27 22 16 34 33 29 27 23 24 19 35 28 29 21 28 18 36 14 13 20 21 23 20 18 24 23 25 23 29 19 23 20 27 22 22 19 25 27 31 20 29 25 23 33 23 26 28 25 30 25 23 36 25 30 25 26 18 21 27 28 33 29 20 23 23 39 23 28 19 25 23 38 24 37 19 29 32 35 24 26 18 25 23 21 13 22 26 30
26 30 29 23 19 25 15 26 27 24 23 20 22 30 30 24 30 21 23 21 18 32 24 34 27 26 18 23 24 20 35 28 21 28 19 24 29 19 25 40 22 22 24 25 20 28 16 27 25 29 26 33 33 23 22 23 24 27 30 27 31 23 29 26 21 28 25 24 31 24 17 22 36 24 22 15 30 30 34 35 40 19 26 16 33 27 22 23 27 27 37 19 13 19 22 26 15 29 22 26
19 35 43 28 21 26 29 18 27 24 24 23 22 24 26 20 24 18 23 31 25 28 23 30 23 36 26 21 26 26 17 27 25 26 29 32 27 26 27 21 24 27 24 19 31 20 30 32 22 19 21 34 23 17 29 24 13 26 30 26 20 25 24 25 19 29 28 24 21 36 24 27 26 28 20 23 23 46 29 23 17 26 17 20 19 22 26 19 22 25 30 33 30 26 21 31 25 38 18 17
28 23 34 30 27 24 26 23 22 28 28 9 34 19 45 17 15 32 26 28 35 21 31 24 25 20 22 27 30 14 24 26 22 21 20 21 26 21 25 16 31 27 25 28 43 21 24 30 29 25 17 16 26 26 25 26 25 26 17 20 27 24 25 19 27 23 21 32 31 38 33 20 24 28 35 20 22 24 35 30 25 29 24 30 28 28 38 28 16 20 23 13 28 30 25 28 28 26 26 27
25 32 19 22 25 18 18 22 14 16 26 23 22 14 21 19 27 29 27 26 27 32 31 26 27 31 17 22 23 32 14 27 23 24 18 14 35 24 21 24 27 26 21 25 20 29 27 20 24 30 30 22 23 33 19 32 25 24 20 19 30 26 23 17 36 26 24 18 33 26 30 17 16 21 27 17 24 20 22 24 20 19 15 15 38 24 19 31 21 27 25 28 11 7 31 26 31 26 30 26
21 28 23 32 30 25 36 27 24 29 28 24 24 27 34 41 31 20 23 26 29 26 30 16 18 23 30 24 22 22 28 33 26 23 28 16 19 25 22 21 26 30 22 21 27 31 26 24 17 31 27 20 32 12 22 22 15 24 24 23 20 32 26 19 22 25 21 18 29 21 15 23 20 22 21 30 14 25 23 20 23 20 21 33 31 33 30 34 21 28 18 23 28 20 21 29 32 22 27 19
21 19 23 28 21 37 27 32 20 27 28 28 24 25 18 21 26 15 15 26 27 18 16 20 26 26 29 34 34 21 38 27 26 25 25 29 34 23 15 24 23 21 19 33 17 17 37 29 29 15 14 23 19 35 27 36 15 21 24 27 24 35 24 16 26 28 23 15 32 30 25 26 22 25 34 30 29 27 30 16 19 32 27 33 25 16 26 24 25 33 35 37 33 29 24 22 28 24 26 34
26 32 29 36 18 29 33 26 34 30 23 24 28 22 24 29 23 31 23 26 26 21 20 27 24 23 28 18 29 49 28 26 30 23 22 41 29 32 33 7 24 25 25 35 21 27 29 33 28 20 18 39 31 21 32 20 32 30 25 19 32 24 31 34 31 22 30 22 24 22 23 22 33 30 33 21 28 33 22 23 32 25 17 34 21 38 35 26 21 24 23 28 25 23 27 36 24 23 23 38
23 25 30 32 28 76 50 72 61 17 33 30 23 20 21 24 27 23 21 30 25 19 18 26 26 23 27 19 23 23 21 26 19 23 23 28 32 25 11 18 19 32 28 17 33 28 28 22 22 34 29 29 24 25 30 21 27 25 27 32 14 31 34 21 21 27 28 24 14 37 17 15 22 46 23 22 29 31 27 23 26 40 29 31 24 38 23 25 25 15 34 38 33 27 30 39 27 27 36 25
23 32 23 31 33 30 26 33 25 20 23 22 26 31 25 38 24 31 29 27 31 29 39 22 29 22 26 26 21 16 23 26 21 24 16 23 29 30 8 23 20 33 27 16 34 27 21 26 17 20 21 27 25 34 26 27 25 15 15 22 25 23 27 25 29 32 29 23 29 19 23 28 27 24 37 22 19 36 29 29 23 23 20 23 23 25 15 23 16 30 29 22 40 16 29 17 25 29 21 26
30 35 30 27 24 39 37 22 29 23 12 28 25 23 17 20 23 15 28 19 28 29 24 20 18 27 22 28 32 28 23 32 34 26 30 25 23 14 18 28 20 28 23 28 27 22 37 31 35 25 27 27 27 26 30 25 27 21 16 17 29 27 30 25 23 27 25 21 31 22 23 21 22 20 12 25 30 24 19 22 37 14 29 23 25 23 17 33 32 14 19 26 36 24 23 19 16 21 27 21
17 32 24 20 25 30 32 20 26 28 13 33 28 24 18 32 25 15 25 16 17 26 27 27 23 26 21 17 42 34 30 26 24 27 35 26 18 17 29 27 20 24 22 22 30 25 19 30 25 25 27 25 21 22 18 32 30 25 30 21 19 31 28 30 32 31 24 30 32 22 31 17 21 25 19 30 27 33 28 29 32 22 31 34 26 34 31 37 24 21 24 20 26 32 31 24 21 32 24 28
25 24 25 30 23 13 26 22 23 35 18 24 24 21 25 20 28 26 31 22 30 32 32 32 6 21 24 25 25 34 26 30 26 29 32 21 24 21 26 23 29 23 20 22 20 14 23 26 33 23 27 37 28 25 24 37 27 35 33 22 33 35 36 31 28 41 27 22 33 33 28 23 35 23 20 31 22 27 32 26 24 31 20 32 25 32 28 20 19 32 24 29 28 27 25 23 34 32 34 29
23 29 25 15 27 24 25 19 25 27 27 24 35 29 30 32 26 30 22 28 19 21 26 14 27 23 23 24 26 23 27 22 34 27 30 27 31 30 23 29 31 18 23 33 23 36 15 26 24 30 31 25 31 28 17 25 34 18 33 30 27 24 26 34 24 29 26 27 29 21 23 24 34 32 26 27 15 17 34 36 35 17 28 23 17 23 30 32 26 20 31 20 28 17 19 27 20 18 25 27
25 20 21 26 26 33 27 24 33 19 35 26 26 28 23 14 20 32 35 31 36 26 24 22 33 35 29 36 32 32 21 34 21 29 27 31 34 23 20 37 20 26 29 19 25 17 30 38 34 35 23 24 29 26 26 29 35 21 25 37 26 34 20 27 27 22 17 19 34 26 25 29 27 18 28 24 22 28 22 30 20 23 43 31 37 21 23 25 21 18 20 33 22 24 20 23 27 24 17 17
37 24 24 21 29 27 24 27 29 42 34 27 20 28 22 27 23 21 23 27 16 34 25 31 22 29 32 21 22 17 31 22 35 23 23 24 27 10 26 21 30 16 26 27 26 25 34 39 22 20 32 20 23 17 32 27 36 26 28 26 32 13 26 17 34 27 28 32 37 33 23 34 28 25 18 24 32 21 22 33 25 24 20 26 24 30 26 16 34 28 29 25 24 31 29 28 27 23 34 35
27 31 27 34 19 30 30 19 18 24 36 24 22 28 29 16 26 20 27 26 25 21 26 24 23 32 25 21 24 29 23 32 36 17 27 30 30 14 21 22 17 25 22 20 28 26 25 24 33 22 22 33 38 31 32 33 20 18 25 27 31 32 29 31 32 32 33 30 25 41 39 27 12 27 32 30 27 32 26 18 35 29 22 35 31 38 29 36 24 31 30 16 17 23 26 22 39 32 23 35
29 30 21 30 23 20 28 23 32 33 19 24 25 18 25 23 23 23 24 25 21 30 21 22 25 22 30 20 40 27 20 31 19 30 29 33 18 32 25 25 28 38 26 26 27 34 20 30 25 32 24 26 27 34 24 27 31 37 23 18 26 22 29 30 26 25 26 22 33 33 32 23 29 31 28 27 20 23 30 37 22 23 30 36 21 25 21 20 19 27 33 21 26 25 23 22 14 33 19 29
16 28 21 23 20 30 23 25 21 38 22 33 32 19 19 22 34 27 22 9 18 18 27 28 23 25 23 16 31 30 33 29 38 28 31 23 24 13 29 23 26 27 27 26 33 25 30 27 18 30 25 31 28 20 20 21 27 21 25 25 23 29 20 32 35 28 17 33 24 30 30 28 20 36 27 12 17 29 25 17 28 26 25 22 28 20 30 17 25 27 25 23 21 34 30 23 20 26 25 29
31 28 32 30 31 21 13 36 34 16 22 20 35 24 29 28 23 22 30 20 33 23 15 38 26 19 25 36 30 25 30 28 30 21 21 29 15 36 25 37 29 30 24 37 24 34 27 27 22 30 30 31 30 24 27 28 21 35 22 26 30 23 27 23 23 33 22 20 26 18 22 23 18 16 20 26 31 29 30 15 23 18 29 24 11 22 32 21 27 29 26 30 30 31 28 38 30 18 23 26
10 27 26 22 31 21 27 27 32 30 34 27 21 20 23 28 34 27 22 31 24 21 25 19 38 24 33 24 21 34 16 29 25 26 23 14 27 21 22 28 26 27 18 22 28 55 29 27 18 25 32 28 20 27 23 21 28 27 23 30 31 27 27 34 20 22 28 23 25 29 31 23 25 29 21 21 23 28 29 27 24 32 23 22 28 29 30 22 25 27 29 26 31 21 33 27 24 21 21 32
30 28 24 30 20 38 18 24 35 25 25 14 12 20 18 32 16 25 19 28 31 21 39 34 26 31 21 24 31 27 31 21 23 23 21 24 33 26 38 33 18 23 29 28 30 23 29 23 25 18 29 23 37 21 32 28 32 34 25 27 19 23 26 29 27 30 24 21 31 27 31 26 30 21 28 35 22 30 23 32 16 22 24 8 31 26 27 22 23 28 20 17 16 20 19 23 23 28 25 27
32 29 21 23 30 23 24 31 19 26 24 31 25 24 27 20 17 22 16 35 23 22 26 23 25 29 26 24 24 20 29 25 18 30 19 27 21 31 33 33 29 27 36 30 26 24 20 21 22 23 22 32 21 25 24 24 31 25 37 23 22 33 19 30 27 30 34 30 30 29 16 23 12 22 31 25 29 26 22 28 21 30 25 28 31 27 27 16 23 21 16 26 29 27 21 13 23 27 28 37
20 22 19 35 40 28 26 23 24 26 29 34 23 30 33 28 29 16 16 20 31 26 29 19 21 28 24 26 25 31 19 27 26 26 25 33 23 20 34 33 17 31 19 19 32 26 21 19 32 23 20 28 41 24 33 21 21 28 18 26 22 24 27 29 27 31 33 28 24 22 24 31 18 23 23 35 33 16 27 24 39 22 25 31 20 41 28 32 42 26 20 22 16 18 24 28 22 30 30 24
22 19 33 24 26 24 33 25 25 17 37 21 35 31 23 10 23 42 24 27 37 21 26 22 40 15 28 23 27 15 32 22 43 21 28 15 39 20 27 29 20 10 25 19 34 26 24 25 31 27 24 16 19 31 23 32 26 19 26 28 29 38 22 31 24 37 31 35 21 18 28 25 32 22 39 28 24 25 25 32 28 30 27 26 31 16 36 28 26 30 33 15 20 19 23 19 24 26 22 31
23 27 23 23 30 20 28 35 21 31 30 23 27 27 25 26 27 28 29 33 22 24 37 34 27 23 21 28 23 26 23 26 38 23 26 24 19 30 22 36 28 23 21 24 24 27 37 22 33 21 30 21 34 39 31 20 26 25 25 26 35 18 30 22 23 19 22 38 20 31 32 31 29 26 26 22 25 19 23 28 35 27 27 28 29 30 30 30 27 29 33 16 24 30 20 21 25 29 19 27
22 32 29 25 25 24 20 29 24 32 26 36 31 32 24 37 19 15 28 26 22 25 30 24 21 25 40 28 24 31 25 30 33 31 30 19 25 23 31 29 22 33 34 35 24 28 26 23 27 34 32 31 21 30 33 38 26 29 21 19 25 23 31 30 25 25 25 23 42 34 28 23 26 23 24 28 33 37 38 39 34 28 24 28 29 27 22 30 21 31 21 28 20 28 30 19 16 29 28 23
22 25 29 32 31 30 32 30 32 28 28 32 24 38 28 37 25 26 31 24 37 29 20 23 27 33 22 28 30 23 25 29 30 22 35 24 22 19 25 21 18 30 31 20 23 31 27 25 28 36 25 35 25 32 27 20 30 31 25 32 22 33 24 18 33 24 27 36 35 42 23 23 27 29 27 29 12 23 25 33 27 22 21 23 23 20 21 26 27 31 30 26 31 25 25 24 23 20 42 24
34 35 33 28 23 17 27 32 28 31 19 30 24 18 27 24 20 33 26 25 23 46 27 28 29 17 25 29 19 27 33 22 40 20 34 29 29 27 22 34 20 12 29 24 16 29 32 19 29 21 33 26 22 21 24 32 19 25 31 32 30 28 28 35 31 24 22 29 34 22 25 27 32 31 31 22 22 31 26 19 38 35 20 43 34 31 30 31 23 28 25 30 28 34 17 18 25 13 30 28
24 28 29 35 32 40 28 33 34 24 23 26 33 27 25 32 26 17 28 23 24 25 27 27 30 22 23 24 26 24 24 21 23 32 29 20 23 17 24 32 23 29 26 20 29 25 26 26 20 17 19 28 19 41 23 33 31 33 17 29 29 32 34 23 18 11 31 15 24 36 22 59 16 28 36 36 27 22 24 25 26 24 24 21 23 32 24 32 30 14 22 33 34 22 21 34 20 34 25 34
22 31 27 28 22 26 29 20 23 18 33 27 24 31 22 29 30 27 27 26 38 18 24 37 22 23 34 28 22 21 32 23 34 33 21 31 35 22 28 20 35 31 29 30 33 29 24 34 17 26 29 27 19 22 23 24 27 27 26 24 26 31 27 17 23 34 28 26 31 21 27 32 12 32 33 23 21 25 32 18 33 22 26 26 29 21 28 20 18 24 24 12 15 16 15 12 11 7 10 5
8 9 13 13 14 11 19 16 19 9 18 12 15 10 13 24 8 11 5 17 10 13 15 17 18 8 11 21 11 12 14 11 11 6 15 9 10 10 18 11 11 16 15 17 7 19 18 7 11 8 14 19 19 14 14 12 11 20 19 14 15 13 10 17 11 6 7 8 8 16 13 13 11 16 11 19 17 14 13 13 10 16 11 4 15 10 12 16 13 9 15 21 15 12 12 12 8 15 6 14
15 6 10 12 9 13 7 18 11 14 11 17 12 10 11 19 18 11 14 9 13 11 12 17 14 9 19 8 21 18 9 12 11 19 10 7 9 7 13 11 4 11 9 11 15 15 17 12 13 9 11 12 12 9 12 18 10 24 13 14 12 10 12 15 13 14 11 22 4 9 7 9                            
