0.272727272727273 944 18 15 14 18 22 21 31 20 23 24 17 22 15 18 17 14 13 21 17 13 28 21 13 21 15 18 18 19 20 22 20 13 21 12 17 27 13 14 24 20 23 30 16 19 23 13 22 19 18 18 15 15 19 20 23 20 24 29 25 21 18 26 21 20 18 17 29 24 17 19 21 19 17 22 21 16 22 22 24 21 17 23 21 18 21 17 16 23 16 20 20 23 19 25 27 19 22 16
18 12 19 24 20 19 27 17 17 15 21 27 20 25 15 18 18 24 17 14 19 14 15 18 16 14 22 22 22 21 24 23 22 14 31 19 16 11 18 27 15 17 21 14 17 20 15 21 17 13 24 18 16 13 25 21 19 19 20 18 20 11 15 21 18 16 18 13 18 17 13 17 19 20 21 16 20 22 14 24 27 28 24 26 22 23 19 21 22 21 26 25 17 26 20 33 18 15 14 16
25 17 21 18 25 16 16 25 24 19 17 28 19 22 24 27 18 19 21 19 12 23 15 20 17 22 25 21 15 21 23 23 19 25 16 22 17 26 13 26 20 27 18 15 22 21 16 14 24 18 25 22 17 24 15 20 23 19 22 21 20 17 17 24 19 25 19 19 19 18 19 27 16 22 20 22 18 23 26 15 17 14 28 18 18 16 15 25 21 18 23 21 18 14 20 14 16 21 14 22
17 21 17 34 24 25 19 19 27 14 16 17 20 23 18 23 22 25 15 22 14 24 22 15 29 11 24 26 19 17 15 18 25 21 18 21 16 21 27 19 16 21 21 19 28 24 16 25 25 28 23 30 25 23 17 19 16 20 11 14 15 17 18 18 17 25 13 16 17 15 18 21 20 18 12 21 21 18 19 20 17 13 23 24 22 15 20 18 17 21 32 22 16 14 16 25 17 18 16 32
21 14 19 21 21 25 21 15 20 16 17 18 23 18 25 23 25 27 14 13 28 25 16 27 25 26 18 12 17 23 18 33 23 21 23 19 23 19 23 24 26 17 17 27 23 24 16 10 23 17 17 21 21 22 20 25 23 20 24 20 20 27 19 19 15 20 16 20 20 27 21 15 19 17 25 16 17 21 31 22 19 25 20 22 16 20 19 21 30 15 14 32 23 15 27 17 23 18 21 23
22 14 21 17 13 23 21 17 15 19 19 16 17 15 22 22 20 19 16 17 16 18 18 17 19 25 19 18 20 21 18 24 18 27 14 20 22 18 19 24 28 12 17 18 19 20 24 17 31 17 19 17 13 14 13 16 28 16 25 19 22 20 21 18 22 20 18 27 17 28 21 15 13 16 23 20 20 16 27 14 13 20 14 24 28 23 25 23 18 25 26 19 20 21 22 11 13 14 23 17
24 19 21 20 28 24 25 21 22 23 22 21 19 13 18 24 18 18 16 25 19 22 17 22 18 21 28 16 23 18 19 27 22 19 17 15 25 14 21 18 22 23 19 16 16 24 27 23 18 16 26 18 21 14 20 18 20 25 18 23 14 16 15 18 13 28 20 28 24 20 27 27 21 20 16 26 21 23 15 29 17 25 23 30 29 23 20 14 21 20 16 13 27 20 28 26 16 21 15 22
28 16 27 20 23 15 17 24 28 24 21 11 22 16 27 24 19 19 22 16 22 20 14 17 16 19 10 21 19 16 28 19 20 26 23 25 26 17 10 36 37 20 15 23 21 18 22 17 21 22 15 17 17 19 14 15 24 24 15 24 27 13 23 21 21 21 18 18 18 25 15 24 22 24 15 23 21 15 23 20 16 27 19 16 21 22 20 16 23 15 17 23 33 16 22 22 14 18 14 23
18 17 16 26 22 21 19 21 22 25 24 18 25 31 28 24 17 27 14 21 23 23 19 24 24 20 16 23 15 22 15 21 21 21 21 17 24 14 25 14 14 12 28 24 23 16 18 14 9 16 18 19 27 13 21 20 18 16 14 17 14 20 22 21 20 19 15 34 15 17 23 13 19 19 16 21 13 18 15 16 19 13 13 10 15 13 20 11 14 19 16 9 17 19 13 19 18 21 12 20
22 16 15 15 21 20 23 23 20 19 15 17 25 18 15 22 15 16 23 15 18 17 20 15 27 16 26 18 21 17 10 17 17 23 18 14 18 14 10 19 16 15 26 9 16 17                                                      
