0.444444444444444 3526 26 40 28 24 23 30 25 22 31 22 24 31 16 37 32 22 26 24 38 27 31 34 21 30 27 30 34 28 26 30 20 32 27 34 22 21 32 20 24 30 26 24 28 29 20 22 29 30 31 19 31 20 28 30 27 39 31 26 24 30 31 25 22 23 25 26 15 23 38 25 23 29 23 21 24 25 21 28 27 32 27 21 29 20 26 33 30 25 25 27 23 24 22 18 22 24 26 32
32 28 20 24 26 22 10 30 29 26 27 18 19 20 25 24 24 30 22 26 27 19 28 31 58 19 47 91 75 23 22 20 19 28 27 25 23 19 26 33 18 33 33 24 23 31 22 34 36 33 26 24 16 19 26 26 28 30 29 30 23 31 29 31 25 28 24 27 27 39 20 21 20 29 30 21 23 23 25 20 27 27 29 28 24 22 27 25 23 20 31 29 28 24 21 25 11 26 35 26
22 30 25 25 30 23 20 25 25 24 15 24 30 36 23 29 27 22 29 27 31 33 36 28 26 25 17 34 21 17 19 25 25 25 13 26 24 28 23 25 26 30 32 22 31 27 32 26 24 24 27 19 34 26 32 27 19 44 27 26 20 27 36 27 20 26 26 38 22 22 37 33 28 20 33 20 21 28 32 28 26 28 30 18 14 35 30 27 33 25 39 32 20 24 30 26 23 24 15 17
21 32 35 32 17 30 31 28 35 15 20 24 30 22 18 36 37 26 25 25 29 29 21 13 31 27 18 32 38 22 22 23 36 20 37 29 22 26 16 22 28 37 22 18 33 24 23 35 28 26 19 24 29 25 22 32 26 26 27 36 29 23 18 38 22 24 20 16 25 29 23 31 26 21 35 31 28 28 34 34 21 28 20 34 25 23 33 26 32 34 24 27 18 19 37 27 26 34 27 30
19 32 22 34 20 22 22 35 27 26 15 19 30 28 20 25 31 19 27 27 25 26 20 22 25 25 26 17 22 32 27 27 23 22 26 21 28 23 16 31 27 32 23 17 26 24 42 31 22 17 28 23 23 30 19 28 21 28 16 33 26 32 14 23 19 30 24 28 24 26 21 30 28 26 32 14 16 20 23 26 22 31 21 35 36 20 23 30 29 25 24 29 25 25 22 28 27 21 22 32
29 29 29 18 29 16 28 18 16 26 17 32 24 27 24 27 32 31 15 29 27 29 25 15 28 28 25 17 30 24 30 27 22 31 27 32 31 30 25 27 22 33 20 23 31 30 24 20 17 23 24 18 21 22 7 25 21 21 29 20 25 30 12 30 24 30 23 28 26 18 26 31 29 16 24 22 18 24 21 26 26 29 14 16 26 22 25 26 19 14 35 27 23 20 16 21 21 37 25 20
24 21 28 29 22 29 28 27 18 24 25 30 24 23 26 13 28 14 24 25 26 19 18 17 23 25 30 19 19 27 31 20 26 29 30 24 29 18 33 26 17 25 30 24 39 27 32 22 26 26 23 23 10 21 24 15 36 33 28 23 20 34 21 28 33 34 21 28 21 24 32 21 11 28 25 29 20 19 27 24 25 21 26 19 24 26 27 22 19 26 14 26 22 31 11 17 18 33 26 35
41 26 21 31 18 21 21 23 30 33 19 28 19 28 28 29 26 21 23 27 31 31 17 28 29 21 37 21 39 25 17 28 37 23 34 36 26 32 24 32 32 32 28 30 23 24 24 24 30 26 28 38 29 19 25 28 17 22 20 32 32 18 22 26 27 13 27 32 28 18 16 28 23 26 21 28 26 30 34 10 32 18 33 26 23 24 27 24 29 28 18 30 19 28 24 21 13 33 22 26
30 30 31 30 28 29 33 23 27 23 23 21 18 13 21 26 25 27 24 14 27 36 26 28 13 14 32 31 37 24 27 25 34 25 19 37 20 19 25 26 19 30 25 30 30 35 30 38 29 25 26 45 27 18 29 23 24 37 22 30 29 17 28 26 14 20 27 22 33 33 23 24 26 27 27 25 30 42 27 34 20 26 25 23 20 19 23 26 26 33 19 35 27 22 28 29 25 25 14 32
32 18 14 21 28 26 17 19 24 27 29 18 23 21 17 27 25 12 21 22 21 28 21 25 16 17 26 32 27 22 21 20 24 25 23 20 27 23 30 28 25 28 22 31 23 25 29 30 27 33 14 30 22 22 23 19 29 24 20 19 20 24 27 27 22 26 18 16 32 27 29 19 28 28 23 14 26 30 28 24 23 18 20 22 27 30 92 29 17 24 10 25 40 26 33 35 34 30 26 32
31 32 21 29 22 22 31 26 22 35 30 32 20 29 25 30 24 27 28 32 30 19 24 28 21 30 35 33 33 18 32 27 31 25 17 22 35 20 26 25 27 30 28 22 25 21 29 27 31 27 26 28 35 25 35 19 24 27 18 26 25 25 23 40 24 25 28 28 30 41 28 25 33 27 27 25 30 25 19 31 33 22 17 19 19 42 27 20 29 31 31 26 32 20 25 32 28 25 19 31
28 34 20 28 22 43 71 72 50 50 43 39 32 31 22 25 34 18 38 31 18 20 25 28 33 15 15 22 24 31 26 20 21 27 24 33 20 20 29 32 27 29 28 28 27 25 30 32 26 23 23 23 28 24 25 27 17 28 29 28 20 22 23 27 32 23 27 19 25 29 24 22 27 28 28 29 19 31 28 19 23 30 19 24 49 23 24 34 23 33 12 28 24 38 27 17 14 22 23 22
34 29 21 29 31 22 17 40 20 17 34 27 39 22 22 17 30 33 30 23 22 33 23 20 27 35 14 36 33 22 34 30 27 31 19 30 24 27 27 24 19 20 27 28 22 31 30 35 48 20 19 24 21 31 24 16 28 22 27 43 28 27 33 29 31 21 21 21 31 35 32 26 24 28 32 23 21 31 26 26 17 24 28 31 33 30 31 34 21 25 24 18 21 20 18 16 32 16 17 26
24 35 21 24 19 34 25 20 24 30 25 22 18 22 24 29 22 22 30 23 26 30 18 24 23 25 26 22 18 21 17 24 24 39 21 31 18 20 23 25 29 24 19 27 20 22 34 24 25 24 26 28 29 21 23 27 30 18 28 23 23 24 20 31 28 33 21 19 40 28 27 23 29 35 31 24 26 24 19 15 23 32 28 24 37 31 39 17 23 20 24 29 20 33 23 29 23 24 24 29
18 23 27 30 21 23 23 27 26 21 25 18 25 34 44 34 31 33 32 27 12 31 39 14 23 25 28 31 28 22 33 32 28 32 19 32 21 33 35 21 24 33 24 36 21 27 39 29 39 28 23 35 28 37 23 27 40 28 29 32 22 30 30 30 30 30 27 21 35 28 21 24 32 30 22 27 27 27 32 31 26 22 24 29 26 30 31 21 26 29 29 31 27 28 20 19 22 27 33 26
24 26 21 40 30 32 29 18 30 22 26 28 29 32 32 29 22 31 37 22 28 24 27 29 20 26 22 23 37 30 30 21 33 31 24 27 23 7 29 23 47 59 34 29 24 30 29 38 26 24 32 30 34 31 22 32 27 29 38 33 32 31 27 32 16 29 29 19 30 30 25 25 20 26 27 31 23 19 16 26 30 23 29 37 25 25 31 37 24 27 21 23 19 36 31 34 27 25 22 36
26 31 27 39 20 39 27 19 18 28 17 22 38 20 26 36 28 30 24 27 33 23 27 31 28 27 24 24 32 29 24 26 30 30 34 34 20 35 29 20 26 19 28 29 33 26 23 27 32 35 30 33 23 25 39 30 42 25 28 21 26 26 40 21 12 23 24 29 22 27 27 26 25 20 30 16 36 33 21 26 35 31 35 27 29 34 25 29 28 35 13 41 31 28 29 21 29 33 25 23
19 25 27 32 31 33 30 24 26 21 26 29 29 35 32 34 22 23 30 28 28 23 36 35 28 19 23 29 27 27 14 25 24 27 21 29 19 26 33 24 23 25 22 25 22 22 32 19 19 18 29 22 37 33 23 26 27 18 20 16 30 22 20 25 27 22 18 23 20 18 24 22 19 15 16 23 30 33 32 25 23 30 14 29 30 29 33 21 20 32 29 17 24 25 33 30 96 60 54 56
36 23 22 32 29 29 27 27 27 25 26 27 24 23 36 34 23 26 19 33 33 25 23 17 34 27 18 28 21 28 21 23 36 28 22 27 30 24 25 23 32 31 32 15 32 15 31 32 21 29 25 31 27 29 28 35 26 29 29 17 22 33 30 21 16 26 23 30 27 20 25 32 29 30 20 30 27 27 19 26 36 32 31 18 24 34 35 37 22 28 32 35 25 21 22 22 26 30 17 23
19 30 26 25 26 17 31 28 32 21 25 27 22 24 15 21 22 32 33 24 28 24 29 21 30 27 33 12 31 31 26 22 27 28 21 36 25 42 22 16 22 27 25 33 45 26 32 35 28 26 27 24 26 24 26 29 27 36 29 20 21 23 21 31 30 31 27 18 24 24 30 28 24 31 27 29 29 24 30 16 27 32 25 31 31 29 26 29 29 39 22 25 31 33 15 33 22 26 28 33
22 19 19 20 32 22 32 28 33 25 21 25 29 18 23 25 33 32 22 31 10 26 25 29 30 23 26 18 26 24 24 24 30 22 23 24 31 27 20 20 30 34 26 22 26 20 24 32 26 30 37 32 29 24 38 30 25 30 35 25 29 23 26 21 27 21 33 26 30 24 31 25 29 25 26 30 27 27 38 29 23 22 14 20 22 24 26 21 25 31 24 18 31 20 28 33 30 31 21 25
31 23 36 28 31 29 32 25 25 37 30 32 24 20 32 23 27 22 32 35 29 31 30 32 32 21 30 31 28 25 20 25 26 32 20 14 28 31 30 20 23 23 30 20 22 26 25 25 29 34 21 36 26 27 30 26 24 21 23 27 21 14 25 22 27 24 23 24 25 31 35 36 25 25 22 24 26 29 22 34 23 22 29 27 24 29 31 28 23 27 28 28 22 25 30 33 21 22 17 18
30 22 26 17 21 24 27 17 15 19 37 23 20 23 14 32 20 27 21 20 30 18 30 27 26 20 12 26 29 22 30 19 23 23 18 29 26 32 24 29 21 19 19 29 36 25 28 20 25 22 19 23 32 33 20 33 26 25 27 22 28 26 19 37 20 32 23 19 25 16 25 32 25 18 32 23 25 33 24 24 28 29 26 24 24 30 29 32 23 21 31 23 20 17 30 24 34 24 20 26
23 36 23 24 24 19 19 28 33 26 17 20 27 35 29 23 31 37 18 23 24 30 26 24 24 28 26 28 24 23 32 26 31 24 26 28 21 40 28 15 33 34 23 26 32 33 21 22 27 25 17 35 23 21 28 23 43 22 34 12 36 27 32 23 31 16 25 25 24 27 35 27 31 13 32 31 34 33 29 17 18 29 14 27 21 19 24 32 22 28 33 18 33 30 29 19 30 30 19 24
27 16 27 32 7 29 24 23 33 29 25 27 24 24 20 33 20 21 17 27 23 26 22 23 27 26 29 19 23 27 16 25 31 20 23 23 27 33 22 19 16 23 18 19 15 23 27 23 17 19 17 17 23 23 27 33 20 21 22 25 31 24 30 23 20 21 22 23 24 16 26 24 16 25 26 33 19 28 25 27 19 24 20 32 27 22 31 28 24 18 24 41 26 27 21 24 25 30 34 21
24 24 30 25 28 27 16 28 24 19 19 23 25 32 36 27 28 33 36 25 19 26 34 26 19 17 26 25 25 19 33 27 17 25 24 18 32 23 26 33 28 23 25 36 34 17 21 25 32 26 18 30 19 23 30 22 26 28 18 19 29 23 27 37 34 27 29 28 18 20 21 24 24 24 26 16 35 30 22 24 26 28 20 7 24 21 35 32 67 19 29 25 25 15 28 29 23 26 36 30
24 31 28 38 33 34 24 24 32 19 22 29 23 16 27 23 23 30 28 24 34 30 25 38 29 27 21 23 25 26 30 29 29 28 35 36 27 28 32 29 31 23 24 22 24 21 25 29 23 27 26 15 22 34 29 28 63 24 33 24 30 26 24 23 30 39 23 20 28 20 25 19 27 30 32 27 28 19 24 34 30 24 17 26 43 18 25 24 26 34 20 30 21 29 26 31 28 31 34 21
18 29 27 17 24 23 29 25 25 30 22 19 14 21 22 30 34 24 27 21 31 16 28 32 28 30 21 31 23 12 28 22 29 32 22 27 21 25 25 28 25 15 33 18 20 20 23 28 16 32 27 20 22 30 28 16 30 24 28 28 20 17 25 23 25 35 32 31 27 14 19 19 35 31 23 22 24 27 39 27 25 24 22 36 22 30 31 26 27 27 20 18 16 25 31 26 32 29 22 30
21 34 29 33 14 25 26 35 26 27 25 24 24 21 23 16 26 13 23 26 27 30 17 28 27 34 17 17 27 20 24 21 22 23 22 19 35 27 23 23 21 26 20 14 25 25 20 17 21 27 25 34 25 30 27 32 36 21 32 31 21 27 21 30 21 21 25 19 22 24 30 18 31 9 28 33 19 35 23 26 33 25 22 16 33 26 19 13 28 23 21 25 26 26 22 28 26 28 36 23
16 14 30 19 32 25 29 25 25 17 24 20 27 29 19 26 19 25 26 26 31 24 26 18 24 22 21 23 30 22 20 25 17 23 20 24 30 25 24 24 20 19 18 27 24 30 28 23 25 25 28 30 24 20 27 29 22 20 25 25 18 24 30 22 23 27 24 18 22 18 17 25 15 14 25 32 33 33 17 25 36 14 29 20 22 25 18 24 19 19 20 23 31 24 17 25 20 22 24 22
23 34 24 39 22 37 15 29 27 21 15 30 30 27 20 23 27 29 31 19 28 23 21 18 27 22 18 18 21 31 21 28 16 31 15 27 18 28 20 15 40 21 28 28 27 28 29 31 25 31 22 23 22 22 34 19 35 24 24 16 18 26 25 18 23 25 18 21 33 25 25 32 25 31 31 28 23 27 9 20 25 22 20 36 28 31 17 29 24 23 21 31 25 18 30 24 30 20 27 26
27 11 22 23 26 28 22 16 24 28 18 19 21 20 28 31 28 26 26 25 19 27 34 27 22 18 24 21 23 26 23 21 23 27 28 16 34 28 21 25 28 28 37 22 24 28 26 16 26 23 26 30 25 26 20 19 21 32 20 20 22 20 29 25 20 18 25 26 12 34 31 34 37 25 23 21 27 35 27 28 25 31 30 32 27 24 26 30 24 28 30 28 17 25 25 18 29 22 21 20
17 23 25 23 19 17 22 32 28 19 30 21 30 25 26 30 22 21 27 22 25 28 30 21 30 27 21 33 23 24 28 24 19 29 25 32 26 26 26 29 32 15 27 26 24 31 23 6 27 23 29 30 24 17 27 22 18 26 25 22 22 26 18 32 23 23 20 36 27 36 21 29 17 30 19 21 18 18 26 26 27 29 21 19 23 23 22 28 19 20 23 30 27 27 21 28 21 24 19 25
18 23 20 27 29 33 29 26 25 19 22 18 18 19 11 23 24 27 25 21 48 34 20 24 24 24 33 12 34 21 23 20 36 24 25 18 31 18 19 25 23 29 26 29 21 19 20 20 22 34 19 33 27 16 23 18 30 24 29 33 27 22 26 23 32 27 27 26 25 29 29 28 23 24 35 29 24 24 21 23 24 27 23 33 30 24 28 29 28 35 15 31 36 26 19 22 26 25 31 23
24 27 12 13 7 13 11 17 12 15 12 9 7 11 8 14 11 10 7 7 9 11 13 16 12 5 11 7 15 17 9 12 10 24 20 9 14 18 15 12 9 14 11 11 11 10 12 9 11 9 14 19 13 6 11 16 7 18 10 16 14 6 10 10 13 11 17 14 17 11 7 6 15 17 9 13 14 17 8 11 11 14 14 19 9 20 17 10 14 14 17 11 13 9 10 10 17 19 13 7
6 11 13 8 11 17 15 16 10 12 13 12 15 16 20 34 25 32 10 21 12 7 9 6 12 17 10 13                                                                        
