0.447822141560799 3020 34 28 33 17 34 10 30 23 20 29 25 19 31 41 32 30 27 31 28 29 27 20 19 22 33 13 24 27 30 33 26 32 24 22 22 20 22 38 18 26 40 32 31 21 31 25 27 21 25 26 26 26 20 33 16 23 24 21 25 28 28 22 26 24 33 27 21 27 24 25 24 26 33 32 26 21 27 25 28 31 35 14 16 26 33 23 17 30 22 21 27 27 24 25 15 25 21 38
27 29 24 23 20 30 25 25 22 22 22 21 34 18 21 22 28 26 34 25 17 36 24 26 25 21 21 17 28 18 31 21 31 27 16 20 19 22 27 23 25 27 30 27 28 23 20 22 35 18 30 30 23 31 30 26 22 40 27 18 31 26 26 32 27 30 28 28 32 21 27 28 30 28 19 20 31 37 30 26 37 18 18 32 20 20 35 30 19 29 18 24 26 21 21 23 31 28 29 25
25 35 23 21 23 27 25 28 27 28 22 13 31 21 27 30 28 13 27 25 34 31 24 28 34 21 26 25 24 27 38 24 28 28 24 33 28 30 33 36 26 24 25 33 27 37 23 25 30 18 22 31 21 28 33 23 27 25 36 22 21 27 32 27 32 17 17 26 36 32 20 27 27 23 28 26 28 32 19 38 25 26 32 32 24 27 26 29 32 27 19 25 16 19 20 35 24 18 22 22
19 33 20 21 24 28 24 27 22 36 33 28 17 16 32 23 35 23 28 28 21 22 30 21 22 23 31 27 21 25 21 25 28 30 32 32 23 23 28 25 24 26 25 34 21 25 27 38 26 29 26 26 25 29 29 31 44 28 35 31 36 22 25 27 20 36 38 32 32 23 31 28 31 19 32 30 32 28 28 22 25 25 30 22 31 23 33 25 20 23 29 30 26 17 28 25 17 26 26 33
20 19 39 33 16 29 24 24 22 28 31 42 22 25 26 31 35 30 26 32 20 22 21 31 23 28 18 19 28 26 26 25 23 16 25 32 26 29 21 28 34 22 24 22 22 24 30 25 29 26 28 28 20 24 18 25 27 26 19 26 24 29 26 34 31 30 5 26 24 26 32 31 25 43 22 31 25 15 20 21 27 30 10 20 34 18 33 26 27 20 25 24 38 32 23 35 26 26 13 25
17 27 25 21 27 29 32 34 20 24 29 39 32 24 24 24 21 39 29 28 16 18 29 30 18 25 21 28 29 27 27 22 23 27 31 16 25 24 20 21 14 18 23 29 25 35 16 26 25 21 19 25 23 25 25 27 28 25 36 17 26 31 26 20 26 21 19 17 25 25 24 28 29 21 29 24 32 20 20 19 20 32 20 22 30 18 28 23 23 28 30 17 17 31 27 24 22 21 24 32
32 29 19 30 23 26 28 17 25 24 18 20 21 27 23 27 32 19 22 22 27 22 28 26 20 35 30 22 28 30 28 36 22 21 35 20 20 24 19 17 27 18 20 18 26 22 27 26 19 28 17 22 30 26 27 32 25 29 16 23 17 34 16 26 28 20 18 33 19 19 30 24 18 27 24 25 21 31 23 19 26 26 39 17 21 47 47 80 29 21 24 36 23 26 27 32 18 28 25 26
22 27 25 24 20 29 28 28 21 28 25 16 22 27 20 13 31 24 26 21 7 37 31 26 34 33 22 33 31 25 29 24 23 31 30 27 28 19 27 22 25 24 33 28 22 26 34 27 20 22 28 35 24 18 24 31 29 29 24 27 29 28 33 23 18 24 28 23 10 27 24 23 23 31 31 26 33 16 25 24 37 29 22 29 38 69 44 37 48 22 18 23 20 26 29 30 24 19 26 29
24 35 27 29 14 18 32 25 26 28 28 27 27 24 29 28 27 28 27 39 23 25 28 43 29 23 27 34 32 31 24 32 19 25 32 23 27 40 24 23 28 24 19 28 32 25 25 23 20 17 24 28 33 26 28 28 30 29 27 21 35 26 37 23 24 30 29 17 27 21 30 13 38 22 31 30 32 34 44 20 32 33 34 25 28 16 25 34 34 23 28 24 11 25 25 26 32 27 28 25
31 32 36 33 25 23 24 29 19 20 30 25 26 29 27 26 22 28 21 28 33 56 47 29 46 28 27 30 23 24 25 19 25 21 33 29 23 29 19 26 27 20 25 30 27 17 29 28 23 31 38 16 26 19 24 22 30 22 18 21 24 25 21 29 26 17 25 18 19 23 24 34 18 24 32 23 25 28 32 17 27 26 20 16 30 30 26 20 30 35 27 22 22 28 25 34 26 31 27 28
23 23 24 24 28 25 33 17 21 20 17 20 39 28 20 22 28 28 19 27 33 20 24 27 33 29 19 32 28 31 15 21 21 26 32 24 29 25 33 10 33 18 25 27 34 23 39 35 31 22 31 27 31 31 33 22 31 33 25 29 18 30 32 33 10 28 19 17 15 22 28 25 35 39 21 21 22 27 28 39 36 36 27 16 24 31 16 31 33 22 24 27 41 20 22 26 24 33 26 29
25 36 7 30 30 24 20 28 17 34 25 31 24 24 14 32 26 31 30 24 37 28 24 26 26 26 27 25 28 28 17 25 26 21 14 36 32 26 32 28 20 29 29 25 26 17 29 35 18 31 19 29 36 23 25 34 20 20 22 23 19 25 28 24 34 30 30 27 25 28 40 31 28 20 20 19 31 24 24 31 25 32 20 23 30 34 27 27 26 21 31 28 23 36 32 32 24 25 20 30
32 28 26 27 35 30 31 33 35 15 21 28 23 25 22 34 31 24 19 27 19 21 35 25 22 29 43 25 31 26 18 17 20 23 28 21 19 25 23 23 32 26 25 28 6 30 27 25 27 30 21 28 28 20 35 28 25 21 27 24 25 31 25 30 26 26 22 19 22 29 18 29 27 46 29 28 24 32 21 19 14 33 25 26 27 25 34 15 29 27 19 30 9 24 18 26 27 21 28 22
18 32 25 27 15 25 24 19 27 20 20 32 25 20 35 39 24 25 29 32 27 28 19 34 18 30 20 22 27 33 19 23 20 21 25 27 17 38 17 29 24 27 27 30 17 6 16 28 29 14 15 28 24 16 15 24 25 20 29 22 27 24 23 22 20 31 18 25 25 29 23 16 24 25 22 23 36 28 30 20 16 25 32 22 31 30 32 14 28 25 26 29 32 19 30 27 22 18 20 21
31 17 30 44 38 30 28 24 26 26 16 22 30 24 25 22 14 16 21 36 15 26 22 19 22 23 28 28 25 17 30 25 26 21 29 36 34 29 37 21 20 22 27 12 34 19 23 38 22 27 28 19 21 21 21 33 25 18 29 23 33 23 29 19 11 21 34 21 19 24 32 21 34 21 33 23 29 20 27 26 15 22 41 20 23 20 38 23 24 31 38 32 20 23 25 28 27 25 26 27
26 21 22 24 70 31 32 31 18 24 14 34 22 29 18 29 18 21 29 28 29 14 24 21 20 21 37 23 28 23 23 27 19 30 25 21 23 20 27 27 27 22 26 26 22 28 28 9 31 25 27 25 22 28 29 24 28 25 22 22 31 26 28 27 22 20 25 20 26 20 35 24 29 27 31 25 29 32 23 21 14 7 32 29 32 13 25 28 24 20 32 32 26 37 32 28 28 20 23 9
34 37 23 24 33 21 30 23 36 19 28 33 25 24 27 36 29 23 25 25 28 20 31 27 20 27 26 25 32 31 22 24 25 29 22 30 22 26 31 25 30 28 30 28 27 36 24 27 30 35 25 37 26 26 29 25 28 28 18 18 21 21 27 21 32 26 25 23 17 36 12 31 22 30 13 26 34 23 27 23 29 21 35 32 24 27 22 28 18 18 22 29 26 28 30 24 17 30 23 22
31 34 23 29 22 16 25 21 36 23 22 23 18 21 21 18 26 37 23 19 19 29 15 41 24 20 27 34 45 23 25 28 25 38 20 37 29 27 24 31 30 25 23 28 20 28 32 20 39 28 20 24 19 25 30 16 29 30 31 30 28 22 27 22 23 31 26 30 21 24 26 25 22 24 26 24 29 30 25 30 24 24 28 25 27 34 26 40 34 31 31 19 13 21 21 38 19 26 29 22
28 30 15 29 36 34 22 28 23 25 23 18 22 27 22 24 28 24 24 29 27 31 23 29 33 29 25 26 31 33 25 25 39 40 40 39 20 20 20 23 31 21 19 19 26 18 15 23 18 24 19 25 22 26 23 22 23 25 23 27 17 29 17 31 28 31 27 13 32 27 18 22 25 25 24 33 20 27 22 32 32 26 24 21 26 40 28 25 22 35 24 31 25 23 35 29 27 26 35 23
30 23 18 16 30 25 24 27 25 30 20 24 33 29 26 21 22 30 11 19 22 19 20 23 31 26 46 18 19 23 36 29 29 27 26 25 24 27 23 24 26 25 35 33 22 24 14 31 24 23 24 21 23 30 30 33 21 24 27 26 24 20 27 20 22 28 23 19 25 37 27 30 27 30 25 28 30 33 24 23 19 25 23 23 23 23 26 24 23 25 26 28 16 20 24 22 39 22 31 20
23 20 22 22 24 34 19 43 22 29 28 24 27 30 21 26 31 22 31 33 20 29 18 19 7 23 31 24 23 38 31 28 19 25 20 18 22 26 33 17 19 17 25 24 21 27 20 31 27 36 30 19 17 25 31 22 25 29 20 23 26 30 24 27 25 26 25 24 25 17 28 29 22 28 27 26 28 23 22 22 31 16 33 22 21 32 27 29 23 31 27 34 25 40 31 33 15 33 21 28
31 17 27 27 31 25 28 26 37 33 30 26 24 27 24 23 26 27 26 24 35 26 27 25 30 20 28 28 24 22 32 29 23 25 22 29 22 22 27 22 17 22 28 28 28 32 21 24 31 31 27 25 22 26 10 26 16 23 16 27 34 20 29 24 21 30 25 10 24 24 23 29 22 20 20 26 23 22 32 24 26 28 29 18 27 33 29 31 18 25 27 22 33 24 31 23 26 26 18 33
21 27 20 30 25 25 25 26 26 27 25 20 26 24 30 33 16 28 30 26 34 34 26 22 12 20 20 29 30 20 35 25 14 28 23 22 30 27 38 29 24 33 23 29 27 25 32 25 33 16 35 17 21 22 29 17 31 23 29 24 23 22 34 25 35 19 24 27 16 6 28 24 24 15 31 27 31 26 29 32 19 29 26 36 24 25 27 18 21 24 28 19 27 28 40 30 19 26 23 20
30 28 26 24 30 20 31 12 27 32 21 23 21 23 34 19 23 22 32 25 22 29 27 21 17 26 21 21 17 23 17 26 19 33 20 29 25 27 19 23 24 33 25 22 29 29 27 22 32 20 27 18 27 22 30 21 34 25 23 26 18 24 26 22 25 28 17 29 31 24 21 15 23 20 31 21 23 25 16 30 27 18 23 21 21 28 23 28 35 36 32 30 30 25 18 26 21 18 31 18
17 22 25 21 22 19 25 18 24 17 26 31 14 20 32 23 27 31 27 29 29 27 17 35 26 30 22 23 22 22 26 23 21 22 27 28 29 27 26 37 31 29 28 28 20 27 30 35 35 25 19 30 17 29 19 28 32 30 27 18 16 21 22 23 42 23 29 25 29 11 28 20 24 34 34 20 23 20 24 18 23 37 32 21 16 35 21 39 36 25 27 12 32 22 19 28 34 24 28 30
35 20 25 24 18 38 23 39 32 34 39 23 37 24 25 19 27 24 26 31 31 25 32 30 28 28 23 29 26 20 26 30 32 13 35 21 28 28 35 31 28 22 29 34 28 21 32 21 28 24 26 20 27 25 29 26 32 26 32 22 27 16 20 18 18 28 20 32 24 23 28 24 30 19 19 36 28 37 22 42 11 25 31 27 27 21 26 32 20 24 22 19 37 22 27 22 23 22 25 34
22 24 25 14 23 26 18 21 28 33 19 16 19 19 24 25 28 21 27 28 27 25 34 26 28 25 32 17 27 25 29 22 29 22 18 29 26 29 39 40 28 27 21 31 22 33 27 22 26 32 26 25 22 28 20 26 24 24 33 24 19 14 14 22 33 24 23 22 23 27 17 28 19 21 23 23 22 24 22 25 40 10 27 33 25 22 26 28 20 22 21 15 27 26 26 28 22 23 19 26
21 25 32 25 22 23 25 24 26 20 26 22 21 27 35 20 21 30 21 22 30 25 18 29 23 29 24 28 27 16 23 16 21 18 23 24 25 23 26 22 29 26 19 18 19 28 26 24 28 26 28 32 24 20 24 33 32 35 32 21 29 26 30 27 26 25 25 22 34 21 25 27 25 26 26 26 23 23 19 18 29 24 24 12 19 28 25 33 30 22 16 23 22 14 20 21 24 19 21 42
27 27 34 26 15 25 23 27 29 24 27 21 32 24 22 25 22 23 33 12 17 20 24 22 30 24 31 27 33 26 20 21 32 27 25 30 34 20 22 23 15 27 27 16 22 18 22 20 21 27 31 30 26 28 20 24 26 23 30 35 34 34 30 30 30 26 30 31 27 19 21 15 24 32 25 23 23 24 20 32 21 33 33 20 30 27 25 27 37 19 34 21 20 24 23 32 22 25 26 38
23 21 28 27 12 11 15 13 17 14 15 11 19 9 9 20 14 18 11 8 11 8 10 13 9 11 20 14 21 18 12 19 18 16 9 13 13 17 7 16 11 21 6 14 14 11 10 14 10 20 13 9 8 12 13 18 12 13 10 7 12 13 7 8 9 15 18 13 14 16 13 14 9 14 10 15 11 11 14 5 11 14 13 19 15 14 13 8 9 14 14 9 13 16 12 14 14 13 14 13
8 10 11 12 16 6 20 11 15 14 11 17 14 13 14 10 16 8 16 19 8 15                                                                              
