0.333333333333333 2158 15 26 19 18 13 20 15 26 24 20 10 16 22 17 13 20 18 19 14 19 18 20 21 13 15 13 15 17 14 17 20 13 24 12 19 22 21 24 19 12 24 14 15 28 17 16 25 16 19 14 14 19 17 17 11 20 20 21 11 18 17 17 16 13 19 20 14 11 21 8 21 24 22 19 19 12 14 17 19 13 17 22 28 18 22 14 18 17 22 14 14 18 17 16 16 21 19 10
16 18 23 24 17 23 14 21 18 19 13 25 19 21 17 27 11 9 15 22 24 20 15 14 19 12 12 16 21 14 17 19 19 23 19 11 14 16 19 14 14 18 17 19 16 21 12 17 13 16 14 19 16 14 14 17 19 17 21 24 16 14 20 18 21 15 24 20 17 20 21 19 24 17 19 16 20 13 22 14 21 17 22 29 23 24 12 19 17 14 21 15 17 17 16 17 10 15 22 15
17 17 20 13 16 16 22 14 19 18 18 15 22 15 22 14 14 15 14 20 21 13 14 14 23 18 13 20 20 24 10 18 18 12 17 21 22 21 12 17 17 19 19 13 20 17 17 23 13 19 17 18 18 11 16 15 16 15 17 14 19 23 21 24 23 17 14 20 15 16 18 16 21 14 16 13 11 23 18 20 14 19 15 22 13 18 10 17 18 18 17 19 19 15 18 19 25 18 12 20
20 21 21 14 14 14 12 19 12 15 20 19 19 16 20 22 10 23 21 21 19 14 20 13 23 25 19 14 25 18 13 20 26 14 18 16 14 21 16 18 15 17 16 22 15 14 21 20 22 28 21 22 20 18 24 13 14 28 27 17 15 16 15 16 21 25 15 24 17 23 23 14 13 22 11 24 24 23 19 17 25 21 15 17 24 19 15 16 18 17 9 16 12 18 25 17 20 22 27 19
12 19 17 17 24 15 12 10 19 18 15 12 17 16 16 19 18 21 17 21 5 13 21 20 25 23 19 21 22 19 21 13 14 17 22 13 22 19 26 24 21 14 23 17 14 11 23 15 19 18 16 17 21 22 17 18 20 24 16 15 18 16 13 17 13 18 18 19 13 22 23 16 21 19 13 18 20 16 14 13 24 13 14 14 15 16 21 18 22 18 14 18 16 19 14 12 13 18 11 9
18 15 16 19 17 12 20 13 22 10 22 23 13 18 11 24 23 19 26 17 11 15 19 15 19 16 14 11 16 11 21 23 11 14 24 14 19 17 17 25 22 23 19 17 17 16 18 12 15 15 28 26 15 13 21 20 20 23 12 15 14 20 14 16 11 12 17 20 22 24 18 14 15 20 18 14 10 21 15 17 18 14 13 19 12 19 15 10 13 21 24 21 14 23 21 19 18 25 15 15
17 11 16 18 17 11 15 16 15 14 21 14 9 19 20 31 18 22 21 12 12 19 15 22 11 15 7 18 15 17 18 21 10 17 18 17 22 19 11 27 19 26 20 20 12 13 23 15 17 20 17 16 17 21 14 24 15 18 19 25 15 23 13 16 15 20 19 17 10 9 19 15 23 24 18 29 27 17 18 14 20 19 18 13 23 18 24 26 17 16 17 14 18 18 17 16 20 15 16 40
10 18 12 26 18 8 19 16 12 13 7 11 15 15 14 12 17 30 22 14 17 17 17 15 17 20 13 17 16 15 25 20 15 17 19 19 20 18 13 19 15 25 16 21 13 19 20 23 6 17 17 16 23 25 18 10 21 14 25 16 18 22 15 15 20 15 15 14 15 16 19 15 13 21 16 19 16 15 19 19 12 18 23 15 17 20 18 13 14 14 18 18 19 14 14 12 21 16 15 21
15 21 10 21 17 19 17 23 20 18 15 20 24 18 12 16 20 11 17 16 16 25 17 30 21 23 18 21 16 19 14 20 19 23 15 16 16 15 19 16 18 10 19 18 16 23 17 16 24 23 19 19 18 17 18 13 15 22 20 15 16 18 20 19 25 20 16 21 18 14 25 21 17 16 18 15 14 16 14 18 18 16 21 26 16 18 17 15 18 8 22 14 14 19 17 19 19 19 17 21
18 13 17 19 20 18 14 15 21 19 16 28 19 12 16 16 8 15 16 16 18 22 13 18 21 10 21 13 21 12 15 18 14 31 15 14 23 15 18 15 15 16 16 16 20 20 19 20 15 20 20 17 10 19 14 21 21 13 18 17 13 15 13 14 13 14 19 14 18 16 15 14 22 11 13 28 12 18 12 18 17 25 14 18 19 23 18 20 12 18 11 19 17 17 14 20 16 14 13 14
16 16 11 18 12 10 20 23 18 17 19 22 14 19 18 20 17 21 17 16 20 13 21 10 16 18 11 19 18 20 11 21 14 10 24 15 19 22 9 18 20 21 18 21 17 22 13 24 13 17 18 13 21 16 10 14 15 18 13 16 11 14 16 17 12 28 16 17 17 23 23 19 21 16 18 18 14 30 18 15 18 22 16 18 18 15 8 13 12 13 20 19 20 17 15 16 13 18 40 50
20 18 14 16 18 20 14 18 21 25 17 16 18 19 13 15 16 17 21 18 22 25 22 18 19 18 19 14 12 18 19 20 26 12 12 15 17 21 29 15 18 21 19 19 13 17 19 11 15 21 15 14 18 13 17 11 18 17 14 21 17 14 25 14 23 12 23 12 16 17 14 16 20 22 13 18 25 23 21 18 20 20 11 11 24 14 25 22 21 11 16 11 21 19 16 16 16 18 19 23
18 18 16 31 19 20 17 18 13 21 19 17 13 20 14 14 19 9 10 18 16 13 17 12 16 23 22 17 19 15 17 17 14 20 17 15 19 19 15 15 18 15 17 18 19 13 13 12 13 23 17 20 12 16 17 15 23 7 22 17 19 13 18 18 18 19 12 14 25 13 19 16 15 14 13 13 14 15 21 12 18 21 20 26 16 16 16 15 16 17 21 15 19 14 24 19 13 21 13 16
19 21 16 17 15 17 15 19 19 24 23 21 13 20 22 12 14 25 19 17 19 15 14 28 15 17 16 18 15 25 22 21 16 14 16 16 15 19 13 23 10 18 9 18 18 17 13 20 13 18 14 12 14 10 17 15 21 12 18 19 19 20 19 23 21 24 18 17 20 18 12 15 16 18 12 21 20 13 11 17 19 11 17 10 13 16 16 21 23 12 16 15 20 14 15 13 19 18 15 22
13 19 12 23 22 28 16 13 16 17 17 13 16 20 18 19 16 17 13 21 12 16 13 19 17 18 16 29 12 22 12 12 12 15 22 14 29 16 15 17 16 20 18 17 19 18 10 13 16 20 13 16 16 18 23 19 16 21 19 16 16 17 13 16 21 18 14 23 17 16 16 14 15 14 16 16 20 18 19 26 16 15 15 13 22 16 12 17 17 15 12 22 14 15 16 23 21 16 14 19
18 12 18 14 23 23 14 15 14 21 18 9 14 17 9 22 11 23 24 12 13 20 12 18 19 17 13 22 15 11 15 24 18 20 17 20 22 14 11 15 15 12 17 18 24 18 21 19 24 23 16 16 16 21 21 18 17 16 19 18 18 10 13 21 14 19 12 16 28 17 20 20 17 18 19 14 15 16 21 14 16 17 20 26 13 20 15 17 16 25 17 15 16 21 20 15 16 17 14 15
22 13 22 20 13 17 21 20 15 21 18 18 18 18 14 8 13 19 24 16 18 14 21 15 21 13 14 16 15 20 22 20 20 19 17 24 15 16 13 15 17 18 18 25 15 17 12 13 12 24 21 17 15 24 15 19 17 17 20 16 21 22 14 11 14 21 16 13 21 18 17 24 17 16 14 17 21 24 18 16 19 19 19 15 19 16 17 23 15 17 17 15 15 25 18 12 19 15 19 27
24 23 24 21 13 22 24 16 21 18 16 15 18 22 23 8 16 13 19 26 12 12 20 13 18 18 15 21 15 17 18 19 18 18 16 15 22 23 20 17 14 17 19 11 14 19 22 11 21 14 19 19 20 22 19 18 20 9 17 12 17 15 19 12 22 21 18 15 10 18 17 20 13 16 12 20 15 20 20 11 14 22 15 19 21 17 17 13 18 22 18 30 24 8 19 23 17 13 23 16
19 11 25 18 21 20 23 15 10 20 17 26 24 19 16 16 12 13 20 12 12 16 10 17 14 14 15 13 18 13 11 11 17 18 20 17 19 18 13 22 21 21 16 21 16 19 24 17 25 19 18 15 15 26 22 24 20 21 15 19 16 22 18 15 22 23 15 17 18 17 18 16 24 13 12 18 23 23 19 24 16 17 19 17 14 17 22 15 18 23 24 18 20 14 20 20 11 19 21 17
13 16 21 22 29 14 11 16 26 29 15 19 24 19 16 20 22 20 14 23 17 12 18 20 16 16 15 21 17 17 18 17 15 23 21 18 19 20 12 25 10 17 21 10 13 20 17 21 18 19 9 25 19 19 23 15 11 9 16 18 12 18 20 13 19 13 21 16 12 18 23 19 15 13 17 19 13 17 19 15 20 22 15 19 21 17 14 18 19 21 19 23 19 19 20 21 28 20 15 19
24 21 12 24 18 21 22 14 13 14 20 22 12 18 16 14 24 17 27 21 13 21 18 15 27 15 15 20 19 9 18 14 16 17 30 18 16 20 16 16 20 16 16 15 19 10 19 15 16 20 17 15 15 22 18 14 20 18 19 17 18 20 10 24 17 18 17 18 21 16 25 13 13 14 14 8 11 10 9 9 9 9 5 6 7 10 11 8 8 13 7 10 9 11 8 15 16 8 12 10
8 10 11 8 11 7 6 14 12 8 8 11 8 7 16 12 11 13 8 8 7 8 11 6 7 9 4 5 11 9 9 11 11 9 7 13 9 14 8 9 11 11 12 11 8 8 7 13 9 13 11 8 22 13 11 8 7 8 7 5                                        
