0.4 1765 28 21 33 25 28 21 26 18 38 38 14 29 21 27 27 24 27 28 30 35 35 28 36 32 27 21 32 27 21 27 28 27 41 34 34 20 26 25 33 11 28 27 33 21 42 34 27 29 27 23 34 26 42 25 29 33 31 21 35 30 39 30 24 44 32 24 25 26 25 37 31 29 24 31 35 22 30 26 34 28 26 24 31 30 19 28 33 35 33 32 23 26 25 21 30 31 27 30
28 21 23 30 31 33 32 19 39 34 28 21 34 28 37 21 28 33 25 29 25 32 33 33 34 36 41 28 38 25 31 26 20 27 41 35 30 23 34 25 35 26 25 26 16 28 26 41 24 21 16 27 21 31 25 30 21 37 29 33 33 35 29 37 37 26 24 35 23 30 28 20 20 22 33 31 34 21 35 24 20 25 25 27 22 25 27 25 37 25 32 27 36 24 22 30 20 35 29 23
31 34 32 24 25 25 27 21 30 27 33 35 18 35 27 28 29 23 24 38 28 25 16 21 25 24 27 16 29 20 29 38 25 28 14 26 21 21 33 35 28 31 37 28 28 30 25 30 26 32 31 32 35 27 37 34 35 17 19 28 25 29 24 35 24 37 26 18 24 31 31 25 20 26 25 28 25 28 19 17 35 30 38 28 32 27 18 33 27 31 29 21 33 35 32 21 18 20 27 33
20 28 30 21 27 30 29 28 34 21 30 19 22 36 26 35 33 11 29 21 27 18 26 35 32 21 20 28 26 33 27 32 22 29 36 22 29 29 28 29 28 33 41 30 27 28 27 37 19 28 20 35 30 28 32 28 38 14 27 25 37 32 22 31 32 29 23 33 38 25 40 28 23 28 31 31 39 37 21 31 33 25 34 31 16 36 29 25 27 27 29 31 15 32 24 31 21 28 17 29
22 25 54 29 33 29 28 31 27 23 20 31 29 32 28 25 24 21 32 24 24 27 22 40 38 39 20 30 21 25 27 29 20 19 27 28 34 30 33 27 23 30 39 30 31 36 20 31 27 31 30 22 30 26 23 25 28 29 34 22 24 33 93 46 28 23 31 24 42 28 34 29 23 31 34 18 33 25 22 22 46 32 30 30 26 21 26 33 29 32 42 33 28 29 34 32 23 28 30 34
35 35 43 31 23 29 32 30 22 28 37 23 28 29 24 25 22 27 16 36 25 54 32 30 27 29 33 34 23 29 26 32 28 24 41 22 26 27 29 35 32 28 28 23 29 21 38 23 37 23 24 24 29 73 28 21 24 35 30 30 22 34 21 27 21 49 34 24 18 28 39 23 25 8 33 16 27 20 34 25 23 35 23 25 36 26 35 35 38 31 19 31 21 20 16 23 24 21 27 35
20 29 31 19 35 22 42 26 28 37 27 26 34 35 33 29 26 35 23 30 37 30 27 19 26 26 35 34 27 16 33 22 27 29 36 30 15 24 28 36 26 32 27 29 30 25 29 33 15 14 36 20 22 22 27 23 40 30 25 23 19 29 28 15 30 35 22 29 32 20 35 22 23 24 18 35 18 28 30 29 19 22 33 29 22 27 29 27 30 31 25 25 31 23 28 31 28 29 27 30
28 22 28 34 19 27 28 21 28 26 27 26 28 38 34 29 17 38 33 32 25 34 31 28 31 25 29 24 20 47 28 21 36 26 31 28 28 30 21 26 32 24 28 33 35 28 22 25 34 28 41 24 29 21 22 30 35 30 21 42 23 11 33 18 28 10 41 25 32 29 26 33 35 35 27 30 26 26 18 17 30 27 31 38 22 33 38 28 27 37 27 28 26 36 37 28 21 20 24 28
25 23 28 24 24 28 35 26 25 29 30 28 36 32 19 29 28 14 40 14 24 21 23 25 34 24 62 31 27 22 25 24 27 31 29 31 33 23 26 22 27 20 31 33 25 26 37 30 32 39 28 31 34 17 31 28 31 26 37 29 32 31 22 26 25 22 27 22 32 28 37 21 25 25 22 34 23 29 32 36 35 22 29 36 32 38 26 32 31 30 28 25 39 29 26 28 18 35 26 31
24 20 29 33 23 39 33 36 34 25 22 32 36 39 28 25 43 34 21 32 30 29 22 31 26 25 30 31 32 24 31 21 32 18 28 33 28 29 32 22 29 27 42 27 33 21 28 38 23 29 24 36 26 32 32 35 31 23 28 32 26 28 25 29 39 35 29 33 29 17 25 24 34 34 28 34 33 27 24 33 36 28 26 28 37 27 32 29 26 23 33 27 34 26 26 35 17 41 31 34
39 29 27 31 25 26 37 19 24 36 34 26 22 38 29 29 36 34 38 34 29 39 28 37 31 27 24 38 29 34 21 23 29 24 26 29 29 27 30 29 31 31 33 29 28 20 24 23 31 29 33 30 32 25 25 28 33 25 40 27 24 29 36 22 37 21 38 30 37 28 40 25 47 30 34 36 23 31 26 26 18 27 28 28 26 38 25 21 23 34 34 29 33 35 34 25 45 33 41 27
34 27 32 31 29 29 20 34 42 24 27 26 29 29 32 37 25 37 27 24 26 25 24 23 30 30 25 31 24 28 31 27 16 30 28 35 24 26 25 30 31 29 33 31 17 37 25 28 22 22 27 28 29 31 25 36 25 31 22 33 11 16 24 33 28 25 22 30 24 29 25 29 27 21 24 20 25 33 25 29 20 20 33 21 26 31 16 31 25 30 25 30 41 35 33 18 26 36 25 26
24 27 33 44 16 18 32 25 42 26 27 23 23 22 28 25 34 32 29 19 28 17 35 27 21 20 34 22 31 31 41 36 29 23 20 27 23 21 18 33 27 32 31 38 40 25 30 22 27 29 27 22 25 30 34 30 33 30 29 37 18 30 33 38 19 26 27 31 27 29 37 32 26 31 24 25 29 16 28 31 18 26 31 25 36 27 25 38 30 28 29 33 30 30 32 25 29 19 42 29
26 26 21 30 34 34 21 31 33 31 32 32 28 31 37 17 33 19 28 32 31 21 22 26 30 28 25 33 28 29 38 33 22 28 31 33 28 31 20 22 20 24 24 31 27 26 23 24 30 25 40 34 24 27 20 26 21 21 29 25 27 25 41 34 28 24 34 30 17 24 32 7 26 25 24 30 33 30 26 23 21 26 31 33 20 32 26 27 21 33 21 36 40 28 29 22 31 31 32 35
21 31 32 33 21 29 24 26 22 36 33 24 27 17 21 39 18 16 21 33 30 31 29 31 38 29 29 32 31 27 27 24 16 29 22 30 19 38 14 41 30 25 31 30 33 34 29 37 19 28 20 27 33 22 29 22 29 26 20 35 32 17 25 24 31 23 36 26 27 30 38 30 34 35 30 23 27 33 35 36 31 32 24 19 25 20 29 24 32 37 28 20 32 24 37 25 30 27 37 41
35 25 27 29 26 32 20 27 17 24 28 26 16 26 25 34 25 37 38 31 28 30 31 37 29 27 33 24 35 21 23 25 33 39 24 21 24 38 36 19 27 25 24 39 29 30 29 43 31 34 38 15 21 29 20 23 35 21 30 23 17 23 31 32 20 39 18 23 37 24 38 23 36 30 25 30 33 31 25 25 31 25 25 74 44 10 33 26 24 28 21 27 25 27 36 37 24 26 24 23
33 27 32 31 17 41 32 24 38 22 22 28 42 28 31 28 28 22 16 24 32 20 30 20 19 24 20 23 23 23 31 28 26 19 28 21 19 26 25 22 31 22 23 29 33 16 28 29 24 29 32 33 32 33 30 35 37 33 31 24 21 29 27 33 28 30 15 15 29 27 25 34 10 30 27 30 30 32 33 22 36 26 25 25 27 24 18 17 25 23 40 28 14 30 26 25 19 25 30 39
29 27 24 22 25 25 34 26 28 25 31 25 22 33 23 21 26 29 19 34 25 28 30 29 26 39 26 18 38 30 23 20 22 17 24 18 30 29 16 26 26 24 36 32 21 17 26 21 30 17 32 22 28 31 24 28 32 25 29 28 24 19 26 32 32 19 18                                 
