0.464285714285714 4494 21 16 12 22 32 20 20 22 20 27 20 18 30 25 23 27 28 30 26 30 24 28 22 20 33 28 33 30 18 26 30 20 23 20 28 27 24 18 14 19 26 20 23 27 25 24 21 19 25 26 28 16 26 23 23 25 34 26 23 24 25 17 37 27 34 22 25 30 24 24 26 29 24 22 20 22 34 33 23 23 20 24 22 20 35 19 27 18 22 36 23 24 18 22 21 25 25 24
37 23 27 28 20 19 31 29 35 20 23 28 23 27 23 17 24 26 23 18 20 28 20 26 27 20 22 23 23 21 22 23 36 21 23 18 25 28 31 24 23 17 30 23 18 28 23 16 29 25 24 25 29 24 35 27 18 30 28 21 19 22 22 23 22 24 26 27 25 22 22 24 26 22 19 19 22 19 21 49 23 31 32 46 14 23 34 22 16 23 24 36 31 24 35 20 29 13 25 24
26 22 24 33 22 20 30 38 33 29 24 18 27 33 20 23 25 22 25 26 22 19 27 21 22 28 28 26 24 21 32 23 31 27 25 24 26 32 22 18 20 19 21 23 19 19 19 19 11 26 18 24 19 29 25 33 23 35 20 14 23 25 23 24 20 24 20 29 30 33 18 21 23 22 34 25 22 21 16 23 25 26 27 33 22 19 22 26 22 24 29 30 24 20 27 25 21 21 20 16
16 10 27 23 29 30 34 34 19 31 26 24 22 22 30 21 19 27 21 30 26 24 24 25 30 24 21 20 20 23 25 30 18 14 24 25 25 20 19 33 19 22 18 19 14 24 21 23 20 28 24 33 30 26 11 21 26 20 28 27 29 26 15 21 32 24 19 25 20 24 18 29 27 27 26 20 32 31 23 27 30 25 19 30 25 31 29 16 23 23 22 26 25 8 27 26 27 35 12 18
29 18 18 18 22 27 26 29 24 24 12 16 19 25 27 19 22 21 36 25 25 32 30 18 27 19 19 24 32 26 19 37 24 19 20 28 30 20 33 31 28 21 20 28 22 19 18 33 26 29 17 28 24 24 23 21 26 22 25 31 24 20 22 24 32 20 20 22 23 27 22 19 37 31 22 25 14 28 28 20 29 30 41 23 39 20 29 23 25 17 25 21 34 23 28 31 14 16 27 28
25 23 35 37 28 33 24 20 27 22 31 35 28 22 34 19 17 31 25 8 32 31 33 26 30 26 28 24 16 22 22 31 18 28 23 22 25 18 11 23 25 24 25 25 27 28 28 29 33 29 18 21 27 19 20 30 22 26 26 16 24 27 20 30 18 17 25 21 15 26 20 25 23 32 23 28 25 25 25 24 21 28 21 32 28 33 20 17 27 25 28 24 19 27 25 12 27 30 18 26
25 17 22 24 24 25 27 17 20 18 23 10 16 23 26 23 20 22 22 17 24 24 24 31 25 27 31 26 20 24 38 17 19 26 29 24 24 26 26 28 22 24 29 15 33 16 20 26 31 33 25 16 31 24 16 35 24 30 22 11 21 29 27 18 30 32 23 23 19 24 29 30 28 26 24 18 35 16 22 18 30 13 25 23 20 17 30 18 28 22 27 28 28 23 19 11 27 30 24 28
25 19 25 34 20 25 25 21 34 21 21 24 23 17 32 26 23 26 23 21 33 29 26 31 23 28 21 18 23 28 36 20 28 21 25 25 35 26 25 19 20 27 30 33 19 22 28 20 23 25 22 31 35 30 17 25 30 26 21 19 17 26 26 24 25 25 18 28 25 32 13 24 26 19 23 26 20 20 31 20 28 23 22 28 27 22 21 22 25 20 28 25 26 32 35 27 29 25 20 28
15 30 28 29 28 26 29 17 30 27 32 32 30 24 17 25 24 28 24 26 40 16 31 21 20 29 23 23 15 22 26 25 23 22 25 26 15 29 21 24 21 26 37 18 16 19 28 22 32 32 28 40 23 19 26 21 22 26 31 21 28 20 27 21 27 25 26 16 31 24 20 23 21 19 31 13 16 25 28 30 27 25 28 26 33 26 30 15 18 27 22 28 10 19 33 23 30 26 24 16
23 28 32 23 14 20 30 22 14 23 23 29 31 29 22 21 32 23 29 22 33 25 19 29 24 26 21 20 28 14 21 21 22 18 21 19 18 29 27 14 22 31 11 22 28 20 28 27 37 30 18 24 30 20 21 22 31 35 17 25 24 35 21 22 23 31 23 18 17 20 15 24 24 20 23 23 27 20 25 28 27 25 22 25 33 27 26 21 26 20 16 32 19 32 17 30 23 27 19 20
34 28 27 21 20 17 31 34 28 22 21 14 15 26 27 29 25 18 21 23 27 26 16 17 35 20 23 30 29 30 33 27 30 24 23 18 18 23 32 20 15 21 25 23 17 19 32 26 19 26 21 25 24 26 21 30 28 22 21 21 14 19 20 32 22 24 20 24 15 20 26 24 20 27 29 17 21 27 24 29 24 21 17 20 15 15 22 26 27 20 17 21 33 29 23 23 26 24 25 19
29 27 25 25 31 26 22 18 22 24 18 25 30 28 15 19 16 28 23 20 28 17 22 22 25 35 19 28 23 32 25 26 57 26 22 25 23 28 32 25 27 27 23 24 27 19 23 26 27 19 20 29 31 30 27 26 30 30 25 21 18 24 22 21 22 26 35 23 31 23 26 21 29 15 23 26 18 35 29 26 22 22 31 24 19 14 20 19 26 20 28 24 31 17 35 23 24 28 29 21
12 27 25 20 21 22 28 21 30 20 32 27 37 26 18 27 33 32 24 22 18 28 22 29 29 14 24 22 25 14 24 16 28 25 25 22 24 24 39 19 27 20 24 19 29 25 18 19 28 17 14 20 34 35 24 27 21 27 20 23 31 25 25 28 39 25 24 16 35 28 30 16 28 20 24 31 27 27 29 28 29 23 18 28 22 19 19 18 31 31 18 23 27 37 20 24 19 23 50 9
11 79 25 50 37 33 33 29 28 19 20 24 29 23 29 22 20 29 19 25 20 21 14 17 33 18 24 23 28 27 37 19 18 24 25 26 29 27 26 26 26 19 36 23 22 30 24 25 25 34 30 21 24 19 18 20 17 22 20 25 30 20 16 20 21 22 27 17 26 17 23 24 28 25 25 29 26 24 39 28 31 26 29 24 28 16 18 16 27 15 18 26 24 20 34 34 23 19 21 30
28 30 27 30 18 25 26 30 14 16 32 31 31 27 34 21 22 26 24 38 18 19 24 18 16 31 26 21 30 64 40 19 20 28 21 31 18 31 19 27 25 21 31 47 19 21 20 21 22 28 22 21 22 21 22 21 32 26 18 24 20 19 19 22 16 22 33 15 18 23 22 23 19 23 30 21 22 19 29 26 23 14 14 19 12 25 19 21 28 26 19 24 25 21 16 31 29 27 26 27
31 23 27 23 7 27 24 27 28 17 28 24 16 26 33 17 24 23 27 15 25 21 27 22 25 29 31 17 34 26 30 26 26 27 22 27 20 18 27 21 19 29 34 27 20 18 29 34 31 22 18 17 33 35 28 28 26 23 19 17 21 19 21 21 23 27 26 30 27 26 22 31 17 22 28 22 25 32 22 22 15 25 34 35 20 28 18 24 26 27 15 24 32 32 27 18 25 28 23 33
29 23 24 25 16 22 25 23 20 31 27 27 27 36 34 26 25 24 25 21 25 20 20 29 25 28 30 25 17 35 15 20 25 40 23 22 22 28 18 31 34 28 23 20 28 14 22 26 24 25 34 12 27 26 18 29 24 31 20 21 20 27 23 25 19 26 20 18 32 21 20 26 26 15 22 27 23 33 23 26 26 19 16 25 30 23 25 25 13 26 26 29 9 26 14 22 26 27 20 30
23 24 23 28 28 24 18 31 26 25 22 25 19 14 22 22 18 24 25 23 15 22 25 15 25 23 21 28 26 27 18 31 28 22 24 19 30 15 19 20 26 22 19 23 26 25 27 26 21 23 21 29 33 38 29 29 33 22 26 15 9 25 19 15 24 17 22 24 29 19 30 17 25 25 34 23 24 16 31 36 15 36 23 15 28 26 22 27 13 27 31 25 19 23 18 9 14 21 31 31
25 14 22 22 33 19 23 20 25 22 32 15 33 12 34 33 26 23 25 40 29 28 24 31 24 36 37 26 22 31 30 23 37 32 23 19 28 31 35 21 24 19 21 26 28 27 23 18 16 20 24 21 23 28 23 30 26 24 26 28 20 21 20 26 25 26 27 34 22 16 29 19 35 28 26 21 26 25 27 20 24 31 17 28 24 24 27 15 21 29 38 33 31 26 18 34 29 19 29 22
27 23 24 25 26 29 26 28 32 21 29 30 26 17 27 29 26 24 21 26 21 24 17 24 23 28 18 21 17 14 25 25 30 28 25 16 38 29 35 22 26 22 21 26 25 30 32 21 23 26 32 20 29 29 28 29 26 24 26 26 20 29 25 31 33 20 17 18 30 26 28 19 20 17 22 22 16 19 25 16 26 30 30 24 16 26 25 32 27 19 23 27 20 22 19 21 20 29 29 40
22 25 26 23 26 24 29 25 11 16 26 27 21 16 27 24 26 26 17 21 26 23 29 18 39 20 15 15 18 28 17 26 30 25 22 25 31 27 17 23 24 22 28 23 23 19 19 36 28 36 17 24 30 19 28 21 18 27 24 15 32 24 27 28 25 25 20 20 34 13 23 22 22 22 26 32 18 21 27 36 28 34 28 24 24 26 13 25 32 19 27 16 28 28 20 26 29 30 29 16
23 20 21 28 25 25 26 23 26 26 27 31 21 24 30 17 32 23 14 20 19 27 13 33 27 21 28 23 21 37 44 22 34 27 25 26 33 25 30 31 28 12 34 26 28 27 26 18 30 31 25 23 24 27 36 31 21 31 24 20 25 21 22 18 29 23 23 24 19 23 23 30 17 22 20 25 29 19 26 29 35 17 16 36 27 27 21 23 27 30 21 21 20 28 22 24 23 26 26 26
11 23 21 16 17 32 23 25 27 29 35 24 31 24 21 26 29 30 35 34 21 29 29 33 26 29 28 27 22 25 28 19 24 23 35 24 35 24 18 25 32 32 21 14 27 34 23 21 21 27 21 23 21 23 23 24 24 29 21 32 18 21 23 19 23 22 30 34 48 17 18 21 24 25 22 25 22 24 28 22 25 25 27 27 22 15 16 34 28 22 25 24 32 26 12 30 24 28 21 29
23 19 33 18 28 23 19 12 26 25 23 27 29 30 31 16 28 20 19 31 25 22 19 20 25 26 27 29 35 22 27 24 30 28 15 15 22 23 19 28 24 14 15 33 14 23 31 24 21 29 28 16 22 22 24 34 42 22 22 25 24 22 22 30 22 27 20 22 36 26 22 25 19 27 22 13 22 20 22 25 22 26 25 20 30 23 29 22 28 19 21 22 22 30 20 34 29 18 23 22
17 26 24 22 19 20 15 21 20 21 24 19 26 30 19 30 24 31 23 29 20 28 16 23 37 25 30 27 24 31 15 26 25 31 13 23 28 11 26 13 27 24 31 35 29 16 26 23 26 28 23 31 33 17 24 28 24 25 28 20 17 17 30 16 33 15 19 33 29 24 12 33 32 22 26 30 31 14 17 21 28 25 24 23 23 18 26 22 19 28 30 23 18 36 30 15 37 18 19 19
20 22 24 31 13 36 29 35 18 36 28 19 23 27 23 22 32 23 29 23 23 30 26 22 22 21 28 22 30 25 22 24 26 27 14 23 28 40 23 23 16 19 24 26 24 21 25 25 18 22 29 29 32 35 15 32 16 25 20 20 19 27 28 30 22 25 27 25 13 25 14 20 31 26 27 25 19 29 25 34 27 23 26 23 20 23 34 27 24 24 27 28 19 20 32 20 26 33 28 24
17 16 17 24 17 19 18 26 32 23 33 25 30 20 20 31 30 21 28 26 24 20 27 21 25 15 30 25 25 17 32 20 28 25 23 26 23 19 20 31 19 30 30 28 24 24 26 16 25 30 37 28 28 24 16 38 26 19 23 24 34 30 26 19 19 24 23 23 25 23 25 22 19 20 28 31 28 17 21 27 25 27 27 28 29 15 17 19 22 34 22 27 21 18 20 17 22 23 14 28
19 18 31 27 25 32 21 15 19 22 20 22 27 26 25 26 35 30 20 19 19 28 20 15 28 21 20 16 22 31 29 23 26 25 23 31 17 22 15 29 25 26 25 21 24 28 23 36 20 24 22 34 19 28 36 26 26 20 27 29 23 20 22 22 23 17 30 14 22 27 24 27 21 24 24 25 27 29 29 17 17 22 25 23 17 28 27 21 20 24 16 26 20 24 27 30 22 26 25 30
30 21 25 23 17 19 29 21 20 29 25 26 28 29 20 19 32 26 32 31 29 32 21 30 22 28 20 29 32 23 27 26 19 25 30 29 27 19 21 21 32 20 29 21 26 21 20 19 27 25 21 28 16 29 22 25 41 19 24 22 15 16 19 24 23 29 32 23 24 20 27 27 30 32 19 21 23 30 25 29 18 28 23 25 20 24 26 29 11 29 27 27 20 24 27 19 31 11 21 35
30 18 21 19 22 24 36 13 23 31 21 16 27 28 30 22 26 27 30 20 26 29 28 22 22 22 41 21 24 28 23 30 20 24 19 21 27 30 18 27 24 16 31 27 27 24 27 24 31 22 25 31 21 26 37 25 19 19 17 9 20 28 19 24 26 20 32 21 21 23 26 37 26 28 24 34 22 34 23 28 19 26 25 22 23 25 16 20 25 16 20 19 29 18 25 24 15 35 16 29
27 30 37 21 22 17 20 20 25 18 20 22 16 24 19 27 24 21 20 25 23 25 32 27 21 20 31 29 22 32 20 28 28 23 29 28 18 29 25 24 26 25 27 23 31 31 24 17 25 24 24 30 27 24 27 16 29 36 19 21 21 23 26 25 22 32 30 21 23 27 32 18 23 18 15 22 28 26 20 18 29 24 32 22 29 25 34 24 21 29 16 23 30 19 19 25 20 35 14 33
30 20 21 21 27 26 25 22 22 27 18 24 36 17 28 23 31 22 20 27 27 35 20 30 24 27 26 27 24 22 14 24 23 20 26 21 31 21 34 26 30 23 32 21 20 30 34 18 25 13 28 26 30 22 21 32 23 33 23 28 25 10 24 34 31 24 16 22 23 25 24 26 29 24 17 20 25 25 27 18 29 24 23 24 32 25 27 33 21 21 22 26 29 35 29 16 35 20 29 14
24 43 32 26 18 26 26 21 21 23 22 30 24 21 14 26 24 25 24 21 25 26 18 32 31 16 24 22 17 30 21 33 23 18 35 28 27 31 18 19 20 18 15 25 27 35 25 34 35 29 37 26 28 27 19 31 34 30 28 21 31 29 30 28 21 29 17 22 30 28 25 27 23 29 26 22 20 22 16 28 32 22 17 25 30 24 15 22 18 37 25 20 24 23 16 24 23 23 19 24
27 38 16 28 19 29 21 21 26 24 20 32 29 29 20 35 31 26 28 17 17 29 11 27 25 28 26 25 31 27 26 21 34 28 28 27 28 22 29 28 27 31 19 39 28 26 30 26 29 17 27 31 19 31 22 22 29 12 22 23 33 39 18 28 30 28 25 23 29 24 28 18 30 19 35 23 26 17 22 30 22 28 30 18 33 30 29 32 12 27 21 26 29 20 23 22 22 31 18 23
24 25 26 20 17 22 31 32 29 29 28 31 22 21 21 20 17 16 32 31 22 19 22 20 20 25 20 19 25 26 31 28 25 21 15 24 19 22 29 22 12 18 31 27 20 22 28 22 24 32 20 22 29 24 25 19 18 25 22 25 13 19 26 20 29 14 19 24 17 26 28 24 23 25 24 35 25 22 30 21 23 17 21 28 28 17 20 31 25 23 24 20 19 20 28 31 20 34 27 35
22 26 27 29 23 22 28 27 30 25 25 25 20 30 22 29 29 23 22 28 12 30 23 19 19 24 27 21 33 20 25 22 18 26 22 29 29 27 25 22 26 13 30 30 35 12 9 18 32 26 33 20 22 22 20 23 30 31 23 27 20 19 22 28 17 20 26 28 24 30 25 24 28 17 22 22 30 28 25 32 33 27 21 27 41 33 27 29 28 26 25 25 17 23 20 14 24 31 39 24
33 20 23 28 31 33 20 21 21 22 29 20 19 23 16 19 17 33 32 23 19 30 32 29 25 22 13 23 28 35 15 29 31 22 25 18 17 15 27 33 22 24 31 29 26 25 20 19 30 25 22 30 19 24 22 21 23 28 17 34 23 26 20 21 26 18 25 35 23 26 21 27 24 27 28 32 31 25 27 22 27 22 17 21 22 23 28 19 23 27 17 29 28 30 28 22 20 24 27 34
28 29 39 34 29 30 24 17 29 19 17 24 27 21 24 21 42 12 28 26 9 26 28 25 34 19 22 31 23 15 24 26 25 26 14 19 17 19 21 34 27 27 27 26 16 23 27 24 27 27 23 26 28 23 23 25 31 23 16 27 22 31 26 27 24 21 16 29 23 18 28 30 27 30 26 28 31 22 29 22 20 32 25 29 27 14 24 23 24 34 30 26 23 13 17 27 15 20 18 28
24 20 31 24 30 26 22 27 17 25 21 27 29 12 22 21 21 24 25 26 27 15 33 18 24 28 21 22 25 22 24 17 37 25 24 30 31 20 27 18 23 21 36 19 21 26 21 35 23 34 24 27 25 26 17 17 24 18 30 21 23 19 21 25 24 23 25 16 26 36 13 23 21 25 24 14 20 26 22 28 22 30 29 18 30 29 24 25 29 19 26 24 36 13 23 24 23 36 38 27
31 19 21 26 24 33 27 30 13 29 28 24 26 18 24 23 24 20 16 27 31 22 19 27 26 23 18 27 28 28 23 30 25 26 34 29 27 32 23 20 28 26 9 28 18 30 13 25 29 23 25 23 16 17 15 18 23 20 24 24 29 16 23 29 26 28 23 33 22 26 31 30 31 31 23 22 25 22 24 25 17 20 22 25 18 35 21 20 24 26 27 19 23 27 22 27 24 21 35 17
28 30 19 27 23 27 26 17 22 22 22 25 22 31 25 27 30 23 27 15 27 15 27 27 28 24 19 19 20 24 33 27 22 22 25 21 20 21 37 23 26 30 30 28 23 34 36 21 22 23 27 25 17 27 25 28 28 21 24 35 26 24 30 10 19 23 21 25 24 32 25 26 18 23 30 19 28 19 26 28 30 25 30 33 20 20 22 27 29 18 25 31 19 28 27 33 17 23 25 25
22 21 19 20 20 23 27 27 19 22 23 31 27 24 16 13 20 18 24 18 28 24 21 24 26 20 26 33 30 27 19 16 28 26 34 21 22 25 38 25 30 24 26 24 18 39 23 29 22 28 32 35 22 21 20 22 21 30 18 21 21 24 23 19 26 26 26 28 19 21 26 42 25 23 26 28 21 26 28 26 26 22 23 20 23 26 23 27 18 26 23 30 25 37 26 31 22 16 23 25
25 28 16 27 30 31 37 30 30 27 24 15 31 27 25 27 25 30 33 29 42 22 37 29 28 28 26 19 24 30 22 28 29 26 29 22 15 14 22 31 20 23 21 27 23 26 20 27 33 24 39 18 16 23 20 37 34 27 33 18 15 32 23 20 21 16 19 29 26 21 25 26 25 31 29 27 7 11 32 18 40 25 24 22 22 29 23 31 20 24 25 21 21 19 30 19 22 39 20 28
38 23 26 21 27 20 24 30 29 31 23 27 32 26 25 26 26 27 26 23 13 29 13 13 9 10 10 15 12 8 13 13 13 12 13 17 19 10 10 11 11 17 16 12 12 14 13 20 10 12 13 11 8 8 10 10 12 13 10 13 18 13 11 16 16 13 20 14 12 17 8 17 9 11 10 5 12 19 13 13 12 10 13 11 12 14 12 12 14 8 15 11 14 12 16 12 7 9 15 12
19 16 11 9 12 10 13 11 6 12 11 10 10 10 16 16 13 16 11 16 10 15 6 14 19 8 11 14 14 13 16 8 22 16 11 14 13 11 8 6 14 11 13 4 17 15 13 7 15 8 12 8 7 14 9 14 12 16 6 10 5 14 13 10 12 13 11 14 11 12 5 11 10 10 14 15 6 9 10 14 11 9 10 11 12 13 18 6 16 12 8 11 18 9 11 13    
