0.344827586206897 5275 28 25 24 26 33 30 38 28 34 24 27 36 38 27 25 31 39 10 28 15 25 30 25 44 34 19 29 25 31 32 28 20 33 34 33 42 21 36 37 22 25 32 34 23 39 40 33 45 36 37 27 25 29 40 26 21 35 30 32 31 17 17 27 45 19 40 24 33 37 21 19 36 31 23 29 35 27 32 34 31 33 39 30 35 23 30 28 25 23 37 36 30 29 28 17 29 36 34
27 30 25 27 29 32 29 32 27 35 29 29 41 21 35 21 29 33 45 33 30 35 31 35 42 24 40 31 35 34 34 32 31 40 44 29 28 22 31 27 26 22 33 23 29 33 38 32 27 31 27 37 24 34 23 26 32 28 22 29 35 30 36 26 24 31 27 22 35 33 29 22 28 15 32 26 37 23 26 33 27 27 36 20 35 23 29 33 30 30 31 31 25 26 37 44 36 25 35 22
32 33 21 25 31 25 32 25 30 23 33 25 40 35 27 21 67 18 31 36 29 27 30 27 25 33 31 37 23 26 25 31 37 28 27 25 35 28 47 35 30 32 33 37 28 26 33 42 18 37 41 32 30 38 34 27 22 18 31 38 28 25 32 22 27 35 39 36 25 20 25 24 31 16 28 28 22 38 25 25 21 29 33 42 34 24 31 23 26 36 36 27 28 30 25 18 32 29 38 28
23 31 36 27 30 28 30 30 32 32 35 33 27 31 30 33 24 37 34 24 25 32 32 30 41 28 30 24 37 29 23 38 29 33 30 46 33 34 20 26 22 28 28 21 28 30 32 17 30 25 38 39 38 30 22 33 29 36 30 22 43 21 23 36 26 35 27 29 30 25 28 35 26 24 21 20 24 30 31 33 29 28 22 33 31 28 26 27 31 26 18 25 25 27 39 31 29 27 29 22
20 37 30 22 29 26 32 25 25 29 28 27 30 31 41 27 24 22 34 31 25 30 29 26 44 29 36 40 28 37 25 22 40 25 26 30 27 35 32 28 29 32 30 21 34 31 30 36 25 27 26 28 31 35 34 37 32 33 26 26 23 27 27 23 16 50 30 24 25 24 28 27 28 33 33 35 32 21 35 32 23 34 28 28 39 17 29 22 22 28 33 34 29 20 31 38 33 30 24 15
35 30 21 27 23 26 38 20 34 33 29 29 21 30 28 32 44 25 26 29 35 29 22 21 31 25 34 34 29 22 29 20 32 29 30 18 38 27 20 39 32 16 29 26 27 26 22 34 38 32 30 27 35 26 28 32 14 15 21 33 16 38 34 30 30 21 25 17 26 32 31 32 29 27 27 17 28 16 19 31 25 35 35 31 30 36 29 24 31 35 32 26 39 30 30 29 39 27 28 35
26 37 21 18 28 23 18 26 35 32 35 30 27 36 33 25 25 29 39 25 29 26 38 33 41 20 27 33 26 28 25 17 29 26 31 33 36 29 40 40 26 28 44 32 32 34 24 15 22 33 36 30 18 30 41 31 35 26 31 42 26 29 32 31 20 27 29 37 20 24 29 28 31 24 20 28 23 22 29 33 30 23 22 35 28 27 29 21 19 27 30 30 25 16 36 31 24 26 21 27
33 33 35 18 25 30 33 39 24 29 25 26 29 32 29 43 29 39 30 30 29 41 34 31 31 26 30 26 26 28 45 30 35 34 22 35 26 25 25 33 22 42 36 25 26 30 38 32 27 32 27 37 29 23 24 36 33 30 30 37 38 35 30 27 32 26 38 22 26 39 28 33 36 25 30 36 30 28 19 32 23 32 23 32 25 22 24 38 34 30 29 25 31 30 19 25 32 31 27 25
37 30 17 30 37 33 31 28 26 21 17 32 27 31 24 20 26 34 26 35 30 35 28 31 35 33 32 26 25 27 25 31 26 24 31 34 27 22 25 36 39 36 27 25 13 26 34 33 22 34 24 39 25 23 32 30 37 29 22 32 35 38 29 38 34 29 29 39 18 31 28 22 35 32 25 25 42 25 34 18 32 41 31 16 30 27 21 32 27 28 25 28 27 14 25 24 33 30 31 26
30 36 42 37 30 29 25 35 27 34 23 21 40 29 23 37 32 36 38 27 34 23 41 30 35 34 34 33 35 35 26 29 37 37 27 33 25 33 23 29 39 29 35 30 24 30 38 24 27 39 24 23 28 31 29 29 30 30 39 37 32 28 24 44 37 36 18 21 28 24 15 29 29 27 36 37 27 33 34 35 33 21 33 20 16 32 32 36 29 24 27 25 38 30 27 27 33 28 39 27
40 29 39 34 35 22 28 31 26 30 31 31 29 29 43 27 34 33 29 30 32 30 24 33 27 40 36 27 39 25 34 18 40 26 20 27 32 32 30 27 33 29 23 26 34 15 36 25 10 36 32 34 34 27 32 41 37 33 34 28 28 24 24 25 36 22 31 41 26 33 34 39 31 27 30 27 35 34 22 31 27 24 23 27 31 34 28 31 30 16 27 41 21 18 22 20 36 29 30 31
35 39 26 23 34 12 23 38 31 27 28 35 32 31 28 39 24 20 31 25 31 29 27 33 33 28 24 32 29 31 23 29 30 28 29 31 34 36 40 33 31 19 33 31 27 34 31 30 26 26 28 19 42 25 40 23 28 26 27 32 22 45 36 30 36 34 45 35 23 26 33 36 23 31 30 28 30 31 23 24 34 30 28 22 33 20 39 29 25 29 38 31 30 32 32 30 23 24 28 29
33 31 35 17 31 35 26 31 30 26 30 29 36 30 23 42 24 24 26 32 26 33 31 38 30 36 28 39 22 32 23 27 32 31 33 27 33 33 26 34 19 32 32 19 34 31 25 17 32 24 25 29 36 41 22 30 27 30 21 40 25 38 38 35 34 34 18 36 38 33 33 33 31 19 38 27 32 30 31 22 30 22 25 29 26 27 24 27 25 33 38 34 39 26 27 33 28 40 19 31
31 27 27 33 22 30 41 42 22 28 25 27 37 37 33 26 27 40 32 24 29 28 24 31 26 23 41 16 23 26 32 31 22 35 25 20 31 32 37 33 30 30 31 28 25 29 25 30 26 34 32 23 23 21 26 27 37 26 23 34 24 36 40 31 28 29 26 28 23 32 32 41 20 31 32 24 29 28 20 19 32 44 21 33 32 25 33 27 28 48 28 21 25 32 34 27 29 31 25 27
30 33 31 32 28 28 29 27 26 34 31 25 31 37 37 24 18 30 20 24 25 44 47 38 8 56 53 28 30 37 39 29 19 35 25 17 23 19 20 27 24 27 26 25 26 22 24 29 34 27 25 29 41 23 32 9 30 29 26 19 31 26 35 31 32 21 34 36 23 22 27 34 18 24 29 33 32 32 29 28 28 26 35 28 35 28 30 26 27 28 27 29 36 30 36 25 34 45 39 32
23 23 32 31 32 43 25 24 30 27 25 30 29 27 39 26 34 35 41 26 33 26 28 35 24 18 24 28 35 30 28 32 28 42 26 27 17 35 30 42 37 31 27 31 34 31 27 26 38 27 38 30 25 31 32 19 28 45 29 26 31 33 28 29 30 29 36 30 43 44 31 26 20 43 30 27 35 27 26 36 26 40 26 32 39 17 29 22 27 46 26 27 38 24 46 27 37 34 24 35
24 34 24 30 22 32 21 53 84 47 42 40 26 29 26 26 32 35 27 28 30 32 29 34 24 22 27 34 28 28 27 26 27 39 26 32 40 34 27 39 31 27 26 37 34 30 31 34 33 27 27 34 31 25 29 31 31 37 28 31 29 33 27 28 21 45 27 30 29 35 35 25 46 25 29 34 29 26 39 29 25 32 31 34 13 32 24 30 28 26 23 27 29 26 31 30 26 18 29 26
30 24 27 30 33 31 34 52 34 22 27 32 24 31 30 31 36 35 36 27 25 28 28 24 35 32 24 25 25 22 33 36 26 32 28 20 37 33 26 10 26 21 17 35 39 33 24 30 32 23 29 23 19 32 29 27 20 33 30 29 27 21 31 26 22 36 30 31 26 33 27 42 25 29 19 23 30 31 34 30 26 34 24 32 29 31 43 28 34 33 42 24 29 13 25 27 29 31 29 32
36 27 24 34 31 29 32 34 29 35 33 29 33 22 30 25 23 28 23 27 34 29 25 38 25 24 14 18 35 24 33 30 39 14 34 35 41 25 16 26 34 23 18 34 30 36 21 35 25 26 23 28 29 27 31 29 36 24 29 34 33 32 43 20 27 30 31 36 35 26 29 29 33 29 22 29 27 25 25 22 26 33 30 33 31 24 30 31 39 26 33 41 18 30 34 37 21 24 34 27
32 21 19 25 31 29 25 25 32 32 32 30 26 32 29 30 29 29 32 22 34 33 39 32 27 27 30 22 30 27 20 36 36 24 37 30 27 29 14 32 31 32 21 25 32 32 29 49 38 25 23 29 27 27 28 22 21 25 33 25 28 34 26 23 26 25 30 16 30 27 28 22 26 23 22 43 21 26 20 24 25 31 30 38 40 24 34 34 29 18 43 34 25 22 28 31 33 22 13 31
31 33 27 33 36 32 30 34 40 35 30 19 30 37 34 28 34 23 58 33 15 30 21 42 26 32 26 22 30 35 24 29 25 24 32 32 27 28 31 34 21 27 37 25 30 22 19 38 28 37 26 26 33 22 24 36 28 41 28 27 23 36 36 26 24 24 33 27 31 30 25 35 27 28 32 31 24 28 30 28 33 33 22 26 20 35 24 29 16 30 25 36 31 34 37 25 29 32 30 33
26 26 30 36 31 30 23 36 22 22 28 22 32 39 32 20 44 33 22 20 23 37 29 37 37 26 35 37 29 42 34 32 37 36 28 32 39 27 25 31 28 24 28 25 24 24 28 25 32 24 37 28 28 30 28 25 30 26 29 31 26 28 27 23 29 39 26 31 23 30 25 23 37 27 28 32 31 31 20 27 33 29 29 34 33 37 32 32 34 35 25 35 23 28 24 19 21 24 28 28
25 27 25 40 32 28 34 37 29 25 27 23 40 24 18 38 28 25 27 22 26 28 34 25 31 29 28 16 34 21 22 30 24 26 30 19 42 30 45 32 32 35 30 32 35 33 22 37 35 29 25 24 26 40 21 26 22 32 37 28 31 34 30 23 29 33 26 28 21 28 16 27 26 34 31 26 31 24 17 26 32 27 33 26 29 33 36 27 23 28 20 25 31 20 26 30 26 29 39 22
28 38 36 29 29 35 36 33 26 33 24 25 28 31 32 26 35 31 36 37 31 44 33 33 34 32 22 30 28 39 32 32 34 34 32 33 16 40 27 20 19 23 39 27 32 21 26 25 29 20 44 22 30 19 25 34 25 20 26 37 29 28 33 39 38 26 26 32 20 31 39 29 26 30 27 26 35 33 30 39 22 26 33 31 30 28 24 32 46 28 32 24 32 24 26 21 31 30 34 24
26 24 30 28 38 39 30 36 27 33 27 39 35 29 32 33 31 22 26 29 21 27 23 28 34 36 28 37 34 25 32 25 26 34 30 18 34 29 30 27 27 38 39 30 27 34 27 24 32 33 26 21 25 27 29 32 32 26 31 26 25 27 27 37 26 32 27 31 32 29 30 38 26 23 40 39 35 44 35 30 31 27 33 31 33 24 34 37 30 38 33 26 29 26 23 26 31 27 32 27
28 36 30 22 27 26 19 29 33 26 29 27 26 18 35 25 29 24 26 36 22 32 31 33 35 23 32 29 17 37 29 30 27 35 35 36 31 27 22 27 25 28 23 30 33 31 24 23 31 30 28 36 35 32 43 35 30 34 28 27 26 28 39 18 33 40 24 29 19 38 29 37 21 39 32 31 33 26 26 33 28 34 34 23 28 23 30 35 25 26 24 43 36 27 24 31 24 34 37 33
26 27 29 44 21 15 69 79 46 23 33 29 33 26 32 30 36 34 21 29 27 22 30 36 26 27 22 32 33 35 30 35 34 29 30 30 27 27 31 23 38 31 22 25 24 20 35 36 33 27 30 26 28 29 29 29 15 36 32 37 35 42 23 28 26 31 34 23 24 31 31 27 40 35 32 34 32 26 24 32 29 33 27 25 25 36 28 36 37 33 34 43 26 31 27 31 40 32 45 26
34 25 29 32 44 31 26 25 31 24 37 27 35 20 43 39 31 24 34 29 14 28 31 26 26 38 38 26 30 35 29 36 35 30 29 32 19 29 19 30 24 34 29 35 19 33 31 35 25 30 19 39 27 34 25 18 28 29 22 32 33 25 28 19 29 33 23 28 29 28 28 26 19 27 31 21 31 33 16 32 26 22 32 28 23 22 31 16 32 35 28 39 30 30 29 33 29 25 36 24
25 31 22 29 22 37 19 22 30 26 30 34 26 30 35 28 34 33 30 27 26 23 25 41 31 31 36 27 29 37 33 35 27 9 32 40 32 27 25 33 22 26 21 42 36 35 34 29 28 29 24 23 35 42 19 32 40 27 33 30 31 29 34 22 26 29 12 29 36 33 43 25 30 25 20 27 28 29 32 38 20 32 34 29 22 30 27 37 28 28 22 27 31 28 24 25 24 32 28 33
25 39 41 33 37 34 27 27 23 32 30 21 23 25 32 36 31 41 29 31 28 26 32 29 29 32 30 20 37 34 31 38 25 23 37 33 29 29 37 27 22 32 31 29 44 38 18 31 31 31 29 26 22 33 25 33 27 45 28 26 19 30 23 37 30 29 31 23 26 26 23 24 38 33 26 25 37 47 22 27 26 22 24 29 24 21 37 24 24 25 25 29 32 23 34 30 33 25 26 35
26 34 31 30 28 26 27 24 28 25 25 39 28 26 33 28 31 29 30 35 38 25 34 37 30 34 28 28 27 27 26 18 29 29 28 35 32 23 28 30 25 33 28 24 35 21 33 25 30 27 35 40 31 27 26 33 23 45 33 31 30 30 25 29 34 29 25 27 30 26 26 26 30 31 29 27 32 24 39 27 34 27 26 29 47 31 31 34 31 24 28 28 46 30 26 38 31 32 29 14
30 39 20 30 28 20 27 32 32 36 26 40 26 31 37 27 27 28 35 22 37 33 34 25 29 28 32 36 27 31 35 25 36 35 27 19 23 28 30 29 36 40 34 21 34 20 35 38 30 39 33 32 26 17 29 30 36 21 38 34 28 26 21 23 34 25 23 36 30 23 23 24 27 37 31 33 32 25 28 25 32 27 31 36 27 30 34 29 31 36 28 28 43 34 25 31 20 21 21 26
24 30 27 20 37 32 17 35 31 23 23 23 28 33 27 22 32 23 24 31 28 34 25 32 26 30 25 30 35 24 23 32 32 43 30 34 25 30 31 24 28 41 41 29 35 38 34 26 29 14 26 32 29 23 30 32 45 39 28 29 31 31 43 34 33 36 22 32 26 27 19 35 29 30 27 35 31 41 31 41 26 24 23 40 32 25 45 34 42 37 26 25 35 32 34 34 28 30 21 30
29 30 21 37 30 40 27 28 26 28 44 37 19 36 26 38 29 29 25 25 21 35 42 35 34 30 38 24 33 30 29 29 29 28 29 36 26 31 30 31 19 27 27 32 30 36 25 32 28 17 28 34 30 30 26 37 35 38 27 26 31 21 27 27 28 21 20 28 41 36 29 25 28 34 33 32 31 39 24 29 25 28 34 27 21 30 35 25 31 27 26 34 19 21 24 31 29 35 32 22
26 32 27 29 26 28 32 24 39 32 27 36 30 32 22 16 38 41 29 26 34 29 27 30 25 30 35 29 32 30 30 29 31 32 25 23 32 41 37 41 36 20 31 23 33 31 25 19 31 41 20 32 38 24 25 27 28 37 29 31 30 28 35 39 37 26 28 29 31 31 32 29 32 21 37 34 21 12 22 33 27 31 21 23 37 34 34 33 26 25 23 29 36 22 19 31 26 25 19 27
39 36 36 36 43 35 24 17 22 29 23 49 20 34 28 33 39 36 35 25 24 33 28 27 36 28 29 38 34 15 26 25 35 24 25 37 29 12 27 30 31 27 29 25 22 26 41 24 26 29 23 29 38 28 15 22 27 26 32 28 24 22 26 32 24 41 26 25 24 31 26 33 31 22 20 20 33 29 28 21 27 21 30 34 23 27 24 25 35 26 29 36 29 22 30 30 24 34 27 38
30 29 28 32 30 32 33 25 31 36 30 25 31 21 34 22 25 29 28 35 32 33 25 26 29 23 34 36 36 37 27 29 26 20 24 32 37 27 41 29 36 23 26 29 36 24 28 30 29 37 32 40 35 37 28 28 25 23 39 30 37 32 31 24 29 25 33 25 29 34 40 32 34 22 25 27 41 31 43 27 27 26 20 29 50 26 33 39 26 27 26 29 32 28 31 24 12 34 27 18
24 32 34 28 32 29 27 22 33 30 32 28 26 28 28 24 24 19 24 36 37 29 23 19 34 34 35 30 28 32 34 34 29 39 34 30 31 31 27 32 17 34 20 40 35 43 27 29 36 23 26 26 37 30 28 25 37 34 24 30 26 29 35 30 24 15 32 30 28 32 27 27 27 26 28 29 33 30 25 26 28 27 36 28 29 31 42 28 21 33 35 35 32 29 35 30 27 43 23 21
30 30 22 27 42 24 34 20 35 32 35 30 20 19 27 28 27 32 26 32 32 37 31 26 30 25 31 33 30 26 25 37 38 26 25 22 24 26 37 32 37 23 38 28 36 15 28 26 24 31 38 30 25 31 41 33 28 33 26 31 23 27 17 34 22 36 36 29 25 21 31 36 30 38 33 27 19 34 32 35 38 35 27 18 29 25 37 29 31 35 29 25 33 32 35 28 26 31 22 19
29 29 21 34 27 24 22 28 24 22 29 32 23 24 31 36 24 23 23 30 34 27 28 35 34 26 29 23 29 32 29 25 43 29 29 30 24 35 22 36 26 31 26 31 36 29 22 24 18 36 37 32 25 30 33 23 34 31 29 39 31 35 11 31 26 30 34 33 45 32 32 37 21 32 33 41 39 33 37 31 32 26 36 31 30 32 35 19 20 26 49 39 30 45 20 29 35 36 25 29
39 37 31 36 27 34 32 34 31 24 34 31 31 36 36 31 50 27 35 21 29 28 29 35 24 30 23 34 31 33 28 45 27 27 33 23 36 25 29 35 33 34 43 24 21 39 28 35 32 37 37 23 34 40 32 36 40 28 35 30 27 26 27 26 22 42 30 34 34 34 33 24 30 25 35 36 30 35 37 26 24 25 23 34 24 33 39 39 27 35 25 28 32 21 35 29 25 41 27 28
28 38 28 32 19 23 34 32 32 22 45 38 23 21 34 29 30 30 27 40 24 36 34 32 33 27 25 30 34 28 23 17 28 33 31 31 28 25 25 39 28 21 27 37 33 33 28 30 32 33 27 34 27 30 28 33 26 38 30 30 26 30 36 27 22 29 29 28 26 27 26 32 46 29 25 18 30 30 33 35 25 32 27 25 28 32 38 28 33 33 36 34 34 32 24 28 30 43 35 36
44 23 30 23 31 37 37 26 33 31 25 30 32 27 41 29 28 30 32 38 27 29 29 24 31 34 41 39 28 23 30 31 29 32 37 31 28 33 25 29 28 21 38 23 34 41 44 38 28 29 46 22 23 25 21 26 32 30 27 40 32 35 27 23 34 20 29 27 41 28 26 37 30 29 29 21 29 23 38 22 35 38 29 28 24 27 35 34 26 39 29 26 23 35 30 31 22 24 32 31
23 25 24 27 27 26 29 25 34 20 31 28 42 27 27 21 25 24 33 32 23 31 35 33 33 23 32 24 29 34 24 35 30 25 29 30 28 29 22 35 23 24 42 29 28 34 34 26 35 29 37 40 23 35 22 28 33 22 46 22 26 29 24 30 33 46 34 36 34 32 24 35 26 18 20 25 25 26 31 25 37 28 40 37 39 26 25 42 28 30 33 19 31 26 38 18 33 30 32 37
35 29 26 26 31 24 18 28 31 21 34 34 34 42 32 34 33 28 29 25 36 32 31 24 24 39 24 45 31 27 31 37 27 36 25 35 33 30 33 35 29 23 27 29 33 32 30 30 22 40 23 27 33 24 22 30 19 40 31 30 25 35 35 26 31 29 22 27 35 46 27 35 37 24 23 30 25 20 30 21 29 32 26 35 29 26 38 25 26 34 30 36 28 27 25 28 40 31 38 25
32 31 34 31 41 40 32 38 30 32 37 29 36 23 25 36 23 37 34 48 34 29 24 51 35 29 30 33 27 33 31 30 33 24 34 21 22 23 27 29 31 20 28 20 28 27 30 29 33 21 25 26 25 18 30 28 31 38 24 24 32 29 33 28 30 25 26 30 38 28 18 29 34 25 29 25 29 30 33 31 37 32 33 29 27 29 29 30 30 18 31 38 29 19 28 24 28 32 29 21
38 26 31 37 27 27 22 26 28 31 26 33 33 25 25 37 26 25 29 27 23 36 32 32 32 24 33 31 22 17 19 23 39 28 32 21 24 32 33 33 31 21 20 22 17 30 16 20 35 19 28 23 31 40 38 31 24 25 39 26 35 19 21 21 33 26 42 31 29 35 29 25 32 26 29 23 30 25 25 27 28 26 25 24 38 45 26 24 33 30 34 22 19 23 37 34 31 23 23 26
18 28 40 39 23 27 38 28 27 30 24 33 30 32 33 26 30 26 37 39 29 22 34 27 36 34 28 26 36 34 28 31 38 31 31 31 27 17 29 28 30 19 30 28 26 24 28 22 31 24 24 11 31 30 21 27 28 33 27 30 31 29 19 21 27 29 27 28 30 40 30 38 23 39 34 26 30 26 31 24 24 19 23 31 44 35 20 29 35 19 43 32 30 35 23 40 41 25 25 35
40 26 41 38 23 32 23 33 45 28 37 35 31 40 26 19 29 29 26 26 26 42 23 26 27 29 34 28 30 41 23 19 22 22 30 40 23 34 29 27 27 30 29 34 36 27 41 26 36 39 27 28 28 21 35 34 29 33 22 37 24 37 29 39 38 37 38 26 28 38 33 29 45 33 27 27 31 26 34 30 23 19 41 29 27 39 39 27 34 31 28 20 39 43 27 30 26 36 34 20
35 23 36 21 29 31 35 32 30 26 35 30 27 24 30 30 20 34 32 30 21 26 26 32 28 24 47 44 10 42 38 30 37 36 33 33 36 22 34 26 34 31 25 36 31 15 24 37 26 22 26 38 25 22 25 29 22 39 27 21 40 30 34 29 30 28 32 26 24 34 27 31 37 36 27 32 25 20 34 28 33 20 39 31 31 34 25 34 31 25 23 32 38 31 33 32 34 23 25 31
24 31 30 39 30 15 33 29 31 39 26 21 32 33 23 31 36 32 27 24 28 36 25 50 37 30 29 26 23 46 34 36 26 35 25 36 21 42 26 29 22 19 27 33 17 14 16 15 19 9 12 8 9 24 10 12 19 11 21 13 18 16 23 8 17 6 13 10 17 7 12 21 18 9 17 11 31 16 9 8 24 10 23 16 12 16 15 10 18 12 14 9 22 16 16 11 7 16 20 11
13 11 22 18 14 14 18 18 14 14 18 14 16 23 10 18 8 16 15 9 16 16 19 15 21 12 15 7 12 13 21 9 12 22 20 8 15 17 20 17 12 11 18 13 9 12 16 17 14 7 19 12 17 13 13 10 18 11 14 13 19 14 10 23 17 16 10 16 15 17 9 17 9 20 8 15 13 18 19 19 18 14 11 16 6 14 18 20 15 16 16 10 12 8 14 12 16 12 23 17
18 25 12 15 14 15 10 17 12 18 9 10 16 12 13 17 15 20 15 8 22 10 16 13 15 21 16 19 19 17 18 18 19 15 18 10 20 11 14 8 16 13 12 18 22 14 11 19 8 17 12 10 8 9 13 16 15 14 14 19 15 15 16 13 14 12 19 13 15 16 16 18 8 12 8 14 5                       
