0.384615384615385 5525 36 34 23 32 35 35 30 42 38 47 37 27 32 34 35 37 46 49 40 31 24 28 33 28 35 39 43 20 111 104 32 23 30 36 31 37 38 22 18 38 46 28 36 35 43 33 38 32 27 37 31 24 27 38 39 39 35 42 45 29 38 25 41 34 42 35 41 40 30 31 46 46 34 32 31 32 34 34 31 42 41 38 28 41 37 28 31 29 26 30 32 27 41 29 35 32 41 34
36 35 39 43 30 39 41 25 28 34 29 32 36 23 39 38 35 35 40 29 33 41 38 45 42 28 45 39 36 30 41 37 37 33 21 26 32 36 29 26 29 30 35 39 32 45 28 47 35 25 25 32 40 39 30 34 34 29 35 32 32 67 35 24 28 27 35 26 37 32 37 41 24 26 33 29 46 56 30 32 32 16 31 39 44 42 46 41 33 34 40 31 47 39 38 30 27 40 31 30
27 29 31 36 27 37 37 27 49 39 36 17 68 31 70 30 56 34 48 49 37 32 35 36 43 42 29 28 28 19 36 32 36 40 45 35 36 34 25 51 30 38 13 47 29 35 33 24 33 31 32 34 40 36 27 37 30 45 35 30 28 35 35 35 38 42 35 38 38 38 31 33 41 22 23 31 20 35 29 32 33 26 28 29 32 43 34 37 28 30 28 28 40 27 30 28 30 48 34 35
30 33 37 32 42 38 27 33 50 14 22 34 33 36 36 31 32 35 27 46 25 30 36 31 34 24 33 30 45 40 39 31 28 32 42 36 36 32 21 41 31 42 36 31 27 33 45 33 25 30 26 23 36 31 32 29 25 39 37 25 36 35 34 30 37 35 22 34 41 34 25 35 39 31 44 39 29 38 21 39 35 41 45 32 33 30 37 33 34 37 27 38 28 31 28 33 44 34 39 29
30 38 25 36 36 40 30 33 25 35 36 20 41 41 32 34 31 33 29 46 33 33 38 24 32 35 34 35 34 26 39 41 21 29 37 33 32 36 30 25 35 40 30 34 28 38 30 27 36 27 38 32 41 37 35 35 40 37 33 30 27 35 36 27 32 46 33 26 39 39 45 14 41 37 30 35 36 33 29 30 36 40 38 39 38 44 32 24 22 30 33 36 38 35 34 47 21 35 50 30
29 45 45 29 34 38 32 21 23 56 41 42 40 37 48 23 48 43 35 28 33 24 48 32 39 29 23 46 44 35 32 25 46 41 29 30 36 35 29 27 35 31 17 24 22 29 30 42 38 31 31 27 36 38 33 31 30 35 26 29 28 28 24 39 39 42 32 47 40 30 36 40 25 47 40 34 30 27 23 31 39 25 29 33 44 32 29 30 27 37 37 29 30 37 39 40 37 28 24 29
36 31 38 34 42 45 36 20 34 34 25 28 30 28 40 43 28 36 31 36 36 36 39 28 38 40 36 37 42 45 32 30 40 32 32 26 41 36 45 30 23 29 37 32 28 40 39 28 35 34 47 34 39 22 33 38 32 41 41 28 33 28 32 43 35 35 39 34 25 31 34 37 41 34 43 34 24 27 38 30 29 39 25 24 30 32 30 32 40 24 39 38 33 38 25 35 41 26 41 21
22 41 34 29 23 37 32 40 25 36 31 37 31 30 31 34 29 36 30 28 38 27 33 27 29 22 46 30 39 37 37 39 33 26 33 38 36 23 34 42 35 39 20 48 48 23 40 41 35 36 16 43 40 29 31 34 27 31 40 39 35 37 44 31 50 42 29 27 31 37 41 40 23 36 45 36 35 34 47 46 32 29 32 48 36 29 32 35 47 37 26 49 39 27 26 48 31 35 28 51
30 31 31 36 35 30 36 33 30 31 30 21 27 27 25 31 29 26 34 32 22 41 38 35 38 35 39 24 45 13 26 45 25 24 34 38 37 30 36 32 38 30 41 26 32 37 21 34 29 35 34 34 44 36 35 29 31 40 39 32 34 29 29 41 37 24 37 41 39 39 26 45 28 35 28 36 31 29 21 39 41 50 19 46 35 32 40 30 36 40 35 35 34 36 54 37 44 35 24 33
36 38 25 35 28 47 43 33 31 41 38 26 34 31 30 29 41 34 43 35 24 31 31 36 35 40 39 47 32 28 38 35 40 29 42 33 36 28 25 44 33 23 28 30 28 41 36 44 42 39 27 32 44 30 33 38 32 34 25 36 31 36 37 40 30 29 28 31 31 36 34 28 37 16 34 24 43 33 38 29 39 31 34 37 46 28 39 40 35 13 35 25 30 25 42 38 37 31 47 37
32 35 25 35 39 27 30 36 35 40 29 31 41 25 34 26 39 26 11 23 35 38 31 29 46 36 44 28 28 37 33 38 28 35 32 29 32 39 46 26 37 22 46 32 27 35 35 40 28 28 44 35 49 48 29 28 28 32 35 22 19 31 38 32 34 26 28 30 27 35 39 44 24 25 29 43 44 34 28 40 33 28 31 27 44 28 32 41 39 34 44 33 32 25 31 40 24 35 32 30
34 28 31 38 34 33 19 45 33 37 28 42 32 19 26 40 36 31 37 40 43 33 36 24 41 41 40 37 43 38 36 25 31 36 30 36 31 36 37 38 34 35 37 28 41 46 46 25 29 21 33 31 31 19 39 23 31 29 30 37 44 27 34 37 26 44 36 33 39 50 33 27 41 33 36 30 31 29 31 33 42 30 28 29 38 45 34 32 36 36 33 36 36 42 35 40 35 35 25 30
33 52 31 27 36 35 41 31 34 31 18 38 26 29 38 50 49 36 33 45 36 24 38 40 28 39 38 44 25 37 32 30 29 43 25 46 42 32 34 41 32 32 44 26 35 36 34 27 36 33 27 29 29 30 35 32 27 29 28 38 42 30 36 27 41 34 34 34 38 29 37 36 40 36 27 39 36 42 32 36 35 38 35 24 28 45 37 42 32 33 25 32 34 36 31 33 39 26 47 46
28 31 32 39 30 31 33 28 42 23 38 37 30 52 38 36 25 38 34 30 29 41 39 37 29 34 23 28 20 31 47 29 27 33 29 42 45 29 39 32 35 47 34 41 44 28 33 31 31 29 42 36 28 23 30 21 36 32 44 48 25 28 37 29 39 40 26 21 48 37 47 29 35 39 38 35 31 32 29 44 45 34 32 34 27 42 41 41 38 19 40 38 29 40 31 34 35 34 33 35
32 32 35 33 56 55 48 28 20 33 27 34 36 58 31 38 42 38 36 26 28 32 30 44 33 37 31 36 28 33 29 39 34 30 45 39 35 43 47 30 24 28 25 32 38 26 33 26 44 36 24 37 30 24 32 28 42 42 39 32 27 36 34 38 43 44 38 37 51 32 44 29 27 47 27 32 34 28 30 31 27 42 30 42 39 42 19 36 46 51 34 42 32 39 34 38 28 34 37 44
33 41 32 41 30 30 37 26 45 39 26 22 37 27 35 35 38 46 42 45 45 34 44 35 24 43 38 35 24 20 28 34 38 31 33 32 30 33 40 32 31 35 47 36 28 29 93 83 111 115 81 57 34 39 30 43 28 54 30 35 19 33 35 29 31 35 38 32 38 31 43 19 30 47 44 43 52 31 25 34 38 31 34 32 41 33 20 36 28 31 42 29 35 31 34 26 33 44 38 40
39 29 25 39 33 35 35 43 27 36 29 36 38 30 32 42 42 42 33 37 39 43 38 43 24 33 32 33 44 36 34 38 35 36 35 33 38 40 33 35 34 42 37 38 35 42 22 37 36 45 32 39 45 16 38 33 31 32 33 35 24 30 54 33 37 41 32 36 36 37 37 31 28 27 36 46 34 40 28 36 33 44 47 36 34 32 37 30 27 39 30 37 31 40 34 37 33 37 34 42
28 38 31 37 36 36 35 34 36 26 39 36 29 35 34 35 32 35 32 27 39 15 34 36 36 21 38 28 33 29 34 52 36 42 41 44 38 33 41 34 34 41 27 28 29 64 48 48 47 52 55 55 24 45 35 26 38 39 35 32 39 32 34 35 40 31 38 45 34 42 18 42 34 34 39 33 37 39 23 42 45 36 26 23 45 26 31 26 45 31 39 33 33 39 37 41 24 41 23 36
30 23 41 41 28 41 31 32 40 42 38 39 34 38 33 26 38 28 38 31 29 31 45 49 48 29 28 41 29 33 32 29 22 26 27 39 43 32 37 36 31 36 34 30 34 24 23 42 29 34 38 34 32 35 30 39 29 28 18 46 26 50 33 40 39 42 20 43 29 29 47 40 38 41 38 36 30 37 22 40 31 31 29 37 37 48 49 40 30 34 34 30 24 41 44 33 35 37 35 36
33 28 30 37 26 30 35 40 35 32 37 33 37 36 39 46 28 23 28 37 35 28 23 50 36 44 30 28 41 32 32 32 30 38 29 39 36 36 31 38 40 21 33 34 34 32 40 35 33 40 40 37 29 34 26 34 44 37 30 26 27 30 33 35 29 39 38 33 31 44 40 35 28 46 24 39 29 37 31 18 34 38 44 35 35 29 42 24 32 38 29 38 44 32 35 36 28 39 29 29
44 25 22 43 36 36 31 35 39 36 46 40 42 27 29 52 35 48 34 27 43 36 44 30 24 25 42 39 39 20 44 36 32 30 41 52 38 32 29 35 37 40 27 34 33 28 28 37 27 38 31 38 32 22 34 27 32 33 47 39 34 34 35 31 36 35 41 34 39 23 31 39 31 47 23 44 45 28 34 29 48 39 32 44 41 31 34 40 29 36 33 38 41 29 40 37 42 37 42 41
20 45 40 40 27 41 47 29 31 33 32 33 45 32 39 38 29 30 30 30 28 40 36 41 46 34 38 33 28 38 46 38 45 30 25 28 31 53 37 36 27 41 32 43 32 37 17 24 30 37 40 37 39 30 31 43 30 34 37 38 35 31 30 36 23 43 35 37 40 21 33 48 32 31 32 20 48 38 38 20 41 46 36 38 44 38 37 29 45 36 36 34 28 29 33 24 43 28 38 28
35 34 34 35 34 33 34 29 32 30 29 28 35 38 20 35 37 32 38 35 35 29 34 20 31 32 29 42 32 33 30 28 37 24 40 52 48 36 33 40 39 46 46 37 28 33 25 35 34 33 32 32 27 35 31 40 40 34 18 37 40 27 34 29 29 28 40 30 37 38 40 38 27 42 36 45 41 36 38 27 38 19 30 31 38 27 33 51 36 28 37 33 35 37 34 32 41 36 38 44
36 34 19 28 41 29 32 47 36 36 33 30 36 32 28 25 42 25 34 41 32 26 38 33 31 35 46 33 24 29 24 29 34 34 42 36 27 34 33 35 34 43 29 34 37 28 45 36 26 27 29 41 34 40 34 30 42 36 31 21 22 46 21 31 32 48 40 37 26 31 33 36 32 34 34 26 40 28 20 28 36 24 30 28 35 35 38 40 33 32 40 33 32 21 33 33 18 71 12 8
26 27 36 27 34 41 38 24 33 13 42 27 30 42 28 23 30 27 35 29 41 46 22 31 26 32 45 38 34 51 34 41 31 28 31 24 36 33 30 32 29 29 14 43 31 27 34 23 28 35 27 38 47 24 31 40 28 35 35 24 10 33 31 40 37 41 34 37 34 24 27 27 34 42 28 38 34 33 32 42 37 40 43 29 42 34 33 27 35 28 35 31 42 43 27 36 36 27 37 50
31 31 31 26 28 27 34 26 38 37 30 44 35 30 36 31 42 31 34 31 38 35 27 25 33 32 36 33 34 33 26 21 38 40 27 23 29 28 51 44 29 38 34 35 28 43 45 30 35 41 29 41 38 38 36 36 34 35 41 26 28 34 35 38 29 36 23 34 31 29 34 37 43 22 20 40 38 26 29 39 33 32 35 36 32 41 36 21 44 25 34 32 34 26 35 45 26 48 39 34
26 41 38 37 41 27 35 39 30 39 39 23 35 41 27 40 28 29 28 33 30 27 49 27 36 48 30 41 36 34 37 45 45 38 40 20 38 38 35 33 37 49 32 31 39 30 30 20 24 36 29 28 33 24 29 33 27 25 42 39 38 37 44 50 31 36 38 36 31 37 26 40 27 38 35 29 33 42 31 41 51 30 37 34 31 30 41 41 38 36 14 42 27 26 44 28 36 34 34 32
25 40 46 48 39 40 36 34 35 37 29 34 40 29 33 27 40 33 32 34 26 35 28 25 30 37 31 28 31 31 32 36 40 35 32 32 31 32 29 31 28 33 31 53 40 47 43 49 38 32 40 34 91 100 74 17 24 13 42 23 35 44 24 44 34 28 39 41 42 37 47 29 33 29 37 33 27 39 26 36 23 31 42 36 34 45 44 27 27 37 31 36 31 39 45 32 32 42 34 31
32 32 38 28 30 37 23 27 30 32 33 14 18 29 36 43 24 28 34 26 38 20 34 35 33 29 36 33 36 28 30 34 36 36 40 30 31 26 29 32 35 45 31 34 21 39 29 37 37 27 35 14 32 31 31 35 35 38 45 41 38 26 19 31 36 35 30 39 18 31 29 25 32 29 27 37 29 33 35 38 26 44 38 43 31 39 31 41 30 37 33 26 42 48 40 39 34 44 30 44
27 40 26 34 26 35 28 28 45 33 26 31 34 25 32 30 36 41 29 25 36 33 37 36 28 34 34 30 53 23 37 25 27 30 43 40 32 27 38 40 28 35 29 33 30 37 34 47 26 45 37 46 33 31 35 29 32 25 26 29 22 30 36 38 34 32 39 23 25 36 41 36 33 28 35 49 43 29 26 40 32 44 29 40 34 31 29 42 35 32 41 38 34 33 33 40 35 32 38 43
29 31 34 26 29 37 33 31 41 31 41 30 32 31 29 39 25 17 30 31 31 45 27 48 37 44 40 34 47 33 29 39 30 33 28 44 39 30 46 37 31 34 33 31 35 31 35 32 37 41 36 32 32 29 37 31 39 35 37 34 34 36 36 32 27 38 49 38 28 25 33 36 47 36 50 29 40 32 24 42 35 35 33 36 24 37 32 35 29 30 23 34 27 26 31 25 37 31 39 22
33 36 29 30 32 47 32 40 28 52 43 28 49 23 30 32 36 28 33 27 33 49 41 44 21 29 45 26 42 34 35 27 31 39 26 39 34 37 27 19 34 30 35 34 49 33 33 28 34 21 37 30 36 36 27 21 36 33 40 38 43 51 34 42 33 48 38 30 25 32 33 32 43 33 31 32 36 39 35 31 30 36 48 39 30 25 27 26 32 27 29 35 48 33 28 37 35 35 35 36
42 29 34 41 36 35 42 44 23 38 32 38 39 32 36 29 49 40 41 29 36 42 31 27 36 39 41 26 29 39 24 35 32 35 37 32 31 36 33 27 36 26 45 40 42 28 29 43 34 46 39 28 30 37 28 28 24 31 32 25 36 26 35 43 45 33 30 34 29 28 28 28 44 33 41 28 34 42 38 36 45 42 33 28 19 33 43 37 33 25 35 33 36 21 34 27 34 29 34 30
38 40 45 22 38 35 42 42 33 31 32 28 38 23 39 31 22 31 31 27 30 42 31 31 31 27 22 32 33 36 41 27 34 27 45 30 41 35 42 27 39 30 39 30 32 29 31 30 34 36 24 31 25 28 32 34 43 34 44 36 31 32 26 39 32 32 29 49 33 40 25 25 31 24 40 32 28 32 35 38 42 34 36 23 39 32 39 41 34 30 37 39 36 31 33 33 33 18 38 52
27 44 32 29 31 35 35 28 33 26 32 38 39 27 35 29 32 36 29 22 24 34 32 25 25 31 39 32 38 31 28 39 37 29 31 25 30 32 37 42 30 23 33 40 36 30 23 32 40 26 39 38 36 30 28 40 30 42 34 31 31 28 34 31 33 42 28 36 31 32 54 36 35 38 30 36 31 47 32 35 22 39 36 40 35 31 30 41 25 32 40 39 36 24 39 30 33 31 29 33
31 33 36 31 38 35 41 30 28 25 43 32 29 34 26 39 37 25 34 40 32 29 38 37 35 34 43 34 33 45 34 30 40 32 24 37 26 23 36 34 20 32 40 37 30 31 28 30 39 39 39 38 33 35 35 33 40 30 39 30 28 35 30 25 40 33 35 33 30 29 25 35 28 24 31 35 38 32 25 33 46 27 33 32 33 33 33 26 29 36 23 30 30 25 30 40 40 26 40 29
44 27 31 32 33 32 25 38 41 40 30 43 23 31 39 35 35 33 10 27 39 31 37 33 39 25 22 26 34 37 33 41 35 34 30 27 29 18 30 32 43 43 39 31 31 32 36 29 38 29 35 32 36 35 41 28 28 25 31 35 28 47 32 24 32 46 37 29 32 44 35 34 40 42 32 42 29 12 23 38 38 39 41 33 31 34 32 23 38 36 21 17 43 41 32 36 31 39 31 30
30 32 32 37 36 30 27 27 37 34 33 18 33 29 36 34 39 38 28 23 44 34 36 39 52 27 45 26 26 35 37 36 36 40 34 45 40 32 27 39 39 37 35 35 31 30 37 32 35 26 27 26 26 32 32 30 36 29 37 29 32 29 42 31 28 46 31 29 35 42 52 18 31 35 32 33 27 39 38 39 33 32 37 34 48 45 32 39 36 40 28 42 32 41 34 43 21 43 22 32
36 36 35 30 30 26 42 40 29 30 33 29 28 36 18 37 33 28 47 43 39 27 28 25 47 36 36 31 38 26 25 40 39 28 29 34 30 39 37 46 35 34 27 41 34 44 31 52 34 11 28 45 41 37 35 32 28 32 32 31 41 31 37 38 34 36 37 48 34 31 38 44 29 24 35 31 39 38 37 30 31 46 38 41 27 43 36 39 36 40 32 34 26 28 38 39 47 28 27 24
34 37 19 27 27 39 33 23 40 37 36 42 33 33 45 32 38 36 34 44 44 32 43 42 31 34 30 35 36 39 33 35 27 33 33 30 30 28 29 33 30 45 28 38 33 32 41 26 29 25 31 35 11 38 33 34 36 34 25 18 27 39 40 29 38 35 42 41 36 46 29 29 30 22 36 35 39 27 36 36 41 44 31 33 41 30 35 20 26 30 30 37 28 36 27 36 29 34 36 39
42 31 31 30 30 33 24 46 34 34 31 42 37 32 28 29 26 32 40 35 33 39 30 28 36 31 37 30 39 44 51 37 36 35 29 39 43 39 36 38 31 38 30 40 36 37 26 34 38 25 47 40 40 35 31 31 30 36 45 40 38 25 38 27 38 34 30 43 40 29 33 43 43 37 35 23 40 31 45 35 35 44 34 26 35 37 30 30 35 35 36 32 29 34 25 40 33 39 40 24
34 27 35 30 44 35 44 32 49 35 34 29 34 27 43 39 39 38 32 34 42 37 31 36 31 25 32 31 40 35 34 43 30 27 41 34 38 39 33 38 32 31 36 35 39 41 52 37 31 37 38 26 59 37 40 34 47 36 50 29 34 33 33 31 33 36 30 38 27 42 31 25 30 32 35 29 38 39 42 42 37 35 28 38 38 35 21 28 40 33 38 41 44 34 27 42 30 31 36 37
46 39 44 40 33 38 31 34 34 37 39 38 34 34 40 29 24 33 33 25 28 32 31 32 24 39 37 33 38 25 45 29 32 37 23 41 33 25 34 27 24 42 40 34 28 31 31 28 23 33 33 42 27 31 27 43 35 27 38 31 46 37 36 34 29 34 34 32 26 41 37 29 40 36 37 42 36 41 33 31 24 38 39 35 41 32 38 43 42 41 31 33 38 29 23 30 27 35 31 32
41 28 48 26 33 30 30 23 25 33 36 33 25 29 36 43 26 35 38 24 49 37 28 35 39 37 39 35 36 26 36 31 29 31 46 28 25 34 37 36 39 45 37 26 36 30 29 27 35 30 42 18 38 35 22 50 30 36 33 21 33 30 27 26 31 29 35 41 33 23 42 36 23 33 34 31 34 36 25 40 30 34 31 23 38 38 31 33 32 28 26 35 31 12 29 30 47 30 29 51
32 35 32 39 40 29 30 29 30 36 35 40 31 42 41 38 32 16 25 31 37 28 38 30 41 35 39 28 30 37 39 41 30 27 29 35 39 46 29 38 22 38 51 33 34 18 34 34 40 37 23 34 35 36 27 35 51 35 23 41 34 39 26 40 33 31 35 35 32 28 39 34 41 27 29 43 40 25 22 26 34 29 33 45 17 41 45 32 28 49 31 29 36 32 46 43 27 20 33 30
24 32 29 37 35 30 42 30 41 25 32 31 35 40 50 51 36 41 41 39 33 33 40 46 35 25 39 33 35 40 25 26 37 27 38 42 37 36 48 34 20 28 30 26 27 22 49 37 47 44 31 29 35 40 31 41 29 32 34 42 41 34 36 37 32 31 22 44 24 44 32 33 37 26 36 39 28 39 42 31 32 35 24 46 34 34 34 33 41 38 35 31 29 34 34 33 31 31 34 43
44 38 29 31 22 33 30 34 46 36 41 41 31 45 41 28 38 42 29 35 37 41 36 22 37 43 44 45 41 34 24 33 26 32 42 43 31 42 30 24 28 42 38 31 24 26 44 46 33 33 31 35 42 17 48 29 33 32 41 31 43 41 26 37 34 25 36 36 28 34 30 35 35 31 39 30 36 39 29 33 39 25 35 42 36 35 34 47 35 33 36 31 33 31 33 24 29 23 38 25
35 28 36 37 22 31 34 33 29 33 18 40 36 21 37 38 38 33 30 32 36 32 37 35 29 33 42 28 38 34 33 38 36 37 35 38 29 29 41 31 40 30 32 47 41 35 43 29 48 33 37 26 36 39 36 30 31 31 32 37 32 16 44 16 32 34 26 35 43 32 27 35 28 36 42 35 35 39 33 39 24 38 39 35 35 35 29 41 41 43 34 36 32 27 32 34 31 39 37 44
38 37 46 29 48 33 33 39 31 37 48 50 40 32 35 33 28 31 40 43 26 37 36 20 40 34 38 41 37 36 43 32 37 38 45 34 25 32 35 35 33 40 31 32 32 28 37 47 36 30 38 35 28 35 40 29 35 43 31 35 41 30 31 36 42 40 30 45 32 32 33 26 33 31 39 30 40 21 41 33 39 21 30 41 33 33 32 33 25 44 35 41 36 44 46 35 44 38 34 27
38 34 43 40 43 36 45 39 30 30 46 45 37 38 27 36 25 33 21 32 32 32 31 37 30 31 31 47 39 38 37 40 28 36 39 21 40 32 30 41 41 36 36 40 37 42 31 49 33 37 38 46 29 37 35 39 29 39 39 31 35 47 37 48 41 34 34 32 19 29 30 48 30 43 25 26 33 31 23 31 40 37 37 29 35 29 29 35 45 30 36 40 37 34 41 37 37 36 50 31
34 32 33 33 28 37 30 39 39 36 29 36 41 27 29 36 32 37 39 34 47 39 42 33 33 45 40 37 31 47 29 54 33 33 39 33 32 37 29 25 27 38 33 41 43 35 35 29 35 27 38 33 32 42 33 36 36 31 38 28 27 34 23 34 36 38 35 32 40 28 33 35 40 23 32 43 29 29 33 37 36 36 43 39 40 38 28 40 29 36 36 31 40 40 37 36 28 36 33 23
42 36 45 37 27 37 53 31 36 38 38 35 40 37 25 28 28 15 39 35 35 33 33 34 35 22 36 40 36 44 36 36 36 32 27 39 47 32 43 50 45 29 33 35 37 38 49 32 38 32 36 25 32 34 35 33 37 30 42 30 44 37 47 33 48 29 19 12 39 23 37 42 31 34 32 40 36 53 50 29 34 41 25 37 45 36 33 33 36 35 31 33 34 34 25 45 35 31 29 29
37 41 28 40 39 25 37 29 41 29 42 32 39 41 35 29 31 38 26 49 30 24 23 44 39 29 27 36 27 34 43 36 29 31 39 43 38 40 42 38 45 20 37 40 30 28 34 36 40 27 38 33 34 45 34 34 32 50 41 27 47 25 30 33 28 30 30 36 36 35 39 31 36 31 42 28 40 45 38 46 25 38 30 27 33 33 28 37 41 27 32 43 42 32 37 28 20 34 40 37
26 40 33 38 42 27 32 20 19 19 26 16 13 26 22 15 13 17 20 26 20 27 21 18 19 8 13 19 12 22 20 12 12 21 17 20 27 18 24 21 18 13 20 14 19 19 17 31 20 14 16 17 19 22 20 8 23 16 16 20 19 18 17 17 15 20 19 11 22 22 20 16 18 11 18 20 10 16 11 13 10 11 22 15 24 20 14 15 20 20 21 7 15 17 21 19 20 16 16 17
15 11 16 23 16 20 30 15 19 15 20 19 17 19 19 16 14 13 14 7 17 18 25 19 13 19 17 17 21 13 15 14 22 15 15 13 19 17 19 17 17 14 16 14 16 14 16 16 20 23 13 20 14 19 18 17 15 19 12 16 15 11 14 15 16 12 24 16 20 24 19 15 18 13 20 24 16 15 15 24 13 14 22 18 18 19 18 19 7 23 20 18 12 18 17 7 11 16 9 12
15 10 14 17 24 8 13 20 19 6 15 9 17 22 20 17 9 22 21 14 8 9 16 13 14 17 19                                                                         
