0.411764705882353 1999 42 27 25 28 20 20 27 28 23 43 23 11 26 30 25 24 26 22 20 25 25 22 20 22 37 20 23 27 18 25 24 21 24 13 28 22 19 28 22 17 16 27 29 63 33 16 24 31 18 20 32 27 23 32 23 25 19 21 30 31 20 29 22 22 21 25 27 25 20 29 28 16 25 29 31 22 31 13 28 31 26 27 20 27 26 17 30 25 23 29 24 17 19 22 38 26 28 28
25 28 21 32 29 19 24 29 37 20 27 22 16 19 25 24 20 22 17 24 16 25 28 30 13 18 20 26 29 24 22 28 20 27 24 28 19 28 33 34 30 17 24 33 28 18 20 32 26 20 34 19 25 22 31 19 23 24 27 28 12 28 27 25 29 20 25 18 23 16 22 26 22 24 29 26 22 24 25 30 37 13 22 20 20 14 28 22 22 31 21 18 23 19 26 15 21 29 24 22
23 27 21 18 27 26 22 29 28 18 31 31 23 29 20 24 19 25 28 32 28 18 38 24 20 20 15 27 30 31 28 23 24 28 38 17 23 21 22 26 23 18 17 28 36 31 25 18 22 23 23 24 21 30 24 24 25 24 34 24 33 18 19 21 28 30 26 26 19 33 19 24 24 26 27 30 21 27 26 24 30 13 25 31 24 18 20 21 36 28 20 25 16 25 25 25 19 21 25 23
21 28 26 24 25 26 21 34 42 29 14 21 27 20 22 21 12 22 30 31 22 21 39 25 18 28 30 33 30 23 22 22 32 26 22 24 30 13 32 19 23 18 19 29 16 15 24 22 19 24 25 25 28 14 27 25 19 23 29 24 17 29 25 23 18 29 29 25 20 17 27 23 24 21 14 27 24 29 25 20 32 15 15 27 19 22 30 28 19 23 23 25 24 23 17 24 28 11 24 31
28 20 27 18 27 20 17 22 22 22 28 21 20 23 24 8 27 26 28 22 38 21 24 28 25 24 29 26 26 16 25 29 26 28 22 21 20 17 33 27 19 23 20 20 23 19 26 27 23 20 22 27 22 32 26 30 21 18 25 21 20 25 23 31 28 27 29 22 21 24 33 19 28 33 23 30 28 20 19 20 19 28 24 29 24 38 28 28 16 27 18 15 34 18 21 25 21 32 28 20
21 20 30 25 30 18 25 26 23 28 12 35 23 26 15 27 28 24 22 31 15 21 16 25 21 32 18 16 25 27 22 25 29 30 19 21 38 6 31 23 26 22 16 28 21 35 16 33 20 20 23 22 19 24 26 27 33 27 25 17 23 21 22 25 22 23 25 23 25 23 26 15 23 23 17 24 29 18 28 23 19 27 26 23 28 21 31 28 28 29 12 21 23 24 22 36 19 17 25 21
27 20 17 17 24 26 17 29 17 29 26 29 33 20 29 17 26 24 25 17 34 23 34 18 16 21 24 23 24 20 34 18 15 26 38 38 27 29 15 30 27 22 23 25 14 28 26 23 36 25 28 28 28 27 21 31 20 20 24 23 27 8 30 28 31 34 21 35 22 22 28 25 18 18 39 23 19 27 10 30 27 22 25 13 26 17 20 23 22 26 20 28 20 23 17 26 24 24 26 34
26 31 24 26 14 17 31 29 23 22 17 17 27 24 28 23 28 20 23 22 20 26 28 15 23 29 26 16 23 26 26 25 25 24 23 20 15 15 25 16 35 32 24 38 32 28 35 29 20 27 22 28 35 29 26 29 26 23 21 17 37 27 21 19 21 20 30 23 29 24 16 17 28 13 36 24 18 24 21 27 35 26 24 25 32 16 27 36 27 22 25 24 23 24 22 27 19 27 28 20
13 24 21 29 27 25 19 28 26 25 21 25 31 26 24 29 36 21 23 16 21 28 28 30 27 19 19 10 22 25 25 28 28 32 29 21 19 15 25 20 25 18 21 22 19 27 28 31 16 29 23 22 22 16 21 32 23 27 18 19 25 22 23 23 34 24 32 27 22 37 28 27 30 24 14 22 24 19 18 18 30 20 19 29 31 23 29 24 32 19 21 20 13 25 19 26 18 22 23 24
23 25 27 25 26 17 18 11 29 29 23 24 27 22 19 29 28 25 38 20 29 21 19 26 32 19 22 23 29 27 20 22 19 36 22 24 36 25 24 24 15 22 21 30 26 17 22 25 25 21 27 22 15 21 27 26 63 27 13 25 15 28 19 19 31 24 23 35 20 24 21 30 21 28 21 25 29 22 30 35 26 29 29 23 20 24 31 26 22 24 26 13 22 28 17 17 24 25 21 30
24 23 21 28 24 29 25 28 27 23 15 28 35 22 22 30 23 22 22 23 10 25 18 30 34 30 22 29 24 37 21 37 33 34 15 22 18 31 20 29 47 29 39 24 22 22 18 24 26 20 23 28 24 19 14 20 24 28 15 18 21 38 23 30 23 19 26 25 29 25 23 16 30 21 20 20 23 26 21 19 24 22 25 26 30 17 28 32 25 31 22 22 24 27 15 29 26 27 19 27
30 22 16 25 20 27 25 14 23 38 19 29 24 32 15 27 30 17 22 22 24 15 29 22 24 20 25 17 39 26 23 23 25 28 29 29 19 25 20 22 34 30 30 18 20 20 21 18 22 30 14 21 26 18 23 32 20 18 24 25 30 24 38 27 24 26 26 28 34 25 25 21 30 23 29 15 25 16 24 19 13 21 22 22 26 30 33 22 31 35 26 24 20 23 22 25 16 22 12 22
27 31 22 23 25 28 29 24 26 30 24 16 22 27 32 16 20 22 34 21 27 22 15 19 28 21 27 27 21 20 31 27 23 24 27 26 15 20 23 30 30 30 27 24 19 34 31 28 19 26 21 16 20 23 15 26 28 27 25 20 13 26 24 36 24 26 21 24 21 23 26 27 22 16 30 26 23 43 24 23 27 20 28 24 30 30 21 27 23 14 23 22 17 19 27 23 21 25 21 17
25 26 25 33 28 18 20 28 20 21 21 29 25 21 11 17 23 18 36 19 24 20 21 35 21 30 24 30 27 22 26 30 25 22 21 19 11 27 22 16 18 27 14 28 32 33 31 18 22 17 27 23 19 14 27 25 19 24 26 20 23 37 31 24 20 30 32 29 36 17 19 29 31 18 27 33 26 23 22 19 33 19 39 16 28 24 28 23 27 20 28 19 23 21 19 17 26 28 23 27
27 24 29 24 32 19 19 7 24 34 27 22 22 31 25 30 29 23 25 27 16 20 27 18 24 23 22 23 26 34 29 15 20 23 20 28 19 26 24 25 24 32 26 17 30 21 31 26 27 24 30 27 24 31 14 24 21 35 19 27 22 19 24 22 23 21 18 18 21 20 28 29 24 19 21 23 28 26 20 25 20 25 25 29 36 28 24 31 23 17 24 31 36 37 19 29 30 25 26 21
21 17 32 24 17 24 28 27 21 20 23 15 24 26 21 30 22 24 24 25 19 18 20 24 29 30 29 30 25 26 23 29 32 20 19 21 21 20 18 24 31 20 28 26 19 27 21 21 20 26 31 25 22 32 22 17 28 19 24 29 18 21 26 27 22 28 18 26 22 31 26 29 24 21 27 34 17 27 32 17 28 26 31 25 28 18 24 22 27 26 26 29 19 23 12 22 28 23 27 31
24 25 28 27 22 26 24 19 23 26 28 28 25 32 30 27 15 26 31 23 28 32 21 29 25 17 24 20 23 24 18 23 18 40 25 27 16 32 18 28 25 27 23 15 26 32 24 20 29 13 29 22 18 28 23 20 22 20 22 20 27 26 14 22 23 29 50 34 22 29 27 30 17 17 28 23 25 21 20 24 25 39 26 33 22 24 24 22 24 18 25 25 25 20 18 22 15 26 24 18
18 32 33 27 22 16 28 26 21 28 29 21 25 31 27 25 23 7 18 21 24 33 17 25 25 25 19 21 27 30 38 21 29 26 23 21 26 22 25 17 23 23 24 22 25 31 19 20 28 21 24 34 21 21 26 30 24 21 25 33 20 31 31 18 25 26 22 18 27 24 21 32 27 11 22 25 10 14 30 21 21 17 15 24 21 28 20 23 31 21 23 24 20 26 23 25 28 22 23 20
25 22 27 14 33 14 8 25 68 18 26 38 27 29 21 23 14 27 28 22 23 16 28 26 17 22 24 29 16 16 26 18 28 25 18 24 13 26 24 20 24 25 25 9 38 23 17 24 25 16 22 24 31 23 29 20 23 24 26 16 31 27 30 20 33 21 29 29 29 33 15 31 25 16 25 28 23 29 21 19 32 27 31 19 33 28 18 21 37 27 21 22 28 22 23 19 31 24 19 26
28 18 13 24 29 14 26 26 25 30 33 33 30 29 33 24 21 29 27 27 32 29 29 32 26 14 39 29 29 34 23 24 27 32 30 33 25 22 28 29 16 23 26 17 32 24 33 27 28 29 16 16 33 25 30 29 16 23 23 19 29 26 23 35 22 32 25 26 28 30 23 24 25 20 20 26 14 23 28 28 24 24 19 25 30 24 41 29 31 21 12 22 41 30 23 26 25 21 27 24
35                                                                                                   
