0.423076923076923 1723 32 24 24 23 39 32 32 27 22 38 41 22 21 23 31 22 30 22 33 32 35 19 34 28 28 35 38 33 25 25 33 25 22 24 36 23 25 31 31 21 40 26 21 22 34 30 31 39 19 15 34 35 35 22 26 42 22 27 21 14 15 26 20 29 34 30 29 26 31 29 30 29 33 24 25 28 35 32 23 31 23 33 23 27 33 31 34 33 27 12 35 42 31 30 20 25 40 23
35 25 25 27 33 27 25 28 19 28 30 26 28 29 28 37 24 22 23 24 27 28 26 35 34 29 21 24 27 31 16 19 29 30 30 27 33 28 34 36 21 18 26 31 27 30 28 28 25 34 30 27 30 32 27 30 29 32 29 30 21 29 28 31 28 30 33 26 35 25 26 31 27 26 30 24 19 33 39 26 23 23 24 32 25 31 25 28 29 27 34 27 31 25 35 24 24 29 20 25
27 35 24 22 24 35 25 28 17 24 27 30 36 29 14 22 24 46 26 24 32 36 32 30 22 49 30 33 28 29 31 21 18 28 22 37 24 18 26 39 27 15 24 26 31 32 31 23 23 23 23 19 18 24 28 25 18 33 23 31 46 28 16 23 34 27 27 31 32 23 29 23 23 33 31 24 23 29 25 31 20 54 34 25 25 30 35 28 28 23 27 25 20 27 27 32 25 31 32 21
26 35 28 27 29 33 29 15 32 38 29 35 24 24 23 28 32 27 29 27 32 22 19 25 35 23 39 26 19 19 27 23 24 34 22 40 21 24 21 20 33 22 31 36 20 21 36 28 18 25 26 22 18 42 28 26 36 25 15 29 25 27 23 26 19 30 22 39 27 18 41 29 31 34 22 23 43 40 27 21 24 32 24 25 28 32 34 25 35 36 30 26 29 29 29 29 23 22 30 30
26 23 27 28 18 23 29 26 21 23 31 27 25 34 26 33 32 37 33 26 29 19 26 17 34 34 31 29 33 26 24 26 28 35 27 21 32 31 22 27 31 27 20 30 23 32 34 35 20 23 23 25 34 22 33 30 33 24 25 22 37 35 23 28 31 27 25 26 7 31 36 24 28 23 21 24 31 28 32 29 31 25 35 23 37 35 29 37 26 30 32 23 26 32 17 31 35 25 19 37
32 38 19 15 19 31 27 35 19 18 21 21 27 31 34 25 15 26 34 48 26 31 28 26 37 29 30 26 22 25 21 35 21 21 24 31 20 33 23 29 34 30 26 33 22 12 28 32 32 41 26 32 30 26 20 23 31 32 20 33 21 22 22 35 25 23 40 20 32 27 26 27 25 34 32 35 25 21 26 28 27 25 30 31 27 15 25 28 24 28 43 22 26 30 27 25 30 30 28 23
25 20 20 37 27 25 37 33 30 29 26 31 28 26 22 24 20 35 28 37 32 33 30 25 30 28 33 30 34 42 29 30 15 24 21 30 19 32 29 27 39 32 29 25 26 29 29 30 30 29 34 30 23 35 41 20 29 21 32 31 33 28 33 28 20 41 31 28 39 26 25 23 29 35 26 26 38 33 25 26 23 29 23 33 27 23 19 27 29 28 30 25 29 24 38 31 20 31 28 35
21 26 31 19 25 29 26 22 31 24 28 21 32 24 35 30 26 33 25 37 25 31 31 26 17 30 24 29 27 17 34 28 24 28 30 26 32 33 32 33 30 30 22 22 38 30 35 31 32 24 33 32 23 35 34 18 41 35 30 24 15 24 31 31 23 24 31 31 16 24 22 23 23 24 39 32 32 23 20 25 22 25 24 27 22 24 29 21 27 38 19 34 25 29 26 28 32 26 31 31
21 33 37 26 26 25 31 22 29 20 22 23 26 20 34 25 25 31 29 33 29 31 26 25 22 29 32 26 22 27 25 39 22 23 32 30 31 40 28 27 23 29 29 33 22 14 23 37 29 29 27 30 39 30 15 23 26 39 41 26 27 28 28 34 39 29 22 18 27 19 31 30 24 26 29 17 26 32 24 33 31 27 28 24 26 35 29 27 26 22 32 64 58 29 24 23 30 32 27 22
22 23 23 28 25 31 26 29 21 21 21 36 16 24 22 24 27 21 28 26 40 28 31 24 29 31 41 25 30 20 19 35 23 25 36 32 27 26 32 25 22 19 29 30 31 38 29 34 31 22 27 24 29 22 31 23 35 34 34 11 19 23 35 38 23 22 16 26 39 39 26 25 27 26 18 38 40 23 40 27 23 28 29 27 31 21 27 31 33 29 29 24 30 35 30 30 26 15 27 36
30 24 26 35 17 26 27 27 24 15 33 29 29 23 38 30 32 19 25 26 30 28 24 23 26 40 23 30 28 24 31 29 33 30 24 34 19 23 32 25 27 27 21 30 23 27 23 32 14 34 29 24 29 31 33 27 28 23 29 28 27 23 28 40 30 25 20 27 35 37 39 36 12 22 43 26 32 28 38 21 25 24 25 25 21 34 41 32 22 27 26 26 21 30 31 24 25 28 31 24
41 25 29 34 27 20 25 32 20 31 34 44 16 24 39 26 32 25 27 14 27 26 37 26 26 26 29 29 30 33 31 24 23 31 24 31 25 39 27 28 25 16 25 26 37 34 33 16 40 31 27 26 31 34 30 23 26 32 26 36 32 24 23 25 21 22 32 14 26 32 31 26 16 40 28 27 22 33 34 26 27 36 25 18 26 32 24 23 28 31 25 37 22 38 29 28 18 25 13 21
29 20 33 39 30 22 33 28 35 31 21 31 39 21 30 32 20 28 26 22 22 47 28 32 27 30 20 31 20 33 31 29 18 31 29 29 24 29 21 29 28 10 30 27 33 35 20 35 37 29 35 30 26 36 29 24 31 27 40 32 18 27 19 23 30 23 27 22 26 31 26 30 24 29 26 28 30 20 24 29 34 28 26 30 35 25 29 42 31 23 28 22 24 27 39 23 20 29 21 32
30 23 28 30 22 24 25 27 30 29 26 28 29 15 29 31 21 34 37 16 26 53 33 33 29 30 32 28 19 35 26 31 18 23 26 29 33 28 25 43 30 21 36 25 36 30 15 19 33 29 28 40 21 21 33 25 29 29 38 22 30 39 30 34 26 10 32 24 24 27 26 33 23 27 23 22 24 19 30 36 27 24 26 17 26 25 22 25 29 23 26 32 25 28 26 18 21 38 35 20
23 26 35 31 30 26 22 27 20 30 36 24 35 31 31 26 17 28 22 34 39 23 23 25 20 30 23 29 17 30 31 37 21 27 29 25 25 33 28 37 26 27 20 25 31 35 40 25 21 25 32 23 24 24 29 37 32 29 26 35 33 27 23 27 30 30 28 33 28 29 24 49 29 28 26 37 24 25 18 25 22 27 26 35 27 29 25 23 29 28 31 24 28 28 39 41 33 22 24 24
29 34 29 27 19 19 17 26 22 25 31 20 30 20 20 29 43 32 24 32 26 28 31 26 25 26 25 26 18 29 30 31 36 30 30 26 27 25 31 24 37 28 38 32 26 25 36 30 45 21 18 22 23 30 26 22 21 27 24 34 25 37 31 32 27 24 21 28 34 33 25 31 24 39 33 24 30 26 29 26 27 30 24 30 22 23 29 22 26 27 29 32 25 39 31 31 23 28 28 22
30 30 25 11 19 19 27 23 13 27 30 30 35 34 27 29 30 30 31 24 32 27 26 24 25 36 34 32 27 31 28 30 34 21 23 27 24 20 32 39 29 28 24 33 21 32 26 29 26 32 16 19 29 26 36 30 25 31 31 16 26 23 23 11 12 10 8 21 16 16 7 20 13 11 8 12 14 6 14 18 17 17 18 11 9 17 17 14 8 9 11 12 17 13 14 16 14 11 10 7
15 12 19 11 9 16 10 10 6 17 10 19 10 17 21 18 14 12 14 18 15 10 15 20 12                                                                           
