0.409090909090909 4040 23 24 23 18 22 29 28 20 21 20 22 23 22 26 31 23 21 23 22 21 24 24 21 25 24 28 17 20 17 31 33 14 13 18 26 32 17 27 22 12 18 23 22 28 23 18 24 28 31 34 27 21 15 20 24 25 34 21 22 24 21 24 27 18 28 24 32 19 20 29 22 27 13 23 29 22 26 20 21 26 25 23 22 19 28 23 23 26 19 28 32 20 12 28 14 18 17 27
23 20 26 15 30 27 16 21 20 13 19 21 24 22 20 25 18 24 22 20 12 20 25 21 21 31 28 28 18 18 21 24 13 23 18 24 21 26 24 17 17 20 35 32 27 25 26 29 27 21 20 34 26 9 31 27 39 24 25 26 26 21 28 24 22 21 27 19 26 23 30 19 22 19 20 25 20 31 23 15 23 24 16 23 21 26 23 19 30 18 27 13 18 23 19 21 22 21 22 27
18 37 21 32 22 27 19 24 23 34 22 16 29 22 24 27 21 31 23 37 28 29 21 28 19 29 30 26 36 17 35 24 18 16 17 14 27 23 30 26 32 27 19 28 28 24 24 18 28 30 26 24 21 19 36 26 21 28 23 26 23 23 19 28 19 24 19 18 28 20 21 25 17 25 30 23 21 24 28 32 26 19 30 20 25 19 12 22 20 20 14 20 29 19 15 24 23 22 24 21
22 27 29 26 29 26 26 32 27 22 19 23 19 24 23 25 20 24 23 23 26 33 14 18 22 21 22 29 26 20 17 16 22 19 14 24 37 10 22 9 26 22 21 13 14 30 16 22 17 14 21 22 17 22 19 26 25 30 21 19 27 16 21 12 17 17 21 19 23 21 29 20 23 25 22 31 25 33 15 23 21 37 22 17 19 23 15 19 22 18 17 16 22 22 21 30 22 31 35 37
13 23 23 24 34 24 20 19 27 27 33 25 16 23 34 19 15 25 25 25 20 22 18 23 14 33 28 30 17 30 25 22 17 26 14 17 28 22 20 16 10 18 23 21 23 23 24 18 24 17 26 24 17 17 16 26 21 36 29 30 25 24 23 19 19 20 24 13 20 17 13 22 28 18 26 23 12 19 20 32 16 29 24 24 19 23 36 22 21 19 24 30 20 22 21 20 25 18 14 22
21 18 23 26 17 25 23 17 25 25 34 22 20 20 23 33 14 17 19 15 20 13 29 30 23 23 23 27 23 27 17 27 25 23 18 24 18 22 20 26 24 20 24 33 15 28 30 30 28 17 21 23 10 34 40 23 30 15 16 25 23 12 26 24 20 17 22 19 26 27 23 23 27 17 23 18 30 25 17 20 19 23 20 21 23 24 29 28 12 16 24 20 21 17 15 25 20 22 23 29
14 33 23 21 20 21 23 29 23 30 27 23 28 27 25 26 21 30 18 17 19 16 20 26 28 24 24 20 31 21 19 23 39 22 21 24 15 21 23 27 24 23 22 23 17 20 22 21 26 25 16 17 26 21 26 19 25 24 28 26 28 25 22 25 19 20 20 18 17 16 30 20 28 19 32 14 25 27 26 36 21 22 26 24 26 22 26 27 24 24 27 20 23 27 29 21 25 27 26 32
15 38 29 33 18 34 22 13 16 30 20 28 32 32 21 23 20 23 24 28 20 20 20 24 23 24 10 26 19 19 24 33 31 27 30 29 37 22 24 20 27 25 16 22 17 26 22 18 20 17 17 23 31 17 25 28 34 27 22 14 19 18 18 26 26 13 20 24 24 16 26 39 27 27 22 37 22 23 22 25 27 22 27 23 30 18 23 19 21 31 23 17 27 30 21 22 23 26 22 23
35 17 23 15 16 22 25 19 26 13 26 26 27 23 32 14 15 27 26 23 20 25 24 26 24 25 32 22 25 19 22 25 21 29 24 28 22 18 17 20 32 28 18 22 27 26 15 35 28 19 22 29 26 28 20 34 19 32 20 30 24 20 27 21 10 14 17 18 27 20 24 20 34 24 15 16 31 19 21 21 31 24 28 24 22 17 36 19 19 21 25 22 22 24 27 25 31 24 25 23
26 26 27 20 25 26 21 24 14 28 19 28 22 17 20 20 27 22 27 22 27 18 30 27 22 20 18 23 13 25 11 28 29 20 18 27 22 20 19 16 24 25 31 27 30 25 27 18 23 16 23 30 25 27 29 16 25 23 20 23 24 14 27 21 24 24 26 37 28 21 30 14 15 18 16 24 22 22 22 31 23 24 40 10 7 28 28 32 30 23 25 21 28 21 22 20 21 24 27 32
19 24 23 18 25 25 25 33 27 30 26 28 14 22 20 23 16 17 20 15 24 18 22 22 19 24 36 22 30 29 21 31 24 12 19 22 14 18 32 25 21 24 25 25 35 28 21 28 30 18 23 22 21 22 20 24 26 30 16 29 28 28 20 21 25 21 24 25 23 25 19 24 24 15 28 21 22 23 21 20 18 18 30 21 24 18 14 29 21 25 27 14 22 26 26 24 19 18 29 29
22 28 20 24 23 19 18 23 33 23 23 20 25 19 24 31 30 11 30 22 18 17 28 31 22 20 21 15 25 17 25 25 34 20 26 27 18 25 35 20 27 21 30 21 21 14 24 36 29 20 16 25 20 24 25 18 26 16 24 19 18 32 19 25 24 25 20 25 24 24 29 21 26 17 26 28 16 19 32 21 17 23 28 27 20 23 26 27 25 18 22 24 26 22 22 26 29 21 17 17
28 27 20 22 17 25 26 9 21 22 25 21 14 25 24 27 19 19 27 28 19 21 26 26 23 17 20 26 38 21 21 26 27 29 25 29 24 33 20 29 19 22 25 26 17 24 21 31 27 20 27 41 31 38 17 24 30 30 25 26 28 22 30 29 23 17 26 29 30 26 26 22 19 26 26 21 28 28 27 22 36 29 18 27 22 24 30 37 26 25 25 26 25 23 17 30 32 23 14 20
31 26 28 17 18 33 24 24 32 30 26 20 28 19 22 21 28 19 26 24 23 26 24 23 20 24 28 21 17 26 21 20 17 27 28 19 23 19 27 28 17 39 27 15 21 31 22 19 19 16 27 28 27 27 26 30 28 25 17 28 21 31 30 21 26 26 12 25 28 31 24 24 23 31 20 32 21 23 18 31 20 19 23 25 23 29 12 19 14 14 28 15 20 23 20 30 27 15 24 27
21 23 28 23 28 27 24 19 22 24 33 23 21 25 33 33 38 22 26 31 22 30 14 26 20 23 29 30 27 16 31 30 21 18 30 20 19 18 23 22 23 26 20 35 27 24 25 28 25 17 26 37 35 23 13 26 22 27 19 19 12 24 14 26 30 27 31 25 28 25 19 16 30 23 27 27 21 17 19 21 19 27 27 24 17 27 28 28 22 27 15 24 22 29 30 32 26 12 23 19
20 27 23 20 25 23 19 22 23 19 15 22 22 25 18 27 28 21 26 25 37 15 16 20 25 20 16 24 19 21 20 15 21 32 19 22 25 18 7 22 22 20 19 24 12 26 24 24 21 15 20 31 28 29 39 22 18 21 23 20 18 34 20 18 19 29 30 33 21 21 29 19 27 33 24 25 21 25 23 25 17 20 18 38 21 18 26 21 20 26 17 21 21 29 24 27 18 24 27 19
28 26 18 27 19 23 35 25 25 18 19 28 21 30 25 18 19 27 18 19 28 30 22 17 36 19 20 26 19 25 23 15 29 26 24 25 27 19 32 20 19 23 35 27 21 21 19 27 17 24 18 33 28 25 32 22 19 18 29 39 32 32 18 11 25 23 23 18 24 19 20 16 17 28 27 21 18 20 26 32 19 25 21 16 30 25 33 29 24 20 24 17 25 30 19 18 20 35 16 34
23 18 20 16 38 17 26 28 18 20 18 25 25 29 18 14 27 25 27 31 16 31 15 22 24 27 23 30 17 28 29 22 12 26 21 21 20 19 29 26 28 35 18 22 24 24 26 22 19 18 19 28 28 21 21 21 23 35 14 21 35 24 23 29 20 30 24 28 24 24 18 21 21 24 39 22 19 29 16 20 25 12 26 22 27 9 21 27 39 29 21 22 19 28 28 22 21 24 24 26
27 21 25 24 22 19 20 26 23 47 21 22 30 20 22 17 20 27 31 25 28 29 18 17 19 20 20 28 33 22 25 15 24 29 28 21 19 27 24 28 30 20 18 23 28 27 21 23 25 20 27 27 30 23 38 21 22 23 23 14 25 26 25 24 30 14 16 32 8 18 24 25 27 17 30 22 29 14 17 22 22 22 32 15 19 17 25 23 31 24 27 23 24 21 27 26 30 15 19 17
22 25 21 25 25 23 12 24 26 24 19 13 17 32 29 18 26 23 17 24 24 23 20 24 18 27 23 14 22 24 17 17 21 21 18 27 17 27 21 22 32 22 21 27 21 23 21 24 22 18 31 24 19 25 12 18 25 17 15 22 28 24 30 30 21 24 20 24 30 30 17 24 26 26 29 24 20 25 17 32 33 17 20 24 27 24 25 19 27 23 17 33 24 23 21 23 22 19 26 27
38 14 21 21 18 23 15 20 25 22 25 17 23 21 18 22 30 36 33 29 24 20 25 28 27 27 23 23 29 22 13 24 26 24 23 20 28 29 23 28 23 26 19 23 24 25 25 20 17 31 23 22 22 16 33 23 20 25 20 23 19 27 31 24 22 16 19 25 21 23 24 30 22 31 19 28 14 18 27 27 21 32 21 30 22 13 35 18 19 17 27 28 12 17 24 30 20 18 19 26
21 23 13 28 19 26 39 16 25 27 24 17 19 25 31 27 17 27 24 19 25 29 20 18 22 24 19 25 21 23 18 28 25 15 30 30 20 25 24 27 17 21 27 16 32 15 25 25 27 18 17 17 12 22 16 26 25 22 24 32 19 19 19 27 17 23 31 24 22 20 10 19 18 33 30 18 30 27 28 23 31 26 22 30 23 21 28 24 35 22 20 30 26 31 30 16 34 18 19 19
24 29 27 24 31 25 26 22 27 24 29 20 20 20 20 17 23 21 22 27 21 15 23 25 26 21 18 25 22 33 27 29 25 30 23 26 22 18 23 31 23 23 24 22 21 27 26 25 30 22 24 20 21 11 16 25 25 19 23 34 25 27 23 22 27 21 31 35 24 26 21 20 21 30 34 18 17 14 31 29 27 31 29 29 28 21 24 29 22 11 32 31 26 22 22 20 21 19 26 27
22 21 30 16 24 21 24 26 26 14 19 17 31 23 31 26 30 16 23 25 19 18 26 19 24 24 26 23 25 19 33 21 24 21 23 19 26 23 16 22 20 25 21 21 15 12 23 30 19 27 29 18 16 18 25 13 26 19 16 27 19 18 23 27 10 20 6 17 24 29 24 22 25 21 18 20 29 32 21 26 23 17 20 28 31 30 29 21 25 29 21 23 21 14 30 26 22 25 32 21
34 26 27 22 19 26 21 17 26 20 26 21 23 21 22 27 21 25 32 29 19 20 32 20 29 18 19 16 18 22 20 15 19 17 30 27 21 19 28 25 22 32 21 30 13 23 10 24 39 30 24 25 18 28 23 30 21 23 21 22 23 23 18 32 19 25 21 28 24 22 18 27 24 21 21 25 33 25 19 24 23 21 20 24 28 21 25 13 28 23 19 24 26 20 24 23 21 22 28 16
20 19 20 21 19 29 33 21 21 19 19 24 20 24 25 20 20 26 18 14 22 21 23 19 29 22 13 19 16 20 30 30 27 20 23 26 25 23 28 19 18 24 28 26 17 24 29 16 23 27 17 27 21 17 24 35 20 28 17 20 25 20 33 26 31 21 23 22 19 17 27 21 19 25 38 23 24 35 25 23 24 24 29 21 19 20 21 21 23 17 22 20 22 19 25 32 22 30 23 24
30 22 31 20 17 17 37 14 17 22 21 38 26 22 24 25 15 24 25 24 23 11 27 19 21 24 32 16 17 21 27 20 19 25 20 20 22 17 24 18 11 29 16 16 19 23 25 19 20 29 23 20 15 27 27 19 20 21 17 21 27 26 17 21 21 20 13 29 22 37 13 24 24 23 28 29 17 22 24 29 14 18 26 33 32 15 25 16 27 25 20 24 31 29 19 23 21 23 42 23
16 25 20 25 26 25 25 23 28 35 34 24 23 17 22 22 28 27 26 17 23 18 24 27 20 19 29 23 23 15 25 26 22 17 27 23 18 26 24 29 21 22 22 22 33 19 22 17 21 17 27 42 21 21 33 19 14 12 18 11 27 25 25 17 24 23 31 31 9 9 26 17 24 29 28 28 15 18 25 19 31 24 26 26 21 25 31 15 17 34 15 27 32 24 33 20 22 30 19 21
24 25 19 15 16 17 26 25 18 29 24 19 25 22 17 14 34 22 26 24 28 25 18 19 25 21 27 21 19 21 22 27 18 20 26 20 22 21 22 22 26 26 28 29 15 23 21 27 22 18 33 19 28 22 29 26 30 21 23 18 32 29 36 18 16 34 24 26 24 31 25 27 27 20 21 22 29 22 13 21 31 28 26 16 21 20 27 18 25 20 27 24 26 20 23 32 27 24 26 14
29 15 17 17 20 29 16 22 21 22 19 22 27 25 22 18 23 21 25 18 24 20 15 26 28 16 24 27 18 22 19 19 27 22 22 25 20 21 22 25 34 14 27 21 22 37 28 26 25 24 17 24 21 18 16 27 23 25 20 22 29 8 16 21 25 18 30 15 29 27 27 31 17 25 22 27 24 29 29 23 25 21 12 18 24 22 30 25 21 23 20 20 17 28 21 25 24 28 15 11
20 25 21 19 28 25 21 28 19 23 18 21 20 30 23 20 16 30 28 21 27 34 21 21 22 22 25 16 19 25 28 36 22 20 31 26 25 25 19 19 22 24 21 21 28 19 26 24 18 25 21 27 29 16 29 22 20 11 27 20 20 22 30 22 25 29 19 24 16 29 25 8 23 29 16 13 13 21 20 14 22 30 22 18 26 12 19 18 32 19 22 23 19 24 23 21 19 23 31 25
21 20 31 12 31 20 27 24 22 27 27 19 31 26 22 26 21 36 23 19 29 27 15 16 24 31 20 18 18 17 14 19 27 24 15 16 28 18 31 19 23 15 27 19 17 16 24 19 22 23 33 35 26 27 22 25 22 27 30 19 23 19 22 26 23 22 14 35 15 25 39 10 14 27 29 19 26 19 20 19 20 20 14 17 26 35 26 24 26 22 27 25 23 22 17 19 21 20 23 29
19 12 14 27 27 18 35 25 16 26 16 14 12 28 21 25 24 27 24 12 26 25 27 15 33 20 37 18 19 21 26 27 26 29 22 19 22 22 28 23 29 24 13 24 19 29 28 18 16 21 28 14 30 24 19 15 23 27 36 24 29 30 21 15 32 29 24 27 18 21 25 19 28 34 23 28 35 24 21 24 20 20 27 19 29 24 16 23 22 20 24 25 22 24 25 21 17 26 23 32
21 28 24 22 15 27 22 25 16 17 32 28 26 24 20 28 18 23 37 21 26 19 22 17 32 15 30 20 19 32 22 25 18 19 27 14 28 21 17 29 21 19 26 25 33 25 11 23 18 19 20 19 21 25 23 24 29 18 26 25 19 37 28 18 20 18 19 16 23 27 24 20 12 27 18 23 10 14 26 36 18 18 13 17 19 20 29 19 17 26 32 28 25 14 29 22 23 32 17 31
23 18 24 21 28 24 29 19 26 21 19 17 16 21 28 27 25 20 18 15 25 14 30 32 27 23 23 25 22 16 26 22 12 36 26 26 23 21 34 20 32 20 29 26 13 22 30 26 29 16 21 30 25 19 18 25 22 10 32 24 15 17 26 36 21 24 20 18 27 17 19 23 25 11 20 12 12 22 30 19 23 22 19 22 21 26 16 29 24 16 25 17 19 25 20 22 25 7 19 18
28 15 17 18 25 20 21 28 21 24 17 15 27 28 26 24 25 22 22 19 30 18 22 21 25 29 21 28 31 27 25 24 18 27 15 24 25 31 21 25 33 23 26 31 27 21 26 28 27 21 22 13 28 21 30 17 17 34 19 18 17 28 20 30 28 24 34 31 26 17 21 19 18 18 7 22 22 27 30 25 21 28 15 14 22 27 22 22 16 16 28 17 27 14 21 16 23 18 21 18
19 25 10 25 17 17 21 19 27 20 19 18 25 29 17 24 22 13 16 21 18 24 22 28 13 24 29 19 29 21 22 14 18 23 29 26 32 14 18 24 23 25 23 20 23 28 26 16 14 16 10 25 26 31 26 25 26 25 27 26 32 22 21 28 32 18 16 31 28 14 20 18 13 25 12 18 12 24 21 31 21 17 29 19 27 17 20 16 29 18 20 28 16 21 20 17 23 15 40 25
15 21 18 29 26 20 29 23 13 23 17 28 23 33 27 22 26 23 20 9 31 28 24 32 16 22 14 27 31 30 30 19 21 21 27 25 23 26 20 26 20 13 22 26 34 28 21 26 18 27 23 17 23 18 21 24 26 21 22 24 26 23 26 17 24 28 26 29 32 29 23 20 20 20 18 23 27 21 25 25 28 27 19 26 19 24 28 34 21 29 19 23 24 25 20 5 28 16 28 22
22 17 18 17 31 26 20 20 19 22 17 31 26 23 17 26 21 21 21 27 20 24 24 22 16 23 17 29 29 24 16 27 30 23 30 20 13 21 28 23 19 19 19 20 27 24 26 30 26 19 23 23 25 19 22 25 23 22 24 23 29 15 25 28 26 23 26 22 27 30 26 23 25 24 23 19 21 34 13 31 17 26 21 15 23 26 29 14 11 9 10 11 11 18 10 10 10 15 8 7
9 13 12 10 8 10 13 11 9 14 8 10 12 11 9 14 14 8 13 12 12 10 13 10 11 11 12 8 11 5 9 13 10 10 8 9 12 8 13 7 13 11 13 10 11 11 13 11 14 8 10 13 8 12 13 11 7 12 16 10 12 9 8 10 7 11 10 9 9 11 12 13 5 10 10 12 8 11 9 11 15 13 14 14 13 9 13 9 8 11 12 9 17 16 11 10 8 7 11 14
15 11 14 12 14 7 10 7 5 17 19 6 12 10 7 8 14 14 13 9 10 10 7 12 10 17 11 8 11 12 9 12 8 6 7 12 9 22 7 9 9 14                                                          
