0.478260869565217 2159 26 26 33 28 32 25 12 26 24 28 21 20 9 26 19 32 26 26 24 21 20 23 36 30 35 28 30 22 27 17 20 31 19 22 18 18 29 24 16 20 24 19 17 20 22 25 24 21 30 26 24 30 29 30 28 37 25 25 33 25 22 17 24 30 37 31 18 26 13 24 27 24 24 21 25 25 53 40 25 27 31 27 26 37 29 30 25 22 28 28 27 19 27 30 37 22 22 18
26 21 16 27 23 30 28 28 27 29 24 14 20 29 45 29 26 28 32 19 20 26 23 29 31 21 23 17 22 19 33 28 21 13 34 17 29 23 29 43 33 27 29 22 27 26 24 26 25 23 22 30 24 27 21 20 23 22 20 29 22 27 25 37 19 29 22 26 28 25 21 18 28 26 20 35 22 24 24 29 20 32 25 24 21 30 26 20 13 29 21 26 20 29 18 23 30 24 21 21
34 25 23 23 23 18 18 27 23 15 37 23 20 27 28 22 26 22 29 30 18 26 28 27 25 30 19 20 25 30 28 29 33 30 34 23 26 15 26 21 21 26 26 19 30 23 21 23 31 18 23 20 28 22 31 23 17 29 22 29 26 34 33 29 28 27 19 29 24 21 31 31 39 34 31 15 27 31 33 31 30 19 27 26 28 32 28 35 22 17 26 27 36 31 16 29 32 22 37 18
25 29 16 11 24 25 35 28 23 23 34 21 30 26 23 25 28 22 32 35 29 28 29 28 23 24 26 37 25 33 28 31 23 36 25 39 30 24 30 38 19 37 27 34 15 32 26 22 34 23 22 25 25 28 31 29 18 30 32 19 15 24 24 23 22 23 34 27 27 18 25 18 24 26 17 29 27 34 28 28 25 33 26 31 18 27 23 32 37 21 29 22 21 22 20 21 23 34 28 27
25 27 21 20 27 33 23 25 28 30 33 28 29 21 24 26 27 22 24 21 24 22 28 19 27 20 37 27 24 24 30 32 23 34 22 24 29 29 30 30 31 29 22 32 23 23 31 26 17 35 28 29 21 39 27 23 28 29 28 21 23 20 26 22 18 14 33 27 36 20 27 31 25 40 14 21 21 31 29 25 36 38 26 28 20 27 41 26 25 20 23 26 27 34 23 28 28 22 14 31
28 35 24 20 29 23 31 31 22 18 25 30 26 21 21 27 28 28 23 24 23 24 32 23 28 16 15 43 16 27 26 22 24 24 31 17 30 19 21 31 27 20 19 24 25 24 23 33 22 26 36 31 25 29 28 28 24 39 28 28 22 21 37 29 31 29 22 22 28 29 26 25 18 25 21 26 34 24 25 20 19 24 22 25 22 30 25 28 25 21 22 28 18 20 28 29 26 25 10 24
17 25 19 18 14 21 67 49 28 36 27 31 21 32 23 31 26 42 18 31 25 24 25 36 24 12 28 24 17 22 27 27 29 25 20 23 37 25 28 26 32 35 24 35 28 32 27 34 22 28 22 20 41 17 24 29 21 23 21 21 44 44 34 26 12 25 24 28 29 20 12 21 25 18 21 26 37 28 28 26 28 20 18 19 27 29 29 54 26 22 23 27 27 32 23 20 21 12 27 44
19 24 29 22 34 25 26 19 27 24 32 30 30 33 21 19 32 23 29 32 27 24 23 46 28 23 29 21 29 23 31 25 21 22 31 27 27 16 28 20 34 29 29 22 26 33 27 30 25 16 35 24 26 24 26 20 20 29 23 25 23 42 33 32 21 18 26 23 28 25 24 22 32 21 27 22 33 21 25 22 27 25 27 21 31 35 34 22 23 27 26 22 18 27 12 10 26 30 27 19
25 21 26 22 20 29 26 21 27 26 16 27 21 20 21 22 25 20 28 27 29 30 30 16 21 19 27 21 28 23 24 28 28 23 23 27 20 24 27 32 32 20 37 16 31 19 26 20 36 26 16 24 25 30 29 28 30 22 26 33 31 27 16 27 20 29 29 27 27 30 26 17 34 27 24 30 18 25 33 28 27 30 19 20 26 23 24 24 22 27 23 26 12 38 19 28 28 23 30 26
6 33 20 29 24 28 28 25 20 13 23 26 26 19 21 17 27 23 17 29 21 23 18 25 25 25 24 26 21 30 20 36 19 35 31 30 25 23 32 27 22 25 26 26 17 32 31 25 28 32 19 29 26 34 23 23 30 28 33 32 24 22 24 23 18 25 18 22 21 28 17 22 29 30 27 26 26 24 21 21 24 29 13 25 33 22 23 29 29 22 28 25 24 27 22 32 21 28 33 36
31 22 26 24 24 29 16 31 26 24 34 23 17 17 30 28 22 22 18 34 27 24 24 18 27 15 25 27 37 29 22 32 25 31 29 26 28 20 21 27 24 19 31 18 27 18 25 20 30 28 25 27 23 32 24 27 15 32 17 21 23 19 30 24 23 21 27 26 53 32 15 28 26 24 23 35 17 20 26 29 26 24 29 27 27 31 32 27 17 23 35 16 25 23 17 26 21 34 32 33
33 31 27 42 20 19 25 31 27 31 29 16 25 25 30 18 22 16 29 12 29 34 22 22 26 26 17 21 31 32 18 26 26 26 19 24 32 33 30 25 24 30 17 21 25 32 17 29 31 30 28 28 18 31 36 27 25 36 25 22 26 28 21 29 23 39 15 25 26 24 22 24 30 24 27 28 23 18 30 23 28 19 22 31 20 33 27 26 26 30 26 35 28 24 26 32 24 18 12 21
15 28 28 21 31 32 29 17 24 30 35 29 27 20 30 23 28 32 39 15 27 30 34 23 29 20 21 21 27 21 23 15 10 35 36 34 33 28 30 25 16 35 19 23 20 36 28 24 29 37 21 26 15 25 21 24 27 24 28 18 27 25 23 25 27 21 24 24 21 27 30 28 20 26 23 22 33 28 24 21 25 32 20 25 19 25 21 15 22 25 37 31 20 29 24 21 16 25 27 28
33 24 27 25 18 30 18 32 28 34 28 19 28 33 26 33 30 19 23 21 29 26 31 26 20 22 30 22 28 19 29 30 26 18 26 26 19 22 24 31 16 23 31 25 25 22 26 26 23 23 29 22 9 36 24 31 21 29 24 23 19 23 25 31 25 21 35 29 27 32 27 20 24 29 23 19 24 24 25 24 17 12 26 23 26 22 19 25 33 32 32 12 27 16 25 19 28 25 24 29
28 26 27 28 19 31 25 32 23 30 24 12 24 31 27 23 9 24 39 28 23 22 21 21 25 28 25 38 25 23 24 25 38 24 35 20 30 28 34 24 14 26 25 30 21 24 24 32 22 27 19 27 34 26 30 23 23 26 29 32 19 22 30 22 24 18 20 22 26 21 29 26 20 19 22 17 37 37 22 25 23 29 22 23 25 29 25 25 21 17 27 38 26 30 31 29 27 24 19 29
26 30 25 18 20 31 20 24 22 31 24 32 27 29 20 24 25 22 19 21 21 28 31 26 18 26 20 19 24 23 16 19 19 21 19 37 24 26 31 30 26 28 27 28 16 29 23 29 34 22 36 23 22 30 33 19 31 30 25 16 29 26 25 28 35 25 27 25 22 21 33 19 16 29 26 17 20 34 18 20 19 30 23 33 26 28 19 17 24 18 35 27 28 25 22 14 30 25 32 22
27 28 19 21 38 26 27 27 23 31 24 18 34 23 15 28 34 20 21 18 16 25 24 20 37 29 23 38 20 20 28 27 23 32 37 15 25 20 34 25 33 18 15 25 20 29 24 21 21 26 33 18 20 24 20 28 31 27 19 27 31 27 22 20 26 24 25 23 25 25 35 27 26 15 26 24 17 24 29 20 31 30 24 28 29 24 22 32 34 24 18 25 21 23 20 24 19 27 23 25
16 13 23 29 22 28 25 21 27 28 36 30 21 33 21 20 30 20 26 27 34 20 27 32 20 15 25 28 30 29 24 18 27 27 21 30 30 20 26 24 22 25 20 20 24 26 33 16 13 29 17 17 21 28 25 31 17 21 21 23 21 26 22 30 29 31 32 31 24 19 28 24 26 25 27 25 26 35 20 36 29 30 37 25 37 37 33 26 25 29 23 27 29 35 32 19 34 31 24 24
40 33 27 19 31 27 29 19 23 23 26 21 22 22 27 18 28 18 20 20 26 20 20 24 29 33 25 32 9 20 20 26 20 25 21 20 22 21 30 33 27 19 28 27 29 32 22 25 31 23 18 25 28 26 19 23 29 24 29 32 25 26 31 27 20 29 17 31 19 34 26 24 28 29 29 29 21 23 35 22 26 25 33 23 30 24 18 32 26 28 19 37 32 32 30 23 24 28 24 22
30 21 19 21 24 29 29 20 28 25 23 27 36 36 27 19 25 22 26 26 20 23 25 30 29 33 31 13 18 25 24 31 19 30 24 31 22 21 26 26 23 28 20 24 19 31 22 19 26 24 31 31 5 22 28 29 24 23 34 21 32 22 29 29 38 18 26 33 29 24 27 31 31 20 14 23 16 32 31 26 20 30 37 20 30 28 25 30 29 27 22 29 28 32 13 24 18 34 26 24
19 24 20 29 20 33 21 20 32 20 28 28 21 27 31 37 15 30 22 11 34 23 16 22 28 18 28 24 26 29 23 28 27 27 20 13 28 30 26 30 12 23 28 23 27 30 30 29 27 25 26 26 33 20 22 35 28 22 27 29 23 21 24 21 29 17 31 21 33 29 31 28 26 20 21 19 17 20 18 28 35 38 25 31 15 21 23 26 29 19 32 20 11 15 19 20 21 27 18 20
28 12 19 33 25 24 29 19 41 18 22 16 18 34 25 23 26 13 23 30 27 40 31 36 14 12 24 36 28 28 20 11 29 32 20 22 31 19 32 22 12 11 26 17 27 25 15 34 20 25 34 26 32 31 22 23 25 25 20 31 31                                       
