0.4375 4663 31 30 46 39 30 22 24 23 30 20 26 24 21 16 30 12 13 27 35 17 32 26 33 35 22 23 33 21 21 27 20 32 25 24 26 28 21 23 20 18 32 24 32 29 31 35 27 30 30 19 16 31 26 32 27 24 23 14 27 27 27 19 22 25 30 26 25 28 23 23 27 27 22 16 28 27 24 31 15 26 12 17 22 24 29 20 19 22 19 20 25 36 18 30 26 29 26 12
21 33 24 25 21 30 19 19 28 20 21 22 18 24 17 28 26 32 17 28 27 26 22 29 30 25 34 20 20 22 23 17 17 23 18 25 28 30 24 20 26 28 28 32 21 19 20 27 17 21 11 28 29 27 14 19 17 20 27 29 20 26 25 27 31 26 27 25 34 23 32 36 25 24 21 20 31 40 16 19 39 33 26 31 34 19 18 27 24 23 29 23 25 28 23 24 19 19 11 34
24 27 30 26 22 22 31 25 18 21 24 18 26 21 23 25 19 18 28 24 26 23 27 21 17 24 21 21 16 26 27 25 28 29 25 27 27 22 24 22 20 27 27 19 27 24 24 24 24 18 21 26 31 36 21 13 26 22 11 23 24 24 30 24 36 27 19 26 23 20 17 18 32 32 22 12 23 26 21 28 29 24 29 28 28 44 20 24 23 24 16 18 20 21 17 20 12 23 20 22
26 25 21 29 25 34 25 21 21 24 17 23 24 30 22 21 28 26 28 22 20 30 20 37 24 26 32 33 32 32 25 27 22 31 35 17 29 26 35 25 31 27 30 24 28 24 25 23 37 21 23 21 25 37 23 23 22 29 27 34 30 26 27 35 27 17 27 28 24 25 27 25 23 23 29 27 32 20 15 35 26 26 11 23 19 28 20 33 28 31 30 23 15 26 24 27 14 34 25 38
27 27 24 32 22 28 24 34 20 27 34 27 31 26 35 39 25 26 30 26 22 22 11 16 24 35 31 19 14 20 33 31 31 18 33 33 27 24 31 26 24 29 18 28 30 30 31 22 30 22 19 26 33 23 24 21 24 26 21 22 34 21 24 27 17 24 32 33 25 31 30 27 23 32 26 23 19 17 32 34 34 27 30 25 27 21 36 35 16 30 24 20 29 18 19 21 31 20 26 23
26 23 29 31 16 20 32 28 35 20 25 28 36 32 24 35 33 25 21 23 34 22 24 25 17 23 34 33 26 31 30 22 27 29 12 29 30 24 17 22 25 27 15 15 28 21 29 21 26 23 23 33 21 22 24 26 29 29 23 23 31 25 25 30 34 37 28 16 26 28 31 17 17 19 22 26 20 19 21 20 28 31 18 22 17 30 16 18 30 20 20 12 21 32 38 26 24 26 29 26
30 22 22 32 43 23 31 26 34 36 26 19 13 27 32 29 25 31 16 27 21 37 21 27 26 23 26 29 26 31 20 33 25 22 23 21 26 20 16 21 21 21 27 33 29 29 21 31 12 20 20 21 28 22 27 28 28 37 19 20 17 30 30 22 21 25 20 20 17 19 23 26 14 22 30 18 20 26 25 28 38 33 19 30 22 27 21 23 26 20 21 15 30 24 18 28 23 30 20 30
32 29 24 25 21 30 31 26 26 22 26 19 24 20 26 19 12 25 24 17 28 31 26 24 20 28 27 26 20 22 26 24 22 24 23 22 24 36 20 25 29 28 23 26 30 24 16 32 21 16 22 23 22 24 17 18 35 19 30 22 27 18 35 20 25 27 21 30 21 22 29 25 21 28 26 23 29 25 26 32 20 23 29 29 25 19 21 17 35 19 27 29 21 26 32 19 21 32 27 34
25 28 22 27 29 21 28 23 28 27 23 33 27 27 19 10 30 28 29 19 28 31 23 23 18 20 23 17 18 23 16 23 31 26 24 22 24 27 37 29 24 28 17 22 22 21 22 21 23 20 22 30 10 16 21 24 15 17 16 28 21 19 27 23 26 20 24 17 25 34 19 24 15 26 17 25 23 21 20 20 24 26 29 26 28 29 23 20 25 27 25 22 24 25 20 32 28 31 21 19
22 28 25 29 31 20 23 30 25 20 23 32 16 21 28 24 26 30 23 23 28 21 40 21 22 28 27 23 24 30 22 31 24 19 23 25 19 19 26 29 31 13 28 13 20 27 22 24 28 24 21 16 23 15 22 28 22 17 27 22 21 21 26 20 23 24 18 25 19 32 23 28 19 25 26 26 24 20 22 24 26 25 19 27 19 27 23 30 22 30 35 32 19 27 31 18 26 14 24 21
30 25 26 31 25 13 38 20 23 28 24 26 23 28 42 19 14 29 24 14 17 27 28 17 19 28 18 21 30 24 26 24 17 21 22 25 22 22 25 27 25 13 34 18 20 29 20 33 16 26 18 29 27 25 23 22 24 20 18 23 21 21 20 26 27 22 26 24 25 21 28 25 27 24 27 19 21 19 26 32 15 29 28 25 33 18 27 25 17 28 21 21 26 30 33 25 28 27 26 28
26 23 29 27 26 25 18 23 14 25 40 23 29 21 22 25 34 20 19 23 24 31 30 18 28 22 22 33 34 18 30 19 19 28 24 32 34 33 29 32 33 38 25 21 30 20 51 25 31 31 24 30 29 21 15 25 21 22 32 21 22 24 22 17 22 14 24 16 19 31 24 12 22 13 28 19 17 18 20 23 31 20 29 22 12 21 23 18 23 22 29 20 39 25 21 28 26 26 24 30
17 23 16 23 28 13 19 22 13 28 32 15 22 23 21 20 29 25 36 29 27 34 27 35 23 23 25 30 24 33 22 27 30 32 31 23 30 37 30 16 28 29 29 31 22 31 20 22 22 16 25 30 26 27 25 18 26 41 25 17 32 27 25 21 17 25 31 22 22 23 27 22 29 36 34 23 30 25 29 35 23 26 30 24 32 35 32 24 28 16 26 15 26 12 50 18 34 19 19 26
27 24 30 26 21 29 22 24 22 16 29 27 24 25 29 14 15 45 25 25 31 10 11 23 34 18 21 22 23 19 23 28 21 22 27 27 19 26 26 23 27 28 24 29 23 30 22 35 20 26 23 33 23 25 21 29 23 27 18 34 13 28 32 31 20 25 11 29 17 32 23 12 26 30 16 26 35 28 22 25 20 17 24 24 26 23 21 28 25 22 22 17 18 17 34 21 24 31 35 22
18 26 23 11 22 28 27 24 19 25 31 20 26 29 27 22 22 34 28 21 30 20 25 27 24 18 30 16 20 34 28 18 22 30 19 17 17 23 32 31 19 24 28 25 27 21 27 19 20 25 35 70 34 40 17 24 22 26 26 31 8 23 31 24 22 22 23 26 28 24 18 22 26 23 28 24 21 22 25 28 39 30 24 30 24 26 27 28 10 27 24 15 19 17 24 31 29 26 31 22
32 18 23 28 20 23 18 23 24 27 16 24 27 18 33 18 28 22 26 24 26 24 17 21 27 30 23 20 24 23 30 31 25 26 28 26 23 23 32 18 21 25 18 28 11 31 28 25 24 34 26 31 27 22 25 30 23 29 33 19 20 21 19 28 26 22 22 21 22 23 27 16 27 25 19 33 21 29 27 23 33 23 24 32 35 28 35 21 14 26 21 31 23 31 20 23 31 18 30 29
26 30 28 23 26 20 22 22 22 29 30 26 26 31 25 26 25 24 26 12 28 22 24 20 23 27 27 33 24 21 20 20 14 33 19 30 26 21 24 36 21 28 27 31 16 23 20 18 28 28 27 23 22 39 30 18 26 24 24 20 13 30 36 17 21 27 20 23 27 24 25 24 27 16 24 23 16 21 31 28 23 30 23 26 18 14 18 30 20 24 13 36 14 27 18 32 34 26 19 34
21 20 20 33 22 18 22 25 17 22 24 23 29 29 37 24 24 18 26 17 27 21 38 24 31 25 20 26 20 22 17 27 27 23 23 24 18 28 29 18 23 26 29 27 24 24 24 25 26 22 19 21 27 18 27 18 30 20 28 32 25 16 33 31 30 22 26 30 23 27 40 23 31 38 25 23 30 26 31 35 28 30 28 23 37 22 27 36 28 35 25 26 30 27 23 21 26 25 30 24
25 26 28 21 22 17 24 20 38 24 21 37 30 31 21 33 33 27 27 23 28 18 13 25 31 30 28 28 25 30 25 13 19 22 22 7 34 25 25 30 18 22 31 20 24 24 12 24 35 27 23 15 19 28 22 18 25 31 17 22 21 18 15 27 29 20 24 14 24 17 23 27 24 28 17 17 26 19 31 29 15 31 35 18 27 25 20 16 24 29 23 33 30 21 20 25 30 25 12 22
27 22 26 25 29 29 27 18 28 28 26 29 24 33 20 25 24 27 16 21 14 24 24 16 26 25 20 24 19 23 21 25 20 27 29 17 31 20 23 22 21 15 23 32 29 17 26 29 31 20 15 22 18 28 31 31 18 18 31 27 21 25 21 17 24 20 25 12 32 24 16 19 21 23 18 20 20 24 21 19 33 27 28 19 28 25 28 10 21 21 22 7 28 15 27 31 18 20 37 25
33 27 21 20 23 23 25 22 31 29 18 33 30 19 28 27 22 30 29 22 25 24 19 24 29 29 21 33 22 22 26 26 32 23 18 30 28 25 33 23 26 27 25 36 24 30 31 33 30 25 34 44 19 24 28 18 37 18 16 22 19 29 25 15 34 20 22 8 29 24 19 32 30 33 34 22 28 27 31 26 22 35 25 29 27 32 28 29 26 28 27 18 26 19 34 25 23 33 30 25
22 34 26 25 28 17 24 21 24 24 21 29 37 37 19 21 27 21 24 27 26 22 23 14 30 29 25 27 27 21 16 24 22 32 29 29 15 29 26 25 20 16 31 21 27 27 24 20 17 15 21 20 19 23 21 30 35 30 27 22 34 19 17 22 19 24 19 12 15 28 18 27 21 22 21 27 17 27 16 22 28 26 31 27 23 29 43 31 31 31 28 14 18 28 20 17 18 22 31 31
20 30 30 30 29 29 26 26 28 36 33 24 34 35 27 35 33 21 24 30 20 34 30 14 20 21 21 26 18 24 32 25 14 18 24 22 21 32 22 24 31 32 29 25 23 25 10 31 29 29 32 26 27 29 26 23 30 27 21 30 13 24 22 25 31 27 22 30 30 36 18 21 27 28 32 22 30 25 30 24 29 24 26 27 20 24 23 26 18 18 24 27 23 29 23 33 21 22 27 16
28 22 33 28 24 27 23 26 32 60 33 16 19 24 28 19 22 23 21 21 19 18 29 28 28 18 27 20 20 20 25 28 25 26 26 33 25 15 16 22 25 27 24 23 23 26 19 33 25 25 20 26 30 20 24 24 17 21 19 29 14 25 31 25 26 26 21 31 30 22 27 33 26 19 21 29 12 12 26 27 27 22 20 19 16 41 32 21 10 16 13 36 42 36 24 24 33 24 28 24
32 20 31 26 32 25 33 29 28 26 20 35 28 33 21 18 25 22 21 22 30 22 26 20 25 28 32 19 27 23 29 25 23 19 26 28 17 18 22 10 25 40 26 22 25 26 18 24 31 33 27 15 35 34 27 24 31 16 26 19 21 26 13 22 11 24 21 21 24 26 11 25 32 21 21 21 25 29 18 40 31 13 36 25 28 29 25 30 23 27 24 22 26 29 26 28 34 22 25 29
23 33 37 21 27 21 24 37 29 21 25 31 34 25 26 31 26 24 35 28 37 25 15 27 19 21 26 24 18 29 21 21 26 18 27 36 19 26 20 34 22 25 23 39 21 31 24 30 28 19 27 29 35 26 32 22 33 36 26 27 20 26 20 25 23 18 20 21 19 22 23 35 27 24 29 24 28 23 29 31 25 32 20 28 24 26 27 28 37 20 22 24 16 28 24 30 26 31 19 29
17 24 26 17 20 14 21 42 30 31 38 37 30 23 30 16 23 28 23 21 23 35 21 29 23 26 33 20 16 26 30 24 26 20 28 23 30 32 22 32 26 31 21 28 24 30 36 32 26 19 33 21 31 26 26 24 18 27 26 23 13 23 30 25 24 15 20 31 27 20 16 31 35 20 18 29 26 28 27 26 26 25 18 26 29 19 30 23 21 25 24 25 28 25 21 24 21 25 23 21
26 15 34 26 28 29 21 22 37 28 22 15 24 27 27 22 25 27 35 26 24 18 23 33 26 20 32 28 30 18 26 18 17 30 24 20 23 23 22 26 29 29 26 27 26 25 24 31 19 22 30 28 21 25 25 15 21 19 21 12 25 28 15 28 27 20 14 16 24 29 33 19 26 21 25 18 23 23 20 19 23 30 31 23 26 23 24 30 12 20 29 29 17 16 24 30 23 28 27 29
16 17 24 25 19 23 27 11 22 21 16 34 28 24 26 29 23 24 20 29 17 22 19 18 29 26 27 19 19 24 23 23 17 14 14 19 18 29 38 28 14 27 22 30 36 25 28 22 24 23 20 26 25 24 19 23 26 32 20 23 18 27 18 25 31 22 15 20 20 14 22 29 28 32 23 21 21 21 12 18 30 17 28 15 23 33 23 28 31 24 20 20 24 15 30 16 19 30 30 31
21 19 24 26 20 19 25 21 19 31 22 21 22 19 20 25 27 12 9 21 22 33 23 15 25 21 24 21 32 27 19 24 20 27 23 23 25 25 25 30 27 20 24 17 23 24 28 27 28 17 30 27 28 31 28 28 35 27 23 22 28 21 32 24 25 26 28 29 14 23 34 25 16 38 27 16 31 21 14 22 35 23 14 19 23 24 20 30 24 21 18 26 21 21 25 20 22 17 17 18
23 32 27 25 24 19 24 28 22 36 17 19 24 9 24 16 28 27 23 32 36 23 13 21 35 27 22 28 24 24 28 20 18 20 20 21 22 23 21 16 34 29 14 19 15 24 26 19 21 21 29 27 20 31 22 24 31 28 30 29 27 22 24 30 28 21 28 28 21 14 20 20 24 22 16 24 18 25 34 31 24 28 18 25 20 27 27 22 16 26 20 21 23 15 24 18 27 26 26 24
24 28 20 10 25 19 23 19 19 18 25 24 28 25 27 20 17 24 29 27 26 21 43 22 28 21 24 25 25 21 18 28 14 24 25 36 26 24 22 19 25 18 23 21 29 30 20 21 23 29 14 13 21 29 34 23 17 25 28 21 21 24 23 20 23 23 18 21 25 26 38 22 23 27 21 24 22 24 19 26 24 24 27 23 23 31 23 19 31 26 29 27 24 20 19 22 23 31 24 17
28 26 24 22 20 27 40 23 21 28 30 17 25 25 31 28 16 26 25 31 22 23 29 24 29 22 15 17 31 25 29 21 20 19 22 25 25 25 28 35 20 25 22 49 29 17 27 28 24 11 26 12 25 29 22 25 20 32 22 33 17 25 13 27 33 29 20 22 29 23 14 23 22 24 29 28 24 30 29 22 17 14 31 28 31 13 27 13 32 16 20 20 26 24 22 25 22 18 23 27
21 20 19 19 22 24 27 12 22 23 31 20 32 25 23 21 34 26 12 17 15 28 16 24 21 31 26 18 31 21 22 38 26 37 14 25 30 18 22 28 25 28 27 22 25 39 27 29 26 18 26 16 25 21 28 24 20 15 27 24 31 18 21 20 17 37 20 14 26 28 27 18 19 25 25 21 20 21 27 25 32 23 32 39 24 22 19 22 28 25 24 13 29 24 23 19 24 22 20 20
23 22 27 27 30 19 29 26 25 26 28 29 29 20 31 20 21 33 34 23 29 27 26 20 29 22 33 31 32 27 24 25 23 23 18 29 27 26 22 25 20 32 29 31 31 38 26 24 26 24 25 29 21 24 24 31 25 22 37 25 25 23 11 38 32 38 27 21 27 30 12 12 28 22 23 23 18 27 23 25 18 17 18 20 29 16 24 34 24 22 27 29 16 26 25 24 29 24 25 27
25 23 21 27 27 25 18 17 18 26 33 27 28 27 23 19 24 21 21 18 22 32 34 26 41 25 25 25 31 27 23 21 25 31 24 19 26 26 24 22 32 19 20 22 21 26 40 23 22 26 31 26 31 21 24 28 14 25 33 24 23 19 31 26 20 27 24 13 20 25 12 21 28 28 30 14 8 26 25 32 21 28 28 32 31 28 27 24 21 18 32 27 28 22 24 26 26 17 31 24
19 32 23 21 23 22 23 24 32 19 21 32 17 25 18 22 23 23 26 20 23 19 23 27 25 28 18 28 14 23 20 21 24 22 21 18 16 20 28 28 22 23 26 22 22 34 23 32 14 23 23 23 22 28 26 21 31 32 25 32 24 19 30 24 26 18 23 26 22 24 18 31 28 12 21 19 21 20 23 29 29 19 17 19 17 34 23 26 24 19 19 29 30 29 37 17 19 28 20 28
42 14 28 18 31 30 25 22 18 22 18 19 22 16 18 21 28 31 10 26 25 32 21 25 25 25 26 19 23 20 28 23 31 23 27 20 11 18 25 23 20 23 30 25 27 24 31 20 25 20 25 18 26 25 24 34 26 18 25 21 22 34 22 19 19 19 27 27 27 28 25 26 17 22 21 26 26 21 29 25 30 23 26 29 21 18 37 22 22 24 27 38 19 26 21 20 28 23 20 24
13 32 15 17 28 24 19 31 13 23 21 24 21 20 31 12 11 26 30 22 25 20 27 18 23 17 20 27 30 15 25 34 19 25 18 12 20 24 20 25 27 12 34 27 24 20 22 17 28 31 18 27 27 30 27 36 17 23 20 21 31 36 24 30 30 19 19 23 24 29 23 23 28 18 26 23 19 22 21 28 24 31 25 30 25 29 33 20 22 32 27 30 25 43 28 22 26 24 28 28
23 22 32 25 23 20 20 32 23 30 24 22 28 29 18 25 21 15 22 16 22 21 24 17 19 29 20 23 24 18 19 30 17 22 30 19 16 23 29 30 29 18 23 21 24 33 19 12 21 27 27 27 23 20 29 30 30 16 30 26 30 22 22 26 33 27 30 20 24 32 21 16 17 26 20 23 31 29 19 20 15 23 25 29 26 25 30 26 23 26 27 25 27 31 24 20 24 21 26 23
17 29 19 29 23 11 29 22 22 22 27 27 30 22 12 18 21 28 27 22 21 31 21 16 30 25 33 17 23 17 23 19 24 24 23 25 28 24 23 11 21 22 31 21 28 14 22 37 19 21 25 26 25 24 31 20 19 22 22 31 26 27 36 21 12 20 17 22 19 20 22 25 25 28 15 28 30 22 20 26 10 28 29 30 20 25 18 23 30 18 20 23 17 20 18 17 25 25 22 28
22 26 32 35 12 25 17 21 21 23 20 33 19 21 18 17 16 17 22 22 16 32 20 26 30 25 15 29 20 27 17 26 29 23 24 21 16 34 29 26 26 18 32 18 23 23 23 31 24 23 24 31 25 37 25 28 26 20 18 28 23 21 28 20 20 29 30 23 15 26 25 16 25 32 25 19 16 24 30 19 30 18 26 28 11 18 25 27 12 20 28 12 18 29 15 22 14 23 23 20
24 20 20 21 19 23 27 19 20 30 18 19 30 9 14 16 20 19 25 23 19 15 30 26 17 16 20 33 25 24 31 16 19 32 21 25 24 21 28 33 25 39 29 23 22 15 35 26 28 17 17 32 34 18 34 18 38 20 21 32 21 25 24 24 21 20 22 20 28 23 25 21 23 23 25 20 34 21 25 25 28 18 20 15 22 12 18 22 21 22 22 37 20 29 22 28 30 27 25 21
34 21 28 23 37 29 23 25 29 31 15 36 19 36 24 28 32 21 26 18 29 21 25 22 26 15 27 23 33 15 30 28 23 22 23 21 25 29 28 41 20 29 32 20 21 22 25 31 14 29 28 21 21 24 21 22 15 31 16 26 10 24 35 27 32 28 20 26 29 26 16 19 17 28 29 17 22 31 24 18 26 26 24 21 38 18 26 22 19 24 20 27 30 21 29 25 23 28 23 17
25 28 33 30 26 22 26 29 33 32 27 24 24 24 18 36 27 24 25 24 24 27 25 21 26 33 29 32 22 34 33 39 29 20 29 27 43 35 22 25 34 34 31 25 24 19 30 18 26 22 24 20 20 17 22 12 13 16 12 16 12 15 12 21 10 10 10 10 11 19 12 8 17 13 15 13 16 15 12 13 13 6 7 20 12 9 10 10 20 10 9 16 15 18 8 11 15 12 10 6
19 8 19 15 18 16 10 12 8 10 15 10 13 15 12 6 13 6 15 19 15 5 11 9 18 11 13 13 12 9 12 15 10 13 6 12 9 9 6 19 17 17 8 8 18 9 9 13 18 14 13 14 16 20 10 16 17 11 9 13 15 14 20 16 11 11 20 14 19 17 14 16 17 11 14 10 10 10 13 19 7 16 18 8 14 14 14 19 16 17 18 16 19 9 12 17 10 22 13 6
12 20 14 15 15 11 16 14 12 12 17 18 16 8 12 11 10 16 12 11 12 14 10 12 11 17 15 16 11 14 15 7 13 12 16 10 13 8 10 13 12 8 11 7 14 16 4 10 7 10 11 14 10 16 13 17 12 14 6 12 9 18 12 9 11                                   
