0.285714285714286 1809 26 23 12 23 18 22 23 23 20 20 16 13 19 17 27 20 19 18 24 27 16 23 14 16 18 19 17 20 26 24 26 16 15 17 21 19 25 17 27 14 15 23 19 18 22 14 27 19 18 25 21 15 17 25 23 22 17 12 28 20 26 20 16 20 15 11 15 16 15 26 28 23 20 17 20 21 16 18 18 29 27 20 18 18 26 17 25 24 22 29 20 19 22 24 23 20 23 19
20 22 25 26 20 26 22 31 18 28 21 24 21 13 21 24 29 22 25 15 19 26 24 22 19 22 16 21 19 14 16 19 23 14 28 22 18 24 17 24 20 17 15 24 22 17 18 15 17 26 21 29 14 18 18 16 20 19 25 17 21 15 20 19 18 27 21 14 19 23 19 23 17 20 20 19 19 19 15 23 27 21 24 19 25 26 25 23 20 18 26 13 23 31 19 24 17 19 38 17
22 19 16 18 26 20 21 16 30 22 17 33 24 19 21 21 16 20 22 24 23 20 20 17 19 20 19 17 17 21 28 22 15 19 29 28 19 35 22 25 13 21 16 20 22 26 29 19 18 24 18 18 26 19 25 16 28 32 23 19 23 15 21 27 17 21 21 20 16 15 28 24 17 19 21 24 11 26 21 24 22 27 28 18 23 16 22 19 20 20 30 24 23 22 23 15 20 23 20 27
22 25 19 29 25 26 24 18 23 28 17 15 24 21 14 27 23 19 16 23 18 21 23 22 22 17 27 14 21 20 23 16 16 13 19 18 23 15 22 26 21 17 21 19 24 27 15 20 25 22 20 22 22 22 19 16 22 22 22 22 28 22 29 20 25 25 17 30 27 18 24 11 14 26 20 21 20 19 29 23 22 16 15 19 24 23 20 23 24 23 17 30 23 18 19 13 15 14 20 17
23 23 21 17 26 15 20 23 16 27 22 22 19 20 18 25 23 20 32 21 23 18 16 15 19 23 25 15 20 21 21 15 21 18 43 16 18 23 15 22 17 27 15 19 18 22 19 28 24 29 18 21 21 19 19 18 27 22 30 13 17 29 24 18 22 25 17 20 25 24 28 20 19 24 17 21 17 20 33 15 17 40 28 25 17 18 20 20 22 21 16 26 24 20 20 21 31 20 20 19
24 24 26 28 25 13 18 18 33 25 27 23 19 20 18 20 23 13 30 18 19 18 19 23 22 22 17 16 13 28 23 19 22 23 25 21 18 28 22 21 18 16 19 30 12 19 29 13 23 17 24 26 24 28 11 33 17 17 18 22 20 22 24 24 19 18 24 18 18 29 19 33 20 26 25 21 17 31 14 18 16 29 21 20 23 31 25 17 23 27 17 26 25 13 24 19 14 24 26 12
16 19 15 26 25 24 17 23 20 14 29 26 26 25 13 17 32 18 24 14 24 26 22 23 28 31 27 12 26 25 20 11 26 28 21 21 20 14 13 19 21 21 20 7 25 22 25 22 26 22 30 17 23 23 18 23 19 26 23 16 20 16 33 12 28 19 24 19 12 24 13 21 28 18 26 24 23 24 24 27 14 29 16 29 18 22 22 20 24 18 15 18 16 20 25 19 21 16 26 22
28 22 25 20 12 21 26 19 22 19 25 15 17 20 21 16 22 15 25 14 31 22 14 15 14 22 13 18 23 15 26 16 24 24 15 23 16 14 16 24 24 13 22 10 20 29 17 22 22 23 22 26 22 20 23 28 27 12 16 23 24 29 19 21 19 30 26 25 18 23 27 18 15 24 24 18 15 26 32 21 15 25 20 23 26 26 22 27 16 17 22 17 13 20 17 18 18 16 18 18
17 18 20 13 23 30 21 19 21 15 24 22 22 23 23 19 33 25 23 22 16 13 19 20 22 18 13 21 19 18 19 18 24 24 17 17 20 28 21 23 24 17 17 23 22 26 15 24 24 21 24 23 25 24 14 19 30 9 18 20 29 23 23 22 27 14 24 16 30 30 20 19 26 19 17 22 16 17 24 19 20 22 20 26 28 18 15 23 29 15 29 17 22 20 21 20 22 19 23 25
21 15 17 26 13 17 22 24 23 23 22 21 19 21 23 19 18 29 25 27 22 22 23 16 21 16 21 19 17 27 33 21 24 19 31 23 24 20 19 28 21 27 26 26 24 19 17 25 22 26 14 24 26 31 27 22 27 17 19 28 26 17 16 13 19 26 18 20 19 16 23 18 17 22 31 21 21 22 18 17 29 20 14 17 18 22 21 18 19 21 23 22 20 22 16 21 21 22 21 30
21 22 16 19 22 19 27 32 21 18 16 26 16 20 25 21 20 9 16 21 21 21 25 17 28 27 17 16 17 23 20 20 26 21 21 19 18 24 17 20 21 17 19 17 23 23 21 19 30 19 21 22 17 25 30 17 22 14 15 22 23 25 18 25 24 32 22 12 20 27 16 24 19 24 21 24 19 28 18 19 16 17 17 25 18 18 23 23 29 24 26 12 23 20 33 26 28 22 16 28
33 15 17 18 21 25 20 22 19 19 27 17 27 18 25 21 20 16 15 22 21 28 27 15 21 12 23 22 29 23 18 22 27 19 30 24 19 19 18 22 17 21 15 21 16 18 19 29 23 20 24 21 22 20 17 17 20 31 23 20 31 24 22 19 19 14 13 27 19 16 31 19 19 27 19 27 22 20 18 20 22 17 32 20 21 26 37 26 21 23 25 22 32 34 18 26 21 24 23 24
25 24 20 23 21 17 16 31 25 19 20 18 20 26 24 19 20 20 24 20 25 23 28 15 20 25 22 28 16 19 24 23 17 19 16 19 22 22 24 22 20 22 17 14 15 25 14 19 23 28 20 23 21 19 21 21 19 22 20 24 30 20 21 20 20 12 19 20 24 16 18 17 16 37 20 20 18 15 17 14 23 26 26 25 27 23 19 17 16 26 30 17 17 19 31 23 29 22 19 16
17 16 27 25 22 19 21 23 22 22 29 22 14 24 18 33 22 15 27 20 17 18 15 22 18 15 22 21 27 14 23 14 23 24 25 25 17 28 17 25 25 22 18 25 21 17 25 21 18 21 25 18 21 20 28 17 20 23 20 25 28 11 24 19 15 18 31 29 16 25 19 12 21 24 16 25 17 23 22 22 18 16 20 9 27 20 20 30 22 30 21 11 9 26 15 22 18 17 22 17
20 22 18 31 22 32 18 22 21 17 18 24 28 25 23 27 23 23 26 24 17 25 15 20 24 24 19 26 26 24 21 33 17 20 23 21 27 20 24 12 17 17 11 26 20 20 17 25 18 25 27 20 26 16 19 17 25 20 27 17 19 16 19 25 18 15 22 19 25 22 23 16 27 15 30 16 20 28 27 18 11 27 30 20 23 20 25 21 14 27 21 19 28 21 17 18 17 24 19 21
21 29 20 20 20 22 15 21 18 27 16 25 30 27 25 23 16 24 27 13 25 27 28 24 22 31 17 21 27 25 28 19 24 20 19 24 25 20 25 21 25 23 18 32 22 31 26 15 27 16 25 17 25 16 28 17 24 26 21 19 17 21 19 23 18 23 15 15 25 18 17 21 22 26 29 33 23 22 23 20 16 21 27 22 24 24 29 28 18 25 21 23 24 19 21 24 25 25 9 14
18 19 28 26 21 17 23 26 22 15 10 13 24 17 18 19 22 31 20 32 18 17 17 23 20 22 17 26 23 24 22 17 20 22 28 19 28 20 27 21 23 26 21 24 20 21 12 17 18 14 27 19 27 23 22 19 27 21 11 21 18 17 23 23 26 22 16 21 12 22 18 26 28 16 12 19 18 13 18 23 21 25 22 17 27 21 23 24 16 28 17 14 17 12 21 20 25 17 18 17
21 15 26 25 26 20 18 17 20 17 17 15 21 22 18 16 22 16 18 17 23 15 17 18 17 26 23 20 20 25 14 11 17 17 17 19 19 18 14 16 19 22 15 18 23 16 17 19 26 28 18 18 23 26 18 26 27 20 19 19 15 23 21 19 16 25 27 28 17 20 14 25 17 14 19 17 30 19 17 16 18 15 27 24 18 24 20 25 19 19 24 15 17 19 18 21 19 19 22 20
22 14 22 15 19 19 20 33 16 22 16                                                                                         
