0.463414634146341 4519 27 24 15 38 35 35 34 32 27 26 25 31 35 31 37 29 36 29 25 27 32 27 39 44 43 34 42 23 34 25 26 25 36 29 36 18 33 30 33 28 33 32 31 28 18 31 31 34 39 34 36 27 35 34 30 36 39 23 37 29 27 40 35 37 29 28 25 33 33 30 31 22 32 28 40 47 39 34 25 27 27 30 36 25 37 41 34 35 18 26 39 35 24 36 41 25 36 37
35 23 44 35 33 30 29 28 31 29 26 21 40 29 26 41 31 34 28 19 32 32 38 24 30 31 29 27 34 28 28 35 31 31 21 34 30 33 28 24 30 19 26 29 27 41 35 32 24 35 34 30 28 29 29 27 44 30 28 45 36 31 34 32 34 14 22 40 36 38 21 31 31 38 39 28 35 30 34 45 21 29 67 41 37 29 42 29 46 23 32 16 34 42 30 32 29 32 34 27
36 27 29 35 18 25 39 35 23 25 29 34 36 40 42 32 37 25 32 28 30 36 35 29 46 24 23 37 38 32 21 28 37 37 34 32 37 28 17 31 35 25 12 33 27 46 31 29 24 31 30 30 25 34 50 31 34 40 34 21 33 31 27 40 40 39 36 33 33 42 23 30 35 28 33 22 32 34 34 40 20 28 27 26 28 33 36 43 29 32 25 27 25 19 26 38 32 34 22 37
40 32 23 45 33 28 30 35 32 19 26 33 28 26 29 32 26 20 31 29 25 18 26 33 36 30 27 37 30 36 34 22 29 39 41 38 20 30 29 35 37 36 33 34 34 31 28 42 30 30 33 31 35 24 29 33 24 30 30 37 34 28 35 42 32 31 30 36 26 37 28 29 27 30 35 37 28 27 34 30 23 38 35 36 33 33 32 21 31 27 38 34 35 36 32 33 23 32 27 30
27 25 35 28 36 25 25 35 39 35 32 29 31 38 30 34 17 31 37 49 26 39 29 33 34 22 26 27 28 28 24 29 31 25 34 31 19 36 20 35 28 33 39 30 24 35 27 33 28 39 29 21 30 34 9 25 24 39 10 35 39 21 39 26 27 49 31 46 31 28 31 34 30 33 27 33 26 33 34 38 38 33 25 27 36 32 19 32 35 35 33 28 27 28 48 29 27 24 23 33
37 36 26 35 40 28 27 31 36 38 42 39 27 24 25 38 38 31 21 20 36 25 29 32 36 28 31 39 38 34 41 29 33 35 31 24 39 23 24 35 21 34 27 25 38 30 22 25 34 26 40 44 16 29 45 27 35 35 31 33 30 39 39 23 30 24 28 35 28 29 41 25 32 36 40 35 35 45 45 32 35 28 32 23 25 25 30 36 28 37 39 29 30 34 19 36 34 32 33 31
27 28 22 25 30 29 33 31 35 25 32 28 22 48 37 40 38 24 31 39 43 24 32 31 32 40 29 28 37 20 31 41 39 32 37 37 33 42 16 33 20 24 26 29 35 32 22 36 31 38 28 28 30 30 36 27 33 36 35 21 33 21 38 28 32 31 30 42 29 42 35 23 37 37 31 35 42 32 31 31 35 36 36 30 43 43 22 21 24 35 40 27 35 31 34 33 22 25 35 24
29 34 36 41 26 28 34 32 47 25 39 24 30 38 27 24 31 29 29 35 25 24 26 29 36 34 26 22 24 30 32 32 39 25 24 31 28 33 24 34 28 25 23 25 32 25 22 36 30 34 38 39 37 30 33 33 37 30 27 39 39 33 30 40 32 30 26 16 32 25 36 29 33 23 40 41 27 26 30 20 22 22 25 35 27 37 29 44 15 25 37 27 18 38 33 33 33 27 27 24
29 33 27 35 35 20 30 29 33 31 30 24 36 36 31 29 31 35 39 36 32 33 39 24 20 26 29 26 30 29 32 31 43 32 35 29 28 24 27 29 21 29 32 30 33 28 25 27 30 31 47 30 37 40 18 35 22 34 18 27 30 29 31 33 36 19 31 34 30 29 23 32 46 30 38 34 28 28 35 35 38 37 34 24 28 31 36 41 34 26 33 40 31 29 26 27 26 27 30 18
28 32 33 27 27 39 37 26 35 28 29 37 30 28 36 28 28 20 37 26 32 39 35 19 38 32 33 40 32 36 30 31 36 25 32 27 24 34 44 31 38 25 25 31 38 30 36 43 31 29 34 39 32 26 23 35 29 32 29 39 33 26 33 45 34 26 25 32 24 33 28 24 25 15 25 27 34 31 34 37 33 33 29 31 32 33 29 23 26 28 35 33 20 24 22 25 36 37 38 20
28 19 24 28 26 35 33 30 30 32 31 34 31 29 41 26 26 28 27 42 32 33 34 24 36 37 28 32 32 23 39 30 27 30 23 32 26 35 33 37 7 32 33 36 25 27 25 53 27 31 29 29 20 34 29 37 41 30 31 28 37 32 29 35 25 41 24 33 30 34 40 36 34 28 26 28 42 43 32 40 26 25 29 34 27 30 40 32 25 27 28 40 29 22 32 28 28 28 42 22
24 35 18 32 36 27 28 26 28 28 25 44 41 36 29 38 34 32 37 41 41 29 29 28 39 38 36 29 29 24 41 34 33 42 25 27 39 42 33 38 31 19 27 29 28 41 31 33 37 29 27 40 28 17 30 38 36 20 31 24 33 28 41 38 26 41 36 26 27 32 24 27 25 34 39 36 29 24 35 36 24 25 23 34 28 28 35 25 26 39 28 34 52 31 37 24 30 37 28 35
34 33 29 28 18 32 36 46 28 27 32 30 25 31 22 34 23 28 36 23 26 44 30 30 32 31 31 30 28 26 28 41 38 34 28 26 33 25 27 27 36 26 28 27 35 29 32 41 34 25 37 17 30 29 29 26 33 32 34 39 25 33 25 38 27 38 36 30 68 20 29 28 30 26 31 29 38 34 33 33 25 21 19 24 27 22 27 44 32 34 16 32 23 40 28 26 27 38 30 23
30 32 42 23 31 29 28 33 20 33 41 42 29 23 31 33 35 21 33 34 26 39 23 27 40 33 30 33 22 28 29 35 32 28 29 28 35 26 33 40 33 35 22 28 40 37 22 37 24 23 33 29 20 40 31 32 27 17 27 34 28 30 22 31 33 31 41 35 18 33 24 29 28 26 35 37 31 39 32 43 31 21 32 31 25 27 33 31 50 31 18 36 37 37 33 32 67 27 36 40
30 32 34 55 32 40 45 41 40 37 32 26 28 39 30 29 33 23 44 28 84 58 53 65 41 36 36 19 31 33 39 32 26 26 34 27 26 33 33 23 29 37 27 33 31 30 23 36 31 32 35 25 31 26 13 25 23 32 37 34 37 34 27 33 30 39 38 41 27 51 27 30 36 30 34 34 31 33 28 30 35 39 48 24 32 27 35 29 33 26 42 25 39 16 34 24 36 21 27 35
20 24 23 19 32 30 35 35 28 27 33 31 26 32 33 29 40 35 30 35 26 26 26 27 36 27 20 32 34 34 40 29 31 24 30 26 36 42 28 37 30 44 29 26 31 27 24 32 35 38 34 32 13 31 28 29 29 32 23 26 29 16 30 31 32 32 39 19 19 44 34 29 35 27 32 20 29 35 39 31 34 32 24 30 35 35 33 28 36 33 39 36 33 44 31 28 30 32 32 35
35 31 26 16 27 32 42 26 29 39 35 32 41 26 26 17 41 35 45 27 33 36 38 27 35 36 25 28 30 31 29 27 36 27 28 30 29 33 29 29 33 25 27 31 23 28 19 38 35 34 43 31 36 37 29 32 20 32 36 43 34 39 47 29 17 29 28 27 22 34 33 30 33 19 37 22 29 28 28 44 31 24 35 35 41 35 33 22 25 35 28 24 36 28 31 36 27 38 22 41
25 40 33 25 28 38 43 33 32 36 32 31 28 30 32 37 37 31 26 34 29 37 22 27 30 29 28 30 41 36 31 17 27 29 37 34 37 25 41 43 37 26 59 33 32 30 30 30 31 28 25 32 36 28 34 37 27 30 35 27 41 36 29 27 42 24 35 28 26 26 28 28 47 34 39 26 31 34 35 27 30 24 24 22 33 24 29 30 30 36 30 23 26 28 19 28 24 38 24 39
42 31 35 36 29 31 25 50 36 21 35 24 40 37 43 30 30 28 24 27 26 28 27 23 27 45 37 39 37 31 22 25 37 32 26 34 26 48 41 29 42 22 34 31 37 32 30 33 18 26 29 40 38 18 37 36 30 21 31 33 27 49 33 22 29 37 32 32 33 45 39 42 36 23 39 32 32 28 32 25 49 30 33 31 36 30 33 24 21 36 31 30 35 20 34 23 28 23 43 36
31 35 27 32 45 30 35 28 34 30 15 23 72 34 27 32 29 23 36 35 32 24 28 39 32 39 34 27 40 41 41 31 26 25 15 32 32 35 14 33 25 32 29 39 30 29 24 40 39 28 36 37 36 34 31 26 25 23 32 27 24 39 34 31 25 30 24 34 33 30 27 32 36 21 26 35 24 41 27 22 27 25 30 25 25 33 7 34 40 27 21 35 30 20 28 26 30 36 28 28
28 34 34 28 29 24 32 25 30 31 30 39 34 33 38 32 34 24 26 28 32 26 39 30 21 21 37 40 27 26 21 38 32 36 29 26 27 25 23 29 23 30 36 30 33 21 29 24 42 31 39 29 31 30 25 28 27 30 21 32 26 36 39 29 24 32 39 31 36 31 28 22 35 41 37 26 18 31 39 33 26 39 39 38 27 31 28 26 34 35 29 29 26 29 32 43 34 35 33 31
25 37 26 30 29 41 27 33 28 26 35 33 34 40 33 25 29 27 45 32 37 29 39 42 32 28 29 32 16 38 38 44 36 35 39 22 31 33 34 35 19 39 23 36 18 36 23 23 24 42 30 42 24 28 35 39 25 41 28 41 41 32 30 19 24 42 34 27 29 36 33 29 24 35 30 37 25 27 20 28 27 34 31 24 32 42 36 27 26 36 30 30 24 35 28 29 35 42 25 34
31 33 34 17 88 75 29 12 28 30 31 31 25 25 29 30 36 19 34 19 30 32 18 16 39 30 32 30 29 30 41 31 34 33 32 39 30 41 22 47 37 26 31 31 31 38 34 27 35 40 33 25 24 40 39 29 27 31 30 41 30 26 30 30 28 22 19 26 17 28 24 33 40 29 34 22 27 30 30 11 41 59 36 23 40 31 30 33 36 37 41 35 24 31 20 27 26 34 44 34
30 24 32 37 37 31 37 26 31 26 30 42 30 31 41 30 29 26 27 26 30 26 26 30 27 27 25 28 30 34 38 41 33 16 29 39 41 24 31 33 31 22 32 44 32 37 38 32 36 28 31 30 28 40 27 31 31 28 25 25 32 24 21 24 32 25 30 32 25 40 31 29 27 33 30 37 42 29 28 26 20 37 35 31 34 28 32 34 45 21 21 41 21 35 40 26 22 30 30 31
34 39 38 26 34 34 29 27 29 27 36 35 38 23 26 36 28 30 32 36 29 29 27 37 24 28 36 36 38 28 22 38 28 35 24 33 41 40 27 25 35 23 23 36 28 30 45 27 35 22 26 34 24 33 27 30 27 31 22 43 31 39 33 37 38 30 40 30 29 30 24 31 34 35 42 31 37 29 33 29 18 32 26 26 20 28 39 20 31 27 34 34 41 34 29 30 39 36 29 28
28 26 40 32 25 29 11 27 28 27 31 38 37 23 40 15 40 34 21 24 43 43 29 35 33 26 44 37 31 23 41 29 24 22 30 51 35 35 28 34 37 26 29 30 40 44 38 44 26 35 27 33 39 31 35 24 31 39 34 45 38 36 32 30 27 28 30 25 34 35 20 29 33 19 24 32 28 39 27 28 32 28 23 20 29 42 25 29 35 23 35 31 28 22 24 26 32 27 33 26
30 43 40 27 25 40 33 27 39 29 33 28 30 23 34 32 35 26 42 33 31 30 47 42 27 37 30 24 36 30 38 27 26 38 31 20 21 24 34 25 29 29 26 38 37 26 39 28 27 41 38 24 38 32 38 33 32 32 23 34 24 32 24 31 29 37 30 34 39 34 32 32 32 37 30 39 28 30 26 27 40 35 34 31 29 29 38 26 27 39 31 30 27 36 34 42 30 32 36 32
39 25 23 43 33 23 27 30 29 41 39 29 30 28 15 22 42 27 34 31 28 32 27 28 30 35 28 30 35 40 21 28 46 27 30 36 27 30 32 31 26 25 34 37 29 31 39 43 29 38 27 21 25 34 70 26 28 31 35 18 28 32 26 32 27 26 28 36 32 28 34 27 31 38 20 21 27 34 30 32 23 30 42 35 26 25 34 32 31 36 39 36 26 27 35 30 29 35 16 32
31 32 29 39 34 35 34 8 28 41 40 26 28 34 24 30 33 32 33 32 27 33 26 27 25 44 37 23 22 32 31 25 33 36 26 32 35 23 36 43 22 40 40 31 34 51 44 42 28 32 36 34 31 22 28 32 22 33 28 25 29 27 30 32 31 30 29 36 25 41 30 37 25 26 29 22 22 34 38 40 38 31 34 31 25 31 37 29 39 37 41 33 32 27 41 22 33 32 29 26
25 26 32 25 38 27 33 21 15 27 33 28 21 20 24 26 36 19 32 26 35 24 29 36 31 37 39 22 33 35 41 37 38 34 29 24 23 42 29 23 34 43 27 28 30 26 35 30 26 30 29 25 39 28 31 36 32 23 27 36 42 36 10 38 26 33 28 29 27 28 25 25 17 35 32 29 43 32 23 35 31 29 30 37 32 17 25 33 36 32 40 31 36 36 34 26 32 26 34 25
31 29 35 24 27 40 37 29 28 35 31 27 23 35 26 22 37 28 32 29 31 34 31 26 33 32 35 27 21 22 27 34 29 38 23 33 28 25 43 25 29 24 29 31 36 32 25 36 42 33 26 26 31 38 25 36 34 22 23 33 28 17 30 35 36 15 22 34 31 33 39 29 32 32 33 49 29 31 28 20 20 18 21 37 32 39 27 24 30 34 30 27 20 23 21 26 20 43 30 34
33 31 36 35 31 23 30 29 35 23 33 29 32 24 38 32 32 28 24 41 33 25 40 35 34 29 37 33 30 30 34 30 31 23 42 21 35 38 44 34 22 35 40 35 45 27 36 29 30 36 18 33 35 27 31 26 45 35 24 30 35 38 22 31 42 34 33 29 28 20 35 37 32 34 36 22 36 26 24 22 39 30 23 37 29 33 30 37 32 37 32 24 33 28 28 27 31 29 27 35
30 33 29 41 26 34 36 29 47 27 35 31 26 28 28 56 33 32 33 14 33 29 42 30 21 40 26 31 30 29 30 26 38 37 40 29 41 36 31 38 10 31 24 21 32 34 25 25 39 36 38 35 35 27 29 20 23 31 24 27 36 36 31 30 30 24 35 39 35 36 39 32 27 29 31 29 36 32 26 32 29 27 35 24 38 29 28 38 18 24 33 23 29 25 39 42 29 38 30 28
30 36 37 24 41 37 35 11 36 31 39 39 29 33 29 27 34 41 31 30 23 37 47 33 32 42 35 49 23 30 31 32 37 32 28 29 24 29 31 32 26 26 42 34 36 21 34 34 31 33 28 32 21 32 23 27 35 33 40 31 33 39 38 23 34 36 26 44 28 53 58 31 38 33 39 25 37 37 34 35 38 46 23 26 36 47 29 35 44 36 32 24 34 47 33 29 37 20 33 22
37 27 33 25 27 30 9 31 22 32 35 38 38 36 31 17 36 40 32 26 40 27 35 42 27 33 37 36 28 30 34 36 26 38 35 28 25 38 32 35 21 31 29 25 41 28 29 28 24 43 34 37 37 21 29 28 27 26 42 31 42 31 24 37 41 31 30 31 29 27 34 36 35 26 26 29 34 19 32 37 39 22 27 31 16 24 34 26 26 26 27 30 28 30 38 26 35 40 35 35
32 38 30 29 34 23 43 37 18 27 37 29 20 23 32 34 27 35 42 25 45 21 29 27 30 44 10 40 44 29 19 38 31 28 35 34 28 42 33 31 33 35 32 24 26 32 29 37 36 21 36 30 52 39 28 22 32 42 37 22 17 21 24 45 27 40 22 26 36 43 32 33 28 25 34 17 37 36 25 32 32 22 38 24 33 35 32 28 39 27 36 24 29 28 31 30 29 36 30 22
32 27 41 31 31 24 35 33 32 27 40 30 42 39 29 37 29 37 29 32 35 29 16 26 28 37 27 31 34 32 31 34 40 40 35 28 35 32 40 34 39 21 36 29 34 31 31 24 39 34 34 16 28 30 25 21 24 27 40 42 27 38 35 29 29 36 32 30 24 27 30 46 28 29 38 31 45 35 33 24 32 31 19 41 35 31 28 26 27 38 29 36 24 35 31 39 33 24 44 28
46 47 36 40 41 46 41 49 30 36 36 41 33 30 32 23 34 32 26 31 36 35 25 28 34 18 35 36 32 26 31 35 28 35 33 49 45 24 8 29 38 35 22 33 28 31 27 34 34 46 37 29 28 33 43 25 34 33 35 34 27 39 29 37 29 27 28 28 23 29 21 32 34 29 16 32 32 35 17 39 30 32 33 28 32 23 33 36 34 32 26 31 33 39 36 28 35 40 23 18
28 30 34 29 29 40 28 29 30 45 35 30 37 25 33 23 27 34 30 35 29 38 26 32 26 40 37 25 34 35 28 32 31 20 26 30 31 29 40 25 27 18 32 23 28 32 35 27 29 25 29 29 36 42 32 34 20 42 32 21 22 34 26 29 25 26 31 30 25 30 31 29 36 32 26 29 29 32 31 25 28 31 29 37 33 29 33 24 33 37 40 37 26 31 33 35 39 23 38 41
29 25 30 23 36 36 28 26 34 20 42 34 30 36 32 29 25 34 18 33 31 19 40 38 36 31 33 38 38 37 41 39 32 31 40 35 37 27 31 29 38 27 20 29 28 36 19 27 25 30 36 29 26 31 21 29 37 36 30 48 33 26 30 31 30 35 32 27 29 22 25 30 27 32 29 33 34 36 24 26 27 33 31 29 40 21 32 26 27 33 31 24 30 36 34 29 31 28 39 40
43 32 26 29 34 29 30 40 28 24 35 35 36 38 37 33 26 25 37 30 35 24 31 32 34 27 50 32 23 24 28 25 34 36 32 34 40 47 37 25 35 19 26 37 23 36 28 39 30 27 34 20 22 32 25 32 31 16 27 36 24 29 31 38 38 35 40 35 37 36 34 28 22 34 30 35 28 29 34 31 38 38 34 40 43 33 36 19 25 28 41 27 23 27 24 37 38 31 28 24
25 38 32 25 36 31 26 31 27 25 30 31 29 26 36 29 31 34 30 8 23 37 25 34 35 35 19 37 21 25 40 38 30 36 33 41 38 31 29 22 40 36 35 43 31 26 24 26 38 40 26 24 38 31 41 33 22 35 24 29 44 52 34 35 23 32 38 28 34 26 23 34 31 24 29 36 41 30 31 24 28 37 29 39 41 33 26 24 41 37 27 30 40 29 34 30 25 38 31 28
30 39 32 32 39 28 27 20 31 27 29 33 35 34 28 39 37 44 44 42 34 35 37 25 46 29 24 44 43 38 31 34 21 41 41 20 33 32 41 12 38 34 64 5 46 32 8 34 34 31 20 19 39 41 28 36 36 40 32 41 36 41 31 34 29 28 38 25 33 34 28 41 33 42 29 32 39 35 35 30 37 30 34 28 31 32 38 21 7 27 37 33 36 36 29 36 33 21 37 28
31 29 42 31 27 24 29 34 26 36 29 32 28 33 36 38 12 42 21 30 29 26 35 31 39 28 37 28 30 31 38 30 16 29 27 25 28 11 35 35 29 14 12 13 17 13 14 26 19 7 12 18 12 8 18 16 13 20 26 11 17 19 16 18 11 20 10 16 18 16 13 16 10 16 19 20 11 20 15 17 13 12 17 16 23 17 8 12 22 15 15 16 8 11 11 16 15 13 16 11
14 16 16 19 15 18 19 18 24 12 18 11 9 15 6 12 15 13 9 14 14 15 13 14 20 12 12 19 15 13 16 11 19 19 23 15 23 13 13 17 19 12 17 14 18 14 8 13 13 16 12 16 12 13 12 14 16 15 5 19 15 19 16 8 16 12 19 21 19 16 19 22 17 20 13 17 9 13 19 14 6 8 15 13 12 13 5 12 9 10 9 17 18 19 16 15 22 16 17 18
12 17 10 15 15 17 12 22 19 15 20 14 17 12 21 19 9 14 10 17 17                                                                               
