0.428571428571429 4910 15 35 30 25 20 30 25 29 31 25 44 28 25 24 48 33 33 17 30 34 32 27 16 12 29 25 24 34 24 24 23 30 36 27 28 28 18 25 28 29 26 28 24 19 32 27 21 38 25 28 15 31 17 16 23 26 27 22 24 27 21 29 27 8 28 25 35 23 26 35 34 22 30 25 23 26 24 34 33 29 29 5 21 17 26 25 29 30 29 31 27 27 20 24 31 29 19 25
19 22 20 21 24 30 30 21 37 25 30 78 29 24 23 23 23 27 22 24 9 31 28 20 23 24 25 19 31 25 38 18 18 19 22 25 28 25 20 25 21 31 28 32 16 23 24 24 17 23 13 33 26 24 16 32 23 16 19 42 35 29 23 14 47 29 28 25 36 33 49 43 45 29 24 29 28 29 16 32 22 32 27 18 27 24 24 28 19 30 30 42 23 21 28 30 21 23 18 32
27 16 19 23 27 29 23 28 32 27 23 26 26 32 26 26 29 27 25 31 26 18 21 14 32 21 28 31 24 20 16 19 28 19 42 21 27 30 31 29 31 9 30 19 21 23 31 27 33 30 15 22 19 21 23 44 33 20 36 34 25 27 26 21 20 28 23 11 23 22 26 30 25 28 27 20 37 27 18 28 32 36 26 22 32 30 27 32 30 31 27 21 15 31 23 19 21 36 22 32
36 21 29 16 25 28 34 27 18 27 23 29 38 27 26 28 27 33 19 22 32 19 21 32 28 21 19 30 26 32 34 24 30 24 8 22 25 24 24 33 25 29 27 24 24 28 28 27 31 24 22 23 30 26 24 28 32 24 18 30 32 23 28 24 27 31 34 29 27 20 24 27 35 17 17 31 20 26 32 29 21 25 22 24 30 24 29 17 20 35 21 25 37 53 10 23 22 26 17 22
14 37 23 20 25 26 20 23 20 35 24 29 26 23 28 35 33 28 36 30 33 23 21 19 23 28 45 37 23 23 21 29 28 14 29 30 32 30 25 27 27 36 19 34 29 21 29 31 27 27 33 26 22 36 35 23 23 30 21 14 37 31 20 35 23 33 32 31 22 29 30 25 33 35 28 38 35 40 35 23 30 22 34 33 20 26 38 37 24 38 22 26 16 27 24 29 32 20 22 28
10 30 21 28 25 22 31 18 23 24 31 33 39 36 28 26 35 34 26 20 39 23 35 32 23 32 24 21 30 22 29 24 29 22 31 36 23 23 27 29 30 29 34 27 24 19 28 30 29 35 33 29 43 25 28 32 30 19 29 20 22 37 24 26 36 27 30 33 36 20 42 19 37 30 27 25 26 25 29 31 31 26 28 32 27 23 19 25 23 31 25 24 27 24 20 41 26 22 24 23
23 31 26 23 25 27 41 19 27 21 17 42 26 22 26 23 24 20 29 34 31 32 16 25 25 26 27 32 30 39 31 24 31 25 23 22 33 39 13 16 10 25 33 28 37 24 19 32 26 31 23 26 27 18 29 29 41 35 37 19 26 29 26 20 27 22 31 29 39 24 23 28 22 31 31 28 38 25 33 37 27 19 33 30 24 30 40 31 26 16 17 26 37 26 26 40 43 27 25 30
32 25 21 18 19 28 29 28 18 24 17 28 23 24 15 25 21 31 22 23 25 35 37 35 19 19 19 25 22 28 26 24 26 32 32 23 35 26 23 27 25 21 21 24 31 30 20 23 17 34 22 37 31 21 14 16 10 28 24 27 29 27 19 36 14 22 44 26 37 32 34 29 19 30 28 30 30 18 30 21 36 28 22 23 34 37 29 30 31 25 32 28 29 35 23 26 22 34 29 25
23 29 19 30 33 18 23 27 31 18 26 29 29 25 38 27 21 31 25 25 19 21 31 33 34 24 31 22 18 24 20 39 25 22 26 21 27 33 25 27 32 20 21 27 26 12 35 34 24 23 27 36 31 34 36 31 32 28 29 38 36 32 25 21 32 28 28 27 23 18 29 22 37 29 39 26 25 37 17 28 25 26 25 23 19 20 29 28 32 19 28 23 34 25 27 37 30 25 16 26
29 37 23 24 22 28 22 30 31 33 24 35 24 26 14 18 36 20 32 27 31 24 30 26 21 32 23 34 33 32 29 17 28 36 30 26 24 30 15 28 27 36 30 40 26 34 28 31 24 35 30 19 26 33 41 35 21 27 41 24 27 35 25 36 31 33 38 34 28 25 29 20 32 26 30 40 23 25 37 30 31 16 21 25 21 25 31 24 25 27 29 22 34 27 29 31 26 26 23 37
16 25 26 20 18 23 31 24 9 23 34 28 29 20 34 23 31 27 23 31 30 29 25 24 32 25 29 26 14 31 30 22 13 28 36 21 20 13 28 29 20 34 27 34 41 30 6 36 25 10 19 33 13 28 24 28 26 30 24 25 27 26 29 32 31 34 23 28 27 22 21 24 28 30 20 32 25 23 27 30 20 23 19 18 20 16 27 25 24 26 18 25 19 20 23 29 19 25 23 35
26 26 23 33 29 27 25 40 30 27 29 28 36 34 33 25 34 17 32 18 24 31 26 21 24 20 20 16 16 25 25 32 35 23 41 21 29 20 27 30 34 35 31 28 20 20 38 30 28 26 27 23 32 23 30 22 25 13 22 31 29 22 35 29 23 26 25 20 25 30 20 30 23 30 24 22 27 38 28 29 25 36 43 23 31 22 24 9 33 27 30 25 22 21 27 27 28 25 34 24
37 27 38 27 19 21 33 28 28 25 11 22 28 28 35 26 26 24 27 29 20 21 27 24 28 19 31 22 34 20 20 31 27 28 26 36 30 21 28 27 27 29 31 23 29 22 21 28 38 20 20 30 34 30 27 22 27 29 32 22 22 24 22 29 20 23 27 35 24 25 32 33 21 29 37 22 26 26 38 18 39 37 23 27 19 34 20 33 29 19 29 30 23 15 22 34 24 24 37 28
22 19 27 22 23 29 23 22 27 24 22 21 19 13 33 28 33 34 29 19 25 17 25 22 30 32 32 24 32 27 33 19 30 28 26 16 21 31 20 21 21 27 39 30 21 29 30 27 29 33 48 30 12 45 21 23 48 16 27 19 23 31 26 17 32 24 38 33 26 17 23 34 31 22 24 15 29 25 27 32 21 31 23 35 23 24 16 33 26 31 26 29 27 29 34 18 17 26 22 28
20 24 28 26 37 20 28 21 28 20 35 14 32 16 37 24 26 31 27 29 30 26 29 23 29 29 26 32 30 35 27 26 23 31 34 36 45 32 25 30 29 39 23 26 25 21 19 26 22 24 26 26 26 18 25 28 31 18 23 22 26 25 36 32 35 31 25 20 23 17 28 23 29 22 26 15 29 29 26 26 33 25 22 32 27 27 24 23 30 30 37 30 26 22 34 27 36 34 26 32
30 39 31 32 13 24 30 24 30 29 24 29 22 23 34 23 33 33 23 26 30 31 32 25 24 24 31 30 34 28 22 34 30 32 24 43 43 22 38 10 31 28 23 32 27 21 25 37 36 27 28 33 31 30 30 38 29 31 31 31 26 28 21 36 22 32 28 31 33 11 32 29 23 12 27 29 29 28 31 43 23 30 30 24 24 24 24 26 29 31 27 37 26 21 37 21 39 25 23 23
30 22 22 36 25 24 31 21 24 31 27 24 29 32 30 34 29 27 32 30 31 21 20 29 33 19 34 31 37 16 28 26 22 39 31 20 27 27 33 23 26 27 30 30 30 39 39 31 34 40 29 25 28 28 21 12 12 28 31 33 26 30 30 28 38 25 41 32 32 31 32 31 30 26 24 26 30 27 35 37 19 19 30 36 34 41 30 15 15 39 30 31 28 20 28 33 28 30 36 30
27 30 30 34 37 33 28 31 26 30 23 24 23 29 36 39 33 19 29 35 33 25 34 34 30 26 30 29 30 26 18 37 36 31 22 31 14 24 31 36 31 26 26 18 27 19 27 23 29 17 31 40 36 24 34 37 25 25 29 40 30 21 32 18 20 25 26 23 30 26 24 32 29 29 21 23 19 25 34 31 26 25 23 32 34 26 25 15 29 21 28 20 27 20 30 33 22 29 33 27
17 22 31 19 25 22 39 25 32 22 22 27 30 26 27 16 30 16 25 25 26 23 28 28 25 22 27 29 23 33 25 25 30 38 21 37 23 31 26 37 29 26 32 32 11 28 26 30 35 25 24 40 36 25 22 21 21 27 26 30 21 13 13 28 17 22 24 13 30 32 22 26 34 33 24 23 27 17 26 25 14 31 18 26 29 22 28 26 19 18 35 16 21 26 33 29 31 21 22 29
26 34 31 24 33 27 24 35 38 32 29 22 38 19 23 19 34 19 33 26 30 28 25 33 21 29 24 30 34 27 15 34 22 27 26 32 25 21 23 39 36 40 23 25 31 28 19 26 34 28 32 30 23 20 25 20 25 27 14 28 18 31 33 21 32 26 26 38 25 28 30 19 26 26 30 30 31 32 25 27 29 28 24 25 24 33 14 33 29 29 37 27 30 29 32 25 36 23 21 33
35 37 21 23 26 38 28 22 21 36 18 28 23 25 25 41 21 27 31 19 28 34 23 27 16 30 25 24 29 22 34 24 22 22 32 23 24 32 24 25 26 31 20 29 30 27 33 36 27 33 35 18 26 23 28 31 33 27 23 26 34 38 30 8 35 24 18 28 27 29 28 33 35 26 31 28 26 29 32 21 18 29 21 24 19 26 27 22 25 25 26 25 31 27 31 28 26 26 29 23
25 33 31 20 27 25 17 35 25 32 29 22 20 30 22 23 31 16 25 22 20 35 27 21 28 24 24 20 25 27 31 35 36 23 23 35 31 24 29 29 32 31 17 34 26 34 21 33 29 26 29 16 23 27 22 20 30 32 18 32 32 24 25 31 34 26 29 21 41 26 28 21 30 29 34 21 25 29 34 28 42 23 24 32 22 27 29 21 31 20 28 26 23 29 19 27 20 21 18 16
27 23 34 23 24 41 27 22 22 21 25 23 23 17 27 16 29 44 20 35 21 30 34 26 20 25 20 36 29 25 24 23 26 13 32 25 35 28 20 18 24 35 33 18 23 20 26 28 23 35 26 19 29 23 28 37 15 22 33 31 21 22 29 30 28 28 22 33 30 23 21 31 26 27 35 27 23 23 26 26 38 20 19 27 24 20 18 13 24 23 27 27 30 29 27 25 34 18 27 17
28 32 32 20 22 32 27 19 32 23 24 25 25 25 25 36 23 31 26 37 33 31 28 23 25 24 21 28 31 24 16 25 28 23 24 20 30 29 31 30 21 25 33 32 26 23 14 23 24 25 23 22 27 17 22 28 34 34 24 29 17 26 27 25 23 41 29 22 27 30 34 22 34 22 30 23 28 25 44 30 26 29 32 25 32 19 33 33 34 17 24 23 27 31 37 25 20 25 25 30
31 33 36 15 31 25 29 39 32 21 24 22 27 35 26 22 22 27 27 42 21 17 20 38 29 26 23 27 33 30 18 31 31 39 22 38 33 32 26 35 35 29 24 29 37 22 26 33 27 29 20 33 37 33 44 23 33 25 29 28 29 27 25 34 29 31 37 36 28 77 66 22 23 22 27 21 25 27 28 21 32 31 30 32 25 26 27 31 15 26 25 24 7 26 30 34 25 34 25 22
24 19 15 25 20 29 26 22 15 31 22 29 22 22 32 36 26 18 27 28 21 23 43 26 24 24 28 15 27 32 35 33 32 27 24 27 20 20 39 24 41 31 27 30 28 29 26 35 27 33 34 29 29 24 22 26 29 36 25 32 25 33 26 9 26 24 22 41 29 28 24 29 30 25 29 32 31 29 29 22 38 28 35 21 36 25 27 30 20 17 29 29 39 31 26 26 35 35 15 24
26 30 29 24 30 24 16 16 24 32 26 28 28 32 28 27 22 35 33 25 29 26 26 28 30 30 29 31 23 27 28 32 26 32 17 12 33 19 25 31 35 18 26 23 25 40 26 31 31 29 27 28 20 32 31 25 28 27 29 34 28 28 21 19 29 36 20 23 28 27 29 32 38 30 26 23 26 23 13 31 29 33 28 22 34 27 24 26 31 17 29 32 29 29 29 31 19 29 25 25
19 23 37 19 24 22 35 20 34 23 29 31 14 22 30 30 38 13 34 30 26 16 30 30 20 30 33 38 29 18 22 28 22 22 22 26 26 12 27 32 20 25 30 34 19 26 19 17 24 8 14 28 30 26 17 31 30 27 25 23 32 27 26 17 23 25 26 29 25 34 20 27 31 17 26 28 29 17 16 27 14 24 35 31 18 28 18 31 23 31 32 22 31 31 19 25 24 31 22 29
23 24 31 27 31 37 28 24 30 32 22 24 23 26 31 21 33 23 29 25 27 25 33 26 34 23 28 24 37 28 26 26 21 35 27 31 33 30 16 20 35 41 26 35 28 26 31 31 40 17 34 29 31 26 23 22 26 31 23 16 25 31 26 31 31 36 14 31 38 24 21 29 19 25 31 24 27 42 15 28 15 28 31 31 30 29 24 27 27 30 25 28 29 29 27 22 29 26 24 23
24 15 25 31 35 32 26 28 23 29 21 24 28 29 28 35 28 27 31 30 23 35 20 20 22 25 18 30 21 31 33 23 22 23 21 35 32 16 26 21 26 27 17 29 23 25 30 21 33 31 31 27 33 21 22 32 33 16 26 19 23 19 24 25 9 21 25 29 30 19 22 22 27 23 35 20 22 27 24 18 22 29 29 17 19 24 29 20 28 25 20 21 26 33 14 21 26 28 24 28
25 30 25 9 31 28 29 28 49 19 23 23 23 40 24 24 33 34 33 31 28 25 27 33 23 23 31 31 28 36 30 28 18 19 21 28 34 20 22 30 21 18 28 30 22 29 22 25 23 20 28 28 28 23 32 36 21 27 33 24 26 27 31 31 25 31 31 27 39 30 25 22 33 25 23 29 17 24 23 19 17 30 36 27 34 27 28 33 27 21 25 31 22 27 18 31 32 14 21 21
32 27 27 24 28 28 18 31 19 28 30 30 28 20 26 24 31 23 17 34 37 30 27 29 22 29 34 38 14 21 30 28 26 24 26 20 23 18 24 25 24 20 20 23 30 20 34 11 21 21 25 26 22 23 28 23 31 28 20 27 19 32 18 26 24 20 23 29 18 21 29 27 22 25 26 28 36 32 26 14 18 33 16 28 26 18 24 20 23 32 25 24 34 31 24 26 30 26 23 17
29 32 22 24 22 29 27 32 34 24 26 29 23 27 21 23 36 36 25 20 29 24 32 20 28 27 42 30 23 28 35 15 24 26 26 32 28 31 26 30 26 18 25 20 19 30 25 27 21 20 29 25 28 15 24 30 29 31 25 18 19 12 34 30 20 31 37 29 27 22 29 25 26 31 25 20 31 30 32 34 31 27 29 25 42 24 31 19 22 35 25 15 29 37 23 20 30 25 25 15
21 20 30 19 23 19 20 21 24 29 28 28 25 26 33 30 23 26 31 22 40 28 21 22 22 29 37 33 26 25 31 13 19 29 21 24 33 28 40 39 32 25 21 32 37 26 25 24 24 28 16 27 30 27 23 18 27 25 24 22 23 26 27 30 25 13 21 36 23 29 15 24 26 30 28 29 23 22 21 32 27 42 28 26 27 17 30 19 26 24 27 27 31 19 22 18 21 27 22 30
28 29 32 16 23 22 26 25 17 19 30 26 32 24 32 28 28 19 24 32 26 29 29 21 35 26 25 27 33 34 26 23 31 27 24 18 30 30 22 24 22 30 27 28 31 33 29 29 24 19 27 27 34 23 20 28 21 25 26 23 27 35 37 29 35 26 23 25 19 12 29 21 28 19 37 14 20 20 28 26 27 31 25 24 25 25 14 15 34 15 25 25 18 29 16 30 22 31 27 27
28 31 32 22 18 29 29 21 32 30 24 29 22 26 27 31 27 18 33 25 26 21 18 20 21 30 11 32 26 23 22 18 25 32 24 16 19 23 22 28 29 25 19 24 27 25 30 30 27 29 23 24 28 11 24 30 33 16 25 22 33 21 25 24 31 20 31 22 40 28 27 25 22 30 19 19 29 24 27 36 18 23 27 33 26 22 30 32 32 24 28 18 28 26 28 30 37 30 31 28
18 34 28 24 20 29 29 30 29 27 24 19 26 14 23 17 23 19 12 25 20 24 24 26 21 20 27 29 23 19 17 20 23 29 26 31 25 34 25 32 28 24 22 18 28 23 37 18 32 20 29 25 37 23 29 31 37 35 30 31 31 32 26 26 20 30 24 28 26 40 23 29 33 32 20 34 30 29 32 25 26 32 25 31 23 15 32 24 30 56 26 37 28 25 36 27 25 29 32 42
21 31 32 30 33 25 20 31 35 34 24 22 29 21 28 21 21 30 21 17 25 22 22 32 32 37 27 38 24 25 31 30 24 28 37 26 22 20 32 21 19 19 31 29 21 40 32 16 23 29 38 26 27 20 30 24 30 25 29 22 37 30 28 22 32 26 22 21 20 24 26 21 25 27 25 21 36 32 27 31 23 25 30 29 31 31 28 30 23 25 39 33 27 17 25 17 27 25 24 24
28 26 26 28 25 21 22 23 33 25 28 30 23 34 36 27 19 26 29 22 25 26 17 24 6 22 24 31 30 25 22 26 21 35 29 28 25 34 22 26 30 29 23 31 20 33 30 19 13 28 24 33 26 33 16 26 24 22 28 22 38 28 30 34 26 32 22 20 34 26 32 34 30 14 34 29 30 19 28 25 27 22 31 26 18 25 27 32 31 22 29 30 22 22 22 26 19 34 32 27
27 24 26 20 26 24 30 26 10 24 13 26 23 31 31 39 30 27 21 27 35 21 23 31 25 21 31 21 33 20 28 38 23 15 29 28 17 22 29 37 30 28 28 29 37 33 20 37 25 31 29 29 29 37 23 29 20 24 33 25 31 15 22 29 26 38 25 28 27 29 19 21 23 31 27 38 34 22 32 27 29 29 37 25 19 22 21 21 22 34 27 18 31 28 21 19 16 22 30 33
26 25 32 36 34 33 25 24 28 38 39 32 28 32 36 24 34 19 20 38 42 31 22 33 26 41 25 21 26 24 28 33 24 27 34 29 21 31 18 20 28 35 23 23 25 21 18 22 34 36 28 30 34 11 32 19 38 33 33 31 22 26 45 26 18 37 33 8 26 21 23 16 28 26 29 24 28 37 23 16 28 34 30 29 27 37 42 31 32 18 31 37 17 26 34 28 21 25 28 31
28 25 29 33 28 38 27 21 36 31 26 21 23 21 23 30 23 28 30 26 29 25 36 20 19 42 36 12 25 35 19 22 39 27 25 36 23 37 34 31 27 29 31 17 16 20 23 32 25 20 26 26 32 24 25 34 23 18 34 19 20 30 19 35 29 24 23 26 19 28 24 30 31 39 25 33 25 22 26 30 36 23 30 35 25 20 35 31 26 24 31 29 24 23 24 29 33 33 34 21
33 31 33 27 35 25 36 29 34 35 31 28 24 28 37 28 31 23 26 27 20 36 28 30 25 24 22 38 39 19 31 25 24 26 29 24 24 30 23 27 25 27 32 32 28 26 27 27 21 24 22 34 30 23 16 34 32 37 30 30 32 22 27 19 28 23 26 27 22 29 31 34 31 27 22 17 24 27 18 39 28 23 23 31 36 24 29 28 32 22 29 27 35 32 39 15 37 27 34 22
26 28 28 24 28 30 31 21 25 14 27 24 31 17 17 27 38 32 24 25 28 22 30 31 23 32 33 23 23 26 24 27 34 38 23 20 18 28 27 22 15 31 23 25 20 36 29 30 31 22 26 21 16 21 28 21 19 39 33 33 22 36 34 17 26 28 32 16 23 33 25 23 22 20 29 26 31 25 29 19 27 35 35 28 26 23 27 24 24 23 31 23 27 20 23 23 19 30 23 31
26 19 32 38 35 22 29 25 24 28 24 25 31 33 28 19 23 25 38 28 32 13 32 36 24 27 30 27 17 35 17 23 15 25 26 17 24 37 22 28 27 23 33 30 15 22 15 24 30 27 26 20 26 31 26 17 21 35 27 21 12 15 29 36 28 28 32 37 28 27 23 47 23 24 22 22 28 22 24 17 24 24 26 37 25 33 32 15 22 27 21 29 16 27 27 25 23 28 34 29
22 30 26 21 22 23 26 26 25 27 27 39 29 24 30 34 36 35 30 24 28 34 24 21 37 23 23 17 28 33 27 29 26 32 27 30 20 14 33 19 24 17 25 18 28 21 27 27 40 28 27 26 30 25 24 23 38 23 31 23 28 35 19 20 31 24 24 34 26 26 17 22 16 24 19 38 23 27 29 23 29 32 33 37 11 30 28 20 17 34 18 12 20 33 34 36 16 36 26 10
36 29 31 29 37 26 30 23 29 44 21 14 61 27 28 36 24 22 27 33 20 30 32 30 37 22 34 21 22 27 29 26 25 28 25 25 34 29 25 21 21 30 32 25 26 28 34 22 31 27 21 30 33 31 30 23 23 34 35 24 37 24 41 33 32 28 26 28 25 36 20 40 28 22 8 31 19 30 21 26 22 37 25 27 36 31 39 24 29 22 28 30 28 20 28 27 22 30 30 21
32 20 20 40 29 24 23 31 18 31 23 24 46 35 19 20 33 22 33 34 31 28 26 32 23 27 28 16 30 30 29 32 27 15 8 16 14 9 11 5 11 12 12 13 14 19 8 8 9 13 21 13 17 16 14 6 10 7 14 7 10 12 13 10 17 7 15 13 11 18 21 16 11 8 15 7 6 14 8 15 13 19 23 23 13 8 9 13 19 11 17 15 14 11 12 17 14 14 9 15
15 13 17 14 21 9 11 15 18 16 13 16 16 14 9 10 19 11 10 11 12 8 9 8 11 9 11 11 9 14 8 14 9 12 21 12 11 11 15 19 13 4 9 14 8 11 10 16 14 14 17 11 15 12 15 10 12 11 17 9 16 17 10 7 15 13 21 14 13 12 15 17 9 15 17 21 19 11 12 10 14 12 18 17 13 8 16 14 9 9 12 16 17 14 21 11 11 18 11 20
12 4 8 11 11 17 5 15 8 14 16 8                                                                                        
