0.454545454545455 2053 25 16 20 18 25 23 31 21 21 33 29 27 32 29 14 20 24 20 17 15 27 28 19 20 19 16 16 21 27 19 12 17 26 22 18 14 19 26 25 26 8 22 21 23 20 19 14 17 21 19 20 18 23 32 24 23 20 22 32 27 20 29 17 28 23 21 21 22 28 20 17 17 22 24 28 21 20 21 17 27 24 19 26 20 15 28 23 24 24 21 26 25 23 22 20 23 20 19
20 29 14 21 22 20 19 16 25 32 22 13 21 25 23 19 19 25 19 27 18 22 19 19 16 22 29 29 30 21 32 29 24 19 18 35 19 32 22 22 8 22 31 22 24 18 26 25 27 29 28 31 17 19 29 28 25 26 15 23 25 30 16 27 10 29 24 22 20 32 18 23 18 25 25 20 26 24 16 22 27 30 23 28 17 29 25 20 13 31 25 27 27 25 28 12 32 20 23 20
21 20 23 23 26 27 19 15 25 17 36 23 14 22 28 22 20 15 22 19 24 20 28 16 26 26 19 25 23 19 20 25 27 25 26 24 31 21 23 21 27 36 22 16 32 24 25 8 23 19 24 22 32 24 35 28 29 20 23 26 26 21 17 27 27 15 18 24 23 14 20 22 28 17 28 25 20 28 31 34 20 14 27 24 25 31 26 21 21 23 19 24 23 21 26 26 18 33 26 18
20 27 16 25 29 18 27 21 22 18 32 24 21 24 17 16 22 25 19 18 23 26 24 34 20 22 16 26 18 21 17 24 25 31 20 19 25 32 34 22 20 23 17 27 21 10 17 25 21 26 22 18 19 37 23 21 30 28 26 26 16 28 25 9 29 22 19 25 17 23 26 15 25 24 26 19 28 27 24 29 29 14 21 24 20 20 29 26 11 15 15 20 17 20 26 27 20 28 24 17
28 27 24 28 25 25 23 21 18 30 13 13 27 23 20 19 28 18 22 27 30 35 17 25 21 15 14 25 28 30 30 24 21 28 23 22 23 18 18 30 31 33 27 22 21 28 18 16 16 16 24 32 30 16 31 29 28 22 23 18 24 16 26 30 24 24 25 30 20 10 26 17 32 20 20 24 21 22 27 30 18 20 24 22 27 27 21 31 24 22 29 29 25 32 19 26 27 18 31 21
25 30 24 14 30 21 18 23 22 31 19 27 27 18 22 36 17 20 16 27 26 18 24 18 21 21 29 22 23 38 18 23 26 29 19 24 23 19 18 30 23 27 20 66 26 29 13 27 25 26 26 21 13 18 15 34 20 29 23 19 23 28 24 17 25 19 27 22 29 25 24 21 27 20 13 25 25 11 18 23 20 22 20 23 26 23 21 21 14 33 20 22 36 38 21 24 27 25 21 27
28 23 21 31 23 17 15 29 21 34 16 29 27 29 28 42 29 17 25 17 25 22 20 25 27 34 25 19 26 20 27 23 31 16 26 19 23 31 25 20 18 10 19 21 17 21 27 19 21 22 22 26 31 21 24 35 23 14 16 21 16 19 23 27 24 19 12 24 22 22 19 36 24 19 26 25 23 22 24 17 30 18 28 19 25 18 19 24 21 20 23 24 21 33 20 22 18 20 14 14
23 20 25 19 26 20 26 22 23 26 14 22 18 18 28 23 21 19 35 20 26 22 33 17 21 24 24 23 21 27 20 25 23 26 29 20 31 27 29 16 9 24 21 23 24 15 33 30 24 20 16 23 24 28 26 28 19 29 21 20 26 14 17 20 20 34 25 22 23 10 20 28 18 30 23 19 22 22 22 24 19 29 19 27 22 25 20 24 29 15 28 24 15 26 16 24 22 22 30 18
18 28 16 18 24 31 24 29 31 19 23 30 19 25 26 23 22 22 28 32 29 33 16 33 23 21 22 17 25 23 21 18 19 29 28 27 28 22 28 34 28 25 19 16 33 28 23 26 23 21 18 23 22 19 19 29 6 22 36 23 24 23 30 15 22 23 19 18 21 19 24 19 20 25 23 21 23 23 17 25 25 19 35 23 20 15 30 30 23 21 27 25 28 26 27 28 18 22 23 14
25 27 26 21 16 30 19 26 25 29 15 27 25 23 23 26 28 18 22 21 23 14 23 23 13 26 16 22 20 32 26 23 20 26 19 22 25 14 21 23 17 23 24 21 24 27 29 28 21 23 17 9 21 20 22 32 27 17 26 26 32 19 26 37 31 91 64 27 30 19 33 20 23 24 27 20 24 27 27 24 25 22 25 21 25 19 27 15 28 25 23 24 35 27 19 25 25 18 24 11
30 35 24 24 21 34 18 23 25 32 28 33 22 18 24 37 25 25 31 22 23 26 27 19 30 18 25 20 22 31 23 24 20 22 29 19 22 18 28 23 26 13 20 12 23 16 21 17 26 21 21 21 27 23 20 17 24 12 17 22 22 22 28 32 21 11 22 25 23 22 22 34 30 27 10 21 20 19 34 25 21 22 15 28 24 24 15 22 18 14 31 26 22 22 27 26 28 26 40 18
39 23 17 17 32 24 24 20 25 21 22 20 21 26 21 34 36 25 25 18 17 27 27 28 20 25 19 19 18 27 17 22 18 27 27 26 18 24 34 23 22 18 22 21 22 33 30 26 19 23 35 30 20 23 17 37 25 17 33 36 22 16 18 30 20 19 24 19 27 22 27 41 25 27 17 20 27 26 15 25 22 24 23 29 22 26 23 13 27 29 26 29 23 31 21 32 28 35 28 19
25 24 21 37 17 26 24 23 22 34 24 22 21 27 20 18 23 24 25 29 27 22 16 24 21 27 18 19 19 22 20 19 30 20 17 16 24 23 22 33 21 17 14 22 32 19 23 21 15 20 34 21 21 26 29 33 16 34 24 17 23 21 23 26 29 37 27 18 27 26 18 20 25 27 15 31 20 31 30 31 24 12 24 28 26 31 25 19 31 28 25 21 26 23 20 28 30 29 22 23
14 18 17 23 27 23 33 18 21 23 26 27 20 25 29 36 23 28 28 39 21 9 28 32 24 18 19 27 18 37 26 28 30 35 29 27 24 33 26 22 27 24 23 22 25 18 19 25 17 18 25 22 23 32 29 26 23 15 38 38 29 26 22 27 19 24 22 20 24 22 23 27 30 23 20 19 21 20 21 21 18 23 25 19 26 29 19 19 26 15 24 16 19 37 22 27 24 16 20 24
15 29 30 25 22 28 22 35 28 29 21 32 24 22 20 28 18 26 21 18 23 27 23 22 23 18 33 27 32 21 35 25 24 20 26 29 27 21 32 25 33 17 26 22 11 20 19 19 22 18 21 28 31 32 22 28 26 25 17 16 22 21 27 22 30 22 24 14 25 28 22 23 31 25 26 21 24 21 22 32 28 28 23 29 25 21 26 14 35 19 31 19 13 27 25 32 28 27 25 29
34 23 26 26 30 16 31 32 29 22 24 17 23 17 22 24 37 27 21 28 30 18 30 20 23 28 21 22 26 31 22 33 20 21 15 22 27 31 31 33 24 16 27 32 23 28 25 20 28 19 25 25 23 29 21 18 21 22 22 25 26 24 29 22 26 24 25 24 19 18 20 27 18 19 28 35 21 38 18 18 19 14 20 30 25 29 22 19 28 20 32 23 23 29 27 31 18 20 26 23
19 22 33 30 28 34 18 20 33 20 24 28 21 26 20 30 26 24 23 20 16 18 19 21 17 24 18 20 22 26 16 36 18 24 26 20 17 24 16 23 29 20 28 12 23 24 19 19 19 25 19 20 18 28 26 31 34 22 23 27 19 19 25 19 26 18 30 26 25 20 15 27 20 31 25 27 31 20 22 29 19 18 29 28 38 13 19 26 15 23 20 29 23 24 24 20 18 21 32 23
22 26 31 16 25 19 19 20 19 25 24 19 24 26 29 29 21 19 28 12 24 23 24 12 21 26 21 32 23 33 33 20 11 31 28 15 23 27 25 25 27 20 25 18 23 13 31 26 23 26 30 21 25 31 29 27 18 28 21 27 34 33 22 16 28 25 21 25 26 24 23 18 24 31 30 27 24 22 30 25 28 25 24 19 30 23 14 26 25 15 25 15 23 20 26 25 26 25 27 36
15 22 34 32 30 28 26 19 31 23 23 33 25 25 9 21 28 30 26 24 30 18 17 21 20 18 25 29 23 24 33 26 23 21 19 13 21 18 20 23 26 33 22 13 29 22 23 29 33 20 29 21 19 22 25 26 24 20 26 23 24 21 18 11 30 18 18 30 23 20 14 26 27 26 37 27 26 22 28 18 17 18 25 24 18 21 19 29 32 24 29 20 29 28 31 34 22 20 24 27
23 15 22 27 20 22 22 37 27 29 21 26 22 22 27 27 20 27 28 24 20 17 18 23 20 17 16 23 18 25 20 19 22 24 15 24 18 27 28 14 31 33 26 24 23 18 21 21 23 20 32 20 24 27 25 18 22 36 26 25 27 27 20 22 22 31 18 27 24 23 19 22 18 17 18 21 27 22 13 28 20 18 17 26 18 23 16 22 24 16 21 35 19 13 22 14 20 20 26 35
18 21 20 27 25 23 31 21 14 25 19 15 13 22 26 29 27 24 24 28 31 18 17 18 21 18 23 28 24 22 22 16 23 23 28 35 27 20 20 21 24 12 32 24 21 21 21 22 21 26 24 29 31 15 64                                             
