0.421052631578947 4842 17 29 20 23 30 18 33 24 20 23 15 26 20 31 21 20 20 20 23 28 23 12 26 22 19 19 14 33 21 39 27 19 17 19 17 18 15 25 19 28 27 24 26 15 23 30 17 17 17 21 32 17 20 25 20 24 29 25 29 18 22 17 25 17 30 19 18 20 24 15 21 23 28 15 18 19 23 14 29 18 24 17 15 31 26 18 24 17 20 28 22 24 22 19 11 22 21 23
23 20 25 25 16 15 21 30 21 28 25 18 15 21 18 24 22 22 16 15 23 15 23 24 19 16 16 21 21 22 20 15 18 21 17 21 22 25 20 19 18 22 21 16 19 16 16 18 28 16 19 27 25 21 20 18 17 26 25 27 12 24 14 24 26 27 23 27 17 25 21 21 13 23 23 15 21 39 13 22 17 28 26 17 11 17 23 20 14 33 27 23 14 26 18 28 23 17 17 16
16 21 27 23 22 23 21 20 22 29 22 9 16 20 23 17 16 24 27 18 19 15 20 31 17 27 26 15 27 17 30 28 19 18 18 17 39 33 22 22 24 27 24 14 23 23 13 24 25 15 28 14 20 17 15 23 27 26 16 19 14 21 22 28 16 15 21 20 32 16 16 21 21 26 23 24 13 25 17 19 15 17 20 25 29 17 21 30 32 23 23 27 23 27 18 17 18 18 26 18
19 25 22 19 17 15 23 20 19 23 24 23 12 16 16 29 20 23 28 14 20 17 21 13 26 16 22 26 31 26 20 13 18 16 14 19 25 24 28 23 17 15 24 29 18 20 16 19 18 19 25 11 18 19 20 11 15 15 13 18 17 19 23 19 20 18 11 18 18 12 26 20 15 18 18 19 15 25 10 23 25 18 18 20 16 24 26 20 23 27 20 21 29 24 17 16 17 25 21 18
17 25 12 17 19 24 23 19 18 12 17 25 28 22 17 17 19 16 13 18 15 23 29 20 18 29 16 17 27 23 26 24 21 19 26 20 25 19 26 17 14 17 21 26 16 16 24 20 26 22 28 20 21 22 19 26 22 17 21 22 21 21 23 17 28 25 30 19 19 16 25 24 21 22 26 23 22 20 20 20 21 24 14 22 20 19 20 19 34 19 29 29 20 22 31 13 23 9 13 20
21 21 21 21 16 20 23 20 15 26 18 16 26 23 22 13 28 14 22 26 19 27 24 29 15 26 15 20 14 15 18 23 25 25 23 22 24 25 17 18 17 17 25 25 20 27 11 21 22 19 26 17 18 23 17 14 22 17 21 26 17 20 22 19 15 24 22 22 18 26 14 13 23 22 16 26 15 20 26 17 22 26 30 18 26 24 23 20 23 20 25 22 21 26 18 22 26 17 38 22
21 30 24 19 22 19 23 26 20 7 27 27 8 9 16 18 22 26 21 19 19 19 12 28 20 26 17 15 22 23 17 26 32 21 31 18 18 18 27 24 20 8 27 21 30 16 24 24 24 23 23 18 16 15 23 21 25 24 22 24 17 18 17 17 29 21 13 26 20 24 14 13 21 17 13 23 22 21 18 22 23 11 19 19 22 19 12 11 15 19 23 24 28 21 20 24 15 20 28 25
16 24 21 18 14 22 20 23 26 19 20 17 16 17 23 13 26 21 24 20 18 20 18 16 27 24 23 16 18 21 19 14 19 27 19 16 22 16 20 22 20 21 16 14 14 23 23 17 18 24 21 20 23 22 12 21 17 23 19 20 22 27 22 15 19 14 25 23 21 14 22 23 21 18 17 21 16 22 24 23 21 19 27 15 17 21 28 22 24 17 16 19 25 21 17 14 18 20 24 32
22 15 21 19 16 33 17 28 18 22 19 25 22 19 15 20 21 16 14 21 17 25 19 16 22 20 27 23 24 23 19 26 28 26 16 28 20 13 25 12 23 24 23 23 27 25 25 25 17 15 7 17 24 26 21 17 21 19 22 16 16 31 28 21 18 14 19 21 17 16 24 19 14 21 15 18 18 9 21 20 19 16 16 25 21 15 27 26 18 28 21 25 29 18 14 21 19 20 24 25
22 22 16 20 28 30 10 16 19 25 21 19 19 24 25 20 23 18 23 14 26 20 18 20 19 31 23 31 32 10 23 23 19 16 17 22 21 26 11 21 19 25 19 20 21 19 18 13 15 19 19 19 25 15 21 22 23 26 20 19 21 20 17 16 17 16 17 17 21 12 26 23 15 19 21 19 18 16 24 12 22 17 20 20 15 18 18 22 19 18 13 16 23 17 25 29 16 24 17 20
21 18 19 23 22 23 14 14 19 26 18 15 24 20 22 12 19 18 7 14 20 16 18 23 18 22 25 18 16 12 17 13 25 16 22 17 21 33 28 13 23 25 17 17 21 19 18 9 20 23 20 19 17 17 22 25 21 16 16 25 27 21 16 26 17 16 26 26 18 21 20 21 20 26 14 14 17 23 26 22 18 21 18 32 21 12 19 20 19 21 22 25 17 18 16 19 14 17 14 12
15 15 19 17 18 19 22 14 16 20 16 20 17 16 17 29 16 15 20 16 16 28 19 27 19 17 25 18 31 17 18 18 20 24 16 15 16 21 17 20 15 25 22 21 17 19 5 27 27 13 19 19 22 21 22 10 17 24 16 21 19 12 30 19 13 20 24 22 22 27 26 20 26 21 17 22 20 17 16 11 8 26 28 21 25 22 19 16 26 27 22 18 23 16 30 16 23 21 16 15
27 18 26 27 19 20 24 22 22 20 16 18 20 19 24 33 23 17 21 16 18 25 18 23 20 23 19 19 24 15 13 24 23 21 23 11 14 18 28 21 19 25 28 20 20 12 26 28 26 14 20 16 20 22 16 19 23 14 16 20 22 18 25 25 23 24 18 14 13 16 20 19 14 22 25 18 22 21 26 26 11 25 25 25 22 26 17 28 23 46 27 40 13 12 19 22 38 25 28 17
15 20 20 27 22 15 17 20 33 16 11 21 20 17 16 25 22 22 16 16 23 26 20 12 19 7 18 19 27 28 17 22 20 21 28 12 24 16 18 21 23 16 12 27 24 19 23 21 33 16 22 18 28 23 19 21 16 22 16 26 12 22 24 22 23 18 26 13 33 21 15 16 26 25 13 19 26 14 21 13 20 31 19 15 26 19 22 31 18 24 16 18 24 30 18 18 15 14 23 25
13 22 24 18 13 25 23 24 21 19 20 22 12 17 30 15 23 34 21 20 17 19 26 21 10 10 28 18 23 22 21 24 6 12 15 29 19 17 22 19 20 13 21 27 21 20 22 25 16 21 20 29 29 18 17 29 27 21 23 19 25 15 20 35 29 46 27 21 13 21 26 25 23 26 26 20 27 18 17 23 16 24 25 14 29 27 20 21 19 11 17 24 23 22 19 17 30 15 25 17
26 27 25 30 24 27 19 21 15 13 17 15 9 12 16 20 21 22 30 29 21 35 19 20 31 25 13 19 22 22 23 19 23 18 22 23 21 19 26 23 21 25 33 16 23 20 17 22 17 29 23 18 38 21 19 29 25 28 25 25 13 14 14 21 12 16 17 13 20 9 24 17 25 25 18 33 19 18 17 21 25 17 17 18 24 24 26 22 11 15 20 14 23 22 18 17 30 19 25 28
25 29 22 14 17 9 41 7 17 21 22 20 26 13 22 16 18 19 25 15 18 19 17 30 26 31 20 22 21 33 24 36 18 16 17 28 16 25 17 23 29 25 26 23 25 17 19 12 17 13 19 20 26 23 25 20 24 22 17 16 9 26 23 21 33 19 21 18 17 18 15 13 20 36 23 30 20 25 26 12 26 24 27 18 16 19 23 19 20 15 19 12 13 26 22 17 15 18 19 19
25 24 13 12 23 21 21 12 20 25 22 20 25 25 17 21 24 16 18 20 16 23 17 17 24 22 12 17 18 14 25 16 22 14 16 27 20 17 20 17 17 18 26 16 25 12 19 19 21 20 23 21 26 30 16 23 24 19 24 19 18 19 20 20 19 17 21 20 22 27 21 21 23 10 25 28 19 20 19 22 24 13 22 25 21 18 15 17 16 25 34 27 25 26 21 22 15 16 25 13
18 13 26 19 14 25 23 19 27 19 22 20 17 24 22 21 13 22 20 15 20 24 28 23 15 24 18 13 13 27 25 21 26 19 26 29 20 27 32 31 19 27 24 15 21 28 24 17 26 23 15 14 19 21 20 32 20 15 15 29 21 21 21 15 25 25 18 22 23 28 21 23 15 12 22 15 24 18 27 28 31 21 33 19 19 16 31 18 13 18 19 23 23 15 26 16 21 24 27 30
22 19 22 16 15 17 19 36 19 21 9 12 18 19 19 28 24 18 12 18 18 15 29 19 22 25 20 27 15 28 20 20 24 17 21 19 20 19 25 24 20 20 24 23 22 25 20 21 18 24 19 25 20 19 20 12 23 16 22 18 14 21 22 18 33 24 22 25 24 14 28 16 24 8 17 18 18 18 27 19 18 23 19 18 16 21 24 15 23 24 13 17 17 27 18 19 20 14 28 36
19 18 19 24 27 17 18 14 22 16 25 13 26 24 19 26 16 21 28 32 19 18 25 25 19 19 29 17 21 23 20 20 15 19 22 16 16 24 16 17 22 22 25 21 23 24 19 26 19 13 19 24 23 22 24 29 24 18 23 22 17 19 13 25 26 25 20 16 29 23 12 13 19 17 22 20 18 19 18 21 18 12 22 27 24 27 14 23 20 25 27 22 18 19 20 22 24 19 19 18
25 20 26 15 22 24 21 17 17 26 30 27 22 26 16 18 13 17 15 27 25 16 21 18 21 15 17 17 16 15 15 11 20 12 18 17 19 23 22 19 22 29 12 25 9 25 22 18 22 24 12 20 18 18 30 20 17 23 29 25 20 24 17 14 23 25 15 29 32 21 27 22 22 27 23 21 24 19 24 20 23 14 15 15 23 20 16 22 30 18 20 16 34 18 26 17 14 13 25 23
26 16 22 23 20 20 20 21 24 18 17 15 20 17 17 28 14 18 8 17 20 14 24 27 16 29 21 17 30 23 22 27 29 27 28 10 21 18 21 20 14 27 18 31 20 19 20 12 18 18 26 20 11 25 24 25 13 22 22 21 16 19 19 31 24 22 17 13 24 17 27 18 28 21 18 24 26 27 26 20 24 24 24 29 16 18 28 21 22 17 23 18 23 19 16 20 22 26 25 22
15 19 15 25 18 18 15 27 20 25 18 14 25 35 26 23 16 20 18 25 16 37 21 23 26 26 20 20 16 20 21 20 12 22 20 22 20 18 25 23 20 20 13 26 20 24 26 24 26 26 21 18 22 22 22 19 18 19 17 20 27 24 20 19 19 23 19 16 15 23 25 22 23 26 28 20 17 18 27 15 21 30 18 14 30 17 16 22 18 15 18 22 26 23 19 20 18 22 24 19
25 14 20 22 31 21 14 24 26 21 22 19 24 17 27 18 21 32 19 25 26 27 22 19 22 18 27 21 27 27 11 35 52 56 60 40 39 33 42 22 29 17 23 18 16 18 20 19 21 19 21 20 29 23 16 30 20 13 24 13 23 23 24 20 25 24 16 21 20 25 17 19 28 20 29 19 21 15 27 25 23 23 28 21 22 19 23 17 11 20 19 18 11 22 30 27 28 23 23 21
10 21 21 23 17 15 18 21 11 25 13 18 18 21 24 21 23 28 22 21 17 21 25 28 19 18 24 19 12 16 24 18 27 26 17 24 16 24 19 23 19 27 19 22 30 19 16 23 18 13 21 17 21 15 20 14 17 19 17 22 17 27 17 15 28 19 17 24 16 19 17 28 17 20 23 28 23 15 25 17 24 24 23 15 19 17 20 22 17 15 15 22 15 23 22 26 20 26 20 20
17 17 21 28 25 26 33 20 16 19 26 16 10 20 22 25 26 26 17 22 25 22 24 24 22 22 21 20 19 18 20 26 29 24 24 17 22 20 19 20 21 23 21 20 23 21 24 31 17 32 23 29 26 29 22 20 14 21 23 17 21 17 21 18 23 20 14 21 18 27 26 27 29 17 22 22 17 19 14 15 19 28 19 22 22 23 24 18 21 16 17 20 26 14 19 20 21 29 16 16
18 20 21 13 19 16 21 17 21 16 24 15 23 18 27 23 22 18 21 24 29 18 21 19 9 36 18 17 17 25 26 29 20 17 18 23 26 22 18 22 22 17 25 16 31 14 16 16 26 28 14 21 18 23 18 21 17 20 15 17 15 14 24 21 20 25 20 16 15 14 18 23 23 31 30 22 22 32 20 19 22 20 14 20 19 11 20 18 17 21 26 20 29 14 30 21 36 16 17 21
15 32 29 17 29 23 21 23 19 24 34 20 18 24 17 21 22 22 23 21 11 22 20 28 20 12 20 25 26 16 22 17 16 14 29 12 19 18 17 23 17 24 25 18 29 18 22 25 20 26 19 19 25 17 26 27 22 17 20 23 24 13 17 23 16 20 21 28 21 25 32 20 20 28 19 19 22 19 19 17 11 22 16 25 14 20 18 22 21 24 26 26 25 26 13 16 16 17 10 20
25 21 27 24 20 21 29 17 13 25 19 15 22 12 23 23 29 21 27 21 23 21 27 26 25 15 19 21 24 13 21 25 15 22 19 25 18 22 26 13 27 16 17 16 24 28 15 20 22 22 25 18 11 18 25 11 22 28 27 34 25 23 19 29 21 12 25 24 20 22 18 21 23 14 19 22 22 25 16 27 24 20 14 20 16 18 18 17 48 21 24 23 24 24 26 17 24 13 15 13
16 20 19 24 24 18 22 18 23 19 22 25 18 24 26 19 13 18 24 18 18 13 25 21 30 24 23 25 26 18 16 25 28 20 29 22 26 18 20 31 22 20 15 18 27 19 11 26 23 19 24 16 25 27 23 24 22 20 17 20 24 21 26 21 28 24 14 31 24 28 22 23 10 21 18 17 27 17 22 21 16 15 17 20 18 28 17 24 24 23 18 15 21 25 23 14 22 22 20 28
20 19 16 20 18 23 17 30 20 13 24 19 17 18 26 20 20 23 18 17 26 21 24 17 9 23 15 23 20 20 17 25 19 15 12 24 18 29 13 20 16 14 32 23 20 24 22 21 29 14 19 21 26 25 28 22 33 17 15 17 19 29 21 12 18 18 18 24 23 29 19 19 17 19 15 20 23 23 11 20 26 22 14 18 23 22 19 24 19 17 22 23 19 24 24 22 23 24 28 25
20 22 19 20 20 15 30 22 14 26 19 24 25 28 19 17 22 24 14 22 23 18 16 26 21 17 19 15 24 22 18 21 22 20 18 16 25 17 24 15 16 18 23 31 19 22 17 25 19 15 28 25 27 18 16 19 21 16 22 18 18 23 21 16 28 15 18 31 34 31 19 20 26 15 20 19 19 16 13 24 27 20 23 18 15 16 18 22 18 19 14 15 26 22 19 20 20 24 21 14
16 30 13 29 23 22 15 26 14 20 14 22 22 23 19 24 16 22 22 21 25 20 18 26 23 15 19 18 25 25 26 22 18 24 19 26 24 27 24 25 18 17 29 15 26 26 20 17 21 23 21 16 24 15 26 18 20 20 17 19 21 23 13 22 15 21 14 23 15 21 26 21 17 17 16 19 21 16 16 28 21 26 17 18 12 17 19 18 20 22 17 21 19 31 15 19 14 13 12 29
18 21 18 14 19 14 20 23 15 16 19 19 30 28 17 17 18 18 27 19 26 21 14 21 19 17 22 21 35 20 13 22 16 19 19 32 23 19 20 17 19 18 15 22 19 16 16 20 12 21 16 18 19 26 14 26 19 19 19 20 23 19 18 22 12 22 21 22 18 20 21 18 8 22 25 21 25 23 27 22 21 20 14 13 20 16 26 21 16 15 20 26 27 22 9 18 26 18 21 19
19 23 27 22 13 26 21 12 29 29 25 16 16 11 24 18 22 18 17 23 22 17 16 25 18 22 22 11 16 21 17 12 19 19 21 18 8 21 16 13 10 19 20 21 18 14 25 23 24 20 14 21 23 22 27 30 17 27 25 24 23 26 26 22 14 24 15 18 21 16 18 20 26 25 18 18 19 22 22 26 23 22 26 24 18 28 25 17 27 19 28 20 17 22 27 19 20 23 27 14
23 21 17 26 27 14 23 17 17 22 17 21 24 21 21 19 17 20 23 21 27 20 24 15 14 14 21 25 19 18 25 30 16 12 15 21 25 39 50 24 21 25 20 23 23 23 25 22 23 20 21 20 23 25 17 23 14 22 28 24 14 25 17 23 19 22 21 17 22 33 17 21 21 14 21 22 17 22 19 33 20 19 18 18 25 20 18 26 17 21 14 19 19 13 29 25 17 21 21 19
20 12 23 27 14 29 23 16 22 27 22 16 30 21 23 23 16 22 19 24 27 16 13 19 16 18 28 17 25 15 15 23 21 22 12 22 20 19 24 24 15 16 15 16 14 21 29 20 17 19 23 19 24 16 29 22 18 28 13 24 19 28 22 22 18 9 29 29 12 19 21 14 21 6 19 21 16 20 16 11 25 13 21 28 23 21 17 18 17 21 23 22 19 17 24 24 21 21 21 21
20 21 17 23 17 15 23 29 20 22 23 21 13 15 19 19 24 23 31 18 15 28 22 16 25 21 24 27 16 16 19 19 19 23 21 27 17 23 21 32 17 20 16 20 19 17 18 21 20 30 20 12 12 22 23 24 27 22 15 21 14 16 15 27 17 27 18 16 19 22 32 25 22 25 24 29 19 24 21 17 18 25 15 27 24 14 23 18 19 30 12 23 24 17 29 23 27 15 33 23
26 19 17 17 26 11 24 26 10 14 25 12 15 22 15 25 17 22 25 12 16 22 22 21 19 12 15 16 18 22 19 23 14 20 23 23 13 29 14 27 18 14 18 14 30 16 20 22 11 16 18 20 27 15 21 26 18 20 20 15 21 23 18 18 19 18 15 17 19 26 26 20 24 27 24 31 16 18 30 27 21 24 20 19 21 22 16 18 20 26 13 17 30 15 18 32 21 21 21 29
19 31 21 25 22 24 30 19 11 17 15 21 22 29 16 24 15 15 24 20 20 23 26 24 22 27 24 21 21 17 28 15 21 19 21 22 22 30 18 20 22 19 22 16 22 24 21 29 29 29 27 21 30 22 31 19 21 15 27 19 20 27 24 15 18 16 31 22 19 17 23 14 13 12 22 21 20 19 23 21 23 20 13 26 21 26 16 22 13 22 18 19 16 26 19 20 18 19 24 25
18 27 20 18 18 22 21 19 20 23 26 21 28 16 15 20 22 12 25 18 11 16 30 15 15 19 22 11 10 17 20 23 19 20 20 20 26 21 22 17 24 23 25 30 13 16 16 24 11 24 12 21 16 18 37 18 22 20 18 19 15 17 21 24 23 22 20 19 21 19 22 21 23 24 24 16 25 20 11 16 23 19 14 27 14 23 19 22 26 25 27 21 25 15 30 19 21 23 23 25
30 14 21 17 23 20 24 29 21 29 20 21 16 17 22 12 25 14 22 27 17 20 13 31 26 20 26 19 21 20 17 22 25 22 23 16 25 17 13 23 15 15 18 18 19 26 23 22 24 22 14 23 19 22 26 23 19 22 23 18 22 18 28 19 20 22 26 21 20 26 27 18 23 18 16 15 18 16 13 23 18 12 19 13 19 29 22 18 39 22 17 19 25 25 19 22 16 24 19 11
23 22 21 18 18 22 13 20 28 22 20 17 21 16 31 22 21 27 26 18 24 21 18 15 21 20 16 36 18 24 25 21 20 23 19 22 17 20 19 22 22 23 17 25 27 21 17 27 21 16 20 26 12 16 14 21 22 17 24 18 15 19 31 15 26 26 23 12 20 18 36 22 25 22 20 18 25 27 9 17 20 16 21 16 18 29 21 25 21 16 20 21 22 13 19 23 16 11 16 28
15 18 25 16 28 22 25 25 21 24 15 20 17 18 20 19 24 27 20 17 25 24 22 26 22 18 26 21 17 16 30 25 23 18 24 17 14 17 28 19 21 19 22 18 19 21 17 17 24 22 27 21 23 15 28 22 17 15 26 17 11 15 26 16 21 12 25 15 30 23 20 31 18 16 19 26 15 20 22 24 19 24 18 31 20 14 21 22 17 22 24 17 21 18 31 27 28 29 22 21
29 18 17 13 21 21 12 18 20 25 17 23 16 21 21 23 20 18 19 21 20 25 10 15 21 22 16 26 19 20 19 31 21 20 16 18 16 17 22 15 24 15 19 22 23 21 18 25 19 12 16 24 19 20 16 21 20 16 23 21 20 26 30 19 15 22 25 21 25 22 19 18 31 20 21 22 15 18 18 23 20 21 15 34 28 23 18 19 26 24 20 18 22 21 13 21 22 12 19 22
31 20 32 18 19 20 17 20 22 23 19 14 20 23 21 20 16 24 18 16 21 20 18 14 29 16 26 22 18 25 30 39 15 25 18 31 23 26 22 20 17 19 24 23 22 26 15 19 16 21 27 9 9 10 8 6 14 11 12 6 7 5 11 5 10 12 10 8 10 11 10 4 14 8 9 8 8 8 12 8 6 7 13 9 5 10 5 11 9 13 7 6 9 8 13 7 9 9 15 12
11 8 13 15 10 14 7 16 10 13 9 4 16 6 12 6 11 13 12 11 8 9 10 10 10 11 9 10 11 18 12 8 5 9 10 18 7 7 11 8 9 12 13 5 10 16 16 8 8 11 9 14 15 11 12 18 10 14 10 8 10 14 10 9 11 11 14 4 12 15 10 12 11 8 12 9 16 14 9 14 7 12 12 7 14 12 11 9 6 9 10 6 9 21 6 11 6 10 12 14
12 15 10 15 5 4 12 5 10 22 18 9 6 13 8 6 12 19 7 5 15 10 6 8 11 8 10 5 13 6 9 9 7 12 11 9 6 4 8 8 13 9 11 7                                                        
