0.182926829268293 2942 88 69 88 77 74 87 79 84 60 79 82 63 68 80 71 62 71 70 77 75 64 85 76 79 84 62 62 63 73 63 76 72 72 74 74 83 70 85 73 69 71 75 68 69 64 74 81 58 69 75 84 89 66 76 61 77 78 79 66 60 68 80 70 74 81 69 72 71 93 54 83 28 63 65 67 52 62 69 79 69 54 56 51 53 76 80 71 63 68 53 78 87 69 63 114 72 61 67
67 71 82 72 61 58 75 76 81 76 62 77 76 66 59 73 79 72 73 72 90 92 62 68 80 73 82 71 77 84 64 87 72 84 66 104 59 86 69 77 29 80 53 79 69 75 72 87 62 72 64 74 71 58 71 62 74 61 80 76 90 78 78 84 65 63 81 79 91 69 87 86 67 73 56 81 69 72 61 66 65 56 81 71 61 70 72 62 89 78 67 72 77 74 74 66 89 84 59 75
66 89 33 52 75 86 58 63 61 73 72 77 79 65 67 70 101 70 82 94 70 69 81 73 85 62 57 58 79 67 67 74 78 40 90 69 72 73 59 68 76 60 73 83 65 64 82 75 64 71 56 66 87 66 69 72 55 62 79 68 63 66 71 66 14 73 84 83 57 67 70 66 66 67 82 71 76 60 59 65 86 75 76 78 68 58 87 82 68 86 80 58 89 75 61 78 48 72 72 73
74 76 64 89 66 90 74 79 61 74 86 81 73 67 70 83 78 91 83 81 65 68 57 74 77 67 72 68 69 84 78 94 73 84 67 56 84 93 70 70 72 66 72 60 67 88 74 63 79 76 67 64 75 64 91 66 69 83 82 65 88 77 84 85 70 80 59 72 67 80 58 71 85 86 74 75 62 71 71 79 58 79 74 83 59 74 66 69 75 61 67 78 80 79 79 67 72 78 76 70
76 76 81 55 87 57 75 75 79 86 76 89 74 86 68 79 53 72 74 73 78 54 64 73 68 77 78 85 71 52 64 67 67 67 77 83 63 81 69 80 62 89 78 70 74 57 58 62 63 60 89 76 75 76 71 73 89 87 62 58 72 77 68 97 79 92 54 68 64 78 64 62 70 76 74 78 67 67 71 87 82 79 80 77 75 89 74 86 73 76 89 82 91 57 71 77 68 82 67 62
89 76 79 75 71 58 58 76 63 80 71 62 81 68 71 70 82 69 74 84 68 85 79 77 65 67 69 77 62 52 73 64 71 80 82 80 78 41 66 77 81 75 66 87 89 67 67 59 86 78 75 62 54 86 62 62 79 71 82 75 86 82 68 87 64 72 78 66 82 76 59 78 69 67 61 87 65 85 81 73 89 59 75 81 93 66 70 84 74 77 62 71 77 68 67 76 76 82 69 80
81 83 61 67 20 75 73 71 78 74 31 68 81 76 72 91 64 57 89 73 85 65 70 80 68 93 74 81 69 73 83 98 75 73 74 75 76 63 71 81 73 80 85 55 78 93 92 75 93 78 76 74 87 72 86 64 86 59 89 51 68 72 68 80 83 66 68 91 66 59 73 74 77 74 77 54 65 71 78 73 62 92 71 79 74 88 99 94 80 86 71 63 69 72 79 81 69 61 74 77
79 97 73 66 89 74 87 65 78 71 53 78 87 103 61 94 89 67 98 84 88 77 93 84 66 77 70 63 65 79 64 61 75 72 82 67 62 89 72 74 79 98 57 64 62 69 70 65 76 86 80 66 77 54 73 83 73 62 82 89 90 69 55 76 66 80 104 70 75 69 93 75 83 76 82 82 79 81 86 78 73 58 57 88 70 81 68 70 84 84 70 66 77 79 91 78 76 62 66 92
62 70 55 52 61 71 84 69 59 72 69 67 94 93 92 44 87 91 83 85 79 81 75 83 65 61 77 84 79 75 87 71 75 82 60 69 80 85 88 83 69 89 89 100 82 75 71 80 79 81 42 76 57 66 60 65 70 78 80 87 67 69 73 86 69 89 70 76 80 72 85 85 76 70 65 83 77 67 80 87 85 68 65 75 75 75 70 58 79 73 75 67 72 83 30 65 78 86 76 82
83 80 38 49 99 68 79 78 63 80 83 96 69 75 71 78 73 63 66 84 67 79 69 76 71 72 64 75 75 90 76 61 76 77 74 93 58 67 59 68 83 65 91 63 71 70 72 91 70 77 85 57 60 75 83 71 67 65 77 67 72 82 67 80 83 81 73 71 85 94 70 58 70 67 95 72 71 65 69 77 70 71 60 100 79 60 74 17 36 78 69 70 71 77 83 74 73 73 75 88
74 85 64 67 97 61 85 92 60 92 62 53 75 78 84 73 68 41 69 66 70 85 75 57 77 63 66 85 65 86 61 64 68 71 62 60 78 80 74 73 80 79 73 84 70 68 64 63 80 77 72 69 91 75 74 68 66 79 63 71 71 60 73 86 92 86 66 74 72 72 75 74 59 69 83 71 72 84 78 67 65 58 75 84 70 72 72 70 70 45 78 69 79 72 91 87 100 76 78 96
81 88 81 69 78 74 61 72 64 61 69 89 57 99 69 83 71 65 81 85 70 84 73 86 69 67 81 83 94 88 67 88 58 91 80 61 60 98 70 66 76 76 80 68 87 70 73 68 73 74 40 89 81 73 81 71 63 75 58 61 94 78 74 50 85 83 84 58 74 68 80 76 74 65 76 81 65 86 61 59 74 62 77 60 53 66 67 83 83 86 75 70 74 104 82 72 82 75 65 84
69 90 70 79 71 91 69 68 67 65 78 59 77 69 72 78 70 76 70 82 74 80 65 74 78 86 78 74 89 73 94 66 64 80 80 112 93 79 58 68 86 71 71 68 74 79 63 88 75 61 80 69 77 73 79 69 77 64 47 87 74 75 57 71 68 68 70 61 80 65 76 74 84 78 73 72 74 81 66 92 81 85 64 64 69 64 74 59 77 69 72 74 69 89 39 65 83 66 72 84
76 73 71 75 65 83 66 65 75 80 76 72 72 64 68 71 87 92 64 76 70 69 82 62 55 68 71 82 66 76 68 58 73 77 77 80 78 76 71 61 78 101 81 85 74 64 71 72 72 62 59 64 75 66 76 80 65 79 96 86 69 79 88 99 85 61 83 78 86 79 64 93 70 69 75 86 84 73 78 62 90 75 76 73 92 80 83 84 63 69 82 66 54 74 68 69 81 83 74 90
77 85 77 79 83 78 75 76 74 66 62 73 67 64 98 81 73 68 91 76 82 57 76 82 90 73 89 89 77 75 74 86 212 78 66 65 63 57 85 70 66 83 82 69 72 78 68 78 67 86 78 73 56 84 61 80 81 51 57 62 63 72 92 70 91 80 72 86 40 77 79 93 88 63 95 66 90 36 79 84 73 77 66 62 84 48 66 79 74 82 75 65 69 79 74 99 78 72 61 82
89 67 63 64 91 85 75 72 59 50 75 80 80 58 85 69 71 63 78 77 69 76 65 88 58 68 68 74 62 62 88 81 71 84 70 74 67 81 63 65 65 93 78 63 77 76 71 84 68 76 62 70 83 71 69 30 65 81 81 61 67 73 64 79 100 67 67 74 72 71 64 72 81 78 81 73 82 81 85 68 60 76 71 76 47 53 85 90 66 59 79 78 80 55 89 68 63 81 70 79
75 87 73 70 64 67 74 99 72 93 64 63 81 67 72 76 62 57 78 66 77 70 80 87 42 73 87 84 78 71 73 82 81 62 65 70 89 75 88 80 76 73 68 69 68 61 68 60 59 81 79 48 82 58 65 69 65 58 80 65 79 71 75 97 69 76 63 74 66 58 64 59 80 87 41 71 59 75 74 81 77 61 72 91 88 71 79 70 55 86 79 94 65 64 59 61 71 39 86 77
55 75 90 79 56 85 65 79 33 72 83 93 79 32 72 74 76 72 79 62 85 73 72 63 73 83 94 59 80 76 73 76 71 107 70 70 80 85 69 61 84 72 67 78 60 73 65 62 56 70 50 85 76 66 85 83 63 64 63 60 75 68 84 71 84 75 64 81 80 82 77 60 61 60 81 84 70 80 65 79 80 62 69 61 66 74 80 76 60 65 66 69 73 54 66 80 69 76 63 77
64 66 65 74 63 62 73 77 68 62 88 62 74 68 81 82 66 73 84 63 79 71 72 80 84 60 61 67 65 80 67 59 59 80 66 66 81 76 66 62 62 77 72 73 85 69 89 74 58 65 92 69 70 83 56 77 47 67 89 73 60 71 70 63 56 93 73 88 87 76 72 64 80 55 81 83 73 87 67 75 65 76 60 81 82 83 72 62 59 65 74 72 78 77 83 88 78 63 83 70
74 86 89 31 69 69 78 76 64 73 75 65 88 63 57 78 64 69 58 73 76 83 84 85 59 82 84 80 59 80 72 84 81 83 89 77 82 83 49 65 65 83 82 74 62 85 102 85 65 84 83 71 66 50 74 64 66 70 25 73 73 78 72 70 71 60 70 90 72 79 65 69 82 78 88 66 75 75 62 75 55 72 70 73 61 67 76 73 68 59 72 81 82 65 81 66 63 56 96 79
71 89 63 70 69 76 91 74 87 87 69 63 71 88 75 55 52 60 79 66 94 80 92 70 32 53 60 52 87 65 71 74 82 60 58 84 74 68 88 68 101 70 66 75 49 55 80 63 72 90 71 70 51 85 79 75 78 86 64 67 86 71 91 59 77 70 58 73 75 85 56 70 59 81 80 79 57 77 77 75 68 58 87 65 70 46 65 72 57 68 70 59 68 72 79 53 87 45 79 86
88 62 86 74 74 77 68 71 70 76 51 84 62 57 71 65 72 74 77 82 95 80 53 66 73 67 51 72 94 86 79 94 87 79 79 86 78 77 78 71 64 65 65 79 70 70 88 86 77 95 78 46 80 77 62 65 55 80 84 74 84 80 64 92 80 67 69 88 63 70 17 68 67 71 37 59 80 61 77 80 75 78 82 85 84 58 58 70 64 75 58 64 72 85 84 46 85 83 74 87
67 76 82 79 79 73 41 81 76 83 74 72 40 69 68 75 62 79 46 59 64 58 72 60 74 78 68 78 80 68 63 62 78 71 77 56 86 62 84 74 62 77 66 77 63 86 80 74 63 79 76 66 82 71 78 82 67 74 92 73 65 88 81 66 56 62 64 54 62 74 72 65 62 67 73 78 101 71 77 69 79 86 66 85 89 76 74 73 79 62 74 70 72 69 73 91 78 70 63 65
76 69 63 74 58 77 81 70 84 69 79 80 82 84 75 72 74 74 66 78 78 57 65 76 88 90 90 75 84 77 34 82 88 46 70 79 69 77 62 80 76 75 75 74 73 76 76 63 74 83 91 72 78 74 41 69 63 82 87 76 74 54 55 64 65 71 74 59 53 90 75 79 78 80 42 74 82 67 70 75 63 87 70 76 87 61 79 93 74 65 89 78 83 87 66 75 67 72 64 71
22 86 54 58 85 69 68 57 68 79 73 88 62 58 64 74 77 69 88 84 60 70 73 72 76 86 71 86 86 41 63 75 71 67 60 68 72 81 89 75 66 82 68 73 64 58 73 81 85 66 72 73 93 84 72 68 92 63 66 62 72 54 67 45 86 68 69 65 89 74 75 77 59 71 83 58 68 73 57 75 72 84 76 70 87 76 74 73 74 85 70 54 90 74 86 67 78 59 66 62
62 93 70 99 69 70 69 69 69 86 69 86 73 75 71 65 90 62 70 89 79 80 83 83 84 68 75 74 74 39 60 61 78 77 69 69 88 75 88 75 76 58 56 79 71 80 77 81 76 84 71 68 91 72 81 82 62 76 73 88 92 80 76 58 91 64 77 72 75 58 69 75 76 86 73 75 79 79 67 74 70 82 63 81 81 80 52 73 68 70 75 60 79 75 75 84 81 45 74 71
76 89 68 28 65 75 77 73 67 75 53 75 57 98 70 67 71 76 94 80 68 68 81 87 78 61 81 61 57 75 60 82 76 68 74 72 88 82 71 84 65 59 66 72 67 74 84 72 74 78 82 73 90 85 71 73 65 76 63 81 72 59 83 38 65 81 84 75 60 89 64 85 78 88 83 72 52 73 84 93 93 102 60 82 78 60 66 63 72 61 77 78 64 92 90 68 64 71 81 67
72 86 52 77 59 58 79 73 66 71 40 35 68 49 96 83 83 56 90 72 61 65 73 71 79 76 35 77 70 91 93 87 89 74 89 65 68 75 68 84 72 74 61 68 62 69 78 73 84 77 95 82 66 73 68 58 66 59 76 77 73 97 92 72 66 91 79 82 84 79 72 69 85 89 84 73 35 80 66 36 37 42 37 30 36 47 38 35 41 25 24 25 33 43 36 45 47 32 40 27
38 51 34 18 30 29 29 32 30 35 26 32 23 30 39 31 41 43 29 44 45 36 48 35 35 34 38 34 40 30 37 47 25 17 32 41 31 33 35 28 26 36 46 39 33 51 29 40 39 33 44 39 43 30 44 35 29 30 36 34 35 53 28 35 33 25 34 46 40 48 28 32 30 43 30 37 39 35 36 31 21 47 39 24 37 29 21 42 39 41 42 30 48 49 39 40 33 42 32 42
45 44 33 35 40 30 37 44 32 34 35 44 24 35 35 33 22 41 45 39 27 37 35 22 30 41 42 37 40 13 35 41 40 42 31 31 43 39 40 40 66 35 36 44                                                        
