0.451612903225806 2960 34 36 32 37 39 30 24 18 24 29 22 26 32 26 26 20 28 14 40 28 25 32 25 34 25 29 27 28 32 29 22 25 20 27 17 32 27 24 26 28 26 17 23 29 20 25 24 27 29 32 26 20 23 24 23 17 25 27 17 23 29 20 16 31 21 40 30 29 25 19 21 19 25 19 35 24 30 33 22 22 24 22 25 24 29 26 21 21 26 25 30 30 31 21 39 22 30 26
27 36 26 30 35 26 34 37 27 28 27 26 35 26 22 24 26 26 26 26 37 26 26 23 24 25 32 33 28 27 32 19 18 21 17 24 19 19 37 35 16 27 30 28 23 36 31 20 26 22 26 21 23 39 19 24 28 27 25 30 29 29 39 19 33 29 32 24 31 23 31 24 25 27 24 12 21 24 23 29 17 34 27 27 19 34 14 18 25 35 15 23 24 31 26 27 29 34 29 20
32 22 31 24 16 33 36 29 24 26 16 23 22 17 19 23 23 25 24 27 23 31 28 33 25 54 30 20 18 22 19 23 22 14 16 17 21 28 22 17 23 14 23 25 22 20 19 28 25 13 35 15 32 20 21 23 23 21 28 28 27 28 19 23 33 28 22 24 21 26 32 38 22 19 20 25 25 30 30 27 16 24 13 24 22 17 15 26 23 23 26 17 27 25 19 24 26 13 28 34
29 21 26 32 10 19 21 37 30 26 25 25 26 29 27 31 15 18 32 17 21 20 22 29 17 23 15 14 22 24 25 13 21 26 32 31 15 32 26 16 22 33 21 34 34 27 22 24 24 21 23 29 22 30 20 33 25 31 23 22 21 26 18 22 15 16 25 22 30 30 23 28 25 34 28 33 21 36 34 26 20 32 27 24 17 26 22 26 14 22 26 27 17 22 24 17 25 29 23 32
18 28 24 25 18 24 20 23 30 27 25 21 22 19 19 28 32 25 36 22 24 22 33 29 23 33 27 26 17 29 29 36 23 23 24 24 33 23 26 24 24 22 28 27 25 36 32 26 28 17 29 26 22 23 29 23 31 24 26 24 22 23 20 22 29 31 27 13 21 31 23 27 36 30 22 30 27 26 26 23 19 19 24 22 22 36 25 30 20 29 26 40 16 33 25 26 18 19 29 27
28 30 26 32 24 22 25 26 25 25 29 21 25 35 32 27 27 31 21 21 24 28 20 30 13 27 20 29 27 28 31 24 30 32 44 28 27 23 25 22 27 21 21 26 37 17 22 19 45 26 28 30 14 43 19 31 37 26 20 27 25 20 21 18 32 30 19 24 28 21 15 28 34 23 24 32 19 22 19 11 19 30 23 33 20 22 29 29 18 18 17 31 29 25 21 31 23 32 24 30
24 30 28 28 25 22 39 37 28 22 18 23 33 22 24 28 24 30 24 28 30 23 15 29 32 22 36 30 21 30 26 23 20 20 23 24 32 22 22 23 28 29 16 28 23 34 23 32 24 11 26 30 27 17 14 25 20 23 34 22 31 23 22 33 22 26 27 33 21 26 32 26 14 27 28 20 22 28 19 24 28 27 26 25 28 23 21 21 27 19 20 22 26 22 24 17 26 30 32 23
30 37 24 21 24 15 36 33 37 19 37 27 30 37 16 23 14 15 26 36 23 30 26 26 23 30 25 25 20 27 25 30 19 20 19 30 16 25 28 21 25 26 24 22 30 28 17 26 32 30 21 16 23 24 20 15 33 30 17 20 28 26 33 22 17 11 27 32 23 20 28 27 33 27 12 29 27 27 13 20 26 22 24 21 25 17 26 29 21 52 25 25 37 23 36 15 16 26 27 28
35 21 28 23 20 23 21 23 23 22 18 16 22 25 31 27 27 25 23 19 25 23 22 20 26 20 21 28 28 22 28 28 27 27 26 15 21 32 34 30 32 35 21 23 23 25 19 29 24 20 24 17 22 23 25 26 28 24 22 16 22 30 26 28 32 19 24 29 28 16 24 21 27 29 25 22 17 28 25 32 18 23 28 32 32 12 51 29 25 17 23 26 13 20 23 26 39 29 29 20
31 24 24 37 40 54 25 21 28 47 25 27 16 27 15 31 28 21 27 35 24 20 16 27 20 27 28 22 27 29 24 20 33 18 27 22 30 26 26 21 21 29 19 16 13 18 32 30 22 19 18 15 25 20 23 22 22 18 30 39 25 17 11 26 34 19 34 23 19 29 35 26 26 27 33 27 31 28 28 32 20 19 19 23 16 34 28 21 27 19 32 27 29 32 25 30 32 33 27 35
24 23 22 23 34 29 17 23 32 22 17 19 25 16 30 31 25 23 29 30 28 25 37 37 23 19 25 30 25 19 28 26 32 27 26 25 38 20 27 22 27 24 37 23 24 34 30 24 28 25 16 24 26 21 25 23 29 8 19 33 22 21 17 22 28 18 24 23 22 32 28 9 27 24 28 27 24 28 32 23 24 26 27 27 22 26 21 23 28 24 30 26 28 29 30 43 29 21 25 19
26 19 24 22 22 29 40 28 19 19 25 34 24 28 18 29 28 25 25 32 23 24 19 21 30 21 31 34 20 24 20 26 29 18 23 20 26 33 20 23 20 25 24 35 31 29 20 26 26 20 28 21 28 24 29 33 23 27 21 13 28 22 25 21 23 28 26 24 26 19 28 24 25 31 20 28 17 28 25 21 28 23 20 22 15 34 22 21 18 31 22 23 23 19 24 19 22 11 30 22
14 33 18 23 16 19 28 21 23 27 25 32 23 20 15 18 32 20 27 21 22 22 20 28 30 25 25 16 23 24 22 23 33 21 21 22 21 23 31 24 28 26 23 20 33 21 19 18 14 15 23 20 25 16 28 26 20 20 20 28 24 28 26 27 19 21 21 28 23 23 23 22 19 31 21 24 21 33 25 26 26 23 30 19 31 20 20 26 23 24 20 33 17 21 24 29 18 20 23 21
25 17 17 15 26 33 25 41 37 24 24 15 19 23 19 17 9 22 29 17 19 17 25 26 26 23 27 25 16 20 24 23 24 20 24 21 21 19 27 26 18 26 22 18 25 15 23 19 24 23 25 22 24 22 19 14 27 24 30 28 25 13 10 25 30 25 21 23 22 21 17 19 11 24 23 28 22 29 30 21 18 26 28 11 22 22 24 22 28 28 18 26 26 36 19 15 30 40 18 32
27 27 16 30 19 14 27 36 15 30 30 26 24 26 21 20 22 23 32 27 26 31 39 33 18 21 29 22 31 32 31 25 30 22 32 25 28 36 40 28 25 11 23 22 24 29 22 32 31 26 21 37 53 47 43 93 22 22 23 24 24 24 23 31 26 19 25 20 31 21 24 24 10 38 22 20 28 29 23 29 18 33 26 26 22 25 19 31 30 24 22 24 20 26 18 24 15 33 21 22
17 26 25 25 18 18 29 27 27 20 34 25 25 24 20 24 25 28 23 34 27 26 30 24 38 23 26 35 15 34 19 31 26 19 29 29 21 27 34 24 40 22 26 29 26 24 26 18 22 26 25 32 32 19 24 35 30 16 34 21 24 30 26 27 34 20 28 25 36 26 16 15 19 30 25 18 24 19 24 17 21 28 25 19 21 28 33 31 23 16 20 33 30 32 24 24 24 41 30 26
26 18 33 21 27 23 25 34 25 26 24 27 23 16 31 28 25 33 25 23 33 22 22 18 31 30 20 30 22 15 14 27 27 26 25 21 30 36 26 16 27 19 18 26 23 24 28 20 21 22 35 26 25 20 20 25 17 33 24 24 29 25 22 18 28 27 32 28 28 28 33 30 27 28 29 31 33 18 10 33 19 29 22 20 35 31 23 21 34 20 24 24 29 8 31 29 18 20 34 22
20 18 22 16 17 24 15 25 22 29 22 18 26 17 19 18 18 27 26 16 24 19 19 27 18 20 25 23 23 19 28 36 22 19 26 32 28 24 29 38 23 25 24 26 21 27 23 18 14 28 30 29 16 26 29 18 25 25 14 17 20 20 18 33 28 26 28 23 19 29 27 19 19 29 15 9 24 26 23 24 32 29 23 27 21 29 26 20 33 27 27 19 23 25 19 34 21 18 30 35
19 24 39 22 22 14 29 20 18 11 30 17 18 16 23 17 18 24 24 25 21 28 27 19 28 23 31 26 27 26 27 23 20 26 21 33 22 26 26 22 28 25 28 28 26 23 23 24 35 15 17 27 23 26 30 28 22 22 27 31 17 23 16 30 30 28 25 29 25 24 25 25 21 17 13 20 26 17 21 23 8 22 18 27 18 23 20 21 9 28 23 25 27 20 21 22 28 30 18 25
22 26 21 18 21 21 37 14 8 27 23 22 16 23 30 40 31 21 24 27 23 23 18 28 22 27 20 25 30 26 29 32 18 23 23 20 21 24 27 28 36 31 23 21 17 19 21 12 25 26 22 13 17 20 33 28 25 28 26 25 23 23 18 30 28 28 28 31 22 24 20 26 23 20 27 22 30 29 26 27 29 26 29 33 17 30 17 28 25 30 35 40 20 20 23 20 29 22 24 28
25 21 10 19 18 19 18 29 18 19 17 25 28 34 16 26 21 22 10 27 25 33 26 20 14 38 33 36 39 30 16 31 17 31 22 22 33 31 21 23 30 28 24 28 30 30 17 27 31 21 31 20 27 33 27 32 19 20 31 25 39 16 32 38 32 38 24 24 23 30 30 22 12 24 20 23 18 22 19 25 21 25 23 19 24 25 22 25 18 7 16 16 34 16 24 20 31 20 33 25
26 27 30 23 27 22 33 26 24 25 30 29 26 23 29 30 25 33 19 26 20 18 23 28 31 34 38 26 27 34 28 27 34 37 29 24 23 24 24 32 31 34 27 35 29 27 20 17 28 27 21 23 26 38 19 25 34 19 26 18 21 30 28 22 16 30 32 26 29 18 16 22 26 21 25 18 38 34 30 25 25 15 33 28 32 38 15 20 32 20 16 30 17 24 36 35 25 26 37 18
24 20 34 25 31 23 23 28 38 30 28 19 21 20 15 15 31 31 18 18 21 24 26 21 31 29 20 32 25 21 25 30 18 31 24 16 30 23 22 21 25 25 34 16 11 22 26 24 18 25 16 20 17 38 31 25 27 25 26 33 18 21 28 24 25 26 23 27 23 27 21 23 17 22 19 30 19 16 40 36 29 24 27 24 25 29 15 23 18 27 26 24 20 18 23 31 11 23 25 13
20 17 29 34 28 16 35 20 22 26 27 30 12 22 38 25 17 23 19 17 23 22 22 26 28 34 24 30 29 24 34 24 24 25 24 25 23 28 31 22 36 25 36 30 31 20 20 21 15 19 27 26 31 28 28 23 24 18 29 36 21 26 17 26 32 32 19 27 24 20 23 21 26 20 21 26 16 25 21 14 22 23 29 22 16 30 25 24 25 27 21 25 14 21 17 26 14 27 22 24
31 25 34 24 16 19 25 23 22 35 22 21 20 27 31 28 28 21 28 20 17 17 23 28 19 25 32 24 30 23 20 24 32 26 22 30 15 24 24 22 11 28 26 36 27 18 27 23 14 28 29 27 29 28 36 30 28 27 19 33 35 16 30 22 23 16 30 22 32 28 27 26 30 27 33 25 31 21 31 25 15 20 22 27 32 30 23 21 17 16 24 27 21 18 11 20 20 20 20 20
35 27 30 23 12 19 31 36 19 18 25 15 17 20 16 26 29 19 27 21 32 26 30 33 26 31 21 30 26 23 19 23 13 24 27 29 25 20 26 20 29 32 34 22 29 19 29 27 19 21 17 24 28 12 24 25 25 36 19 15 28 23 30 36 36 31 23 28 28 31 31 25 20 28 32 21 26 32 24 15 22 25 20 37 30 27 29 31 26 18 24 23 26 36 33 20 35 31 25 30
28 50 33 12 27 30 22 23 20 28 23 23 30 21 28 29 31 15 36 18 29 19 25 22 26 25 17 24 21 28 23 27 23 30 22 16 24 22 21 27 33 22 31 20 20 17 27 32 32 23 28 20 22 24 21 29 25 18 20 23 19 27 28 35 30 34 17 30 21 42 39 27 28 29 19 40 29 33 27 28 21 24 28 30 19 24 23 7 31 21 24 24 19 24 18 23 23 22 17 25
28 20 25 27 27 23 26 29 21 28 29 20 26 16 29 20 26 25 26 30 28 29 30 16 33 29 24 25 25 29 35 24 23 23 28 24 22 31 16 18 29 29 29 24 18 20 27 23 21 26 24 37 29 34 29 22 26 24 18 20 19 26 23 23 23 19 10 17 40 28 22 31 26 19 20 19 20 21 20 17 25 25 25 27 24 25 28 22 23 22 23 36 29 26 25 25 34 22 23 24
19 26 19 34 37 18 26 26 22 23 27 16 20 26 18 33 31 24 30 20 24 28 32 26 31 25 27 30 21 26 33 23 16 25 45 24 30 34 30 32 32 25 39 34 32 30 24 32 19 20 29 23 20 14 16 20 11 15 18 18 16 6 9 21 12 18 7 15 12 17 9 9 12 11 12 7 12 10 17 14 19 6 13 14 13 12 14 12 16 12 14 12 12 4 13 15 21 8 10 13
18 7 9 9 10 12 9 23 12 13 11 8 15 11 7 14 11 10 9 10 18 16 13 13 9 7 10 11 13 6 15 13 13 13 7 12 12 12 12 14 10 5 11 20 17 14 11 13 15 17 13 15 15 5 8 15 9 14 6 11 16 9                                      
