0.416666666666667 5298 12 34 20 28 29 27 21 20 23 22 20 33 23 25 24 22 25 33 26 23 33 11 20 20 22 13 26 21 19 23 46 30 25 21 17 26 14 26 17 18 20 20 18 28 23 28 27 26 17 17 29 25 25 29 18 18 30 26 22 21 22 21 20 19 32 32 28 24 21 28 31 23 30 26 29 20 18 17 29 12 26 24 23 17 22 13 18 25 23 24 18 20 26 26 24 18 20 28
22 35 12 25 23 23 26 12 22 28 23 21 25 16 23 25 21 24 17 24 24 20 28 27 23 11 18 25 24 20 25 33 28 20 37 35 28 25 22 17 18 17 26 25 25 14 23 18 15 21 28 25 17 28 20 19 37 32 20 35 24 21 25 18 26 28 23 22 26 26 24 26 26 17 18 21 27 20 32 22 21 20 28 24 26 25 25 21 17 33 25 23 27 20 27 24 34 31 23 35
23 20 47 19 31 44 31 28 26 29 21 21 27 21 18 28 25 14 14 27 21 32 20 12 18 20 20 22 17 24 22 20 36 25 24 29 14 23 21 21 28 18 23 24 21 22 26 25 27 26 36 29 27 20 20 23 18 21 27 26 16 22 20 30 20 28 16 25 33 33 21 19 21 24 20 29 21 20 23 17 23 28 26 25 15 29 18 30 27 18 17 27 28 16 27 19 22 30 20 20
24 28 23 30 17 17 21 30 22 28 20 11 20 22 14 21 26 19 26 19 16 25 16 18 25 20 22 20 19 15 15 22 22 29 29 27 19 29 24 35 18 31 20 26 20 25 20 25 25 29 28 28 27 23 21 22 20 24 31 15 28 18 24 24 23 18 24 32 29 21 20 19 33 23 20 23 25 20 16 27 19 23 31 29 26 29 22 22 25 25 19 31 18 30 18 24 27 18 29 33
24 23 17 19 12 22 21 28 16 24 31 24 26 22 23 23 24 31 11 22 24 15 25 26 20 26 22 23 29 18 19 22 27 24 21 23 20 29 21 18 25 22 18 21 15 24 16 19 26 19 27 21 27 30 25 42 19 27 25 23 17 26 20 22 13 22 25 21 29 24 20 21 25 22 17 24 27 19 24 32 24 23 20 20 23 24 23 20 21 20 27 17 22 24 13 13 14 17 21 20
19 23 25 21 24 23 30 30 24 21 31 20 21 20 26 26 15 21 21 22 30 24 24 17 22 26 19 19 28 25 19 21 26 29 27 28 24 16 22 25 16 16 16 23 26 24 22 13 29 23 22 26 25 19 28 20 28 29 26 14 20 19 22 26 15 14 20 23 25 26 21 26 22 14 26 26 29 23 18 32 23 33 23 24 26 29 23 25 31 31 37 19 23 18 27 18 24 31 24 23
23 23 25 15 18 21 26 16 24 25 21 21 26 24 28 30 32 29 25 17 33 24 16 28 22 33 22 38 28 21 24 32 24 20 22 22 17 30 17 18 23 24 14 19 24 18 24 33 20 27 32 25 22 24 20 23 22 30 31 22 19 22 27 33 25 29 22 27 15 22 25 28 36 22 19 30 22 26 22 20 24 32 17 18 28 30 20 25 26 26 29 20 22 31 17 24 33 36 16 21
32 27 22 22 28 27 16 24 8 26 23 27 34 26 17 18 19 23 24 24 33 34 20 16 22 16 32 22 19 18 25 25 22 15 28 36 24 29 27 19 36 30 20 22 21 23 24 26 22 30 25 17 20 23 18 23 20 18 31 25 23 37 25 23 17 23 29 26 33 24 18 24 30 24 24 22 24 21 28 26 15 20 20 26 22 23 24 19 20 33 19 29 24 26 22 14 26 29 10 26
27 15 31 24 31 17 23 20 36 22 20 24 11 16 31 25 17 24 28 19 24 29 31 22 30 24 23 31 22 31 21 14 18 21 20 25 36 21 26 30 20 20 27 25 28 16 20 22 21 26 22 22 17 19 18 25 30 16 16 34 15 24 18 26 24 22 20 18 20 22 28 24 23 32 23 36 20 25 17 22 21 30 19 30 20 26 25 23 13 31 23 26 23 23 26 31 28 28 27 27
17 19 34 26 25 26 27 23 21 18 24 15 22 18 24 22 22 22 27 22 13 24 25 19 23 26 21 18 14 17 25 25 17 18 20 23 21 18 29 11 24 21 24 17 10 27 21 24 27 22 19 27 26 19 23 27 23 23 21 21 23 26 27 24 20 24 20 19 25 24 23 27 20 23 13 22 22 24 23 22 21 24 23 18 18 19 28 28 15 19 30 12 17 29 23 28 14 33 19 25
26 27 29 21 24 31 18 24 18 33 20 25 25 31 23 16 31 29 23 12 28 23 34 25 25 26 21 15 28 11 25 22 30 22 28 28 33 32 10 16 27 25 27 20 20 18 24 36 19 19 23 24 17 22 22 22 24 25 20 25 31 28 23 25 25 29 26 30 17 21 18 16 30 21 19 24 29 35 24 18 15 25 23 16 21 22 24 34 20 19 25 23 20 19 25 21 31 20 27 20
22 22 28 31 28 20 23 18 30 24 12 16 19 27 27 19 15 25 15 23 27 24 17 23 29 29 24 31 27 25 24 27 16 18 19 27 17 30 27 18 36 20 28 28 36 27 28 25 17 18 40 19 30 29 22 26 29 27 19 19 21 33 23 25 28 20 24 23 25 29 18 20 20 24 24 29 23 14 30 27 26 24 22 17 27 24 34 16 36 24 18 25 33 22 28 19 14 32 47 26
24 22 34 20 25 30 19 13 25 32 28 30 20 23 13 20 21 17 19 17 16 21 23 21 22 28 23 20 22 18 29 29 18 29 21 29 22 27 27 30 36 9 29 17 19 20 28 21 24 24 12 25 12 26 21 36 22 28 13 23 27 27 26 32 27 33 22 19 25 26 23 32 24 24 29 27 28 13 26 22 24 24 26 26 18 21 27 25 22 29 20 30 29 22 24 18 29 22 24 32
27 38 25 24 32 34 16 18 21 29 28 26 39 18 24 32 26 24 36 18 27 27 20 23 18 41 35 27 20 26 22 37 36 30 28 30 23 32 21 21 26 31 25 32 24 24 27 19 26 18 25 24 29 25 28 28 26 21 19 29 29 19 24 23 26 26 28 19 28 29 20 22 25 35 32 27 20 25 24 16 27 24 24 23 26 20 19 19 27 29 19 21 21 25 35 32 27 17 22 24
31 23 29 27 26 31 33 27 24 29 20 23 27 18 26 25 23 15 23 22 30 30 22 26 27 19 30 26 25 30 18 27 21 18 21 21 18 17 27 25 13 29 18 16 44 70 62 25 18 49 69 44 41 20 18 30 19 29 26 25 18 17 41 20 27 28 31 20 29 24 30 12 25 25 26 28 22 21 24 31 18 23 23 37 21 27 20 29 20 30 22 26 21 23 20 32 19 26 31 27
19 30 32 23 33 27 18 29 26 30 26 22 25 25 23 31 19 13 17 23 27 25 28 17 31 25 18 12 28 27 33 18 27 26 19 24 18 34 18 16 27 26 30 28 26 22 26 19 27 19 18 23 19 19 25 38 19 29 18 23 19 20 20 29 19 19 20 19 34 25 24 21 14 24 30 27 22 30 23 32 32 22 21 27 24 14 22 15 21 37 31 28 21 21 29 26 15 26 25 18
21 30 32 25 19 23 34 31 32 23 31 36 14 32 29 21 20 22 19 15 25 25 25 28 22 30 27 33 32 25 24 24 27 17 22 23 23 24 31 27 24 12 30 26 20 20 16 27 22 23 17 27 23 34 25 19 19 17 24 41 25 25 21 25 23 41 24 11 17 18 29 13 17 15 20 25 24 21 23 26 27 28 16 29 21 24 25 32 30 30 26 38 24 23 31 26 17 23 33 19
17 19 24 27 23 30 28 17 23 25 13 25 19 27 20 29 27 23 31 25 21 19 20 19 19 20 25 18 27 30 20 21 13 23 20 19 25 18 28 21 17 25 18 35 23 16 28 29 20 22 23 22 19 21 27 23 22 26 25 28 21 16 22 23 21 20 16 23 21 21 26 29 25 23 27 25 29 26 40 19 31 28 25 17 20 24 25 25 31 17 25 25 19 24 21 22 24 30 22 26
16 25 19 15 22 30 21 12 17 28 33 18 23 25 17 32 26 25 12 21 12 18 18 21 23 29 23 19 17 23 30 23 17 25 23 21 22 28 22 22 33 23 28 23 26 23 20 22 26 33 22 27 21 16 28 24 20 27 20 30 24 23 29 31 22 16 19 30 28 16 36 21 29 26 33 21 20 27 26 20 20 33 22 24 27 32 25 22 30 23 31 18 24 23 17 28 25 22 31 21
22 23 25 24 28 31 25 15 27 27 31 13 24 25 21 33 30 26 21 19 35 28 26 33 26 23 26 25 26 30 23 25 27 21 13 17 18 24 24 25 15 23 16 22 22 31 22 20 28 14 24 30 30 24 18 30 24 29 22 27 23 30 24 28 16 19 22 26 21 23 24 20 21 25 19 25 39 23 26 18 22 23 34 33 22 28 22 21 26 30 22 30 19 26 28 33 32 24 23 21
24 32 28 22 26 21 23 25 23 34 23 26 25 23 29 15 18 19 33 16 29 23 20 30 25 24 19 18 20 23 26 26 33 18 16 19 23 24 29 18 19 23 28 27 25 19 30 28 17 27 17 35 29 34 23 23 18 20 27 27 24 22 26 24 18 27 15 22 21 21 18 15 21 10 24 22 39 36 23 29 18 23 22 23 18 25 17 25 35 28 22 24 17 17 27 25 27 33 14 21
23 23 25 23 32 24 9 18 26 24 16 30 23 17 28 25 16 27 21 30 27 27 26 23 27 23 33 20 22 22 26 19 25 25 25 25 21 29 24 22 23 12 18 15 18 22 24 22 24 32 21 26 35 18 20 29 27 31 25 18 26 21 27 24 31 19 22 15 15 16 16 15 14 25 24 25 34 17 23 17 38 16 25 22 21 19 31 16 27 23 29 8 17 34 24 34 18 28 19 23
20 21 26 22 24 17 27 19 24 24 18 24 25 33 20 21 25 22 25 27 21 18 22 30 29 24 31 22 15 24 14 34 24 25 18 27 24 17 23 23 25 19 20 26 23 25 31 25 27 27 25 21 24 21 30 18 18 30 23 27 21 18 21 24 17 24 26 18 25 23 22 26 21 22 23 29 22 17 21 31 62 25 20 30 21 24 25 24 22 22 22 30 23 16 32 26 27 22 23 23
22 22 7 23 31 18 19 17 23 25 23 14 26 10 26 16 28 17 22 24 25 33 14 21 29 28 21 17 22 13 24 25 25 18 23 28 18 23 25 23 23 26 22 29 30 19 28 23 18 32 27 16 24 26 31 28 25 22 21 20 18 16 23 27 20 27 33 18 27 24 27 19 26 17 27 22 20 24 11 17 25 27 30 20 20 16 20 16 27 19 23 24 26 22 26 24 26 21 16 22
27 25 14 16 26 23 26 24 23 23 19 25 28 17 23 24 20 28 26 21 22 28 25 21 19 22 36 17 34 26 27 16 25 24 15 23 21 24 20 22 22 30 25 19 20 25 39 25 23 27 22 19 25 22 29 26 24 30 36 19 20 25 31 17 24 18 29 22 31 24 21 24 18 25 31 28 20 25 22 16 22 26 25 25 28 25 8 17 18 23 22 20 20 21 31 21 15 27 26 27
13 20 20 24 32 19 27 17 17 28 20 15 30 21 26 30 19 26 19 16 28 16 22 19 17 22 33 22 24 20 22 16 24 23 25 21 15 19 24 36 24 26 25 20 9 22 18 24 20 21 15 22 28 30 23 29 24 22 26 18 27 24 30 27 26 25 27 27 21 18 25 16 24 21 27 20 25 16 19 24 23 24 20 25 22 20 18 27 21 23 31 20 20 20 22 23 21 26 17 27
32 26 12 15 17 26 21 31 30 24 23 33 27 22 16 31 23 26 32 20 25 36 61 51 61 17 22 16 24 19 25 22 21 22 21 20 20 20 24 27 28 28 23 12 29 30 19 26 23 19 30 27 22 12 27 25 21 26 19 19 17 21 18 27 22 23 19 21 20 24 17 25 15 33 23 20 26 21 26 28 23 25 22 27 27 24 20 18 27 20 29 25 27 22 18 17 28 34 31 26
27 25 23 50 24 20 19 28 28 16 20 22 24 18 25 27 29 20 26 24 21 29 26 18 21 24 25 20 16 25 19 27 16 23 21 29 26 34 33 21 23 16 14 20 23 28 17 25 17 21 20 32 23 19 21 23 32 25 26 23 25 20 20 31 21 16 21 17 35 25 23 25 20 27 20 23 16 29 18 21 27 22 28 25 22 30 20 26 20 32 19 27 30 24 23 22 16 28 27 14
19 32 29 17 23 36 25 23 23 27 26 25 19 24 26 26 23 20 33 12 27 21 16 18 20 33 21 32 31 25 16 24 21 29 31 30 19 23 19 18 22 14 18 19 13 22 21 21 19 27 19 19 23 24 29 27 23 16 18 28 21 23 27 27 22 24 19 21 25 24 19 21 25 23 33 22 21 23 19 26 15 27 30 23 22 17 28 33 29 29 25 30 22 33 26 31 29 22 20 20
26 18 22 20 29 19 31 17 29 28 20 24 26 19 26 25 33 28 24 17 17 32 20 23 29 22 32 33 25 21 30 14 26 30 19 35 23 30 19 21 24 21 32 18 25 26 27 23 26 21 21 14 27 20 19 18 22 12 33 26 19 27 27 23 24 24 31 28 38 27 23 27 28 11 27 27 26 26 28 22 29 28 29 24 30 28 24 22 21 26 27 28 23 24 26 11 25 25 27 20
24 27 24 24 24 23 26 13 26 26 27 24 21 18 22 28 12 30 25 22 28 29 22 21 30 21 34 23 24 18 18 20 28 31 26 21 28 24 25 31 19 26 28 25 17 23 34 30 19 23 28 21 19 22 25 29 23 12 25 22 32 27 27 17 18 21 20 19 21 24 20 28 27 23 37 31 26 30 20 22 23 26 29 21 34 19 30 28 19 25 21 17 23 24 28 24 28 20 21 22
14 29 28 25 23 24 17 34 36 33 24 21 26 27 20 19 16 21 18 30 20 17 26 32 19 24 21 35 20 28 24 25 32 24 20 24 34 19 27 32 22 31 19 31 18 20 22 29 29 20 28 22 21 20 25 20 22 15 21 24 17 23 25 34 27 14 31 18 23 26 25 29 30 19 22 23 20 20 16 18 24 26 20 29 28 17 23 27 28 22 25 21 25 23 33 20 24 21 29 18
26 27 30 28 25 23 20 16 19 21 9 16 26 23 13 30 19 20 16 17 21 19 24 24 33 27 22 23 17 30 28 32 20 20 25 25 31 15 30 29 21 24 21 27 33 35 20 18 25 18 19 31 31 28 25 18 28 22 26 23 23 24 22 32 20 33 21 27 37 27 25 23 23 27 11 27 32 27 24 20 19 25 14 27 27 33 20 21 23 20 21 17 19 26 31 18 22 22 22 14
19 25 20 20 33 16 23 30 25 35 31 23 25 21 23 28 28 24 32 15 23 20 22 29 36 29 21 28 21 19 15 22 25 21 28 13 23 21 20 27 21 20 24 26 34 21 22 24 17 16 22 22 24 21 25 18 20 32 28 23 29 21 28 19 26 21 18 25 18 26 25 17 28 24 20 17 20 18 18 26 28 19 22 20 31 23 31 18 19 22 24 19 41 24 27 25 22 29 26 31
26 23 23 15 23 27 27 26 37 26 29 26 34 21 32 18 36 26 21 28 18 22 23 24 26 16 31 23 16 24 25 24 24 30 38 22 18 25 19 15 22 20 23 14 24 13 28 21 22 27 18 22 25 23 23 24 21 26 28 21 26 30 16 21 32 23 17 22 31 23 23 29 25 26 28 13 28 20 25 24 30 19 30 25 23 29 17 23 29 25 22 14 22 26 18 25 21 18 23 21
17 18 30 24 25 29 24 18 26 36 25 15 19 27 22 19 29 25 22 16 23 29 17 24 26 24 22 21 22 23 26 17 22 28 24 29 24 18 22 28 22 27 22 25 26 30 32 22 26 22 21 24 25 19 29 17 23 23 22 20 29 24 14 17 24 24 17 19 31 22 24 28 17 28 23 38 29 26 19 21 28 20 31 15 29 18 27 23 24 24 30 16 25 26 19 24 22 23 13 22
17 28 26 24 28 22 28 33 22 25 27 24 26 17 28 32 25 21 22 18 26 27 18 31 25 22 32 15 21 19 28 28 16 27 32 34 23 27 19 21 30 25 20 36 20 30 25 25 24 23 25 22 24 25 19 21 13 14 26 22 23 26 27 22 24 22 18 28 21 28 21 22 18 22 26 31 26 23 19 27 28 21 25 20 14 30 17 25 23 15 24 18 26 18 17 23 27 27 25 29
22 31 21 27 18 26 23 26 32 23 14 20 25 24 15 35 20 25 25 27 24 25 24 24 20 25 25 33 34 35 21 15 17 14 20 15 38 19 15 23 21 20 28 25 23 22 20 29 16 28 27 27 28 29 22 7 17 24 22 28 14 20 23 26 33 29 17 24 22 17 15 22 24 25 14 19 27 23 25 16 23 21 21 19 15 23 20 24 22 20 20 10 30 19 25 28 30 23 16 25
25 18 32 23 24 29 22 13 31 24 21 26 25 21 20 24 22 19 26 26 26 27 29 18 24 30 23 38 31 30 34 25 25 24 15 19 21 22 24 30 21 22 23 21 17 23 25 27 18 28 24 25 30 14 23 29 21 26 25 19 21 23 34 27 19 15 28 22 33 21 17 15 31 28 28 28 29 23 20 22 15 22 19 28 24 25 20 26 17 24 30 23 19 19 19 17 26 19 19 24
30 20 23 22 17 28 20 26 20 24 32 22 30 25 20 17 28 26 16 22 22 25 18 25 16 23 27 19 27 19 26 17 24 22 26 23 22 20 23 21 23 19 20 22 26 29 33 25 23 18 31 27 23 17 20 27 25 21 18 23 23 16 20 21 25 26 29 16 16 20 26 23 20 24 29 17 30 21 23 20 24 14 15 20 23 20 26 22 23 28 22 21 26 31 33 27 23 20 24 25
24 34 16 14 32 14 21 22 24 24 18 26 17 20 22 23 17 19 23 29 16 15 20 27 31 24 20 29 19 19 27 31 19 19 20 30 20 30 27 31 24 26 28 21 13 18 30 22 18 19 22 36 25 25 25 24 35 31 15 22 18 14 23 19 22 20 8 17 28 25 32 27 21 19 28 28 20 24 39 24 25 19 21 22 20 18 24 29 25 19 24 24 25 17 24 26 30 24 21 29
20 28 25 20 20 22 18 25 23 22 21 20 17 18 23 23 24 20 34 18 25 19 27 23 27 20 21 31 21 32 24 23 30 29 24 18 17 32 28 22 21 31 21 24 20 20 31 17 25 31 13 29 22 23 26 22 19 22 26 21 23 30 23 22 29 20 29 22 17 27 29 14 19 19 21 22 26 21 20 24 22 18 27 13 13 24 29 12 19 24 20 26 20 31 20 20 25 14 17 27
25 31 20 20 30 29 21 11 23 19 22 23 24 25 35 27 22 23 18 16 23 25 27 20 27 28 21 19 16 22 26 17 19 16 27 20 24 30 17 20 23 21 19 23 24 16 17 25 19 21 22 25 33 30 21 30 26 22 35 17 27 19 23 29 28 21 23 28 22 22 25 11 26 23 21 26 26 16 21 27 28 31 26 23 18 25 19 25 32 17 24 31 26 16 22 20 30 20 29 21
20 27 32 28 27 21 19 25 27 19 21 29 25 17 17 20 30 18 25 26 31 22 24 33 20 21 17 27 17 24 20 27 19 18 27 25 28 17 25 25 25 26 18 25 19 23 33 24 22 31 29 26 30 27 9 23 25 23 28 33 24 16 30 25 27 22 27 23 16 32 17 15 32 27 24 26 28 21 34 23 24 31 29 24 32 33 16 13 29 28 29 20 22 21 20 16 18 30 23 16
28 25 19 17 19 28 19 24 29 16 24 18 24 19 25 30 25 22 26 18 20 26 24 24 18 22 25 26 15 28 21 15 14 27 24 23 30 30 23 21 15 21 22 26 20 25 25 30 24 30 19 23 29 18 24 28 29 29 19 22 24 21 31 22 28 25 21 26 17 19 20 16 33 21 24 26 27 24 34 10 35 16 18 21 29 27 22 27 19 21 28 23 21 26 23 30 21 24 24 30
16 15 22 25 32 31 22 33 25 21 25 27 15 21 29 19 24 24 26 29 27 22 17 20 26 21 25 23 30 19 33 19 14 24 21 23 27 33 17 21 22 19 19 22 24 16 24 25 20 23 28 22 27 31 18 27 22 14 20 26 20 22 19 26 19 25 25 26 24 13 22 15 18 19 29 25 27 15 23 25 22 19 13 28 25 28 28 25 30 50 24 25 24 21 19 26 27 39 19 21
20 18 18 37 30 29 21 14 18 12 21 21 25 34 28 13 24 28 26 20 35 18 32 28 15 19 22 30 23 22 23 21 14 25 23 32 26 21 18 26 27 23 24 18 16 29 18 26 27 20 24 20 27 25 17 24 21 19 25 24 24 25 21 27 26 27 26 21 26 29 18 26 19 24 22 25 19 29 23 23 35 22 26 26 26 34 26 23 27 22 17 34 21 23 24 30 29 27 26 12
19 32 24 31 19 23 31 14 22 29 32 14 27 31 32 32 24 16 19 20 24 17 16 22 32 33 30 26 22 21 20 31 22 31 19 25 29 23 23 21 33 22 27 31 22 33 25 27 23 25 25 33 27 16 23 25 23 30 25 24 16 34 17 20 32 24 31 27 17 30 23 22 27 32 18 20 20 30 22 20 19 28 19 22 18 21 30 22 24 24 27 28 26 24 23 21 33 16 32 13
18 33 17 14 24 31 15 25 28 27 16 19 30 28 21 33 22 17 20 21 29 27 19 24 17 22 21 23 14 25 18 28 24 26 28 22 13 31 30 23 20 25 25 27 19 15 35 26 24 23 24 16 19 29 16 22 30 21 21 26 31 16 30 19 19 29 21 26 24 21 25 31 28 28 27 28 23 26 30 21 19 21 23 29 21 22 23 19 23 22 22 25 20 31 20 28 26 25 23 31
31 14 25 25 26 21 21 27 21 17 20 18 28 25 25 27 25 17 17 23 30 27 27 26 23 30 24 25 22 31 21 25 15 25 28 16 25 25 23 30 23 13 25 22 19 21 17 21 24 23 28 22 23 24 18 34 21 17 18 32 19 24 24 24 24 22 29 24 23 31 26 14 23 22 21 27 30 21 24 13 22 21 19 27 20 24 13 12 24 25 24 18 36 18 30 15 29 26 22 29
17 32 20 24 27 22 21 21 23 25 27 15 26 18 24 23 12 23 14 16 23 21 37 20 25 18 22 26 20 24 18 19 23 25 20 21 19 17 16 28 37 24 21 28 21 27 27 21 17 16 23 32 23 18 17 17 29 23 27 27 19 27 22 20 15 23 20 19 21 24 29 27 26 25 25 25 29 24 27 15 18 30 32 27 25 18 26 28 23 19 21 37 29 18 25 16 23 19 24 10
13 9 12 8 7 9 8 15 6 7 10 14 12 8 12 8 8 9 7 10 9 8 14 7 8 9 10 10 13 20 14 14 11 12 13 7 15 9 14 10 6 10 11 12 7 5 19 11 12 11 13 10 10 8 8 8 14 7 21 14 11 17 12 15 11 12 14 11 12 17 13 7 15 14 13 6 20 17 4 6 15 5 10 11 13 10 14 10 20 8 11 11 14 13 12 15 8 5 16 11
10 5 8 6 7 5 16 18 8 14 14 8 10 11 13 11 11 9 20 14 8 14 13 12 7 6 11 10 10 9 7 16 22 10 13 12 6 8 14 11 12 13 16 13 13 8 10 20 10 15 13 6 12 14 16 11 9 11 11 11 6 14 12 16 17 9 17 8 12 12 7 8 11 13 9 13 11 20 13 12 19 11 12 11 20 26 12 8 10 15 8 15 11 8 19 10 37 8 8 10
