0.48 1415 29 32 26 34 25 38 23 30 33 28 22 38 29 32 28 18 34 30 19 40 26 30 31 25 24 25 36 34 36 19 31 25 36 21 23 29 28 29 44 21 22 31 21 30 23 29 30 71 26 33 30 37 25 26 28 28 21 33 28 22 22 22 26 29 24 32 30 31 30 24 37 22 30 23 27 30 20 21 31 27 29 35 14 26 29 17 30 24 32 33 28 28 24 33 26 31 17 29
19 25 23 30 32 34 28 16 26 21 18 28 29 21 21 37 41 18 27 26 25 25 37 28 32 22 23 32 30 32 28 28 26 26 30 28 31 32 24 23 35 32 31 27 33 23 36 36 26 27 20 18 28 24 34 24 26 31 27 35 25 25 14 32 27 27 34 16 26 29 23 26 30 32 31 25 23 31 30 23 30 27 31 18 25 29 27 25 25 32 27 31 30 19 27 34 20 25 26 27
23 26 30 35 27 25 37 32 27 23 33 31 41 26 32 22 32 23 33 21 26 32 33 25 29 35 25 27 23 30 48 27 24 32 18 32 24 30 32 16 30 26 28 29 33 21 20 29 26 27 28 20 25 27 26 29 22 37 22 27 32 31 36 24 34 31 24 13 35 26 19 15 16 35 25 29 23 25 13 23 41 38 30 29 32 24 34 34 25 23 23 27 25 30 24 21 26 20 38 33
20 18 20 27 36 36 20 26 25 30 30 26 22 30 30 20 32 22 36 21 24 16 29 31 21 33 31 30 14 31 28 28 23 37 40 18 29 24 35 33 21 28 23 28 22 34 25 30 35 30 29 24 26 26 29 25 34 30 31 23 18 20 32 32 24 28 36 29 20 28 22 24 19 27 29 31 33 29 31 24 31 32 35 34 29 34 34 26 31 26 27 25 24 25 62 60 24 24 24 32
40 35 29 30 31 14 27 26 23 26 20 25 28 27 25 19 36 24 26 35 26 43 35 29 30 23 24 29 29 30 29 30 36 24 34 30 34 23 27 25 22 31 33 26 33 24 28 36 33 27 28 36 25 31 27 21 23 21 30 41 27 22 31 26 39 39 32 23 20 22 34 23 26 29 28 25 30 38 29 19 34 37 26 28 30 21 24 24 32 33 23 35 35 23 27 29 34 35 22 23
24 30 39 23 25 21 26 31 37 33 26 37 29 31 23 29 25 25 27 28 27 22 32 34 30 35 20 26 33 34 24 23 28 35 32 39 27 31 27 29 25 29 29 26 32 32 22 20 27 36 34 19 32 20 15 24 23 25 33 19 26 25 17 32 25 21 32 36 22 29 31 37 29 22 24 27 21 35 10 29 25 28 24 31 30 35 34 30 21 28 25 26 28 30 18 31 30 28 28 33
25 36 26 22 31 25 35 32 18 30 21 33 33 35 35 24 26 29 25 32 27 29 19 23 20 18 29 29 36 33 26 30 24 30 18 31 30 25 10 28 26 96 51 17 31 26 31 16 33 27 39 31 27 21 34 31 28 28 32 44 31 32 65 28 27 28 31 27 40 31 28 29 35 32 32 35 30 21 39 28 30 29 26 22 29 34 31 32 39 32 27 25 30 29 34 30 14 22 24 22
36 30 22 30 29 38 25 33 19 28 32 29 29 34 29 32 31 35 37 34 34 22 25 23 38 35 34 19 32 23 19 27 24 36 34 21 27 18 30 19 34 35 28 24 39 33 23 22 31 26 34 31 36 24 23 24 29 25 25 26 26 34 24 18 28 33 29 29 30 33 33 23 20 29 17 25 29 27 21 23 26 28 33 39 35 17 30 24 35 25 21 29 26 20 34 27 36 35 32 39
23 23 29 32 27 26 24 24 33 31 26 25 30 37 29 21 14 23 26 33 22 36 28 23 24 24 34 24 26 33 33 28 30 21 31 36 28 21 31 39 25 35 33 25 21 30 36 34 35 25 31 33 41 29 30 25 26 32 25 37 47 35 26 29 22 26 28 25 23 25 17 20 16 29 33 37 31 29 30 31 32 21 29 26 26 20 21 26 34 28 26 33 27 19 28 22 34 19 18 32
31 32 28 19 38 35 28 21 23 25 35 31 26 21 28 30 27 33 22 26 29 24 19 28 37 20 29 30 34 27 33 25 27 29 28 21 20 28 31 31 27 29 32 34 23 36 30 34 23 24 23 29 34 31 32 27 33 23 25 30 23 38 20 24 33 29 29 31 22 25 33 32 27 22 20 21 30 30 27 27 29 29 30 24 37 25 23 32 31 37 16 25 21 26 21 36 24 28 32 20
36 16 25 32 37 56 36 22 27 23 21 24 31 22 31 23 38 35 18 28 33 25 24 34 20 28 32 27 22 31 32 32 34 14 28 29 26 40 29 24 34 28 26 9 22 26 17 31 38 28 28 29 14 24 27 21 21 31 27 22 37 25 36 25 33 26 31 34 22 23 23 19 33 28 21 18 22 28 31 29 19 34 29 35 37 26 32 33 35 22 24 26 31 21 34 32 29 29 20 26
22 36 26 18 31 24 31 28 27 21 35 26 28 23 29 39 32 26 30 32 32 26 25 21 37 32 33 37 37 26 21 37 39 39 34 25 20 36 32 33 38 24 27 24 39 29 34 31 27 21 27 31 34 33 36 28 42 45 44 34 20 23 33 32 30 27 23 27 20 32 33 41 33 14 29 38 17 29 22 24 24 35 38 26 39 31 35 36 29 27 24 30 31 29 32 29 18 27 35 36
27 30 28 31 34 28 27 29 35 32 26 26 34 24 39 19 45 31 34 40 27 29 28 27 27 32 32 26 18 30 33 22 24 20 19 32 23 31 25 29 28 47 29 23 18 29 34 28 19 42 23 46 32 24 28 44 25 30 35 25 30 26 21 29 31 18 34 35 23 34 35 20 23 16 30 33 24 31 29 26 30 32 26 30 34 24 33 27 27 32 16 27 31 12 42 17 32 23 22 46
24 32 20 24 26 25 27 36 40 28 24 29 35 19 32 35 32 25 32 28 29 37 26 27 14 19 32 49 33 32 37 29 16 31 25 24 24 28 24 31 32 29 19 19 28 30 24 27 28 34 37 19 30 26 26 39 28 27 27 31 15 30 26 28 35 22 35 35 28 28 27 26 32 30 22 23 33 34 31 29 25 22 25 28 25 32 39 33 35 31 22 33 34 43 25 34 29 41 25 19
27 20 24 23 27 31 22 35 27 30 24 28 19 23 25 38 30                                                                                   
