0.372093023255814 1214 24 25 40 48 45 56 39 31 42 26 37 38 50 37 36 37 39 46 32 49 25 49 37 37 37 44 45 53 48 43 37 27 36 50 35 32 42 32 42 46 35 47 38 33 31 38 44 30 40 48 35 32 27 44 39 32 28 30 41 47 33 33 34 38 41 34 39 33 35 26 26 46 51 34 32 44 42 52 44 40 32 36 33 56 45 33 37 44 42 35 41 47 38 40 39 32 40 39
54 34 35 39 22 23 52 50 15 41 43 34 33 36 30 36 42 42 31 46 49 40 36 49 38 47 44 41 34 39 50 42 53 44 42 37 34 39 44 34 45 35 34 39 38 43 60 42 54 45 40 40 45 38 49 30 42 42 38 34 43 39 44 36 44 34 34 35 31 45 39 40 49 37 35 34 47 32 38 41 25 45 33 41 38 49 34 47 29 46 34 35 40 45 50 35 34 26 41 31
26 48 38 39 29 48 39 32 40 42 38 44 46 37 41 38 26 37 24 38 40 42 42 39 39 34 29 44 44 40 26 35 47 41 30 47 49 36 41 44 32 34 46 40 36 42 35 27 49 38 35 35 38 36 27 41 43 41 39 29 36 48 32 37 41 41 25 37 37 39 43 38 39 36 40 34 33 39 37 38 43 34 45 48 36 42 30 44 45 37 38 36 51 37 37 36 52 29 36 36
45 36 40 34 39 40 36 29 39 44 36 28 39 41 31 40 34 44 40 25 30 36 43 41 40 41 41 34 27 44 35 60 47 36 40 31 31 44 28 48 40 44 37 48 43 39 41 40 32 43 44 40 43 43 29 42 33 37 32 31 43 37 27 46 32 38 43 42 40 48 33 47 36 36 27 35 43 36 47 29 31 35 52 39 35 48 33 20 33 36 42 33 44 39 46 48 40 28 48 29
39 42 44 32 55 47 47 44 35 40 45 44 37 47 33 42 50 37 33 47 46 39 39 34 33 35 44 42 45 42 44 38 45 34 37 10 38 40 57 42 43 35 37 32 44 45 22 37 42 30 37 44 32 39 36 47 41 41 46 41 48 32 45 34 39 43 50 37 48 44 35 47 33 41 44 34 45 43 44 36 36 46 44 41 30 39 20 41 35 55 27 28 38 36 42 32 32 33 34 26
58 34 20 39 35 27 43 40 41 46 34 35 30 53 39 44 39 51 30 35 37 38 45 58 44 42 41 30 36 40 35 33 38 42 38 39 39 41 39 42 31 42 47 39 37 50 38 54 46 50 33 26 29 43 37 44 42 54 41 37 33 48 29 40 35 44 56 48 48 29 50 57 44 44 42 36 39 42 45 43 50 35 32 50 38 34 38 57 37 38 34 33 35 36 41 18 35 37 39 31
42 35 50 37 39 34 53 39 44 42 42 39 28 48 31 40 34 34 35 28 27 37 39 42 46 33 35 48 35 24 45 48 41 36 45 30 43 49 33 38 33 41 45 44 40 34 36 33 46 50 33 37 37 55 38 46 52 44 45 35 43 36 40 48 47 32 34 28 45 47 46 44 53 43 33 43 44 43 47 32 46 30 42 33 42 47 42 48 52 24 41 35 32 42 41 36 43 33 39 44
29 32 43 33 49 45 36 53 35 35 34 32 39 40 34 36 42 28 47 25 30 37 47 26 42 27 39 50 35 34 53 37 30 40 42 41 33 45 37 30 49 40 45 45 51 40 37 38 41 42 47 45 27 37 40 36 41 43 40 36 31 38 37 38 43 49 33 35 42 17 40 44 26 34 34 28 36 34 30 34 33 41 48 40 38 46 34 42 39 49 54 36 39 24 13 18 41 53 45 42
39 49 60 12 38 31 34 35 44 26 47 37 36 39 38 39 37 29 51 43 34 41 41 50 15 40 27 49 52 34 43 41 42 46 44 44 37 26 19 48 47 36 32 42 32 40 34 56 41 41 37 45 43 38 35 31 47 28 36 43 42 38 37 44 43 44 28 47 43 24 44 36 32 38 38 29 31 45 37 37 32 33 28 32 50 31 42 42 44 53 53 32 34 34 47 33 36 46 31 45
41 38 32 29 32 32 34 42 30 23 42 31 38 37 49 37 39 36 36 30 43 37 53 49 36 44 44 43 36 26 24 39 30 28 47 35 45 43 33 38 39 33 31 45 25 49 41 56 36 44 23 47 41 41 52 29 30 27 36 45 41 43 27 39 25 41 47 44 33 42 43 33 33 24 46 35 43 25 46 30 39 43 36 34 45 40 46 35 37 36 32 47 50 42 42 43 29 44 37 33
39 36 39 49 55 42 43 44 39 43 40 34 38 48 31 43 36 34 40 37 53 33 43 28 34 42 40 39 41 30 41 29 34 35 37 29 42 37 39 36 33 43 36 40 43 38 36 29 40 50 38 32 40 46 33 37 30 43 30 49 54 30 34 27 44 39 43 27 45 39 31 30 42 39 46 53 38 41 40 32 40 21 39 28 36 40 35 40 32 37 27 42 48 40 30 52 26 43 37 44
29 54 14 37 37 36 32 32 33 43 34 38 47 39 41 24 42 41 26 41 35 25 37 43 48 31 33 32 28 35 36 36 43 21 42 52 43 37 50 38 45 34 29 42 46 31 38 45 36 37 30 43 39 45 37 29 41 55 34 40 39 37 29 37 46 35 46 35 42 28 40 41 44 30 41 36 35 31 46 44 41 46 30 30 39 44 30 51 32 37 33 50 39 33 49 25 33 45 38 43
46 39 42 36 17 40 41 35 45 39 33 41 43 22 44 39                                                                                    
