0.458333333333333 985 24 26 21 17 24 19 29 19 12 23 29 29 16 26 19 34 19 24 22 19 15 17 24 20 20 22 25 21 19 28 91 66 30 23 22 20 29 21 22 25 22 24 36 22 25 25 41 13 18 24 25 27 20 17 29 25 28 20 19 24 24 22 19 35 22 18 24 38 28 25 28 14 24 22 22 54 52 22 28 22 23 22 29 23 28 18 24 20 24 19 6 30 27 19 15 20 20 23
24 25 18 24 22 24 15 21 20 29 25 26 23 28 19 17 23 19 22 21 24 26 34 24 27 12 23 19 19 20 31 20 23 24 25 24 22 15 29 21 20 25 25 20 25 14 29 11 33 24 23 25 22 22 22 30 26 24 28 18 18 20 16 20 25 27 24 24 21 29 24 20 34 32 32 17 20 21 16 19 31 29 23 25 24 23 28 17 13 21 24 13 16 28 21 28 18 17 26 22
21 25 17 31 11 16 16 24 17 22 23 15 20 20 19 16 24 19 20 23 19 14 29 22 22 18 18 22 25 22 23 20 29 11 16 23 15 17 25 25 26 19 26 22 23 20 21 11 26 20 24 28 18 18 25 19 19 23 19 28 20 19 26 27 23 15 19 19 25 7 27 30 26 20 22 20 29 29 30 28 30 21 32 20 20 22 28 23 26 28 25 16 27 21 15 21 21 24 21 28
23 32 30 27 25 25 27 18 25 21 16 22 21 22 19 25 19 29 32 21 15 27 11 21 26 18 14 30 22 23 26 19 21 16 23 36 18 21 23 24 25 19 25 26 19 21 24 22 15 22 25 21 20 27 24 17 38 18 17 18 25 17 26 24 12 19 22 27 23 19 21 30 19 26 26 29 19 28 19 19 16 20 23 32 20 24 17 31 22 15 24 22 12 22 23 21 26 20 14 16
17 27 39 20 26 24 33 27 24 16 25 18 16 29 20 16 26 24 28 23 16 26 24 21 29 20 18 22 21 32 22 27 26 15 27 18 15 24 17 18 25 35 19 20 18 18 24 23 24 20 27 35 21 34 23 29 18 29 22 15 27 27 30 23 15 21 12 29 38 28 21 17 31 29 30 19 21 13 17 23 26 18 20 22 29 21 32 21 18 32 24 25 29 23 20 20 22 34 17 14
10 23 19 23 25 25 26 29 17 15 26 27 16 21 23 26 26 33 21 29 20 25 15 20 20 18 22 26 25 12 21 25 26 24 32 20 20 18 14 15 17 20 23 25 17 24 28 33 17 23 26 27 28 29 30 17 23 21 22 18 21 21 18 25 15 14 21 20 18 26 26 34 31 21 24 30 21 29 24 18 22 31 22 26 17 33 26 28 26 22 18 23 26 29 23 16 27 21 27 19
21 25 15 24 27 33 29 26 34 24 20 22 24 22 29 28 23 24 30 19 20 19 12 20 20 17 17 20 21 29 30 15 16 20 23 18 24 17 20 21 17 26 12 21 30 20 21 17 21 28 18 18 14 30 24 26 23 16 26 32 26 15 16 20 24 27 13 21 15 27 19 27 31 20 30 30 21 22 23 24 33 36 24 25 25 26 16 23 11 21 21 23 26 25 21 19 23 26 24 20
26 20 18 30 22 10 19 30 10 19 24 15 28 25 20 26 22 17 22 19 25 23 26 28 9 14 19 30 20 19 28 25 21 18 26 18 32 17 20 33 24 24 27 31 26 23 19 16 18 24 24 16 22 24 17 26 23 18 13 20 25 30 21 27 23 23 15 24 11 22 26 20 31 22 22 23 24 22 22 24 36 11 26 22 18 29 19 16 13 25 23 21 16 23 28 21 25 28 18 29
13 22 25 23 24 25 27 24 18 22 23 23 16 22 20 17 30 19 31 30 31 24 20 36 23 17 19 18 21 27 23 25 25 15 27 19 16 15 18 22 27 26 31 22 17 24 14 21 21 26 22 13 23 19 28 23 25 19 30 25 22 21 15 18 36 17 18 26 21 22 23 20 24 28 29 26 25 17 35 19 17 34 20 16 12 17 34 39 20 24 27 28 21 25 15 23 19 29 20 19
16 32 17 28 27 12 31 21 25 19 22 27 30 17 30 17 19 33 13 17 18 22 18 17 17 26 35 19 16 14 21 28 12 27 27 21 23 26 29 20 23 19 21 15 29 23 21 19 24 18 24 16 37 19 23 23 22 23 23 17 28 14 24 16 18 22 22 19 25 25 17 23 25 13 32 29 22 12 25 12 16 24 22 22 30 25 22             
