0.470588235294118 983 29 38 36 37 21 35 26 40 28 43 25 33 37 34 39 26 39 14 29 25 25 38 37 28 32 27 34 28 27 17 37 30 31 39 37 29 37 25 31 27 33 34 39 32 24 22 38 42 38 32 31 24 32 19 25 32 29 30 33 39 46 31 33 32 31 39 34 23 31 37 42 45 37 29 33 23 33 30 34 37 35 35 35 37 39 33 31 29 31 28 37 35 31 21 37 42 33 20
38 29 27 43 39 32 21 34 33 31 29 37 32 25 28 38 28 29 35 32 10 33 35 27 27 40 39 24 34 25 34 32 35 34 32 27 30 9 24 36 34 36 37 30 26 33 27 30 33 38 28 34 31 43 42 26 38 34 34 35 40 37 30 26 35 34 27 42 10 39 25 34 29 32 40 27 36 37 29 29 37 26 40 37 31 26 38 35 27 32 32 32 39 38 32 40 5 28 31 35
36 36 36 40 27 33 29 27 33 31 29 32 35 36 35 31 30 23 29 31 37 102 35 31 33 25 31 35 36 18 33 30 38 34 33 34 42 44 31 34 29 30 31 37 29 39 34 29 36 34 31 27 22 25 33 41 22 71 28 41 21 15 35 49 30 33 44 19 30 36 25 39 31 34 43 30 41 28 35 21 33 33 28 25 22 36 32 39 34 42 34 37 33 38 37 25 36 25 29 28
32 30 36 36 31 37 23 32 18 32 31 31 27 31 23 26 33 33 26 40 35 36 29 25 33 29 38 32 32 25 29 39 38 24 30 23 33 34 40 29 43 35 29 36 42 39 31 21 35 33 37 24 32 28 30 30 32 47 33 35 31 26 37 43 36 32 31 51 24 30 34 30 27 30 27 34 28 33 39 28 27 38 33 35 36 25 29 32 31 35 39 32 36 32 22 25 36 34 38 29
31 25 16 25 31 33 25 27 29 23 27 35 29 38 32 29 33 29 40 36 37 37 35 34 28 34 37 35 30 47 42 32 37 27 26 33 19 31 35 29 33 37 35 30 39 38 37 69 40 30 37 41 40 36 29 43 31 41 28 38 35 37 29 32 46 45 49 45 34 18 31 35 38 40 40 33 31 28 28 36 37 40 27 21 41 32 23 21 36 39 30 27 34 25 42 29 22 31 30 27
34 38 40 38 30 30 32 37 30 31 20 29 35 38 33 26 43 42 30 31 27 29 32 20 31 46 33 30 40 45 34 31 21 33 29 20 36 23 33 25 31 35 38 35 30 31 28 29 31 28 32 27 39 33 29 32 31 32 29 47 27 33 29 25 38 35 30 55 35 33 38 32 29 29 28 32 31 38 36 27 42 37 33 44 32 28 39 37 41 34 44 35 32 33 40 38 31 35 38 18
30 42 16 41 41 26 31 34 28 30 32 30 40 35 18 34 35 38 35 34 41 28 38 37 34 35 38 30 33 26 34 26 36 8 28 42 42 29 33 31 34 13 36 32 40 38 21 28 28 35 34 39 34 41 29 36 33 36 37 31 21 44 37 42 31 32 27 25 18 34 43 30 29 36 24 35 26 36 32 39 21 37 36 29 42 32 35 20 40 29 40 27 41 30 38 28 33 39 33 29
35 33 28 40 56 32 34 32 37 26 36 36 41 30 22 32 35 46 28 35 50 22 38 20 42 30 39 29 24 41 34 22 34 35 22 32 32 30 17 27 46 36 25 30 35 39 31 37 37 34 47 33 32 33 22 46 30 24 36 32 32 33 43 35 38 24 31 32 25 32 25 30 31 25 27 30 26 36 34 46 38 43 32 28 35 48 28 30 37 33 22 32 30 37 28 37 33 28 33 11
31 25 18 32 27 24 36 30 33 37 20 35 39 31 27 35 27 35 44 24 29 25 33 38 32 32 30 29 37 32 40 37 36 36 40 37 26 33 38 39 46 32 32 41 34 27 23 26 28 31 30 20 30 26 27 23 24 32 26 36 34 36 33 35 18 41 27 39 35 39 26 36 32 32 28 26 41 32 37 41 24 36 79 34 29 47 31 37 39 34 37 34 47 40 36 42 40 29 34 25
42 11 29 35 27 31 29 36 32 33 30 33 34 42 11 32 45 40 39 33 37 34 41 37 33 31 37 41 41 33 32 35 41 42 29 47 38 28 35 36 28 38 33 39 26 34 38 41 35 32 27 38 19 34 30 29 29 42 28 29 33 25 31 33 31 32 33 38 34 36 41 39 27 29 27 29 24 43 32 41 30 37 40 33 47               
