0.470588235294118 1358 20 17 20 20 20 11 28 12 17 21 30 17 23 21 21 22 24 19 18 14 14 19 23 25 15 18 17 18 12 21 21 21 18 16 22 19 15 25 18 17 18 22 14 15 17 20 23 18 26 15 17 23 13 47 22 13 13 20 14 22 15 16 26 19 17 21 18 25 21 21 16 31 18 18 12 19 19 24 25 19 20 20 14 20 16 18 21 16 29 19 16 16 12 20 16 10 22 20
20 18 14 27 27 31 19 17 31 14 19 13 21 22 21 19 15 20 19 22 21 15 7 20 14 18 12 19 20 11 18 23 26 15 23 15 23 18 27 25 24 20 15 29 25 26 16 26 29 11 18 27 20 12 19 18 19 25 20 15 13 16 24 23 26 18 20 21 16 20 17 23 21 18 19 20 11 20 15 19 14 17 29 5 11 25 16 28 24 14 22 20 11 10 23 17 25 26 27 19
19 20 13 27 26 24 18 21 22 18 15 21 28 14 22 18 18 17 17 19 18 20 23 19 21 16 15 15 23 12 21 31 25 19 12 19 21 25 17 20 20 14 18 20 21 14 26 21 20 15 15 21 27 20 12 20 16 20 16 19 32 22 26 23 24 21 18 16 21 20 20 25 20 11 27 22 23 24 18 28 25 15 18 16 22 19 27 21 22 14 19 26 22 24 19 25 19 13 22 23
19 24 22 19 20 14 20 29 24 22 19 24 21 23 21 25 21 28 12 18 17 22 23 23 15 18 25 18 20 26 21 19 16 20 23 26 20 22 20 20 23 22 19 19 20 28 24 26 20 30 22 20 31 11 23 27 26 21 19 25 29 26 20 26 17 20 19 14 15 19 20 14 18 21 21 18 26 20 19 20 25 25 21 23 29 25 26 16 10 22 21 23 21 13 23 18 19 28 23 19
24 18 26 25 17 26 19 14 17 17 20 21 24 19 19 16 21 15 17 17 18 12 16 7 17 31 10 20 29 16 21 30 28 22 27 19 22 19 17 20 18 18 20 16 23 19 19 14 25 28 19 25 20 18 31 19 17 16 21 17 13 22 23 16 20 26 19 16 19 25 18 14 16 26 17 27 17 18 20 20 21 24 19 20 16 21 24 15 25 27 13 36 11 17 23 19 21 24 23 15
27 24 15 20 27 23 26 17 22 24 16 22 28 12 19 29 19 18 23 18 20 24 26 21 22 22 15 24 15 35 17 19 28 24 19 18 20 24 24 20 13 13 26 19 20 25 38 18 19 18 21 16 23 26 21 20 18 22 15 34 26 26 22 13 23 14 30 28 25 25 29 19 24 14 27 21 23 21 23 25 23 21 28 26 19 20 23 23 13 19 19 18 21 18 19 20 27 18 35 20
21 20 15 17 20 28 18 31 18 22 26 26 20 24 18 27 13 19 20 19 19 23 20 22 14 21 20 23 17 17 18 15 20 17 17 24 26 15 20 17 18 29 16 15 21 18 20 19 26 18 25 21 25 28 17 22 22 12 22 23 26 12 19 18 10 29 28 19 22 29 29 24 22 22 16 18 24 24 19 21 18 19 20 35 21 18 21 18 20 25 20 16 25 27 21 10 17 16 21 17
21 16 21 20 22 18 10 19 22 21 16 18 27 26 14 21 20 20 20 21 20 18 23 16 19 25 29 22 17 24 22 15 29 24 24 18 34 21 24 20 19 16 21 23 18 28 16 21 23 21 19 20 16 16 23 23 19 20 19 16 20 12 22 18 20 20 21 22 21 19 21 18 18 18 15 25 20 19 27 16 17 14 10 25 21 17 18 20 17 19 14 17 18 15 15 18 11 21 17 31
21 16 18 21 21 19 20 14 26 24 20 22 23 13 16 19 20 18 26 16 14 19 23 16 23 29 21 18 19 17 20 15 20 15 19 17 21 13 16 16 22 12 21 16 20 15 17 18 22 26 15 21 20 18 21 24 12 23 21 17 26 21 18 22 20 17 17 25 17 18 19 18 24 21 13 15 19 23 23 18 23 23 17 8 32 24 25 24 27 18 20 19 26 12 16 18 21 17 19 23
25 24 25 18 25 26 15 14 23 14 20 13 19 22 24 20 24 14 14 28 30 25 17 18 15 21 13 16 23 18 10 13 19 21 18 20 23 17 26 16 14 20 18 17 23 15 14 19 17 19 16 21 19 21 30 16 11 18 23 21 22 16 21 17 24 25 23 21 24 22 18 25 19 18 15 20 22 17 21 22 19 20 14 13 15 16 22 23 14 26 22 22 25 14 25 17 24 27 27 15
19 15 20 14 16 21 12 19 20 20 26 18 21 20 22 12 21 19 13 19 21 20 13 17 15 26 16 23 31 17 18 19 21 24 18 25 21 15 22 19 15 18 20 20 17 18 20 19 17 20 25 24 19 9 15 20 14 18 19 26 18 24 20 24 37 13 25 20 19 21 16 10 20 16 19 18 23 21 19 22 22 29 10 28 18 22 16 22 24 16 20 23 15 26 31 22 17 21 16 24
28 14 19 20 12 27 23 35 16 25 14 26 20 14 24 16 31 17 18 24 20 18 19 29 17 20 21 25 27 20 17 25 27 16 23 30 27 24 27 19 25 14 15 13 23 23 19 18 23 22 22 19 20 33 41 17 14 29 21 23 23 24 17 22 8 21 24 18 20 27 26 23 17 22 21 28 24 25 18 28 26 19 18 29 18 29 15 14 20 24 26 30 21 25 20 12 26 28 23 9
12 14 13 13 25 32 18 9 19 19 22 17 17 16 14 26 19 23 31 18 20 25 21 26 20 32 15 28 26 17 18 11 17 20 21 19 18 19 26 22 19 17 22 13 24 23 23 24 19 25 23 27 23 21 14 28 18 14 17 20 21 25 16 24 20 21 21 27 13 21 25 19 11 25 21 14 25 22 18 16 20 17 24 21 22 15 23 21 18 20 24 20 23 21 17 20 21 19 15 12
18 23 22 22 13 16 17 13 27 22 13 18 24 17 16 21 24 19 16 17 21 24 21 14 27 23 15 19 20 26 24 24 23 21 25 34 15 26 22 19 21 20 18 19 23 26 24 20 13 15 22 21 29 25 16 11 13 22 24 25                                        
