0.451612903225806 1120 25 31 35 37 27 33 27 28 32 28 25 32 35 32 31 35 24 25 25 32 25 26 26 16 16 28 32 28 27 30 34 29 35 27 27 39 31 27 39 24 30 28 35 28 35 22 40 32 15 30 24 35 33 30 24 31 30 32 30 33 36 25 24 24 23 20 35 35 31 34 35 33 28 32 22 25 25 31 29 30 35 27 20 28 31 34 27 10 33 29 25 32 17 23 28 33 29 26
20 31 25 18 28 26 22 31 18 32 24 31 23 27 20 37 24 24 27 30 19 25 29 35 34 24 35 18 29 29 31 35 19 24 16 32 27 32 34 43 32 31 23 32 29 26 30 40 25 23 32 27 36 39 29 32 24 27 30 25 38 31 24 21 31 27 26 33 27 35 22 29 30 25 32 43 12 33 31 26 33 29 44 20 40 28 21 34 29 34 25 21 26 44 23 29 34 23 32 31
24 24 33 37 25 38 31 25 25 36 27 28 30 23 25 25 26 30 32 26 29 35 37 25 17 32 36 35 30 33 27 27 42 28 30 46 38 22 28 21 28 31 27 44 35 34 28 31 29 36 43 24 30 30 27 37 29 29 26 36 36 28 37 29 41 28 26 27 26 24 26 29 27 32 36 24 31 28 37 29 32 17 21 30 31 37 38 31 37 35 29 31 44 44 31 24 31 34 33 33
152 82 27 28 26 30 27 24 37 32 31 42 28 16 29 30 40 26 33 40 20 31 19 28 26 32 31 31 23 38 30 32 26 31 34 32 38 32 30 43 60 21 31 31 40 26 27 24 32 26 36 32 25 38 24 32 31 29 37 34 34 26 31 20 33 22 25 18 31 34 31 26 32 33 31 19 35 35 31 32 32 36 29 40 37 31 32 29 30 45 36 40 35 32 32 34 26 17 42 27
30 28 26 25 22 34 26 25 34 33 28 25 33 24 28 19 32 30 33 37 29 16 37 25 26 46 25 19 37 35 50 20 26 39 29 27 34 29 30 26 29 32 34 27 19 23 32 27 22 26 40 16 30 30 25 24 23 27 26 28 27 32 26 19 43 24 33 28 25 34 31 28 41 30 43 30 32 39 30 21 28 29 35 30 35 36 28 24 27 28 36 34 23 31 28 26 29 27 30 36
20 23 19 27 19 19 21 37 29 25 20 18 41 30 22 25 22 39 20 26 23 27 26 27 25 26 30 28 28 47 25 27 29 32 35 41 27 19 43 26 23 34 35 35 28 18 22 29 23 33 24 36 18 25 30 41 21 36 23 33 38 18 26 31 30 30 25 37 32 28 32 30 31 30 29 25 33 18 33 29 32 22 29 35 37 26 29 33 42 25 30 25 25 23 28 35 16 34 26 27
28 18 38 26 27 29 20 29 22 20 29 16 21 29 24 22 32 25 22 32 34 22 28 22 30 45 21 33 26 27 35 35 26 37 29 29 29 31 29 26 34 33 28 29 31 24 28 20 42 22 23 28 26 31 34 37 30 29 37 35 16 18 25 41 35 31 34 27 32 17 28 27 27 26 26 28 26 30 29 13 22 30 27 29 37 17 22 23 35 27 31 33 31 29 34 29 31 15 33 27
26 30 34 27 29 13 15 25 26 40 38 23 29 27 24 26 32 30 26 25 23 31 28 33 33 32 25 21 41 24 35 25 32 26 33 28 21 28 24 28 31 26 30 32 25 36 23 27 25 24 35 31 39 42 32 29 32 32 25 33 29 26 24 31 33 19 28 32 23 38 35 24 23 27 31 24 39 34 35 24 29 29 30 24 24 30 30 24 33 26 28 31 23 44 25 20 35 27 35 37
34 21 14 41 26 61 29 29 24 31 28 20 32 31 26 35 47 21 29 36 33 34 35 29 36 44 30 18 31 31 20 29 22 38 32 20 20 31 39 33 24 33 27 29 27 36 26 30 34 26 22 26 35 36 38 30 33 32 40 24 18 29 23 21 43 28 24 27 37 34 28 37 33 25 30 29 37 27 25 32 24 23 38 31 36 22 35 50 36 30 23 25 15 31 16 25 32 23 22 23
25 29 25 32 31 40 34 37 40 25 35 31 25 24 35 20 46 32 22 23 36 26 37 24 19 21 23 27 35 40 33 45 26 29 25 27 36 22 24 31 38 23 27 34 22 31 35 26 23 30 24 19 20 28 23 37 24 24 32 23 30 24 32 31 37 31 34 37 23 32 32 26 24 29 31 31 33 29 30 35 34 31 24 39 37 27 13 24 32 31 37 36 26 37 29 33 35 29 32 37
23 33 28 41 30 36 35 38 28 39 24 22 17 26 30 31 31 31 32 35 39 18 30 31 19 31 31 29 28 30 22 33 30 30 38 31 26 30 30 21 22 31 29 33 32 30 31 34 29 30 31 30 27 40 29 28 20 26 31 30 23 31 31 36 32 34 10 22 29 36 31 27 25 39 36 37 25 31 34 35 27 30 24 34 37 33 24 33 32 27 32 26 42 32 32 26 31 36 31 29
32 27 37 27 33 34 22 32 24 40 24 31 42 24 31 21 35 33 24 26 41 30                                                                              
