0.476190476190476 1208 24 21 19 23 21 20 24 25 21 16 23 19 20 23 25 14 43 22 16 24 23 16 23 22 20 26 21 21 19 28 16 15 10 18 21 20 25 23 28 17 22 26 20 18 21 24 26 11 25 19 16 15 23 24 20 13 23 17 17 21 12 21 20 17 17 29 17 20 27 17 13 26 24 16 36 20 11 34 21 19 15 23 19 23 22 23 25 23 18 24 19 24 25 22 18 28 20 11
26 15 25 20 27 24 24 19 17 19 17 24 27 22 21 16 18 21 18 18 22 31 27 17 22 22 23 25 15 19 13 19 22 19 26 25 22 24 19 22 15 17 22 16 19 21 12 28 15 19 21 20 17 22 16 16 23 24 20 12 21 13 23 20 29 29 20 14 22 19 21 15 19 18 19 21 16 18 19 15 20 19 11 18 18 18 24 27 17 16 21 20 21 22 16 13 15 8 28 16
21 10 17 23 26 25 28 23 18 18 27 27 17 21 16 20 13 31 23 22 17 19 23 21 19 29 14 19 23 29 21 27 7 19 15 16 11 21 24 20 23 19 18 20 16 15 24 17 25 20 13 20 15 24 17 24 16 16 25 13 15 25 22 15 28 14 10 20 15 34 20 16 27 25 23 16 22 26 21 18 25 23 36 17 21 21 17 13 22 23 21 26 23 17 22 19 16 31 26 25
24 18 24 20 21 18 21 19 11 19 17 16 14 17 17 20 20 24 16 17 19 20 21 30 28 18 23 14 21 16 15 21 76 41 15 22 27 26 23 19 20 20 25 29 18 16 18 15 18 11 27 26 23 24 21 13 18 19 27 19 24 20 14 32 14 18 20 17 15 20 26 13 29 17 20 24 15 19 17 19 19 22 21 20 19 24 24 31 23 15 15 28 13 21 16 32 15 10 21 21
18 22 18 15 19 25 22 17 17 25 15 21 20 13 25 19 20 13 16 24 14 21 12 22 19 17 14 20 23 33 18 21 15 16 25 23 17 19 24 22 16 19 22 31 31 20 17 21 17 21 18 21 20 15 16 25 21 9 16 22 5 21 13 23 20 16 22 18 19 16 17 18 20 20 18 10 15 24 26 14 19 22 17 33 19 27 18 17 21 20 18 15 17 20 22 30 16 17 15 18
21 17 19 25 22 13 18 15 32 18 21 16 16 24 18 15 20 11 30 18 24 19 15 22 17 23 20 26 14 23 29 19 24 14 16 14 14 25 16 19 24 17 22 19 26 16 18 22 15 21 19 21 14 20 13 14 17 24 20 29 21 16 24 20 9 17 18 20 23 17 20 26 23 14 23 27 22 28 20 22 21 22 17 24 20 4 18 19 25 18 23 20 33 19 26 17 31 18 29 10
26 16 23 25 16 33 18 8 21 15 22 24 16 25 17 16 21 29 23 5 23 17 26 16 27 12 23 21 24 19 10 21 21 19 25 19 17 19 23 18 17 14 19 19 23 24 16 15 18 17 27 13 18 18 22 16 19 23 12 17 17 13 12 22 22 22 14 15 15 19 17 24 17 31 22 19 21 20 22 22 11 19 25 17 21 24 37 13 25 20 15 24 21 22 21 27 26 23 16 18
20 21 22 22 14 21 23 16 21 26 22 21 15 19 19 11 27 27 21 14 21 20 30 27 32 14 28 27 29 27 23 23 22 24 14 28 20 21 14 19 23 20 14 27 29 23 20 27 25 20 20 17 19 21 20 24 17 27 20 20 20 18 21 11 17 25 22 27 20 21 19 22 17 21 13 19 30 17 26 39 17 21 16 22 19 17 25 24 18 19 18 18 12 29 25 24 17 18 17 13
23 19 20 21 21 29 29 19 23 22 25 23 27 18 14 25 16 25 22 26 21 22 31 23 20 15 23 22 23 23 22 20 17 17 23 17 16 19 19 25 14 26 14 26 17 16 28 21 20 34 22 26 28 15 14 16 17 24 26 30 15 28 21 18 31 17 31 21 19 20 15 23 15 20 25 26 12 15 16 16 25 19 26 21 29 19 13 25 29 19 27 24 33 18 20 18 21 17 18 13
21 20 23 26 26 21 19 23 16 20 20 26 20 17 17 18 20 18 22 19 27 21 17 13 22 21 20 21 9 23 21 13 20 24 17 23 18 19 22 22 24 29 13 25 14 18 19 16 26 31 24 25 11 28 25 14 14 25 22 26 17 16 17 23 21 17 17 22 20 24 10 12 11 21 34 30 31 17 23 15 17 18 22 13 17 14 17 13 18 16 15 42 18 20 25 20 17 26 23 19
22 26 15 16 27 15 25 18 21 15 21 23 26 16 19 19 15 21 21 13 16 23 24 18 23 20 19 21 18 19 20 13 25 11 20 26 20 15 21 22 24 20 20 13 17 20 17 15 16 15 16 24 22 18 18 22 15 16 20 19 12 24 19 20 20 22 23 25 20 15 17 12 23 17 28 24 14 16 18 21 14 21 33 28 19 21 27 25 18 18 29 17 34 9 43 28 16 13 18 25
19 26 23 18 25 24 22 28 29 17 16 22 25 14 24 26 25 18 26 25 21 22 13 17 17 25 19 16 19 20 26 15 23 19 15 24 12 19 18 12 19 18 28 23 29 20 20 17 24 20 24 22 11 18 22 16 17 23 26 16 10 17 22 24 14 18 23 27 16 21 32 21 17 27 22 21 21 27 25 18 21 27 20 24 25 18 26 18 28 21 13 18 25 22 19 30 22 17 17 16
18 21 24 23 25 21 22 18 23 27                                                                                          
