0.423076923076923 1952 30 26 39 29 31 29 26 34 33 31 35 33 34 18 15 33 27 35 27 29 24 40 25 30 30 30 36 29 30 32 27 29 23 34 15 31 31 28 26 33 31 29 29 28 29 18 26 27 19 21 22 38 28 20 36 30 29 20 25 29 24 31 29 30 10 22 44 26 10 34 25 23 17 25 27 23 31 33 25 35 24 31 40 34 28 25 22 24 30 32 25 25 25 22 23 25 23 28
28 27 27 29 27 34 20 50 26 20 25 24 35 40 19 44 17 33 27 25 27 35 31 26 30 40 26 35 25 25 29 25 16 25 24 36 31 32 22 23 18 32 24 24 28 34 25 19 26 29 24 31 15 28 25 31 32 35 27 27 30 19 23 34 26 22 35 32 30 36 28 24 23 33 27 25 22 29 27 31 24 39 22 31 27 35 20 32 27 26 26 28 32 28 25 29 28 29 26 33
31 30 33 34 33 34 27 16 19 37 25 33 43 26 36 22 33 17 27 24 28 29 18 32 29 34 32 33 21 28 34 28 32 24 24 31 31 17 33 37 31 28 32 24 31 19 33 24 37 32 35 34 26 21 23 34 30 40 22 20 20 31 27 35 26 20 22 26 27 22 19 37 33 23 21 31 32 37 40 28 25 23 34 31 20 41 26 24 20 24 26 20 34 25 25 26 23 43 18 28
24 24 31 34 26 25 25 34 33 22 30 33 35 29 30 21 29 33 31 18 26 26 15 31 32 23 26 40 34 30 16 31 27 31 33 19 19 19 34 30 28 22 32 21 30 32 47 31 24 19 15 21 33 41 18 29 29 23 19 37 30 24 40 28 23 28 26 20 24 32 31 27 22 36 27 36 26 30 27 31 28 22 31 28 41 22 23 24 33 27 25 25 22 27 31 19 17 24 23 31
12 37 27 40 30 31 32 28 36 24 37 24 38 34 25 20 40 29 29 28 21 25 30 35 33 23 37 30 27 32 27 29 29 34 34 28 25 22 31 27 28 29 29 87 26 28 23 26 21 24 34 24 21 34 28 28 23 16 27 20 29 30 31 24 32 19 34 24 24 28 24 27 27 28 27 35 27 9 15 22 25 33 30 22 34 22 27 34 24 33 31 39 21 25 26 25 29 21 22 19
29 26 28 27 32 25 30 22 20 30 25 24 32 24 31 24 27 38 30 37 42 42 27 37 36 29 28 42 19 25 25 25 36 31 28 30 34 32 26 35 27 11 36 31 23 33 26 26 27 30 25 27 32 32 22 26 24 24 28 31 30 26 31 30 26 33 27 27 27 28 28 33 27 15 31 24 30 24 21 13 28 25 31 32 24 22 31 44 31 33 34 30 23 36 15 30 19 48 25 31
22 31 30 24 23 33 25 22 23 29 24 29 26 29 26 41 40 46 25 33 25 27 26 35 33 27 23 24 30 8 10 24 41 22 36 27 29 31 29 36 27 29 31 29 34 41 24 18 33 32 38 31 36 29 30 28 17 27 26 30 30 32 39 45 22 34 34 30 36 23 31 30 27 32 37 39 29 28 16 34 28 29 27 31 24 25 36 22 38 31 27 20 41 33 31 24 29 30 33 25
28 33 33 37 23 19 29 37 27 23 35 33 34 37 29 32 21 19 35 36 27 25 34 30 25 33 37 25 30 36 29 30 28 22 32 35 30 25 85 27 25 33 40 18 14 27 21 20 34 34 23 33 33 46 22 27 28 29 22 26 32 19 32 28 36 25 26 26 35 34 30 29 24 30 32 19 25 26 31 33 30 31 23 32 18 11 32 25 21 28 31 17 30 32 41 30 28 33 17 34
30 24 31 26 19 27 31 33 25 21 28 35 27 32 26 24 31 38 25 31 35 30 28 18 29 24 21 32 18 33 35 39 38 25 32 26 27 25 29 39 18 17 28 25 30 24 36 38 20 16 27 18 29 29 29 40 24 17 38 21 22 22 27 28 33 32 33 31 23 22 19 25 17 17 17 30 28 29 21 25 23 32 24 25 34 32 24 19 26 28 31 37 24 32 33 30 20 32 22 33
40 29 27 36 37 25 29 24 28 30 23 24 27 37 35 18 37 27 47 35 30 32 36 31 28 38 26 31 30 19 23 29 24 38 19 22 39 27 34 95 107 26 36 30 30 32 34 28 27 32 23 23 33 31 30 32 33 35 26 44 31 44 35 41 29 30 22 43 24 30 27 38 26 30 37 28 36 25 27 27 28 38 28 38 37 32 32 32 30 17 31 23 36 45 28 20 24 26 21 34
32 30 17 29 31 29 34 34 25 32 38 34 25 33 33 28 38 30 19 27 20 26 25 21 31 32 21 25 20 31 27 32 20 26 25 22 19 23 31 28 22 30 23 30 24 26 31 31 28 25 29 31 35 27 36 27 27 20 30 22 22 21 26 23 21 32 24 22 27 20 31 29 28 33 30 33 33 24 31 16 37 28 12 17 31 27 29 19 31 26 23 25 22 22 32 19 28 24 20 28
27 26 33 18 33 26 29 19 32 23 28 36 20 22 27 21 24 29 18 17 32 35 32 28 24 36 37 31 21 26 30 33 23 18 21 24 31 29 25 23 25 32 26 22 30 20 22 33 31 27 27 29 19 30 33 29 28 27 25 21 20 23 25 13 29 22 24 30 23 28 28 24 24 26 15 27 20 25 24 24 31 14 26 22 31 29 33 40 24 30 26 35 28 30 34 27 25 28 21 26
25 17 18 26 26 36 28 24 21 22 23 18 32 14 30 23 22 25 31 30 19 37 16 32 29 21 18 20 26 30 31 38 31 31 27 32 38 44 25 19 25 32 29 41 18 27 19 26 26 20 35 15 24 30 23 30 29 25 33 30 27 25 31 32 30 27 29 19 24 29 22 34 20 28 27 38 28 20 29 19 29 27 17 31 28 25 34 18 27 28 25 29 28 36 18 26 33 29 19 20
30 25 32 29 24 24 32 36 25 15 28 18 39 34 32 27 25 24 22 21 33 28 28 26 36 39 49 27 21 36 22 23 29 25 23 22 25 23 33 25 31 30 25 22 28 18 26 25 35 37 21 24 27 25 20 23 25 37 21 36 26 26 23 26 21 32 20 15 36 31 30 33 32 37 36 34 30 20 29 24 32 27 21 27 34 25 25 27 30 14 27 33 25 26 27 33 30 25 30 38
29 32 39 27 36 18 30 26 29 22 38 35 26 21 18 23 24 35 27 28 19 37 14 28 27 30 33 38 30 22 29 32 33 24 28 20 23 19 37 33 18 26 31 26 26 33 18 21 31 26 28 26 22 29 34 24 32 27 41 18 39 30 33 21 30 20 28 19 34 26 30 29 26 21 24 35 27 29 28 28 21 32 24 31 28 30 30 30 30 31 28 25 26 34 30 19 24 19 29 30
27 26 27 22 32 31 25 34 25 23 22 21 7 20 35 25 29 33 12 32 26 24 34 30 39 19 28 25 23 23 19 17 25 16 37 10 19 23 20 24 29 24 21 36 23 28 35 26 26 18 25 35 28 29 24 15 34 33 41 30 32 24 17 25 25 36 32 27 30 28 19 17 33 22 31 24 39 24 45 31 27 32 22 31 28 27 27 26 26 30 35 16 19 27 18 28 30 28 24 29
24 28 33 28 21 30 29 24 21 30 16 25 25 28 37 31 29 26 21 25 23 42 40 37 29 24 34 32 35 34 27 28 23 29 33 23 28 31 27 30 37 31 32 23 37 19 20 26 32 26 24 29 37 21 21 23 24 34 29 26 32 28 27 20 29 32 27 29 21 33 20 36 29 31 28 32 31 21 27 43 25 24 25 17 24 24 28 26 32 25 23 20 24 26 30 23 27 32 29 28
34 37 28 28 40 19 23 32 23 25 26 28 20 27 18 26 29 32 36 33 29 22 21 20 24 37 17 23 24 35 17 21 19 25 33 32 30 29 33 29 21 13 30 27 31 30 30 28 28 31 32 29 33 38 21 25 30 25 36 26 29 30 32 26 20 24 35 42 33 32 37 25 26 28 25 37 33 37 27 29 27 27 26 32 28 33 36 24 48 22 23 30 32 39 24 37 30 25 44 28
19 26 19 28 19 36 30 17 33 30 35 27 15 30 18 30 35 31 40 25 36 23 39 31 36 39 27 34 35 24 35 27 35 30 38 25 39 26 37 29 23 26 32 22 23 30 32 36 31 39 39 26 32 25 32 21 32 24 27 26 18 24 30 33 29 23 27 33 12 39 29 27 36 34 31 30 33 39 29 27 27 21 26 21 24 23 30 17 25 23 20 28 18 19 29 14 24 39 31 21
27 29 33 30 29 39 29 26 30 34 25 17 17 28 32 33 26 32 27 16 31 33 37 23 28 21 28 37 32 31 34 26 38 31 33 26 31 34 29 37 39 32 33 25 34 22 33 25 20 24 33 32 36 38                                              
