0.461538461538462 1011 22 24 27 24 26 31 31 32 26 36 30 24 23 35 28 35 24 29 27 27 32 29 28 19 16 32 19 29 33 27 31 24 15 27 25 22 25 19 19 22 30 29 26 31 22 20 30 21 32 20 19 17 29 32 26 31 30 21 17 22 25 31 21 30 23 14 26 22 16 20 27 27 29 27 23 13 27 38 33 31 13 22 19 30 34 29 17 32 31 26 31 19 21 27 23 25 29 23
28 25 23 29 34 32 23 27 15 32 21 38 23 34 28 39 31 28 31 32 26 18 25 29 35 27 27 21 34 26 32 28 27 38 31 32 26 27 29 23 26 26 36 22 26 36 22 35 24 29 35 36 17 33 23 27 23 26 21 19 22 30 32 39 31 19 7 28 28 33 31 32 28 24 22 31 22 24 21 30 22 40 23 23 29 22 25 16 30 33 26 22 14 19 26 25 30 25 29 16
27 36 30 35 20 29 22 31 22 33 21 23 20 18 27 20 28 28 28 27 16 25 31 32 13 19 29 29 27 24 24 29 21 26 22 21 31 25 24 29 21 26 36 29 26 20 26 25 21 34 25 22 17 20 28 26 25 32 32 19 16 28 25 31 23 33 28 29 31 23 33 24 23 23 28 36 34 27 20 29 16 15 14 36 117 22 27 26 20 23 27 22 22 37 34 21 22 28 25 29
23 13 20 25 28 25 27 30 30 13 23 26 28 23 25 27 32 28 31 16 28 28 29 36 19 27 21 19 30 17 31 30 21 29 21 24 31 22 24 25 33 22 30 31 28 39 21 28 23 24 14 21 31 23 23 25 25 34 33 56 20 22 23 18 33 31 25 33 18 28 26 30 31 19 20 25 19 22 16 23 29 33 22 36 20 26 27 28 24 19 22 33 16 23 29 30 33 31 19 29
33 24 29 18 31 26 28 24 18 27 36 16 24 33 30 24 31 33 12 26 29 23 30 27 23 28 40 25 33 26 31 30 33 23 28 26 17 20 20 28 20 27 32 28 13 25 26 36 26 27 32 22 17 31 25 31 27 19 31 24 23 27 30 25 25 18 26 29 31 30 28 20 24 27 39 23 28 22 37 23 27 24 37 27 37 15 31 30 33 31 36 35 23 21 33 17 29 30 23 23
27 31 28 36 27 25 31 24 39 22 18 22 30 23 24 22 19 27 26 27 20 21 33 26 25 29 29 23 23 19 14 25 25 23 21 26 13 23 26 21 29 20 19 30 25 26 31 24 25 30 36 24 20 38 28 19 15 21 33 31 33 28 36 32 22 27 30 20 23 24 40 11 30 18 33 26 19 21 25 21 23 27 34 25 25 26 33 22 29 29 33 25 24 23 28 28 26 30 24 24
26 26 28 33 27 18 36 26 23 34 19 21 23 29 34 25 25 24 22 31 26 30 27 28 20 12 21 37 33 28 23 25 19 19 32 29 27 25 24 28 29 34 22 27 23 25 26 34 34 21 28 30 16 29 24 36 23 25 29 33 24 25 20 20 24 25 32 23 30 35 26 30 39 23 34 34 38 21 20 21 23 26 28 32 25 31 31 43 27 33 24 21 29 27 37 26 28 28 32 32
25 20 26 31 33 27 30 21 30 24 33 40 20 30 34 24 28 30 34 22 38 26 34 24 26 22 28 37 24 21 27 23 33 33 22 24 24 32 37 23 18 28 28 27 27 27 28 27 26 18 34 22 26 25 28 23 15 25 24 38 20 18 28 26 17 33 22 39 24 25 28 17 41 20 28 27 33 29 27 28 38 33 23 23 33 30 22 27 21 17 29 22 32 28 19 26 26 27 23 22
26 21 28 31 34 35 32 27 33 24 16 31 27 24 21 33 25 20 28 20 28 29 28 31 33 19 27 18 23 23 29 18 26 26 31 32 29 25 37 24 26 22 21 25 35 20 28 34 33 32 27 30 34 21 30 23 25 32 28 30 20 31 30 19 30 16 26 34 22 20 22 19 28 26 37 20 26 21 20 23 27 17 44 28 28 34 35 34 26 42 17 19 17 30 42 33 27 32 37 26
27 16 20 20 27 20 34 28 20 21 28 34 28 26 20 38 28 18 18 25 26 30 32 26 20 23 20 21 28 33 18 28 27 32 26 31 23 38 34 34 12 23 23 29 36 22 30 30 23 20 33 28 24 21 26 24 28 40 22 33 26 27 32 23 22 21 27 27 20 32 34 28 27 19 20 27 21 18 29 16 34 17 25 34 19 20 17 21 29 29 19 26 31 25 31 29 25 22 23 28
26 28 23 18 23 27 31 21 16 29 22 24 19                                                                                       
