0.483870967741935 1021 16 14 24 20 22 21 15 23 23 27 19 19 24 29 18 21 25 18 29 17 21 22 18 17 15 28 21 18 13 19 25 33 16 13 19 13 21 16 15 20 24 23 13 14 19 21 26 18 23 24 21 19 10 27 13 21 27 17 22 16 19 18 26 23 19 24 23 15 19 24 16 26 32 30 19 20 23 21 29 24 17 19 24 20 24 28 27 21 28 18 17 15 17 18 18 26 23 19
17 17 20 21 26 23 29 29 26 14 15 15 22 23 22 26 17 25 23 16 30 24 22 18 17 26 20 31 25 32 21 25 21 23 25 23 23 18 18 26 24 25 20 21 26 27 29 23 21 22 18 14 22 20 23 20 23 22 25 26 27 25 20 24 19 18 26 17 21 18 31 24 14 27 29 25 23 31 27 19 21 16 16 26 23 24 18 20 25 18 23 17 25 24 21 16 30 24 17 19
33 21 19 24 13 22 25 22 26 17 15 31 19 34 23 19 13 26 26 17 28 23 24 21 33 21 24 16 31 16 20 28 29 24 18 20 28 27 25 21 17 12 30 22 25 26 14 15 22 12 20 19 24 27 28 25 15 26 24 17 20 30 12 22 31 16 26 18 16 16 21 10 23 28 19 24 23 18 17 13 17 29 23 18 22 26 14 25 22 26 25 16 22 17 18 31 32 22 19 23
15 23 21 12 14 12 23 21 20 20 14 22 24 29 20 22 28 22 11 19 25 24 31 29 17 28 27 16 19 28 15 22 22 26 20 10 26 27 20 23 16 19 17 16 19 24 18 20 22 21 20 22 28 24 15 22 22 20 9 15 17 20 22 28 22 25 20 17 17 24 24 22 27 18 15 23 18 19 20 28 19 13 25 20 12 24 17 25 29 15 31 18 14 15 19 21 24 28 20 17
15 17 25 27 24 24 25 13 24 25 14 24 18 24 17 14 26 11 22 22 24 30 26 20 11 19 18 23 15 15 22 24 22 22 9 24 19 21 28 27 27 30 24 27 26 23 29 16 30 11 16 25 25 23 25 25 16 24 21 22 18 28 21 15 16 18 16 33 28 17 23 18 17 22 20 22 17 22 16 29 19 18 18 26 27 23 24 27 19 32 25 16 18 16 16 20 22 25 24 22
14 15 23 21 25 17 14 24 23 20 20 23 24 15 26 18 21 26 14 27 17 25 23 19 30 26 18 32 18 23 20 24 30 12 19 22 21 18 17 22 26 26 14 23 31 20 16 17 18 17 25 20 24 19 24 31 21 24 16 21 23 11 27 23 11 21 27 24 20 30 22 23 19 24 25 24 22 27 26 20 17 15 10 19 15 22 15 18 31 25 31 15 22 22 17 26 24 26 23 15
18 13 15 19 23 24 21 25 21 23 26 24 24 22 20 19 16 28 14 22 25 20 23 12 22 19 24 20 21 20 24 20 26 20 21 24 24 22 24 29 30 19 20 25 18 19 24 17 21 15 17 26 26 25 15 23 19 19 16 18 24 28 27 22 32 25 16 25 14 20 25 28 22 19 28 14 26 17 27 17 23 17 19 19 24 28 34 21 33 24 17 25 22 13 27 26 24 26 21 16
25 19 28 22 22 26 25 22 18 15 17 26 25 24 28 18 30 20 20 26 28 21 30 19 18 23 26 21 22 19 22 24 17 23 22 20 14 20 22 18 18 17 25 20 24 19 27 18 24 20 22 17 16 22 22 22 26 30 26 27 15 19 29 12 16 21 16 23 12 19 18 23 16 27 20 17 22 23 18 21 29 19 17 19 18 21 26 25 22 19 21 19 28 23 19 17 21 19 20 28
27 25 22 25 14 18 31 16 19 25 17 20 27 25 24 19 20 25 16 24 27 20 17 26 26 19 25 26 27 21 20 17 20 14 25 23 31 12 18 22 13 27 23 20 26 20 18 20 25 10 18 17 17 27 25 19 17 24 29 15 20 24 24 20 22 20 24 18 13 22 20 19 20 22 21 18 31 19 15 20 14 22 24 18 31 21 21 8 16 26 20 23 25 21 18 14 19 26 20 16
15 28 23 14 19 23 24 18 21 20 30 11 15 15 19 26 22 18 26 21 20 19 37 20 30 21 18 23 16 30 21 14 22 18 21 32 27 21 28 19 26 20 30 26 19 28 12 22 14 15 17 18 20 20 23 27 20 15 20 33 22 23 22 24 20 21 20 22 15 16 18 30 29 18 23 14 17 14 24 27 18 36 13 26 15 23 26 20 18 23 26 14 16 24 19 25 16 23 18 18
16 20 15 21 28 19 27 21 24 20 26 12 16 18 17 24 24 15 9 23 18 23 22                                                                             
