0.473684210526316 1161 13 17 14 19 16 13 14 18 11 10 16 15 21 18 11 18 17 16 11 15 20 10 15 10 13 14 29 16 14 17 12 21 13 22 9 17 22 14 13 14 17 23 23 8 15 20 14 7 17 12 16 21 19 17 14 12 12 22 12 21 9 12 16 8 11 17 10 19 22 14 7 13 14 16 15 13 13 17 10 13 14 16 13 17 11 11 14 13 13 21 13 15 10 8 10 16 17 11
19 17 16 16 17 13 9 16 12 8 8 11 14 13 14 11 16 8 16 13 10 14 12 11 14 18 16 16 10 14 11 12 14 16 14 7 15 8 13 11 17 11 11 17 11 10 15 12 10 8 13 15 9 12 18 19 18 18 12 14 13 14 14 19 20 13 17 11 21 18 18 11 17 27 13 14 14 14 25 15 13 16 12 18 10 14 16 11 20 14 12 13 25 16 13 8 12 17 36 10
17 9 17 22 9 18 13 21 11 19 13 19 10 16 11 9 11 19 11 33 10 13 10 14 8 11 10 9 7 12 9 12 15 10 13 9 11 8 14 11 9 17 17 17 13 8 15 17 16 13 18 14 17 16 13 15 12 15 22 18 21 15 15 18 12 20 14 12 12 13 25 18 18 13 18 14 14 24 18 18 6 12 12 21 19 19 14 12 9 14 13 35 16 16 10 15 18 13 17 14
18 14 15 17 12 13 16 15 19 18 12 10 7 10 13 16 7 10 13 20 9 19 14 14 14 11 12 17 9 12 19 15 10 16 10 16 12 12 13 21 11 18 9 8 16 10 15 14 18 15 11 9 17 8 13 19 11 8 15 18 19 17 15 16 7 22 17 13 16 11 14 24 11 16 19 12 13 24 13 10 13 15 17 19 17 13 14 12 12 17 25 23 10 12 16 15 12 13 22 15
15 24 17 15 19 17 13 14 13 14 15 12 23 14 18 14 13 10 16 15 11 14 9 16 21 19 18 19 19 15 10 15 12 19 13 11 20 15 15 11 16 19 17 17 19 20 16 18 20 15 16 11 16 9 14 17 17 17 21 13 7 11 11 10 11 14 10 16 24 19 14 16 17 16 19 20 12 14 18 19 17 17 17 17 16 10 17 10 12 8 21 13 13 13 24 10 15 19 16 14
24 13 17 20 21 19 12 14 10 14 14 14 21 20 38 11 15 14 18 15 11 17 18 17 16 12 17 15 16 15 21 19 18 11 21 9 10 13 11 18 11 12 14 14 17 26 11 13 10 16 17 13 14 16 12 14 21 16 21 23 28 16 21 19 15 15 14 16 21 14 15 20 15 17 18 15 21 19 16 14 20 27 16 11 9 16 13 10 17 18 14 18 9 14 20 14 19 17 11 14
11 18 19 12 9 22 16 13 13 8 19 18 16 20 17 19 21 14 19 16 21 23 14 11 23 21 12 19 18 19 18 19 12 5 7 13 19 14 18 10 20 10 14 13 14 13 16 17 8 15 11 17 19 9 15 12 14 8 18 15 13 18 8 17 12 13 19 14 13 16 20 14 14 23 16 13 16 14 16 22 14 18 14 18 12 11 12 22 19 15 15 14 8 19 8 15 17 18 11 18
12 19 16 16 16 13 11 18 12 13 15 17 21 8 15 17 19 19 9 18 12 12 12 15 21 14 9 9 13 20 17 13 14 12 15 18 16 19 16 22 14 12 17 16 24 17 18 23 17 23 10 8 16 13 19 14 15 12 16 12 15 17 17 12 16 23 16 11 15 14 12 16 15 13 19 17 14 11 17 22 12 14 23 14 23 18 7 12 13 11 21 14 12 13 15 16 14 12 16 16
12 21 20 19 8 16 13 17 25 20 17 18 15 18 11 11 16 21 17 11 13 18 11 13 18 15 14 20 20 16 11 13 9 10 12 14 12 12 16 7 20 13 19 14 15 18 17 10 14 11 7 17 15 10 13 16 11 10 10 14 13 16 15 15 12 15 14 18 12 22 17 11 16 7 10 8 18 12 14 19 11 17 11 13 14 16 21 12 14 13 14 14 14 19 12 13 20 13 18 11
12 15 17 16 15 19 12 13 21 20 12 16 16 15 13 14 11 18 14 16 16 13 11 18 15 16 12 13 11 17 16 10 20 20 16 14 22 15 25 12 15 14 17 13 21 10 16 14 19 22 12 15 16 13 13 20 10 18 16 14 14 14 17 12 17 15 12 14 12 15 9 14 14 16 15 6 14 9 15 23 16 16 12 15 19 15 23 10 15 13 18 13 13 12 10 14 15 9 8 10
13 12 16 12 22 11 15 11 9 13 20 11 16 15 15 5 11 16 16 6 12 16 16 23 14 18 15 11 18 16 12 25 10 19 13 12 14 9 13 12 21 13 16 18 13 16 13 16 13 13 15 7 11 15 19 16 11 26 20 7 15 16 17 14 15 19 15 20 14 10 15 18 17 17 16 12 11 17 8 14 12 22 15 8 11 17 18 12 22 12 10 15 20 16 12 16 15 20 18 16
10 11 24 12 11 15 23 23 8 18 17 16 15 15 19 12 14 12 24 20 19 20 13 15 16 13 15 9 26 18 12 13 17 17 12 22 17 18 15 16 19 20 14 18 12 17 13 13 13 10 22 20 16 14 14 18 20 19 11 14 13 14 11                                     
