0.454545454545455 1265 33 33 27 30 29 27 29 24 29 29 28 28 23 29 22 31 36 16 27 25 16 28 20 25 16 16 39 32 29 29 30 12 19 23 27 28 12 19 28 26 20 23 18 27 18 23 31 49 15 41 23 30 22 40 25 24 19 22 25 28 26 32 24 24 21 29 21 21 24 16 18 34 26 30 31 30 23 21 24 30 25 26 25 25 23 15 24 17 28 20 16 25 17 27 24 22 23 21
23 30 52 24 26 22 17 27 25 12 24 26 32 22 27 18 32 33 26 18 40 32 18 16 33 28 24 29 16 27 23 24 12 22 18 23 22 21 21 25 28 24 25 33 26 19 26 34 22 30 31 12 27 25 17 32 29 34 20 32 28 14 25 21 20 26 27 24 32 25 19 17 28 26 32 22 23 25 22 23 24 20 33 26 21 22 19 22 28 26 22 28 25 29 30 28 16 26 26 17
16 22 17 36 26 29 32 23 29 30 24 29 15 25 20 11 19 20 30 26 18 27 24 27 18 28 19 28 27 30 17 29 22 28 17 30 25 21 21 14 31 21 17 30 29 37 23 29 30 35 25 35 22 17 17 25 14 25 30 30 24 23 20 19 23 27 20 31 26 13 19 24 27 22 25 27 23 17 19 18 18 19 27 19 28 24 27 18 27 36 29 36 34 24 37 32 24 23 25 17
14 18 15 30 21 29 22 22 23 20 27 27 37 23 21 23 19 18 21 28 28 30 55 34 20 22 35 15 22 29 20 29 26 17 21 29 25 21 33 27 21 15 23 26 34 17 19 17 31 30 18 29 30 23 24 30 35 18 39 22 29 30 34 24 49 31 27 20 26 24 16 24 35 19 23 29 29 26 26 25 13 17 25 25 23 34 22 27 23 28 25 34 26 24 24 26 18 20 35 28
26 15 27 32 26 23 28 26 30 29 28 39 21 31 27 27 24 18 33 23 25 29 26 24 27 25 24 21 31 21 19 20 33 28 23 27 17 29 23 26 25 20 14 25 29 29 37 35 21 29 32 32 23 35 23 39 34 13 24 28 13 32 21 23 15 25 23 22 26 28 30 17 28 18 20 31 25 27 30 15 30 19 26 26 29 21 22 28 24 22 24 24 32 18 27 26 27 23 25 16
35 29 24 30 22 29 32 25 22 32 24 27 30 16 30 27 29 24 34 22 26 19 21 23 23 26 17 36 21 26 27 30 27 21 29 25 18 34 24 19 18 29 16 30 25 23 24 26 24 32 21 22 29 27 26 28 29 29 20 25 18 25 27 29 38 28 31 16 22 26 22 20 27 24 28 22 27 24 20 30 26 23 23 20 29 25 19 18 24 31 31 17 25 23 31 104 19 30 32 17
29 24 22 30 31 18 22 19 19 24 31 30 36 22 28 36 20 33 27 41 32 34 33 28 25 27 26 36 16 28 27 19 25 22 29 21 26 37 20 23 20 21 23 26 22 34 29 27 12 29 22 26 25 27 30 26 31 28 19 25 25 28 30 21 18 29 24 27 25 30 23 28 23 24 27 32 31 20 22 32 21 24 18 22 22 21 34 35 23 25 24 23 25 42 26 25 20 17 16 21
23 23 20 19 26 25 25 25 22 25 13 26 7 21 29 21 28 20 21 24 18 16 29 26 25 29 22 25 23 24 26 25 26 21 21 24 25 29 17 31 30 21 26 20 21 28 25 33 24 32 20 19 21 28 17 19 26 31 25 29 35 27 25 26 23 23 19 29 22 26 20 23 23 36 24 22 19 24 16 23 28 14 28 22 24 23 20 21 27 27 29 23 20 28 28 27 17 15 25 18
15 27 22 19 19 26 27 23 21 16 32 13 22 19 26 25 18 26 16 33 27 14 19 30 28 32 25 20 29 19 19 27 31 18 20 15 29 17 20 33 25 31 31 27 19 24 8 29 20 28 25 30 18 23 26 29 17 26 21 20 23 31 33 14 18 25 24 22 24 27 22 25 21 17 17 23 19 25 21 26 19 17 26 22 24 25 27 31 22 28 19 29 24 19 38 29 24 18 26 15
19 26 21 19 21 25 16 25 18 22 25 22 22 31 26 17 23 22 31 30 20 21 24 19 27 32 31 25 26 25 25 28 22 31 19 16 26 27 40 24 18 39 27 34 24 25 28 11 25 32 26 74 23 35 21 34 30 23 23 26 28 31 28 29 23 41 26 21 25 22 23 29 28 46 25 32 26 24 20 22 27 35 23 24 23 17 17 23 22 26 29 25 22 30 25 26 28 20 27 24
26 17 21 32 25 27 17 33 17 24 33 27 20 37 31 29 23 27 22 20 18 25 20 14 24 29 29 19 21 20 20 28 27 33 23 27 20 27 22 26 34 24 13 20 19 26 21 24 20 27 24 21 18 17 30 22 26 27 23 23 25 24 21 29 34 23 23 24 18 20 19 24 27 20 21 23 24 18 27 30 23 30 32 31 19 15 22 25 25 18 24 13 32 24 25 21 26 24 30 18
27 31 28 32 32 20 23 24 28 28 32 36 12 24 23 28 36 22 24 31 22 29 26 27 35 21 25 34 22 17 24 19 26 33 21 13 30 22 23 26 25 28 28 29 28 23 25 23 17 21 29 32 21 33 26 27 19 26 17 25 18 29 27 23 33 19 22 25 19 27 29 34 15 22 21 31 26 33 31 29 20 25 28 31 10 22 16 22 32 27 20 18 21 25 18 39 27 25 13 19
26 25 21 21 28 31 28 27 26 29 17 18 22 23 18 18 23 20 30 25 25 28 22 22 36 35 21 24 21 27 38 18 32 22 20 28 24 27 24 35 24 25 23 34 17 13 25 20 31 25 28 20 19 32 20 19 36 29 33 23 27 18 28 18 23 16 26                                 
