C>A,A-A	C>A,A-C	C>A,A-G	C>A,A-T	C>A,C-A	C>A,C-C	C>A,C-G	C>A,C-T	C>A,G-A	C>A,G-C	C>A,G-G	C>A,G-T	C>A,T-A	C>A,T-C	C>A,T-G	C>A,T-T	C>G,A-A	C>G,A-C	C>G,A-G	C>G,A-T	C>G,C-A	C>G,C-C	C>G,C-G	C>G,C-T	C>G,G-A	C>G,G-C	C>G,G-G	C>G,G-T	C>G,T-A	C>G,T-C	C>G,T-G	C>G,T-T	C>T,A-A	C>T,A-C	C>T,A-G	C>T,A-T	C>T,C-A	C>T,C-C	C>T,C-G	C>T,C-T	C>T,G-A	C>T,G-C	C>T,G-G	C>T,G-T	C>T,T-A	C>T,T-C	C>T,T-G	C>T,T-T	T>A,A-A	T>A,A-C	T>A,A-G	T>A,A-T	T>A,C-A	T>A,C-C	T>A,C-G	T>A,C-T	T>A,G-A	T>A,G-C	T>A,G-G	T>A,G-T	T>A,T-A	T>A,T-C	T>A,T-G	T>A,T-T	T>C,A-A	T>C,A-C	T>C,A-G	T>C,A-T	T>C,C-A	T>C,C-C	T>C,C-G	T>C,C-T	T>C,G-A	T>C,G-C	T>C,G-G	T>C,G-T	T>C,T-A	T>C,T-C	T>C,T-G	T>C,T-T	T>G,A-A	T>G,A-C	T>G,A-G	T>G,A-T	T>G,C-A	T>G,C-C	T>G,C-G	T>G,C-T	T>G,G-A	T>G,G-C	T>G,G-G	T>G,G-T	T>G,T-A	T>G,T-C	T>G,T-G	T>G,T-T
PD28690bp_SB1_A9	44	22	6	31	40	20	2	26	55	20	10	26	53	33	4	76	18	7	3	22	9	8	2	17	10	8	1	4	8	7	0	26	62	51	448	58	50	58	248	64	47	66	262	49	66	54	148	56	16	13	15	31	10	11	11	14	2	4	3	11	17	5	9	10	42	21	35	39	17	19	12	19	21	18	16	22	22	18	12	24	6	6	8	12	7	2	7	7	3	7	8	4	10	7	6	9
PD28690bp_SB1_H8	33	25	5	23	35	13	3	29	53	19	2	27	44	24	5	42	9	6	4	7	2	4	1	2	7	7	4	3	12	7	0	28	61	29	430	28	39	38	200	56	30	46	258	37	73	48	159	69	17	3	13	27	12	13	8	15	3	3	5	6	24	3	3	15	37	22	23	34	15	10	14	16	16	15	18	20	21	11	13	15	3	3	4	5	0	4	3	8	3	4	4	4	4	2	6	14
PD28690bp_SB1_G8	24	6	0	15	24	9	2	12	29	15	2	17	24	13	3	26	5	4	0	10	2	5	1	6	4	3	1	0	24	7	0	37	31	23	271	21	27	33	134	39	18	31	173	34	53	27	123	30	3	4	9	4	6	5	7	9	5	1	1	6	8	4	3	10	26	4	34	20	7	16	11	16	13	7	4	14	11	10	1	19	4	0	3	5	2	1	4	4	2	1	1	5	2	4	6	8
PD28690bt_SB2_F10	72	35	5	33	40	32	5	39	69	30	11	48	57	42	5	88	16	10	4	15	11	9	3	9	6	7	3	8	15	10	1	40	68	34	512	54	52	77	268	81	38	76	333	59	52	81	208	58	14	11	16	34	10	13	18	24	6	13	4	10	14	9	8	16	66	27	37	52	18	17	13	20	28	20	22	27	28	23	21	32	13	3	8	15	4	3	8	15	4	2	9	3	6	14	10	18
PD28690bt_SB2_H10	50	31	6	24	42	23	6	39	48	28	11	37	56	39	8	58	19	6	3	11	6	10	3	11	7	6	1	6	37	20	6	56	68	34	520	51	44	51	235	62	39	62	318	52	112	78	223	76	9	17	16	25	7	12	11	10	6	5	4	9	21	4	14	23	53	26	37	57	20	26	20	16	23	24	20	28	28	18	16	35	6	4	6	15	3	7	9	5	0	2	5	7	7	10	16	17
PD28690bp_SB1_D8	52	39	15	32	34	24	6	29	65	31	6	34	51	42	9	80	19	10	1	12	4	12	0	14	14	5	2	9	25	15	1	32	65	41	514	54	52	60	258	54	63	50	316	42	91	59	210	84	16	17	14	31	7	10	13	15	6	9	4	15	19	8	7	23	57	26	33	57	14	12	26	25	25	19	13	23	21	17	18	34	9	8	6	12	7	6	16	11	3	2	4	5	10	8	10	20
PD28690bp_SB1_G9	40	26	4	24	34	20	2	28	51	23	2	34	56	28	7	53	10	7	0	10	6	7	1	12	7	9	2	11	13	10	1	22	53	33	382	28	34	51	174	48	36	49	254	42	47	48	156	55	19	10	9	11	8	9	20	21	5	5	2	14	8	6	5	16	35	18	17	35	17	12	12	19	16	12	6	17	16	15	18	21	7	4	3	10	6	7	7	7	1	2	5	4	1	9	8	11
PD28690bt_SB2_C11	37	24	4	23	36	15	3	29	49	15	4	22	49	37	6	50	6	5	0	13	8	6	2	7	1	8	1	8	52	18	3	69	56	36	431	44	44	54	228	52	31	42	288	34	107	62	165	83	13	12	14	14	6	6	9	14	6	8	5	10	11	2	6	10	50	13	28	38	12	5	27	13	17	11	17	19	20	19	13	25	5	5	9	6	4	5	5	8	3	2	3	4	8	0	3	11
PD28690bt_SB2_E11	31	31	5	11	29	21	6	17	56	20	3	26	40	40	6	61	14	5	1	16	2	7	1	6	10	3	0	4	12	7	0	16	58	35	456	43	44	55	201	57	46	48	246	46	34	58	155	43	16	6	7	17	2	7	13	13	5	2	7	4	13	5	6	14	39	20	34	44	12	14	16	11	17	14	7	26	16	20	13	25	7	4	9	13	2	8	5	9	2	2	1	2	4	10	7	9
PD28690bt_SB2_F11	56	32	4	29	36	25	3	40	75	23	6	27	39	38	7	78	16	10	2	12	7	11	2	9	8	7	1	8	12	7	0	22	57	47	539	35	28	55	235	70	34	53	321	59	48	60	190	66	14	10	11	23	9	8	13	17	7	6	5	10	19	5	2	16	55	18	24	71	16	16	24	20	21	14	20	17	22	19	18	29	3	6	11	17	5	3	5	8	3	4	4	5	7	3	10	10
PD28690bt_SB2_G11	43	31	4	24	31	20	4	27	64	26	4	24	38	32	6	61	18	7	2	9	6	8	1	6	8	4	1	7	12	6	0	20	55	43	485	33	31	49	211	55	35	52	274	50	39	46	167	51	16	10	11	24	10	3	11	13	4	3	4	9	15	2	5	13	46	14	27	59	11	16	19	18	18	15	19	14	18	16	18	28	3	4	8	16	5	4	4	5	2	3	1	6	6	3	6	8
PD28690bt_SB3_E5	43	43	8	31	40	26	0	41	58	29	9	28	43	38	6	54	17	5	2	17	10	7	3	15	9	6	1	7	20	10	1	28	64	37	531	48	53	55	241	77	59	58	342	50	63	56	210	58	12	14	8	28	10	17	11	25	3	3	11	7	16	4	11	20	41	25	39	46	20	19	24	20	26	19	18	30	21	22	17	47	5	3	9	14	4	5	6	6	1	4	2	2	5	3	6	17
PD28690bt_SB3_F5	43	43	8	31	40	26	0	40	56	29	9	28	42	37	6	55	17	5	2	17	10	7	3	15	9	6	1	7	19	10	2	28	64	37	531	49	54	56	241	77	59	58	342	50	64	56	209	57	12	14	7	28	11	17	11	25	3	3	11	7	16	4	11	20	41	25	39	46	20	19	24	20	27	19	18	30	20	22	17	47	5	3	9	14	4	5	6	6	1	4	2	2	5	4	6	17
PD28690bt_SB2_A11	47	31	7	31	49	24	7	23	51	26	9	41	48	51	11	77	24	7	1	21	5	9	4	12	5	4	3	7	16	12	1	19	63	56	532	41	48	44	244	76	48	69	328	61	62	81	220	77	13	10	18	19	13	9	16	26	4	4	4	6	19	9	4	18	50	27	29	45	18	15	22	25	35	24	20	30	38	30	13	20	13	2	7	4	5	2	7	11	4	1	4	6	6	4	13	17
PD28690bt_SB3_B5	30	25	4	11	21	10	4	20	34	15	4	14	29	18	0	32	16	4	2	6	5	2	2	8	3	7	1	8	10	7	0	13	40	23	313	30	32	54	150	39	23	25	184	43	34	46	118	50	10	8	6	17	5	5	2	8	2	0	4	5	6	3	2	6	28	15	26	24	11	11	16	15	14	21	13	13	18	12	15	13	4	4	5	3	2	4	8	5	1	2	1	3	3	1	8	8
PD28690bt_SB3_C5	26	25	3	12	16	11	3	17	31	9	3	13	19	13	0	38	14	3	2	5	6	2	2	6	2	6	1	5	5	7	0	11	34	21	282	24	26	42	144	37	19	22	161	35	37	36	102	42	8	7	4	15	2	4	2	1	1	1	4	3	7	1	2	3	24	12	21	19	8	10	13	16	10	18	7	12	17	12	15	12	4	2	5	3	2	4	7	5	2	2	1	3	1	2	7	9
PD28690bp_SB1_H9	77	36	10	40	54	31	7	44	72	34	10	70	83	75	13	134	20	13	0	19	18	7	2	12	7	10	0	10	40	14	4	61	81	44	662	47	64	66	313	97	64	56	423	67	146	82	252	117	23	19	12	36	10	14	23	29	5	7	5	13	21	7	12	15	43	30	36	58	19	24	25	30	31	27	24	28	31	28	22	32	8	7	12	17	2	7	6	8	8	5	6	3	12	5	10	24
PD28690bt_SB2_G10	50	37	7	19	32	21	3	24	57	18	6	35	39	44	7	45	15	3	1	13	3	5	2	12	9	7	4	7	7	9	2	30	52	34	463	57	47	62	241	68	43	51	300	51	53	54	191	47	19	15	14	22	3	8	14	14	5	4	5	6	11	7	4	16	44	21	35	39	19	18	23	21	25	18	13	19	25	23	13	24	7	9	8	13	3	3	11	12	3	1	7	5	5	7	10	15
PD28690bp_SB1_E9	55	37	7	26	55	27	5	31	50	25	5	31	42	40	9	63	17	9	1	11	13	5	3	15	11	9	3	14	11	7	2	25	87	44	502	55	55	70	256	80	51	82	303	71	65	69	202	54	15	13	20	23	10	12	16	19	5	6	8	12	26	5	5	16	54	24	42	54	9	28	26	20	30	19	14	27	21	17	18	35	10	3	5	5	4	8	5	9	3	3	4	6	7	5	6	15
PD28690bp_SB1_B8	44	38	4	20	46	24	5	33	52	19	10	47	67	63	11	103	12	16	2	14	7	11	5	12	3	6	4	8	156	36	3	181	69	28	584	67	52	40	277	58	57	45	376	50	216	85	237	142	13	22	16	34	17	10	15	22	3	6	5	13	23	8	9	22	55	22	28	50	14	15	18	21	20	16	12	32	28	21	14	40	10	5	13	5	3	5	9	6	4	1	2	5	8	9	7	12
PD28690bp_SB1_B9	42	19	6	28	42	26	5	22	58	30	6	39	54	33	7	89	16	9	2	11	5	7	1	14	5	12	4	8	32	10	1	34	73	48	505	49	54	78	287	76	44	59	355	60	92	68	215	90	22	9	14	29	13	14	7	24	5	4	5	9	20	6	8	15	44	15	47	58	23	21	17	24	35	25	15	27	28	13	12	23	7	6	7	10	2	5	11	9	8	2	7	6	9	8	11	15
PD34200a_i21	24	16	4	12	10	5	4	13	25	9	1	11	15	11	5	28	8	4	2	7	6	3	1	5	3	3	1	3	3	0	4	10	22	21	224	30	24	23	105	29	23	31	122	22	27	26	82	25	4	6	11	12	1	2	4	3	2	2	4	3	8	4	5	7	31	9	10	24	5	4	11	10	9	4	9	11	14	12	11	12	4	1	5	5	1	2	6	2	0	1	3	0	2	5	6	5
PD34200a_i33	31	15	3	22	20	12	2	14	25	10	4	21	23	16	3	28	8	3	1	7	3	4	0	8	6	3	1	6	7	6	4	12	41	17	256	33	24	33	130	36	20	25	152	27	23	29	89	21	8	7	10	13	6	6	9	7	2	0	2	6	7	3	6	11	36	13	20	37	7	10	15	8	9	12	9	20	9	11	10	14	5	1	3	7	3	4	5	4	2	0	2	7	2	1	5	10
PD34200a_i36	32	13	1	19	19	5	1	11	31	9	1	15	27	18	2	33	12	4	0	8	2	6	2	4	1	0	1	4	6	0	2	15	41	34	271	36	27	33	129	31	25	28	142	26	26	31	103	23	9	4	4	19	9	7	6	8	2	3	2	2	7	6	3	13	28	7	21	38	12	9	18	12	16	8	12	19	11	15	9	16	2	2	3	3	2	6	2	2	0	1	4	4	3	4	5	5
PD34200a_i54	23	8	3	11	26	13	2	8	17	8	3	12	24	12	1	32	10	4	1	7	2	4	1	10	3	5	0	2	12	3	1	24	42	21	245	24	38	35	114	26	23	24	137	26	37	37	92	37	11	3	6	8	3	1	7	9	1	5	4	5	8	2	6	14	24	13	23	30	10	10	7	6	14	9	9	16	10	13	9	11	2	2	7	2	3	4	4	2	1	0	0	4	5	5	2	12
PD34200a_i22	25	18	6	12	18	7	1	9	19	8	2	17	22	11	3	22	7	7	3	2	3	0	3	4	4	4	2	4	9	5	1	10	38	28	231	33	18	31	111	29	18	24	125	25	17	26	98	21	7	5	8	15	7	5	5	5	3	3	2	4	6	3	3	11	26	19	21	31	7	5	10	14	9	9	7	15	11	14	15	12	4	2	1	6	2	1	5	2	1	0	4	4	1	3	1	12
PD37266c_lo0010	34	15	4	12	14	9	2	14	22	11	3	17	25	25	5	32	13	4	1	11	7	5	3	8	5	1	1	4	10	6	1	20	40	25	290	36	25	27	119	44	28	26	163	40	41	38	97	49	17	10	7	14	5	7	5	8	6	3	4	3	23	8	2	19	62	25	27	82	10	7	18	12	18	9	6	23	18	16	7	47	3	4	3	9	2	3	6	7	4	1	3	6	6	7	6	29
PD37266c_lo0012	46	21	8	20	27	7	6	18	51	17	3	29	34	34	16	47	10	10	2	9	7	5	2	11	5	6	0	8	17	4	2	27	61	30	343	35	35	38	152	52	37	37	222	26	44	59	128	48	22	7	11	20	4	5	10	14	6	2	3	10	19	6	4	18	52	32	44	74	17	10	16	13	7	14	14	15	24	16	14	42	5	4	7	6	2	2	6	4	3	4	6	6	12	3	4	29
PD37266c_lo0014	28	15	10	14	20	12	3	17	15	9	1	11	24	15	7	25	14	5	2	12	3	5	1	9	7	5	1	2	20	4	5	30	44	35	253	25	35	37	138	32	31	39	145	36	61	44	99	55	20	15	9	10	5	4	10	8	4	2	4	4	5	2	7	15	53	32	27	75	11	8	12	22	23	14	10	21	13	16	9	54	3	2	2	8	1	3	3	8	3	0	4	6	6	5	9	26
PD37266c_lo0016	37	20	2	22	34	11	2	18	38	16	7	24	39	28	8	40	13	4	5	15	7	8	1	9	3	4	0	8	15	7	1	33	65	37	365	48	40	39	178	57	21	40	209	34	65	53	151	54	21	8	10	30	8	6	7	8	7	5	7	4	24	11	3	19	64	27	30	94	13	17	14	15	23	14	13	35	30	11	14	56	6	7	7	8	6	4	7	13	1	2	6	12	9	6	7	32
PD37266c_lo0023	17	9	1	4	5	3	1	2	6	5	3	6	9	12	2	14	5	2	2	3	1	4	0	3	2	1	0	2	4	4	1	3	16	4	119	15	9	15	62	9	5	20	79	9	17	8	48	11	4	9	5	2	3	1	2	3	1	1	3	3	4	1	1	9	15	8	10	21	3	3	5	3	6	5	4	12	12	8	4	9	3	1	1	0	0	1	2	0	1	1	0	2	2	0	2	9
PD37266c_lo0018	35	17	1	15	23	12	5	20	28	11	2	11	27	29	4	37	11	9	2	15	4	7	7	7	8	6	0	11	17	12	0	23	47	29	287	26	29	29	138	37	19	23	166	35	61	45	115	52	19	6	12	16	6	8	8	3	2	2	5	7	20	7	6	19	51	28	25	92	16	9	17	15	17	12	10	30	20	18	8	31	7	3	7	8	4	5	6	10	3	1	7	10	8	8	5	25
PD37449f_lo0002	27	18	3	19	13	7	2	12	24	10	3	19	25	16	5	44	7	4	3	6	2	4	1	10	2	3	1	3	18	11	1	21	29	16	242	25	12	22	116	18	19	19	169	20	39	39	74	34	12	10	4	22	9	8	2	7	5	2	5	4	13	2	1	13	39	15	21	31	7	8	6	11	13	9	14	13	17	10	5	19	6	3	6	7	6	1	7	5	1	0	1	6	4	3	8	15
PD37449f_lo0010	17	21	2	16	18	8	0	9	27	13	3	16	17	21	5	25	9	5	2	7	6	1	2	7	4	2	1	5	6	2	1	11	24	15	235	27	27	22	117	26	13	17	145	23	30	20	76	27	9	9	6	23	2	3	5	6	2	3	1	9	18	10	5	13	39	17	17	58	9	7	11	10	14	8	8	11	16	4	3	34	1	0	3	3	2	1	2	7	3	4	2	10	1	2	5	28
PD37449f_lo0023	25	22	2	18	26	10	1	13	35	10	7	20	30	29	4	35	9	7	2	6	5	1	1	7	2	1	0	7	6	5	1	11	29	17	277	29	26	25	150	29	16	20	179	26	30	22	90	26	9	8	9	28	4	4	4	6	4	3	1	9	17	8	5	17	41	17	19	58	13	9	13	10	13	9	7	12	13	7	2	32	0	0	3	6	1	1	3	8	2	4	2	12	2	3	6	26
PD37449f_lo0016	37	24	2	19	14	6	3	19	44	16	4	33	44	16	11	42	6	9	3	8	7	5	5	5	0	4	2	3	3	5	1	20	38	18	310	24	17	24	169	28	20	28	174	21	43	25	107	35	20	15	6	27	4	5	2	7	1	1	2	7	15	7	4	21	36	13	11	40	13	10	10	10	14	13	6	18	17	11	9	26	3	4	5	7	3	3	4	4	0	0	3	6	6	3	5	17
PD37449f_lo0022	24	18	3	17	22	9	2	9	18	15	4	15	25	21	2	34	13	1	0	2	7	3	3	7	2	2	0	2	12	4	2	28	26	18	215	18	11	21	96	28	15	32	154	20	38	26	98	26	13	7	8	21	4	4	9	7	1	5	1	6	14	7	5	15	33	14	34	54	9	6	10	8	19	8	4	12	19	13	10	34	7	3	1	5	2	3	4	10	1	0	0	3	5	5	4	25
PD37449f_lo0011	16	13	2	7	10	3	0	12	13	8	2	12	25	9	3	20	3	1	1	3	1	0	1	4	2	0	1	5	2	4	1	9	24	16	179	12	10	9	78	13	10	19	101	13	17	21	63	14	2	4	6	5	0	2	3	7	2	0	2	1	10	3	1	9	16	10	9	24	7	6	2	4	11	5	6	13	6	9	1	7	2	0	2	5	0	2	2	6	1	0	2	1	2	2	2	10
PD37449f_lo0006	24	22	4	22	20	19	3	16	28	15	3	17	33	28	8	43	9	4	3	9	7	4	3	3	5	3	0	5	67	12	2	86	22	11	227	29	22	20	112	31	17	19	133	25	88	45	98	54	9	12	10	12	6	5	4	9	5	5	3	9	6	3	3	21	28	12	18	37	3	6	10	13	8	13	13	14	15	9	8	32	4	6	5	6	1	5	2	8	0	3	4	3	3	2	2	20
PD37449f_lo0019	21	23	3	18	17	9	4	12	26	11	3	18	21	15	4	36	6	0	3	2	4	5	1	4	1	4	1	1	6	4	1	21	28	25	215	31	16	16	103	20	18	29	145	23	31	21	91	29	5	7	6	9	4	5	3	9	5	3	2	3	7	5	5	19	28	9	10	42	11	7	6	11	16	6	7	22	9	8	8	28	3	2	2	6	3	2	2	1	2	3	2	7	2	3	6	19
PD37449f_lo0008	16	2	3	2	6	5	3	4	14	6	2	8	17	16	3	16	4	4	3	2	1	3	1	2	6	0	3	1	5	4	0	5	7	9	115	7	8	10	40	9	14	11	67	13	12	9	43	11	7	6	1	5	2	1	1	4	0	2	1	0	3	4	1	14	12	9	9	27	3	3	3	8	8	2	6	5	5	5	5	16	1	5	3	3	1	0	5	3	0	1	0	1	3	2	2	13
PD37449f_lo0017	28	9	1	18	11	11	1	13	25	6	2	21	21	19	4	33	5	1	4	5	4	6	2	6	2	2	3	3	5	6	1	14	26	20	249	19	20	26	110	22	24	31	143	19	24	29	112	36	8	8	9	11	3	4	5	4	1	3	3	2	6	2	6	14	40	17	22	33	7	14	9	12	14	12	8	14	16	11	11	27	3	1	5	2	1	3	6	3	2	1	1	4	3	3	4	12
PD41851d_lo0003	71	41	7	42	55	18	5	39	67	25	9	25	59	46	11	82	20	10	4	19	12	12	2	26	10	5	1	11	33	13	1	65	83	42	538	61	72	84	262	66	70	63	304	53	129	88	216	81	24	17	26	25	17	12	18	19	9	7	9	16	16	10	5	26	67	30	33	62	21	21	25	21	32	23	25	44	32	16	26	38	9	4	8	15	5	3	8	9	0	3	5	9	7	6	10	25
PD41851d_lo0004	69	37	8	37	57	33	9	38	53	26	6	34	74	40	5	70	18	14	5	19	11	7	2	15	10	9	0	7	53	21	4	83	72	43	453	71	51	51	244	87	52	64	323	68	149	88	190	79	16	12	25	33	14	11	11	24	5	6	11	10	21	10	8	30	62	22	41	70	19	21	19	16	30	27	22	37	22	22	15	36	6	3	18	12	9	7	7	8	1	1	8	4	10	9	13	26
PD41851d_lo0005	52	33	12	32	49	21	7	25	48	15	4	21	65	46	13	57	29	14	3	24	14	14	1	16	11	4	4	13	148	33	8	205	65	45	412	58	61	56	216	96	56	55	306	51	245	84	178	153	20	13	17	24	8	13	12	18	8	9	6	14	11	10	7	28	58	24	45	58	24	16	12	21	21	13	10	34	24	12	16	31	6	2	11	9	5	7	11	15	2	1	7	4	8	10	6	12
PD41851d_lo0040	64	37	6	48	38	27	9	31	41	30	1	33	51	50	13	59	21	14	5	16	10	7	2	14	9	2	1	5	22	9	3	41	85	40	515	71	49	69	260	90	52	57	329	75	102	72	228	100	35	17	21	32	7	14	19	24	9	4	7	12	24	15	15	27	55	29	43	63	21	20	21	24	32	29	19	39	24	38	24	26	3	2	10	7	3	5	8	7	3	2	6	7	10	9	2	16
PD41851d_lo0041	54	48	9	39	45	14	11	36	74	19	9	24	56	41	12	73	20	7	5	18	13	8	3	10	8	6	4	11	52	16	4	42	90	43	551	63	58	66	241	75	50	67	365	76	109	78	208	81	31	16	15	40	17	10	10	23	8	10	14	8	27	8	8	27	63	34	44	71	15	17	13	32	30	20	18	33	27	21	15	29	6	2	8	10	2	2	10	7	7	1	10	4	12	9	10	11
PD41851d_lo0043	64	44	8	39	52	30	6	28	76	30	14	51	84	50	5	92	22	13	3	19	15	13	4	14	6	9	0	14	110	19	4	137	82	40	568	72	59	73	269	77	66	73	378	66	209	87	263	111	30	23	19	34	8	12	18	19	8	8	10	12	22	20	5	25	65	30	37	81	16	17	16	23	29	19	20	37	36	15	16	36	5	2	10	8	2	4	14	15	3	5	4	7	17	7	11	19
PD41851d_lo0034	66	50	10	50	52	30	7	40	79	24	7	22	80	64	12	108	30	7	2	25	16	11	1	15	10	5	3	8	64	29	1	91	92	53	565	62	61	72	265	92	69	81	358	55	156	84	222	104	21	31	25	29	15	16	15	23	8	7	12	9	20	10	8	27	72	28	47	65	21	23	23	33	29	25	29	44	27	28	19	48	10	8	7	16	3	2	12	10	6	3	8	7	9	10	11	19
PD41851d_lo0035	91	50	12	54	61	26	7	49	88	30	16	49	75	43	14	86	36	11	4	23	17	16	5	16	11	11	3	18	85	16	6	112	104	54	641	63	71	65	288	104	63	78	393	71	177	95	271	124	31	29	26	45	13	25	18	41	13	3	20	19	38	14	12	34	75	21	54	72	30	24	23	36	38	21	26	64	34	23	19	41	13	5	20	16	8	8	10	15	5	5	5	7	9	13	12	20
PD41851d_lo0036	119	54	15	63	105	31	17	48	100	48	13	70	118	89	23	160	44	17	3	25	24	24	3	28	17	11	5	13	155	42	7	250	149	66	890	82	100	77	434	131	92	89	541	90	347	183	348	209	32	27	32	52	12	21	23	42	11	9	17	27	34	19	17	47	104	31	77	125	24	28	30	54	43	39	43	58	46	50	26	70	12	5	18	18	4	11	11	17	5	5	9	9	15	12	23	39
PD41851d_lo0092	86	45	2	50	52	28	9	30	76	31	6	38	80	61	11	101	33	15	2	19	7	11	1	22	8	8	3	11	72	17	8	111	101	55	591	68	54	68	302	89	61	84	392	67	138	101	232	101	31	17	24	51	14	21	14	34	7	8	10	12	23	14	20	41	58	39	54	81	15	32	26	25	46	22	23	36	23	31	15	30	12	6	8	12	6	5	7	9	7	2	7	9	3	6	19	20
PD41851d_lo0042	51	38	12	32	43	21	8	28	66	16	11	35	63	58	8	77	26	9	4	19	14	12	3	13	6	8	2	10	152	43	7	207	82	45	462	67	57	61	229	79	45	66	309	65	254	99	209	123	18	17	18	34	9	9	11	14	3	3	6	11	19	10	5	28	72	25	42	63	14	22	19	24	27	14	13	41	27	18	19	46	4	7	7	8	7	1	5	12	3	1	9	4	3	8	9	16
PD41852c_lo0001	55	42	6	47	52	16	9	35	59	20	5	35	27	43	13	74	26	9	2	18	11	13	1	14	11	8	0	10	19	14	4	29	86	57	468	51	59	66	233	79	55	47	303	61	88	70	178	68	26	19	26	28	10	11	15	20	8	9	12	13	16	8	20	25	76	22	32	64	19	18	25	19	30	27	23	33	23	20	21	33	13	12	9	7	3	3	5	7	7	5	8	5	10	4	9	25
PD41852c_lo0010	70	27	8	44	47	22	5	37	93	26	11	39	59	50	13	79	17	19	6	14	11	13	3	21	12	6	0	10	47	18	2	59	84	49	558	51	60	55	308	84	52	71	348	68	93	93	224	82	32	16	22	32	15	10	17	31	5	8	9	8	22	17	7	21	56	22	48	58	20	30	27	23	27	25	31	40	25	29	20	34	6	6	7	10	10	3	5	11	6	1	12	5	8	6	16	21
PD41852c_lo0011	52	30	11	37	46	18	2	26	82	20	14	39	58	48	2	54	27	12	2	18	7	12	4	23	8	9	0	19	49	19	2	55	78	58	512	56	62	53	262	77	52	55	305	59	108	78	230	86	22	21	26	22	10	6	8	17	4	12	14	6	19	10	8	21	65	11	40	62	21	23	28	17	27	25	26	38	28	20	21	29	10	5	11	12	4	3	9	10	6	5	7	5	7	7	8	18
PD41852c_lo0009	86	38	10	28	36	24	5	24	56	25	4	29	40	43	15	82	31	12	3	21	10	12	1	13	7	4	1	14	55	20	3	82	84	51	544	54	52	55	285	66	44	63	380	59	119	62	197	84	19	20	19	31	9	14	19	30	4	10	8	17	26	8	13	32	66	31	45	55	19	23	23	27	31	17	18	34	22	22	20	32	12	2	13	13	4	7	7	12	4	1	10	6	11	8	11	28
PD41852c_lo0002	61	29	6	27	40	21	3	23	52	33	4	27	36	31	7	59	32	12	5	19	4	7	2	14	3	7	2	9	20	8	1	32	67	52	522	66	50	53	221	80	58	50	333	60	64	62	203	77	19	15	20	22	11	13	18	11	9	6	6	13	16	5	2	25	56	29	26	67	15	17	19	23	30	22	19	30	21	20	12	31	11	2	8	7	4	3	13	10	3	1	4	2	6	7	14	17
PD41852c_lo0003	57	31	9	35	48	18	7	20	49	16	12	19	42	38	9	57	26	8	4	19	8	10	3	11	7	8	2	6	40	18	4	66	80	56	558	47	55	57	273	56	51	61	317	55	112	62	188	74	22	22	26	25	17	14	18	23	6	6	9	6	24	4	10	27	62	21	45	39	19	22	21	27	32	12	17	39	32	21	14	36	8	5	4	2	5	11	2	10	5	5	7	7	5	6	10	17
PD41852c_lo0004	63	40	6	27	33	20	5	28	42	19	6	29	40	48	10	55	15	6	2	18	10	11	3	13	7	5	1	8	34	15	3	43	81	33	540	49	55	61	262	55	49	62	362	57	89	72	236	81	18	20	17	31	12	11	16	26	7	7	9	7	28	11	5	21	48	16	41	65	18	21	15	22	28	17	18	34	19	15	18	31	5	2	8	6	4	10	6	11	3	3	4	8	5	5	4	18
PD41852c_lo0005	73	24	5	43	45	22	5	30	46	22	7	42	52	42	8	68	26	9	2	14	9	4	0	14	6	8	1	11	14	9	3	24	78	41	546	59	52	54	294	50	59	72	321	64	56	62	212	59	22	14	26	31	8	9	15	25	7	5	12	8	22	10	11	36	57	23	44	64	25	23	18	18	26	27	18	23	21	18	13	43	4	6	9	4	5	5	6	8	2	4	5	3	9	8	5	21
PD41852c_lo0015	53	25	7	26	37	28	3	29	59	17	1	29	49	40	10	87	38	11	2	9	7	11	0	14	8	9	1	6	49	21	4	63	78	34	553	55	50	56	272	86	52	64	357	54	99	73	223	71	25	12	22	37	8	13	16	14	8	4	9	11	23	10	10	36	68	26	38	82	20	14	24	21	30	18	31	33	31	21	19	25	12	7	8	12	4	8	13	12	1	3	4	6	7	7	11	21
PD41852c_lo0016	53	40	4	36	56	28	6	39	63	37	11	45	60	37	14	65	23	10	5	24	9	8	4	16	11	6	0	8	25	12	2	61	74	45	663	66	51	71	333	66	60	74	437	42	127	84	241	99	21	18	23	44	17	6	7	27	4	6	7	9	25	5	9	28	73	38	38	70	14	28	27	20	27	28	22	39	30	17	20	39	7	3	11	26	3	5	7	14	0	2	10	4	9	7	11	23
PD41852c_lo0017	68	36	3	37	45	19	1	26	59	31	13	37	57	32	5	74	25	11	3	21	10	8	2	12	5	6	1	6	41	11	4	36	87	51	587	57	73	53	306	54	52	52	368	72	74	73	226	81	24	17	16	34	11	11	14	26	11	5	12	10	32	11	8	33	71	30	41	63	20	19	32	27	35	27	17	40	23	24	19	35	10	2	12	11	3	5	9	7	5	3	4	6	5	3	8	15
PD41853c_lo0012	45	40	6	19	33	21	2	22	42	14	14	30	37	33	4	51	23	12	8	20	10	8	1	10	11	4	0	6	8	8	3	17	74	44	595	61	56	66	271	86	56	62	362	59	52	68	217	67	16	16	13	32	3	6	12	12	6	3	9	9	26	6	8	18	69	22	37	53	20	24	15	21	17	18	16	33	30	24	22	32	9	8	4	13	4	4	4	6	1	2	7	2	7	5	7	9
PD41853c_lo0013	53	37	5	20	36	22	2	24	42	16	16	31	46	37	5	59	27	9	8	19	9	9	1	9	9	7	0	10	8	6	5	19	85	39	631	60	68	72	289	82	54	57	415	64	61	73	248	69	13	17	17	31	3	7	15	12	2	1	10	11	26	6	5	23	73	19	41	58	23	22	16	23	14	21	19	28	36	28	20	31	7	7	5	16	2	4	6	8	1	2	10	3	7	6	8	9
PD41853c_lo0021	38	33	5	21	29	16	2	22	31	19	3	21	33	35	7	37	22	6	1	17	5	3	2	6	8	5	0	6	30	12	1	43	47	47	465	71	53	54	201	70	42	48	298	50	114	65	195	77	14	14	14	36	8	11	11	12	10	6	9	9	22	8	5	22	78	17	28	52	19	23	16	18	21	22	28	35	22	24	12	30	7	3	9	11	6	6	8	11	1	1	1	5	6	6	7	14
PD41853c_lo0019	47	27	3	26	18	9	3	18	32	14	5	18	33	22	4	44	15	7	4	12	4	9	3	13	9	7	1	7	13	15	1	19	58	45	494	45	56	61	231	84	33	51	307	73	50	58	169	64	8	11	13	19	2	10	7	12	10	4	6	7	18	5	10	15	44	15	36	61	27	18	21	16	17	21	16	23	18	28	18	28	12	3	14	11	3	5	9	7	7	3	7	5	6	7	8	20
PD41853c_lo0039	47	39	4	21	37	16	1	16	45	20	9	24	25	30	8	32	16	7	1	13	10	12	5	12	6	2	2	10	21	9	0	27	54	41	505	51	57	65	252	69	42	48	269	58	72	61	190	68	26	13	10	20	10	9	10	20	2	3	8	15	14	7	8	14	36	28	41	57	16	17	14	23	28	19	17	29	27	21	18	29	7	6	7	10	5	4	6	6	6	1	6	3	2	5	6	16
PD41853c_lo0022	43	37	2	23	42	23	1	28	48	20	5	36	46	40	15	60	19	6	2	20	8	3	5	14	5	4	2	5	12	9	1	16	85	40	679	62	49	67	328	72	53	60	413	42	64	68	247	64	21	7	19	23	5	12	12	16	3	5	4	18	18	6	9	22	57	18	37	57	12	23	34	23	39	25	20	30	18	23	21	39	9	2	8	15	3	4	5	7	7	2	7	2	11	6	7	9
PD41853c_lo0023	43	29	5	41	40	27	3	25	40	20	6	23	60	45	10	58	21	6	2	13	10	9	2	11	7	8	2	9	83	20	1	144	74	35	581	65	55	54	298	73	52	60	340	42	188	83	226	115	10	16	19	28	9	9	13	20	5	7	12	9	12	6	6	21	48	26	45	75	26	21	19	28	29	27	18	20	26	27	20	35	2	4	5	10	8	4	7	11	3	4	8	5	11	9	10	23
PD41853c_lo0020	47	34	7	29	26	18	5	22	44	19	8	19	27	41	7	40	25	11	4	19	8	5	3	12	5	6	1	7	18	13	1	26	63	32	504	48	48	41	221	83	40	52	378	46	80	45	204	81	24	8	19	34	8	10	4	12	9	0	7	7	20	5	6	14	57	17	29	55	17	29	23	29	26	21	19	27	28	19	11	34	2	3	7	7	3	5	6	10	1	3	3	3	8	7	10	17
PD41853c_lo0033	50	42	5	21	38	11	1	14	34	15	8	18	36	21	5	35	13	8	1	20	4	10	1	12	13	9	3	6	16	9	2	32	67	43	376	51	49	51	185	72	37	55	256	65	88	61	154	53	12	19	14	19	4	6	11	9	5	4	4	11	8	3	11	13	43	14	40	52	14	22	17	13	31	24	21	22	18	14	18	20	7	3	3	15	5	6	10	3	2	5	5	9	6	4	9	16
PD41853c_lo0034	47	29	6	24	25	18	4	33	28	20	3	19	32	26	4	44	22	10	0	15	7	4	0	11	6	9	1	3	10	8	1	21	69	45	442	73	57	54	224	79	48	47	264	40	39	65	158	62	16	10	11	29	9	11	13	11	6	4	8	10	16	4	9	15	47	22	50	64	16	17	22	21	22	14	19	18	22	19	9	30	8	4	8	7	5	5	5	6	1	2	5	1	5	7	8	19
PD41853c_lo0038	42	34	9	22	38	18	3	20	31	17	5	16	41	25	9	38	27	5	0	18	10	8	1	13	5	8	1	4	21	11	2	34	81	35	531	60	37	43	253	71	33	59	315	46	88	68	211	67	20	13	14	17	10	7	8	13	7	4	8	9	8	7	7	27	64	16	40	47	19	20	20	24	22	12	22	29	28	18	20	27	7	7	7	15	6	8	5	8	4	5	5	4	7	6	9	16
PD42833b_lo0016	45	27	4	24	26	21	3	25	76	6	3	34	53	31	3	93	16	4	4	14	6	7	4	8	10	7	2	6	11	7	2	15	55	16	383	47	39	42	167	54	33	29	223	38	47	34	179	43	9	7	10	24	11	11	10	9	3	1	4	8	27	2	6	17	35	20	25	44	15	19	16	22	28	16	13	22	18	18	6	31	8	3	10	5	5	7	5	9	2	4	3	5	8	3	10	17
PD42833b_lo0022	33	21	7	20	39	16	9	20	55	16	9	49	47	24	7	75	12	4	2	8	3	6	4	7	2	5	2	6	12	2	0	16	51	25	325	41	40	45	161	31	32	36	211	48	42	56	127	40	8	13	8	19	8	7	13	8	5	2	5	6	15	7	7	14	33	15	22	39	12	17	14	13	22	13	8	17	13	16	11	26	1	7	7	8	4	3	11	15	0	0	4	6	10	5	9	13
PD42833b_lo0020	61	23	2	21	35	20	7	30	69	17	11	46	60	27	12	79	7	6	2	18	5	11	1	14	4	5	1	5	7	9	1	19	75	50	407	53	55	45	207	56	41	49	282	53	59	49	133	64	17	9	7	20	7	12	11	12	5	6	5	9	21	4	5	20	40	17	32	45	13	17	18	29	22	11	14	17	20	17	28	23	6	1	6	10	2	5	6	12	4	1	7	4	8	10	10	15
PD42833b_lo0021	32	8	1	13	18	14	4	11	25	18	7	25	25	20	8	34	2	0	1	6	3	4	2	8	1	1	0	2	8	6	0	5	40	14	214	26	35	20	114	24	12	23	150	30	36	34	75	49	10	5	7	11	1	7	3	7	2	1	1	7	7	2	3	5	22	5	13	29	7	8	5	22	10	7	7	14	4	11	10	6	1	1	1	3	2	3	3	7	5	0	4	4	4	3	10	8
PD42833b_lo0024	28	9	1	17	21	13	6	18	27	20	6	26	25	19	7	42	3	0	1	7	4	6	2	8	1	1	0	1	7	7	0	7	38	15	239	25	32	25	114	27	14	19	157	32	26	31	70	50	9	4	7	11	1	7	3	6	5	1	1	6	6	2	3	7	22	6	15	29	8	6	6	20	12	6	8	18	5	14	9	9	2	1	1	4	1	3	1	7	4	0	4	4	5	3	10	6
PD42833b_lo0023	17	5	1	8	12	11	3	7	18	11	5	19	16	15	5	20	1	0	1	3	3	2	2	5	0	0	0	1	3	5	0	5	27	10	154	14	23	14	69	16	9	16	111	19	14	17	51	35	8	2	6	6	1	6	3	4	1	1	0	4	5	1	3	4	13	3	10	17	4	6	3	13	7	2	4	6	2	9	7	2	0	0	0	3	0	2	1	6	2	0	4	4	3	2	5	3
PD42834b_lo0018	59	28	3	27	36	13	6	33	73	25	6	33	60	49	11	91	19	11	0	11	9	8	0	12	5	8	0	5	8	7	2	17	71	29	363	46	40	39	204	38	26	39	238	43	56	66	133	45	22	14	8	36	11	17	12	11	7	4	5	4	17	9	4	12	38	26	48	40	16	10	25	24	15	22	21	20	27	18	17	25	9	5	4	7	3	3	5	5	3	1	5	4	12	6	8	14
PD42834b_lo0020	35	27	7	22	32	21	5	27	58	18	7	30	47	41	11	60	16	7	4	14	7	5	6	11	4	6	5	5	16	10	3	19	72	35	322	45	49	47	185	53	37	38	211	37	47	41	118	50	17	15	21	26	10	7	15	17	5	5	3	11	13	6	10	15	55	28	42	55	17	12	29	26	24	26	24	29	20	11	18	32	6	7	6	10	3	6	8	8	2	1	2	4	6	6	9	25
PD42834b_lo0021	54	26	7	29	35	21	7	24	65	17	15	44	46	38	11	82	14	5	1	17	8	8	1	7	8	7	1	4	14	9	1	13	48	39	359	44	40	48	170	31	32	46	232	33	41	43	145	46	11	12	11	27	10	6	12	22	2	1	3	3	16	5	9	14	53	19	31	45	21	12	20	18	21	21	13	29	15	17	13	26	7	2	7	11	3	4	11	5	3	4	3	6	5	5	10	13
PD42834b_lo0022	39	25	6	24	40	15	7	28	67	22	8	32	59	31	9	90	13	10	4	9	12	12	2	13	9	8	2	7	12	15	0	24	67	39	365	47	37	42	196	61	43	26	222	41	54	51	126	39	16	10	19	32	21	14	26	21	6	4	11	7	24	14	16	29	54	28	37	51	23	23	34	15	33	12	16	33	27	7	26	28	10	4	14	9	5	4	8	10	5	1	6	3	3	6	4	21
PD42834b_lo0023	53	29	8	22	40	23	1	31	68	29	5	52	48	53	5	97	8	9	2	6	15	8	6	17	9	4	1	4	13	6	0	41	74	39	363	38	30	62	181	39	46	43	223	26	73	55	158	65	14	14	14	29	10	11	9	18	3	4	2	11	19	10	8	15	44	20	28	51	14	16	30	15	25	18	10	31	26	16	17	28	9	2	5	12	6	7	4	7	2	5	4	2	7	1	6	19
PD42834b_lo0024	43	31	7	36	36	23	8	35	65	26	7	33	56	39	12	77	15	14	2	7	9	7	3	10	9	3	1	8	18	14	1	32	54	41	304	42	33	52	153	36	45	48	211	34	59	52	131	57	11	11	6	20	9	10	15	12	5	4	4	10	19	6	6	17	44	20	30	45	13	21	24	23	14	22	24	19	22	5	9	25	6	5	6	8	2	10	8	8	3	2	4	4	5	5	7	19
PD42834b_lo0019	48	32	2	26	33	19	2	21	53	23	5	29	43	32	11	56	24	10	3	9	4	9	1	8	5	3	2	4	13	8	4	23	50	35	326	40	44	39	171	44	36	42	196	46	63	49	133	53	19	10	14	20	8	10	17	11	4	4	11	11	16	4	6	11	54	27	38	55	13	21	24	24	19	27	12	31	22	25	13	27	7	8	20	13	4	6	3	6	2	2	7	4	11	8	8	15
PD42835b_lo0015	52	23	9	20	31	15	3	25	38	18	10	33	46	25	7	51	15	7	4	18	9	5	0	12	7	9	0	8	42	14	6	56	55	30	353	30	36	35	181	55	42	46	227	41	67	56	115	57	17	11	14	16	1	10	11	10	8	2	2	5	21	8	3	19	39	18	25	50	10	10	13	18	22	17	14	23	25	18	18	21	11	2	6	15	4	7	6	24	2	5	5	6	7	3	5	17
PD42835b_lo0016	55	18	1	18	23	12	3	16	51	24	11	23	42	41	2	61	14	10	2	11	7	8	2	6	6	8	0	3	25	17	1	37	53	39	389	48	47	58	190	56	39	45	227	49	68	64	126	53	23	12	10	23	8	8	12	16	9	5	4	8	16	8	7	16	51	14	30	51	18	15	24	20	22	12	15	26	16	13	10	40	10	7	6	14	4	5	9	23	10	2	4	8	12	9	8	24
PD42835b_lo0017	41	22	4	13	32	11	8	14	38	17	4	28	29	20	6	44	13	9	2	18	6	9	5	7	2	10	0	3	9	14	1	26	45	38	306	31	31	51	151	53	30	52	203	49	43	35	109	32	14	9	14	16	7	11	11	9	8	4	7	2	14	2	8	24	41	9	31	66	8	18	16	19	27	22	13	35	25	13	7	31	7	1	8	14	3	15	8	48	3	4	3	7	8	9	5	13
PD42835b_lo0028	41	17	7	24	27	12	6	25	39	18	7	24	30	29	10	41	17	3	1	13	7	8	4	14	4	3	3	5	13	10	3	32	56	40	315	43	47	44	171	57	36	47	191	29	41	49	111	36	16	8	13	17	6	15	13	16	4	6	9	12	21	4	3	13	61	25	30	50	17	19	11	26	32	24	15	31	25	14	13	30	5	5	4	9	3	8	7	31	7	1	4	5	8	2	8	18
PD42835b_lo0031	40	29	10	20	29	14	5	15	39	20	8	23	26	14	9	28	11	3	2	11	6	8	1	10	3	4	2	7	12	12	2	30	60	28	288	36	28	44	138	52	31	42	168	36	50	52	99	39	11	12	12	15	10	9	13	11	6	7	6	6	17	7	4	19	50	11	28	50	10	20	21	19	17	15	16	23	19	11	16	19	7	2	8	7	4	6	6	9	3	2	3	5	6	5	5	8
PD42835b_lo0034	39	23	8	24	26	16	5	20	38	17	5	25	47	37	6	44	15	4	4	13	11	6	1	11	4	2	2	6	21	18	4	31	54	30	389	39	32	42	190	39	32	39	232	35	43	46	147	64	6	19	8	16	5	5	7	11	10	7	3	7	13	5	6	13	47	14	27	42	17	16	14	14	22	12	21	18	17	21	15	42	5	1	10	10	4	8	7	7	5	3	5	4	3	4	6	21
PD42835b_lo0033	42	19	5	20	32	16	6	20	44	15	9	26	37	23	3	26	14	7	5	16	7	9	1	10	9	5	1	7	8	16	0	39	47	27	290	46	35	41	158	39	42	52	171	34	57	52	102	45	15	16	15	21	8	9	11	14	5	4	3	4	13	4	9	24	46	14	40	59	21	18	19	21	17	9	22	28	27	18	17	45	6	4	2	8	5	10	7	12	7	4	2	6	10	3	11	31
PD42835b_lo0029	39	23	4	27	30	15	3	23	29	14	14	26	25	31	9	30	16	9	3	11	6	6	3	8	10	6	0	10	18	9	1	22	58	35	273	38	30	53	138	52	31	49	184	41	47	49	110	47	16	18	12	21	13	11	17	9	6	4	6	10	23	6	6	16	50	22	39	65	12	10	24	20	21	16	18	17	24	21	21	34	6	5	7	8	4	11	5	19	2	3	4	9	7	8	8	27
PD42835b_lo0030	35	27	11	25	37	23	8	18	47	15	13	25	31	38	12	35	21	9	2	10	8	5	3	15	6	5	1	10	22	23	1	33	57	39	300	45	51	48	174	41	33	53	194	38	54	57	144	51	16	14	11	12	10	7	7	15	1	8	8	7	15	2	10	18	61	30	43	64	19	18	14	28	27	13	18	31	25	19	23	36	4	7	11	15	5	12	7	19	5	4	6	6	6	11	4	20
PD43400e_lo0009	54	27	4	34	35	12	4	19	36	22	5	29	35	47	11	54	29	10	5	15	10	7	4	17	9	9	1	8	17	7	1	24	66	57	566	47	52	56	258	74	47	53	373	46	59	61	184	60	23	15	20	31	13	11	11	12	8	3	7	11	20	4	7	29	65	25	34	50	17	21	21	21	35	15	24	34	40	23	16	44	11	7	8	8	4	8	7	14	2	8	8	4	10	7	4	21
PD43400e_lo0010	52	32	7	39	27	17	6	18	42	22	7	33	37	43	15	61	27	11	3	13	10	9	5	14	12	8	0	7	17	7	2	25	71	42	527	61	49	58	235	79	56	50	342	39	72	72	193	53	14	20	11	34	14	10	5	13	2	5	4	8	31	4	10	28	63	31	30	51	21	27	18	20	33	14	19	36	36	24	16	35	10	7	5	10	7	5	10	12	3	6	7	6	14	5	10	22
PD43400e_lo0011	82	32	8	32	37	24	3	26	69	35	9	50	68	67	16	104	26	12	3	18	10	6	2	15	9	14	6	11	38	11	4	38	80	46	719	71	73	48	341	65	56	68	483	68	95	77	270	88	23	24	11	43	15	18	10	21	13	5	9	7	26	13	6	36	79	34	54	64	26	19	35	28	31	21	27	44	33	30	17	28	8	8	8	10	8	12	10	23	6	4	2	9	17	8	11	23
PD43400e_lo0012	71	35	7	40	47	26	9	34	69	35	13	42	58	60	17	91	22	11	4	19	8	11	3	14	7	11	4	10	26	17	2	36	72	55	758	82	77	48	339	84	56	67	432	61	74	69	261	79	18	20	14	45	11	13	10	24	10	7	5	12	37	13	6	37	67	18	53	55	17	17	26	31	38	20	21	53	34	31	20	31	12	8	6	10	6	15	13	16	5	3	6	6	14	10	13	31
PD43400e_lo0013	42	38	11	20	32	28	6	17	46	20	2	35	54	41	11	47	15	11	5	18	10	9	2	14	4	10	5	11	17	21	2	32	80	27	562	66	54	57	258	59	54	63	342	53	44	73	189	62	15	13	17	34	10	17	10	19	8	5	8	8	25	10	6	30	71	23	35	52	29	10	12	31	39	20	21	46	27	20	22	42	14	4	9	6	3	7	10	15	4	3	8	7	16	9	3	18
PD43401e_lo0009	34	20	3	17	18	12	4	13	28	14	5	12	31	23	6	35	20	4	1	11	8	7	3	9	12	5	2	4	45	18	2	67	74	25	243	29	31	35	104	49	28	39	158	34	78	48	88	46	14	10	9	12	4	9	13	9	5	5	4	3	17	4	5	9	31	22	32	38	14	11	20	17	14	9	10	19	16	16	12	13	2	5	6	3	5	7	2	5	3	3	4	1	3	4	10	14
PD43401e_lo0010	36	24	3	19	19	8	4	12	29	7	4	13	18	21	10	24	19	2	1	11	7	7	4	5	8	6	0	1	6	8	0	17	52	23	251	29	34	31	96	48	32	35	160	29	31	44	74	31	15	6	12	11	5	7	9	10	4	6	3	6	18	2	5	12	37	16	26	38	13	9	12	17	14	10	12	15	14	11	11	16	3	4	5	4	4	3	4	3	2	0	5	3	5	5	8	10
PD43401e_lo0011	34	20	5	17	20	12	5	12	28	15	5	8	24	17	9	23	21	8	1	14	7	5	1	10	3	6	0	4	9	5	1	18	56	27	238	34	47	29	120	49	26	48	148	32	33	38	95	38	14	12	8	12	7	3	9	13	8	4	3	7	11	5	6	13	34	12	29	40	12	8	11	14	20	11	11	16	14	15	8	22	0	8	9	8	1	2	2	6	0	2	3	1	3	4	11	9
PD43401e_lo0012	30	16	3	20	24	12	5	13	27	6	3	11	11	21	8	28	24	12	1	18	7	4	0	11	7	8	1	6	7	8	1	16	49	38	209	33	33	56	100	59	35	55	152	43	29	41	80	42	15	7	16	18	5	10	11	4	5	3	4	3	13	8	6	5	48	13	27	42	15	14	13	13	23	8	7	19	18	13	7	25	4	7	4	4	2	5	7	6	4	3	4	2	9	8	8	8
PD43401e_lo0013	34	20	1	15	26	15	1	13	17	8	5	16	29	15	5	25	9	5	1	4	6	3	2	2	11	5	3	8	4	10	2	18	55	35	235	48	47	37	97	56	30	46	134	29	37	42	86	34	15	9	10	9	10	9	6	6	3	3	6	7	15	6	3	7	29	18	24	48	8	11	15	13	18	12	14	23	8	16	9	8	1	4	3	7	4	4	5	7	4	2	4	3	8	5	4	17
PD43402c_lo0025	38	30	6	17	18	18	4	11	36	16	7	25	30	29	7	32	15	6	4	13	7	8	3	16	11	7	2	4	12	6	2	31	55	47	378	43	40	43	166	51	42	33	243	31	47	40	98	33	8	14	14	15	5	11	8	12	8	7	6	8	14	7	8	15	41	20	38	45	15	13	17	19	24	19	8	23	25	13	16	26	6	3	7	9	3	6	6	5	2	7	2	4	8	5	8	12
PD43402c_lo0026	51	27	5	22	25	17	7	22	42	23	7	33	36	45	8	59	12	8	2	11	6	7	3	17	5	5	5	5	12	7	1	20	56	36	459	41	43	51	252	56	44	46	300	37	62	78	231	58	12	8	11	19	9	12	11	10	1	7	2	5	16	12	4	24	59	20	34	54	13	20	16	24	22	13	23	25	24	15	22	29	3	0	6	8	4	5	2	7	1	2	5	8	3	6	8	11
PD43402c_lo0027	52	28	8	23	29	18	2	13	39	17	3	30	44	36	2	62	17	2	0	17	8	6	5	17	6	6	2	4	21	7	1	18	64	32	406	47	40	49	219	39	47	34	263	31	55	49	191	48	11	10	10	18	6	5	13	21	1	4	5	6	17	7	4	16	54	13	32	48	17	23	19	19	22	15	19	20	19	11	17	26	1	2	3	3	1	4	4	6	1	3	4	8	4	3	5	14
PD43402c_lo0028	66	45	9	30	40	22	3	17	68	30	5	40	55	62	5	82	26	6	3	25	10	7	4	21	6	8	2	10	33	11	2	47	88	52	580	65	62	67	295	63	58	56	368	56	99	80	239	91	21	14	14	33	12	11	23	20	4	6	9	11	27	16	6	22	67	22	59	77	22	28	22	24	31	25	33	33	32	18	21	36	6	2	7	5	2	6	8	12	2	2	5	9	6	6	12	23
PD43402c_lo0029	46	21	3	32	31	16	4	22	33	21	6	16	28	23	9	44	21	7	2	12	8	6	1	14	6	8	1	3	14	11	1	28	58	30	344	43	41	51	173	46	42	43	235	41	53	53	143	46	15	10	20	27	6	13	11	14	3	3	9	6	14	4	5	14	53	26	39	55	22	16	17	21	26	13	19	31	32	16	15	26	4	2	7	3	6	5	6	9	3	3	2	2	4	4	6	9
PD43402d_lo0001	61	17	9	23	26	14	6	20	34	14	3	28	48	38	13	57	16	5	2	18	8	11	2	16	5	7	1	16	89	27	5	120	61	37	429	35	56	57	180	48	42	66	277	39	126	55	165	87	15	5	11	34	11	9	12	17	4	4	3	13	20	7	3	13	47	19	30	47	21	15	13	14	30	29	17	28	19	20	12	20	4	6	6	14	6	5	8	5	4	1	0	9	8	7	12	15
PD43402d_lo0002	43	36	11	27	33	18	10	23	61	19	9	32	49	44	12	70	19	7	5	18	9	12	2	14	7	3	2	16	83	21	4	101	55	41	448	50	57	39	214	48	56	55	287	38	127	74	179	74	9	11	14	33	5	13	13	9	7	9	7	11	18	9	5	13	58	21	45	51	14	18	14	19	24	22	24	40	28	15	12	34	5	5	6	11	6	7	11	7	6	4	1	7	12	6	6	14
PD43402d_lo0003	50	30	13	35	26	18	5	22	54	21	5	27	49	26	10	62	15	8	2	12	5	7	6	9	7	3	2	12	16	5	3	27	68	40	428	53	41	44	220	47	42	49	280	35	69	72	159	62	12	16	17	24	8	7	14	16	8	5	8	8	29	6	9	23	37	18	40	58	16	13	17	19	26	17	24	30	27	25	20	25	5	3	6	7	3	6	3	7	4	1	3	4	9	4	8	20
PD43402d_lo0004	30	17	6	15	28	15	0	12	14	10	8	16	30	15	6	49	16	7	0	10	7	6	2	14	4	6	1	11	14	9	1	18	69	37	307	44	37	34	167	41	32	46	187	47	42	40	128	42	19	8	9	21	10	14	5	11	7	3	6	2	20	6	7	16	51	18	32	48	13	12	8	13	16	14	15	21	17	14	13	22	4	1	11	6	4	4	7	11	4	3	6	1	9	5	9	17
PD43402d_lo0005	36	22	6	10	25	13	5	15	22	8	3	24	32	17	12	40	14	4	0	12	8	8	5	6	2	4	1	6	14	2	4	21	57	38	283	50	37	39	137	55	30	39	165	34	36	37	115	38	14	11	12	18	5	7	8	10	6	7	6	6	19	4	3	12	39	16	31	46	16	15	13	19	23	15	10	20	22	12	12	23	4	1	10	7	6	4	8	8	6	3	1	2	7	2	5	17
PD43402d_lo0006	37	22	12	16	22	13	3	16	24	20	5	14	31	19	8	39	21	7	3	15	5	3	2	10	2	6	3	11	12	9	1	14	77	43	358	45	39	44	157	40	43	45	191	42	38	35	116	41	16	15	15	18	8	8	9	9	7	5	6	9	18	5	6	17	47	15	38	36	18	14	13	14	24	18	16	24	22	11	16	26	4	0	7	12	3	8	8	9	5	4	8	2	7	5	5	15
PD43402d_lo0007	38	24	9	14	30	16	4	21	32	14	5	11	32	12	8	47	19	5	1	20	3	4	2	10	4	7	1	9	16	9	1	17	67	43	381	44	34	54	164	48	39	55	221	35	36	46	131	40	20	7	14	22	10	7	7	7	7	3	6	8	20	4	2	17	41	20	36	35	20	14	14	18	23	24	20	22	26	13	17	27	6	0	6	13	2	8	4	8	4	3	6	3	8	5	4	20
PD43403e_lo0004	41	34	10	27	26	21	6	22	52	30	6	32	35	56	8	76	17	5	0	11	11	4	0	13	12	4	5	8	14	16	1	24	86	42	596	56	50	59	265	59	61	59	390	50	62	63	212	57	23	15	13	40	12	9	15	16	9	4	9	10	23	12	4	31	70	35	27	43	11	19	22	23	26	22	23	34	12	24	14	34	7	2	8	11	5	9	8	12	4	4	3	7	8	5	9	26
PD43403e_lo0005	46	32	8	28	27	19	5	23	55	29	6	31	37	53	10	79	19	4	1	5	10	3	0	13	14	4	3	7	14	14	1	23	81	46	594	55	54	53	276	55	51	57	386	49	59	57	217	61	20	16	16	44	14	9	16	11	9	6	8	10	24	11	5	30	75	35	28	47	11	18	21	23	27	22	23	31	16	29	16	28	8	2	8	13	4	8	6	9	2	4	2	6	8	7	9	19
PD43403e_lo0006	54	41	7	29	28	25	6	21	55	31	8	39	51	66	12	87	22	11	2	12	16	3	2	13	11	2	4	9	48	20	2	58	79	43	622	57	52	56	296	58	55	59	400	56	93	72	246	75	24	18	16	43	12	9	20	14	11	3	10	10	26	17	7	32	81	29	31	51	16	17	16	22	30	22	28	37	16	27	17	26	9	1	4	12	2	7	9	9	4	3	4	5	7	5	10	24
PD43403e_lo0007	54	41	4	39	30	34	7	32	54	17	10	39	66	51	8	86	14	10	3	18	10	10	1	8	7	3	2	7	15	15	3	19	75	51	728	50	54	57	320	63	56	63	442	68	71	78	231	67	18	23	23	41	6	17	17	14	5	7	6	8	28	13	13	27	61	19	53	60	17	19	18	24	39	26	22	38	42	23	26	32	6	3	4	11	3	8	8	13	3	1	3	9	6	9	5	24
PD43403e_lo0008	56	34	6	41	35	34	8	33	50	25	10	29	64	61	12	86	13	10	4	11	7	7	2	6	3	6	2	8	15	15	4	26	67	52	720	51	55	51	342	62	55	70	424	71	69	89	230	67	20	20	24	47	8	17	16	15	6	2	5	7	29	15	12	23	62	30	43	60	21	18	19	19	32	25	19	33	40	23	22	44	9	6	7	7	3	6	10	11	6	1	1	8	8	9	8	24
PD43850h_P50_DNM_A2	24	17	2	23	23	13	5	19	32	15	6	17	29	30	5	46	6	9	2	6	4	4	1	10	7	1	1	4	9	11	0	13	52	31	323	45	32	29	135	49	32	38	213	24	38	34	124	37	16	4	9	13	8	3	7	9	7	4	7	7	14	10	4	10	36	15	28	38	17	12	10	17	20	5	12	20	19	18	13	23	7	3	4	8	2	3	6	5	0	2	1	4	3	3	4	17
PD43850h_P50_DNM_C2	30	14	1	25	17	15	4	11	34	11	5	8	27	23	9	53	10	5	3	5	1	11	3	6	8	3	1	7	9	8	3	26	38	12	252	26	30	21	119	32	30	24	177	27	32	34	101	38	18	7	5	18	3	9	7	10	2	2	5	3	23	5	0	14	27	11	9	38	13	11	9	10	15	6	13	12	12	12	7	16	5	1	2	4	0	1	2	6	1	3	3	7	6	5	5	9
PD43850l_P50_ILM_E4	49	19	6	29	30	23	6	16	36	20	8	25	41	25	4	42	14	11	2	10	4	11	1	7	7	5	1	8	4	8	0	20	54	30	345	40	49	53	185	52	37	36	240	30	44	49	135	25	12	7	17	16	5	12	8	9	9	4	3	1	8	2	11	18	44	12	33	35	11	16	15	17	27	14	13	18	27	16	9	18	7	5	5	13	0	5	5	10	5	3	6	4	6	3	7	9
PD43850l_P50_ILM_F4	57	15	10	20	27	12	5	13	32	7	7	18	34	16	5	43	16	5	0	13	5	10	1	7	3	2	1	9	12	7	0	12	41	35	331	27	42	35	139	42	28	49	212	31	33	38	133	37	13	8	12	21	6	5	8	7	4	2	7	8	14	5	5	15	39	11	39	32	13	10	12	17	8	18	10	27	19	22	7	18	7	1	6	5	1	5	6	0	4	1	6	3	5	4	8	15
PD43850l_P50_ILM_G4	34	21	6	19	38	19	4	18	34	13	9	20	48	25	6	46	17	5	2	17	8	14	2	9	6	4	1	8	30	6	4	42	50	28	344	37	52	39	174	52	38	49	200	39	72	54	126	62	13	10	6	22	8	8	10	9	10	6	8	10	14	9	6	14	41	14	40	45	13	17	19	14	18	22	20	23	18	14	19	23	5	4	6	7	3	5	3	11	0	1	2	6	8	4	4	13
PD43850l_P50_ILM_H4	39	25	5	20	34	12	3	21	27	16	6	15	31	15	6	51	12	6	3	5	9	3	0	11	6	5	0	7	6	8	1	23	56	27	304	39	36	38	150	40	31	43	233	36	38	48	108	45	16	11	12	20	8	5	9	11	5	3	3	5	15	11	6	22	50	18	35	39	9	11	14	14	19	18	8	30	10	14	14	12	8	3	6	3	0	8	7	11	4	2	4	4	3	2	3	8
PD43850h_P50_DNM_B4	23	27	6	14	21	6	2	13	19	15	7	14	19	14	7	28	7	5	4	8	3	4	0	6	3	5	2	4	9	3	2	8	39	28	275	32	20	35	113	31	31	33	134	30	28	22	92	24	6	8	13	11	6	8	3	15	3	0	5	4	13	3	5	13	50	15	17	33	11	12	8	11	21	16	10	18	11	11	6	14	3	0	4	5	0	7	5	7	5	2	2	2	1	4	11	15
PD43850h_P53_DDM_D10	25	17	8	19	14	8	2	14	32	13	3	18	25	20	6	33	4	7	7	12	3	8	3	12	2	4	1	5	7	7	1	11	45	39	313	37	29	43	145	46	28	38	186	25	35	41	121	32	10	7	13	19	9	8	16	11	8	2	5	9	16	4	6	20	58	17	25	43	15	18	17	18	17	9	17	20	17	11	14	30	7	5	6	5	4	3	12	6	1	2	1	5	7	7	10	15
PD43850l_P50_ILM_A5	32	14	2	23	28	16	4	11	37	10	5	19	40	35	6	45	17	7	0	10	4	6	3	8	5	5	2	2	14	8	1	24	70	26	337	41	39	45	169	42	36	33	205	36	42	47	130	39	16	10	17	19	7	8	10	20	11	0	8	3	13	6	2	16	50	14	32	28	10	11	18	11	16	11	16	15	14	13	11	15	4	1	6	6	2	5	3	5	3	2	5	1	3	0	3	13
PD43850l_P50_ILM_C5	36	14	4	19	27	15	10	17	36	10	10	14	24	20	5	38	11	9	3	5	5	8	1	10	5	4	1	8	6	8	0	17	54	38	328	34	50	26	151	46	29	34	212	40	32	47	127	36	9	9	12	19	7	11	4	8	3	6	9	4	9	5	8	22	39	13	28	33	11	9	25	12	20	15	12	21	22	20	13	23	6	2	5	8	4	6	7	8	3	1	4	2	4	6	10	23
PD43850h_P53_DDM_A10	47	28	11	26	35	7	8	15	31	17	2	19	31	35	9	49	17	5	3	11	7	6	2	16	8	4	1	8	11	7	0	22	60	39	390	51	44	36	205	52	42	39	263	31	54	47	148	52	17	6	17	27	12	7	21	8	5	5	3	12	20	10	9	10	51	12	43	59	12	15	15	16	26	24	10	33	27	17	15	37	6	3	9	6	3	1	5	7	1	1	3	2	7	9	9	11
PD43850h_P53_DDM_B10	46	28	9	29	31	24	3	27	36	18	9	14	36	37	8	37	10	13	2	9	8	9	2	9	4	6	1	7	13	18	2	32	60	36	364	53	56	42	198	55	31	47	262	44	36	54	164	46	14	10	23	24	9	12	20	26	8	7	3	5	20	5	11	16	43	17	43	42	13	10	17	21	32	16	18	25	25	18	11	30	10	3	12	14	4	2	6	7	3	1	3	6	11	12	15	16
PD43850m_P50_JNM_B7	54	35	2	32	42	15	5	33	44	22	6	33	39	37	15	75	14	12	4	17	12	13	1	11	11	9	2	13	59	16	10	107	55	43	436	47	50	60	209	55	41	43	293	35	131	59	182	76	13	17	21	22	9	8	14	18	5	7	7	16	25	7	11	25	51	22	36	56	14	17	14	19	27	22	22	17	23	24	9	30	13	0	9	8	5	1	4	8	3	3	6	6	8	5	11	22
PD43850m_P50_JNM_C7	51	29	4	26	38	15	4	13	59	20	3	23	54	32	9	53	25	5	3	17	16	6	2	6	14	6	2	10	63	20	2	85	68	35	383	36	48	38	194	38	39	44	218	41	106	47	142	80	16	8	18	30	7	11	12	22	0	7	9	14	22	7	9	16	59	25	37	46	10	18	11	24	22	18	15	18	28	17	16	20	5	1	7	9	3	3	9	8	6	3	4	5	5	2	5	15
PD43850m_P50_JNM_D6	38	21	5	33	32	17	4	23	36	21	7	25	47	21	5	49	26	9	2	16	8	8	3	12	9	6	3	3	31	7	4	34	55	25	342	42	40	38	162	49	34	43	236	42	62	56	143	65	26	10	16	17	7	8	15	11	7	3	5	7	17	6	8	15	52	17	34	57	19	24	14	18	28	14	15	24	22	16	19	29	10	3	11	6	3	4	5	6	2	1	5	1	6	5	7	14
PD43850m_P50_JNM_E6	45	26	4	33	37	14	6	20	40	17	9	29	36	31	19	55	16	12	0	12	12	11	4	12	5	5	0	3	18	9	2	25	59	27	434	50	44	35	220	51	31	40	261	41	61	44	181	56	15	14	11	24	5	18	11	17	7	4	4	19	25	7	3	23	58	19	27	50	14	26	19	19	32	13	10	36	33	26	15	25	14	1	2	10	4	6	10	11	5	6	0	4	11	6	14	14
PD43850m_P50_JNM_E7	42	24	3	24	29	14	7	23	41	18	6	20	37	28	10	42	19	7	1	3	10	7	1	12	12	6	2	6	26	11	2	30	55	38	299	31	32	40	164	48	41	44	213	49	70	50	122	61	16	10	21	25	10	4	5	16	12	4	9	6	26	5	8	24	47	27	30	50	14	13	11	17	23	19	15	23	28	21	8	23	9	1	3	7	5	7	5	13	4	3	10	7	10	5	12	17
PD43850h_P50_DNM_D1	23	22	9	21	27	16	5	19	25	22	11	14	31	19	6	34	16	8	2	21	15	10	0	12	5	10	2	7	17	6	3	27	50	26	371	53	39	40	148	23	38	33	197	37	42	46	107	38	11	13	11	21	5	9	11	12	3	4	5	9	28	7	6	19	48	14	34	43	19	17	8	24	22	5	12	23	18	17	14	24	5	4	8	7	6	3	7	6	4	1	7	4	6	5	7	21
PD43850l_P50_ILM_B5	48	14	3	22	23	6	3	16	27	12	5	15	12	19	6	42	17	3	0	10	2	8	2	2	6	4	2	7	5	4	1	20	57	30	294	36	35	35	146	53	43	38	176	32	32	36	108	37	11	15	9	15	8	7	15	11	4	5	3	3	12	1	7	10	45	18	38	40	11	17	4	22	11	11	16	16	22	14	16	15	4	3	7	3	4	4	1	7	3	0	7	3	7	2	6	8
PD43850m_P50_JNM_F6	47	30	6	28	35	18	7	24	45	13	7	27	37	32	9	50	14	4	1	14	7	15	3	19	4	6	3	4	17	10	1	20	43	32	362	35	42	48	161	58	37	52	250	45	37	48	124	43	16	10	15	24	6	11	9	11	5	4	8	7	20	10	10	20	64	16	34	49	18	25	17	14	18	11	18	28	21	19	7	33	11	1	9	5	3	3	5	12	4	2	7	2	5	7	10	12
PD43851j_P52_DDM_B4	18	19	10	3	9	8	3	8	11	8	2	8	14	19	4	10	5	4	1	12	3	5	0	8	3	4	1	3	10	8	3	17	24	16	31	21	20	11	14	23	30	19	28	8	27	28	13	18	9	23	12	14	2	8	12	8	4	5	3	3	9	11	6	13	25	12	25	19	5	5	10	10	27	8	5	14	9	12	7	13	3	3	3	10	5	2	4	9	0	2	5	4	10	5	7	13
PD43851j_P52_DDM_F3	22	15	5	11	18	8	5	10	16	14	4	15	39	24	7	38	11	8	0	17	5	7	3	5	8	8	1	5	8	7	0	15	48	31	390	32	36	38	176	39	34	42	232	23	45	51	132	39	12	7	14	19	2	5	5	4	5	3	5	15	17	5	3	13	48	6	24	31	11	15	27	13	12	16	14	22	19	18	13	31	5	4	7	6	3	4	3	6	2	3	2	6	2	6	7	9
PD43851j_P52_DDM_G3	32	19	4	11	19	13	8	10	26	17	4	14	28	37	4	34	6	5	1	12	5	9	1	10	3	6	2	3	6	6	1	14	60	30	372	31	37	40	177	32	26	32	222	24	45	44	142	39	13	10	12	28	4	6	7	8	4	1	5	9	16	7	7	5	30	12	15	38	12	16	5	19	24	12	9	34	21	18	11	23	4	2	5	9	1	7	3	3	0	0	3	6	10	6	7	18
PD43851j_P52_DDM_B5	3	5	0	2	2	1	0	1	1	2	0	2	3	4	3	4	1	2	2	2	1	3	2	2	0	1	1	1	0	4	0	3	8	4	12	4	7	4	5	7	4	5	8	7	4	7	8	5	7	1	2	5	1	0	0	2	2	0	0	1	2	4	1	3	9	3	10	12	2	2	4	3	4	4	5	2	3	2	8	9	2	1	0	0	1	0	1	1	0	1	1	0	0	1	0	2
PD43851m_P52_ILM_D1	21	17	4	21	15	13	6	11	25	15	6	13	20	14	4	27	14	5	0	6	7	4	1	5	2	2	0	5	5	7	1	17	50	35	276	24	29	48	149	39	22	30	148	28	34	38	101	40	6	13	8	12	9	6	7	8	5	4	3	1	9	3	8	7	42	11	27	34	14	15	16	18	15	13	4	24	9	10	10	22	3	4	6	6	3	4	2	6	4	1	3	2	7	2	4	7
PD43851m_P52_ILM_A1	23	13	3	14	14	6	3	11	27	10	5	21	20	14	6	23	7	4	0	5	3	6	0	7	2	8	0	6	20	2	1	27	44	19	282	32	22	31	124	29	21	24	128	24	32	55	115	25	7	8	12	11	3	4	5	5	3	1	3	3	10	4	4	6	26	12	22	23	9	8	16	4	15	13	10	11	12	7	7	19	2	1	3	4	2	5	3	4	1	0	3	1	8	3	6	13
PD43851j_P52_DDM_D3	53	28	6	29	28	15	10	17	57	22	7	31	56	41	4	83	10	9	5	28	11	8	2	13	4	7	2	14	21	7	0	41	59	58	409	62	50	40	235	56	33	42	298	51	55	55	152	56	20	14	22	48	9	14	10	19	4	4	7	10	25	15	12	36	57	22	29	59	25	22	20	22	31	18	28	41	49	25	17	39	9	8	11	14	10	2	13	34	3	2	5	8	15	5	11	38
PD43851j_P52_DDM_G2	39	30	10	17	18	20	8	14	38	17	5	19	35	35	12	54	11	8	1	10	6	7	4	8	5	7	2	5	2	4	2	15	49	36	507	45	41	34	254	41	46	42	301	37	39	49	219	47	14	8	9	27	5	6	4	14	2	5	4	2	21	6	3	18	53	18	38	40	15	12	17	18	27	21	26	33	26	11	9	33	12	3	5	6	3	4	3	9	3	0	3	6	10	7	5	13
PD43851j_P52_DDM_H3	21	27	5	21	22	15	3	14	15	16	9	14	31	33	5	48	14	3	5	9	2	5	1	6	6	1	0	3	7	8	1	20	54	34	405	32	24	36	171	34	36	30	235	25	34	41	129	30	14	14	9	9	6	7	10	12	4	3	6	4	14	7	8	14	31	14	19	36	10	15	9	14	19	12	8	22	17	14	6	27	3	0	5	8	2	6	6	11	3	0	1	4	11	4	10	18
PD43851m_P52_ILM_H1	21	13	7	14	18	7	5	15	21	10	3	17	17	22	5	27	9	5	3	12	5	2	0	4	3	6	0	3	5	4	0	5	39	26	235	34	33	33	116	32	29	31	148	23	28	26	89	36	13	7	6	12	4	6	7	6	1	3	4	3	11	6	4	8	46	8	12	34	9	12	9	12	12	10	6	12	11	10	12	21	3	1	4	6	3	4	8	6	5	3	2	1	8	5	6	7
PD43851j_P52_DDM_H2	37	46	6	13	26	21	7	21	37	21	13	18	39	30	14	57	9	9	3	9	7	6	1	10	8	4	1	7	7	16	3	17	64	36	496	64	54	35	228	48	34	50	294	39	42	54	182	64	16	17	15	40	7	5	7	22	4	4	9	10	31	6	2	14	41	16	26	54	18	16	19	24	33	17	19	28	23	27	24	29	3	2	7	15	4	5	5	14	2	0	7	2	7	5	15	15
PD43851j_P52_DDM_C3	53	35	7	35	35	24	5	27	66	24	12	43	69	39	6	104	21	9	4	11	11	10	3	21	7	6	1	5	50	14	2	58	64	35	608	52	37	46	330	51	55	54	437	63	116	69	246	66	10	17	9	43	7	6	10	18	5	5	8	11	43	5	7	31	62	19	44	52	17	15	25	15	37	25	15	35	28	33	17	42	11	11	12	11	5	6	9	18	2	0	6	5	11	14	12	33
PD43851j_P52_DDM_E3	52	32	11	30	27	20	10	13	51	24	9	36	44	32	8	89	7	11	3	8	1	14	0	8	4	5	3	2	7	9	0	16	58	40	561	63	47	41	306	46	39	43	346	48	66	53	226	56	13	13	13	36	3	6	9	16	3	6	4	6	24	3	7	14	40	20	29	47	17	23	17	13	29	25	21	34	25	21	16	26	5	4	6	12	10	1	3	13	3	2	2	6	8	1	3	20
PD43851j_P52_DDM_C4	9	13	3	9	6	5	3	4	9	6	1	3	5	14	1	7	3	4	3	9	1	5	1	6	3	2	2	1	5	2	0	8	16	6	26	6	7	10	17	16	10	13	19	8	19	25	11	15	7	11	9	14	5	6	5	5	2	4	5	7	10	9	2	7	28	8	15	20	4	5	4	3	10	4	10	12	15	3	5	16	2	0	1	2	1	5	3	3	1	0	1	1	3	3	3	6
PD43851j_P52_DDM_E2	17	21	5	11	15	6	7	6	8	11	6	1	14	14	6	10	12	7	1	4	7	6	1	6	5	6	3	6	5	8	1	14	25	16	48	11	25	18	24	25	10	16	19	19	27	19	19	9	10	16	16	18	3	7	11	5	1	5	10	9	5	9	7	20	34	13	24	34	13	9	14	9	19	6	15	14	13	10	8	10	5	6	5	1	0	2	4	7	3	1	6	5	10	5	7	13
PD43851j_P52_DDM_D2	63	31	11	22	33	16	6	28	61	21	6	24	52	37	5	79	19	11	4	14	4	5	2	12	7	1	1	6	12	8	2	17	69	40	744	45	52	40	287	54	65	54	422	51	61	59	242	53	30	17	12	41	4	4	13	15	2	10	5	11	25	12	6	23	60	18	48	52	24	20	21	24	39	27	25	35	27	20	21	28	5	8	6	10	8	7	9	13	4	3	5	8	6	5	8	24
PD43853b_lo0020	36	31	7	30	58	36	7	58	52	36	11	35	49	56	10	66	7	7	4	14	11	5	2	7	8	16	2	11	57	21	0	95	39	20	274	31	27	40	113	47	84	59	170	66	83	32	115	56	17	21	12	24	20	40	21	73	9	14	6	13	24	14	6	20	27	19	21	37	23	36	17	43	19	27	16	14	19	14	12	16	5	4	12	12	7	13	11	74	5	4	4	16	7	11	8	18
PD43853b_lo0021	32	19	1	19	31	23	4	45	46	29	10	30	30	32	4	47	12	4	1	8	5	6	4	8	5	4	1	5	10	5	1	30	51	20	294	25	36	57	135	43	46	46	155	45	40	56	110	38	6	7	14	23	13	15	14	27	4	4	2	4	10	1	4	15	28	13	23	28	12	18	6	13	13	15	11	13	9	15	10	16	6	2	5	6	3	6	8	11	3	5	5	6	5	6	3	8
PD43853b_lo0022	40	56	7	32	69	39	4	88	69	57	8	50	35	67	15	67	13	9	0	16	8	8	2	11	11	13	1	15	35	19	2	56	54	24	298	24	35	52	147	63	88	49	213	60	59	36	101	62	23	24	14	25	33	65	42	127	12	23	5	18	27	13	14	22	39	19	29	41	16	57	46	70	14	23	14	29	22	28	8	28	4	3	8	31	8	65	26	298	6	11	13	66	13	6	17	40
PD43853b_lo0023	36	46	8	25	57	33	4	63	44	38	3	37	37	39	8	62	14	8	1	16	11	11	2	6	11	16	0	12	13	15	0	39	36	29	284	24	30	39	143	52	69	59	219	62	36	29	84	48	22	23	13	33	24	48	13	82	9	13	8	15	26	12	8	22	39	20	26	34	19	38	39	45	14	20	11	24	19	24	14	25	6	4	6	14	3	13	8	125	5	1	11	32	9	5	16	22
PD43853b_lo0025	38	54	4	25	64	58	5	92	61	72	7	44	28	49	4	70	10	10	2	23	10	11	1	15	9	16	0	17	35	15	0	58	32	37	244	30	34	77	128	74	89	44	159	58	65	41	100	47	14	24	7	26	37	30	38	69	7	7	9	20	25	8	11	21	28	20	28	33	19	26	38	40	13	26	8	23	20	18	12	20	8	2	8	10	8	8	8	51	3	3	5	9	7	4	9	11
PD43853b_lo0024	40	41	4	25	61	44	5	72	58	43	6	45	36	50	3	70	7	8	3	20	10	8	4	12	12	14	2	13	40	12	1	45	49	29	278	25	37	72	146	49	88	41	217	54	68	49	102	61	21	31	21	33	27	45	39	69	7	21	3	18	26	9	14	22	41	19	27	44	22	54	26	53	20	24	16	23	19	19	16	22	8	8	6	29	10	54	23	236	4	8	6	53	9	5	7	26
PD43853c_lo0016	44	31	8	33	36	21	3	41	63	25	6	30	45	31	8	71	15	7	0	9	2	6	3	8	4	8	0	4	12	15	1	25	51	39	464	25	36	39	218	49	47	51	278	37	76	55	176	66	9	11	16	27	21	16	12	30	5	4	7	9	20	4	7	19	37	17	30	50	13	18	16	22	20	14	14	20	19	18	11	27	4	2	5	4	5	1	8	5	4	1	6	3	5	5	13	17
PD43853c_lo0019	36	22	5	13	33	13	2	35	35	16	5	28	26	28	7	54	10	5	2	10	2	3	4	9	3	5	1	8	13	7	3	18	41	21	335	29	36	48	166	51	37	34	216	28	35	43	119	42	11	6	17	20	5	14	7	24	4	1	4	9	17	6	7	12	30	7	21	33	15	6	16	20	17	15	15	20	22	10	7	26	6	3	5	9	3	6	4	7	3	1	7	5	5	2	11	18
PD43853c_lo0017	33	22	3	24	41	27	4	38	56	25	8	18	37	45	5	56	10	3	2	13	3	7	3	3	6	9	1	8	10	4	0	19	37	27	394	32	36	58	192	42	47	42	269	52	37	46	131	33	10	10	11	20	11	8	17	42	5	3	5	8	19	7	6	16	37	15	25	39	13	18	11	24	20	17	15	22	13	15	9	16	4	2	3	8	5	5	13	6	7	2	1	4	9	8	4	13
PD43853c_lo0018	30	15	5	25	30	22	4	32	39	28	9	24	42	37	6	53	14	5	2	14	6	4	3	5	2	7	1	8	14	6	0	18	41	31	433	29	35	42	197	51	34	40	277	39	55	35	153	33	19	10	14	19	9	11	25	36	3	5	8	7	22	6	7	16	41	14	23	38	14	22	10	19	22	17	16	15	21	15	11	20	5	1	4	9	6	5	6	8	4	1	2	3	7	5	3	17
PD43853c_lo0020	48	25	5	25	36	21	5	55	54	28	13	28	41	45	4	88	19	6	1	10	9	7	1	7	5	6	4	11	69	14	2	97	42	33	398	27	32	50	153	35	27	37	207	35	129	69	133	85	6	13	9	34	11	16	19	40	9	4	7	7	21	6	10	12	37	14	28	36	13	14	17	16	12	14	7	24	21	8	7	22	4	1	4	5	2	2	4	6	2	4	3	4	4	5	7	12
PD43949b_lo0021	27	14	1	7	10	6	4	8	33	7	4	23	32	31	6	66	2	5	1	2	2	3	0	5	3	0	0	1	7	2	0	3	15	13	184	20	20	13	93	12	10	17	104	13	15	10	59	17	3	2	4	11	1	2	4	0	0	1	0	1	10	2	1	3	15	10	8	14	7	6	5	1	11	8	5	9	6	7	6	4	5	2	2	1	1	1	3	3	0	1	1	0	2	0	2	3
PD43949b_lo0022	27	11	0	11	15	6	2	15	35	10	6	21	44	34	6	61	0	5	0	7	2	3	1	4	4	2	0	2	1	4	1	3	17	9	163	14	16	13	100	19	14	12	110	11	18	9	71	11	3	3	3	3	2	0	2	5	0	1	0	2	12	0	0	7	12	8	6	15	2	5	7	7	4	6	2	9	5	4	5	5	1	2	3	3	0	1	3	7	1	0	1	3	4	1	3	7
PD43949b_lo0023	24	9	1	8	12	5	2	8	42	12	3	19	34	22	4	47	3	4	2	3	3	0	0	3	1	6	0	2	3	0	0	6	22	9	182	13	11	13	69	9	10	14	113	14	27	10	57	8	6	1	4	11	2	6	0	3	1	1	1	3	7	3	3	7	10	10	13	12	6	6	8	4	5	1	6	8	8	6	9	11	2	0	3	2	0	0	2	2	0	1	3	1	4	1	4	4
PD43949b_lo0024	18	12	0	5	10	6	1	5	28	12	5	19	30	20	4	38	3	2	2	2	4	3	0	2	0	3	0	2	3	3	1	2	20	10	161	17	12	13	94	14	14	14	103	14	12	10	57	10	3	3	2	8	0	5	1	4	1	0	2	1	12	1	4	3	16	6	7	8	5	8	4	5	5	3	2	7	6	8	6	10	2	2	1	4	0	0	1	1	0	0	0	0	1	0	3	5
PD43949b_lo0026	21	6	2	15	15	7	1	5	41	6	2	21	38	25	4	55	5	2	1	4	1	0	0	2	2	1	0	0	3	1	0	7	16	8	197	12	18	13	101	7	16	15	102	10	26	11	78	15	4	2	5	11	1	2	2	4	1	3	1	2	5	4	3	3	14	7	8	15	4	5	6	7	7	4	4	6	9	5	11	10	1	1	1	3	0	1	1	3	1	0	1	1	2	4	3	6
PD43949b_lo0027	13	6	2	8	5	9	1	4	24	6	3	12	20	16	3	32	2	2	1	1	1	0	0	1	2	1	0	2	4	3	0	1	10	10	156	12	10	9	85	17	13	23	99	10	13	14	53	5	7	3	5	9	0	2	3	0	0	1	3	0	8	2	2	7	10	8	11	15	2	5	9	5	8	2	8	5	4	8	1	8	2	0	1	2	0	0	2	3	1	1	3	1	1	5	1	3
PD43949b_lo0028	15	6	0	15	8	6	1	3	22	5	2	17	23	15	3	33	5	2	1	2	2	0	0	1	2	1	0	2	6	1	0	3	12	15	157	8	11	10	78	17	13	25	97	9	12	12	60	11	5	4	3	8	2	1	0	0	1	1	4	2	7	3	3	4	8	8	14	9	2	4	6	4	6	2	9	9	7	5	4	15	3	0	1	0	0	0	1	2	1	1	1	1	2	5	0	3
PD43950b_lo0022	6	1	1	3	7	0	0	2	6	1	2	5	5	9	1	7	3	1	0	1	0	1	0	2	1	1	0	0	4	0	0	3	8	0	70	3	4	5	34	2	4	6	38	4	19	4	28	6	0	1	0	2	1	0	0	2	2	0	1	1	4	1	0	2	4	5	3	6	1	1	3	1	5	0	0	6	2	2	0	3	0	0	2	2	0	0	2	1	0	0	0	1	0	0	0	1
PD43950b_lo0023	3	2	0	3	3	1	1	2	0	3	1	3	7	2	2	7	1	0	1	2	0	0	0	1	1	0	0	0	0	0	0	3	10	4	64	4	2	6	24	5	2	2	41	6	5	10	20	8	0	2	2	6	1	0	2	2	0	1	0	0	3	2	2	1	5	2	3	5	2	0	1	1	2	1	1	3	3	2	2	2	2	0	3	2	0	0	0	0	0	0	0	0	1	0	3	1
PD43950b_lo0030	4	3	0	3	4	1	0	0	1	0	3	5	8	11	3	8	2	2	0	3	1	1	0	3	1	1	1	1	44	12	1	45	8	3	68	4	8	6	40	4	4	6	54	8	50	14	31	21	1	1	0	6	3	1	1	2	0	1	0	1	5	0	0	0	5	2	2	8	1	2	2	4	6	1	1	4	6	3	1	3	1	1	3	0	0	1	1	1	0	0	0	1	0	1	3	1
PD43950b_lo0031	6	3	0	2	4	3	0	3	2	0	2	6	3	5	3	14	0	1	0	1	0	1	0	0	0	0	0	1	3	0	0	4	7	4	88	9	3	5	39	5	4	4	56	6	11	6	22	10	1	1	0	4	3	3	1	1	2	1	0	1	2	0	0	2	10	2	3	9	0	3	1	2	7	3	0	4	7	2	2	3	0	1	1	1	0	3	2	1	0	0	0	0	0	1	3	1
PD43950b_lo0024	5	0	2	5	2	4	2	2	4	3	0	1	4	7	1	17	0	0	0	0	0	0	0	3	1	1	0	2	2	1	0	6	7	8	70	7	4	5	48	8	9	5	37	2	8	7	34	8	0	1	1	3	0	2	0	0	0	2	0	4	5	1	1	3	7	3	4	5	2	3	1	4	1	4	2	3	0	1	3	4	2	0	0	2	0	0	1	0	0	0	3	0	0	0	3	3
PD43950b_lo0025	5	6	0	2	2	1	0	1	7	2	0	7	11	4	0	14	2	1	0	1	0	3	1	1	0	3	0	0	21	5	0	14	13	4	74	6	7	7	42	6	7	6	39	7	26	10	34	20	2	1	2	6	1	1	1	1	0	0	3	1	1	2	1	4	6	5	4	6	2	1	3	2	5	2	2	3	2	1	3	4	1	0	1	0	0	0	0	2	1	0	1	0	0	2	1	5
PD43950b_lo0026	1	1	0	2	7	3	0	1	5	1	2	1	7	2	0	4	2	0	3	1	3	0	1	0	0	0	0	1	1	0	0	3	9	3	64	7	5	3	29	7	1	4	34	3	4	5	27	4	0	0	0	4	2	1	1	0	0	1	0	1	3	1	1	2	2	2	7	4	0	2	1	1	4	2	3	1	4	2	0	4	0	0	0	0	1	3	0	0	0	1	0	0	0	0	1	0
PD43950b_lo0027	4	1	1	6	3	1	1	2	4	1	0	2	2	3	1	2	1	0	1	1	1	1	1	1	0	1	0	1	1	0	0	0	9	2	51	3	4	6	37	5	4	8	31	0	3	7	20	4	0	0	0	7	3	0	2	0	0	0	0	1	5	2	2	1	2	0	3	0	3	2	2	3	3	1	0	4	3	2	2	4	0	0	1	1	0	1	1	0	0	0	0	1	2	1	0	0
PD43950b_lo0028	4	2	0	3	4	1	0	2	5	2	2	4	3	4	0	10	0	0	0	1	0	0	0	0	0	0	0	0	0	0	0	2	1	4	50	4	4	3	31	6	4	6	30	4	10	7	24	6	0	1	0	3	0	1	2	1	0	0	1	0	5	0	1	0	6	2	3	8	2	2	5	1	0	3	2	5	2	5	1	4	0	0	2	3	1	0	1	0	0	0	0	1	2	1	1	2
PD43950b_lo0029	6	1	0	3	2	4	1	4	5	5	1	5	7	4	1	5	1	2	0	1	0	0	0	0	1	0	0	1	8	3	0	7	8	8	66	6	7	3	43	5	5	2	40	1	13	11	30	10	2	0	1	3	1	2	1	0	0	1	0	2	2	0	1	0	4	4	3	4	1	1	1	1	2	3	2	2	3	5	1	2	0	0	1	1	0	1	0	0	0	0	0	1	0	0	3	3
PD43950b_lo0034	8	3	1	5	4	3	0	7	11	1	2	6	8	4	1	24	1	1	0	2	0	1	0	2	2	2	0	0	5	1	1	3	14	2	113	8	8	10	66	6	8	6	64	11	12	7	44	13	2	1	0	8	0	0	1	1	2	1	2	0	5	1	2	4	5	1	5	7	3	1	3	1	4	2	4	3	6	5	5	3	0	0	1	2	1	0	1	3	0	0	0	1	0	0	0	3
PD43951b_lo0010	8	5	0	4	11	1	2	2	6	5	3	4	10	6	0	8	2	2	0	2	1	0	1	0	1	1	0	4	4	4	2	5	5	4	62	6	15	8	36	5	4	2	45	5	13	8	36	12	2	0	0	4	0	2	0	2	1	0	2	0	3	2	0	1	4	0	4	10	3	1	4	1	1	2	0	4	2	1	5	2	1	0	0	2	0	0	0	0	1	0	2	2	1	0	1	2
PD43951b_lo0014	10	6	1	3	3	3	1	4	8	2	0	1	9	7	3	10	2	3	0	0	2	0	1	2	0	0	0	0	4	3	0	0	3	5	102	6	9	6	36	11	4	15	48	6	6	12	24	11	2	1	0	7	0	2	2	1	1	0	0	1	2	0	0	1	5	4	2	3	4	2	1	2	2	2	2	0	3	3	5	6	0	2	2	3	0	1	1	3	1	0	0	0	1	2	0	7
PD43951b_lo0015	2	2	1	2	1	1	2	3	3	1	0	1	5	4	1	4	2	0	0	0	1	0	0	0	0	0	0	0	0	2	0	0	4	3	43	5	2	5	38	8	3	4	31	3	6	5	19	5	2	1	1	1	0	0	1	2	1	1	1	0	1	1	0	2	4	1	6	6	1	2	2	3	1	2	0	4	4	2	2	1	0	0	0	2	1	0	0	2	1	0	0	0	1	0	0	1
PD43951b_lo0011	6	3	0	5	2	3	0	2	5	1	1	2	6	3	2	7	1	0	0	1	2	0	1	1	1	0	1	0	0	0	1	5	4	5	39	5	4	7	18	9	0	8	38	4	8	12	22	5	0	0	2	3	1	1	0	1	0	1	1	1	2	0	1	2	2	1	6	3	2	2	3	1	2	4	0	7	1	0	0	5	1	0	0	0	0	0	0	2	0	1	0	1	1	1	2	3
PD43951b_lo0012	5	1	0	2	5	1	0	3	3	1	0	6	3	2	0	8	3	2	0	0	0	2	0	2	0	1	0	1	0	1	0	1	7	3	92	2	4	6	28	12	3	6	42	4	5	9	40	10	0	2	1	4	0	0	1	1	0	1	2	1	2	1	0	2	4	2	4	7	3	1	2	1	2	1	0	2	1	5	3	6	1	0	0	2	0	1	1	2	0	1	2	0	0	0	0	4
PD43951b_lo0018	3	7	0	1	3	1	0	5	6	2	0	2	4	2	0	4	1	0	0	1	2	1	1	1	0	0	1	2	1	0	0	3	5	6	59	4	2	8	28	8	3	8	26	5	6	7	27	5	2	2	0	6	2	0	0	1	0	1	2	0	6	1	0	1	3	6	1	8	1	2	2	2	4	1	1	4	1	1	2	3	0	0	0	1	0	0	2	0	0	0	2	0	2	0	1	6
PD43951b_lo0016	4	5	0	2	3	6	1	3	3	1	0	3	4	5	1	7	3	0	0	1	0	0	1	0	1	1	0	0	3	1	0	9	8	4	58	3	6	8	33	6	4	7	28	7	16	10	16	11	3	2	2	3	0	2	0	0	0	0	0	3	1	1	2	1	6	3	3	12	2	2	1	0	1	3	3	4	4	2	3	5	0	1	0	0	0	0	1	0	0	0	0	0	1	0	1	2
PD43951b_lo0017	11	2	0	1	4	2	0	1	7	2	0	6	7	4	0	12	4	0	0	3	1	2	0	1	2	2	0	1	1	0	0	2	6	7	78	3	8	8	38	5	7	6	44	10	3	14	32	4	2	1	1	0	1	3	1	1	0	2	1	5	3	1	1	4	6	1	4	10	2	3	2	6	3	1	2	5	5	2	1	2	0	1	0	1	2	1	0	0	0	1	0	0	1	0	0	4
PD43951b_lo0019	7	2	1	2	6	2	1	2	4	2	0	2	5	4	2	4	2	0	0	3	1	0	0	2	0	0	1	0	0	1	0	1	8	4	67	3	4	7	27	8	7	5	45	7	8	8	29	7	0	1	2	0	0	2	0	1	1	2	1	0	5	0	3	0	4	1	2	5	7	3	3	2	4	1	1	1	1	2	1	0	1	0	0	2	0	1	0	0	0	0	0	0	2	0	0	4
PD43951b_lo0020	4	2	0	2	1	2	1	2	0	1	0	1	1	2	1	2	1	0	0	0	0	0	0	0	0	1	0	1	0	0	0	2	6	3	41	2	2	2	21	3	1	1	31	5	6	6	9	4	0	0	0	3	0	1	0	1	1	1	1	1	0	0	2	1	5	1	2	4	1	3	1	0	1	1	1	0	2	1	0	2	1	0	1	1	0	0	2	1	0	0	0	0	1	0	0	1
PD43952b_lo0011	5	3	0	3	3	1	0	4	2	6	0	0	9	2	0	4	3	0	1	1	1	0	0	0	3	0	0	1	4	1	0	1	5	5	80	9	11	5	34	7	4	7	36	10	6	5	29	7	4	4	0	4	2	1	1	2	0	1	1	1	4	1	1	2	7	2	4	3	4	1	3	4	5	2	2	4	6	3	2	5	2	0	1	2	1	0	1	1	1	0	0	1	2	2	2	2
PD43952b_lo0013	7	2	3	5	4	2	2	2	6	3	1	4	8	4	0	10	4	3	1	3	2	0	0	1	2	1	0	2	4	1	0	6	9	3	81	4	5	1	46	8	8	6	41	8	9	8	30	11	1	2	2	5	0	1	0	2	0	2	1	2	4	1	2	2	7	1	2	5	3	1	3	3	5	2	6	5	3	4	1	4	0	0	2	2	0	0	0	1	3	1	0	2	1	0	0	2
PD43952b_lo0016	5	5	0	0	4	4	0	3	9	3	1	1	3	3	1	7	1	2	0	0	2	1	0	1	0	0	0	2	0	1	0	4	10	4	59	1	10	7	33	3	8	4	39	4	7	8	27	8	1	1	0	4	1	1	0	1	0	1	0	1	5	2	2	1	4	4	8	6	2	4	0	4	5	4	3	4	6	6	6	1	0	0	1	0	1	0	0	0	1	0	0	0	1	1	3	5
PD43952b_lo0018	10	4	0	3	6	6	0	6	11	4	1	6	3	7	1	9	2	0	1	1	2	1	0	1	0	0	0	0	3	1	1	6	8	6	77	5	10	3	36	6	6	5	59	10	8	11	28	8	3	2	0	4	0	1	0	1	0	1	0	2	5	2	0	5	4	4	6	7	3	2	0	1	2	3	0	8	1	5	2	2	0	0	3	6	0	0	1	0	0	0	2	1	2	1	2	4
PD43952b_lo0021	5	4	1	0	1	5	1	0	1	2	2	3	5	1	1	6	1	1	0	1	1	1	1	1	0	1	0	1	1	1	0	6	10	5	70	9	4	5	34	2	5	4	48	4	8	12	27	5	1	1	2	2	1	0	1	2	1	1	1	0	2	1	1	2	9	1	4	6	4	1	4	2	2	0	4	3	3	3	3	3	2	0	2	5	0	1	1	2	0	0	0	0	0	0	1	3
PD43952b_lo0017	7	4	0	2	6	3	0	5	7	4	1	2	7	3	0	3	1	1	1	4	0	0	0	1	1	2	0	0	1	2	1	1	2	2	72	5	2	9	37	8	1	6	51	6	9	13	25	6	0	1	5	3	3	0	0	2	0	1	1	1	2	0	1	4	7	4	6	6	8	2	6	2	4	1	3	7	4	3	4	6	1	2	3	2	1	0	0	1	0	0	2	0	0	0	3	3
PD43952b_lo0024	8	0	2	2	4	0	0	2	10	4	0	5	6	7	0	6	4	2	0	1	1	2	0	0	1	0	0	4	1	1	0	2	12	7	67	6	5	7	32	5	6	4	37	3	9	9	25	10	2	2	0	3	0	3	1	2	0	2	1	4	2	0	1	3	5	0	4	4	3	1	3	1	3	1	2	7	7	3	1	2	1	1	3	0	0	0	2	1	0	0	1	0	0	0	1	2
PD43953b_lo0009	0	6	1	4	6	0	0	5	5	1	1	0	7	2	1	15	4	0	0	0	2	1	1	1	0	1	0	2	14	4	2	17	3	5	59	5	10	7	21	4	2	3	44	0	20	8	26	15	2	1	0	2	0	3	0	0	0	0	1	1	2	1	1	1	3	5	1	4	1	3	2	3	3	2	2	2	2	3	1	4	0	0	1	1	0	0	1	2	1	0	0	0	0	1	2	1
PD43953b_lo0012	2	1	0	3	2	2	1	5	4	1	1	3	2	3	1	5	0	0	0	1	0	0	0	0	0	0	0	0	6	1	0	3	7	3	57	4	1	4	31	2	2	3	38	2	10	8	18	8	1	1	0	4	1	2	2	2	1	1	1	0	2	0	0	1	6	2	4	6	0	3	3	4	2	2	3	4	3	4	0	2	0	0	0	1	0	0	0	0	0	1	0	0	0	1	2	2
PD43953b_lo0013	5	2	1	3	1	1	0	1	0	2	1	4	2	0	0	8	3	1	0	0	0	0	0	1	1	0	0	1	1	1	0	2	3	2	49	6	3	2	26	4	0	1	29	1	5	4	15	5	0	0	2	0	0	0	0	0	0	0	0	0	3	1	0	0	1	0	1	2	1	1	0	2	3	2	1	2	2	2	1	3	1	0	0	0	0	0	0	2	1	1	0	0	3	0	2	3
PD43953b_lo0014	1	2	2	2	1	1	0	3	5	0	1	2	3	4	0	6	1	0	0	2	0	1	0	0	2	0	0	0	1	0	0	1	4	4	72	6	5	3	32	7	4	3	34	4	6	2	25	7	2	0	0	5	0	0	3	1	1	0	0	1	6	0	0	0	3	0	1	5	1	2	1	3	2	2	2	4	3	0	0	4	0	1	0	0	0	0	1	1	0	1	0	0	0	1	0	1
PD43953b_lo0015	5	2	1	3	1	1	1	1	9	2	2	5	5	2	0	7	0	2	0	0	0	0	0	0	1	1	1	1	0	0	1	2	6	5	94	3	6	5	41	4	4	2	34	2	7	5	31	7	1	1	0	3	1	1	1	1	1	3	0	0	1	0	0	2	2	2	0	5	5	3	0	5	2	1	3	4	3	2	0	5	0	0	1	1	1	0	1	1	0	0	0	0	2	0	1	4
PD43953b_lo0016	7	5	2	2	4	2	1	4	12	2	2	5	6	2	2	5	4	1	0	1	1	1	0	1	1	0	0	0	2	5	1	3	6	2	56	7	2	6	31	11	9	6	49	3	9	8	31	9	1	1	0	3	0	0	1	0	1	3	0	0	7	1	1	2	2	1	1	9	0	0	3	2	1	3	4	4	1	2	2	1	1	0	1	2	0	0	0	0	0	0	0	2	3	0	0	3
PD43953b_lo0010	2	4	0	3	2	5	0	1	8	1	1	3	4	4	1	9	1	0	0	1	1	1	0	1	2	0	0	1	2	3	0	4	6	2	63	8	4	3	18	2	8	2	30	7	16	4	27	9	1	1	3	4	1	1	0	3	1	1	0	2	2	1	0	2	4	2	5	1	2	0	0	4	2	0	0	4	5	3	1	1	2	0	0	1	0	0	0	1	1	0	1	2	3	2	0	1
PD43954b_lo0012	8	3	1	1	4	5	0	4	6	4	1	6	1	3	0	6	1	1	0	1	0	1	0	2	1	2	0	1	1	2	0	8	13	2	74	6	4	2	41	7	8	5	36	4	8	10	26	5	2	1	2	3	0	0	1	0	1	0	1	0	2	0	0	4	8	0	8	7	4	1	4	4	1	3	2	0	3	2	1	5	0	2	0	1	0	0	0	1	3	0	0	0	2	2	2	6
PD43954b_lo0013	7	3	1	5	3	4	2	2	3	0	2	3	5	5	0	1	1	1	0	0	0	1	1	2	0	1	0	0	2	0	1	3	8	2	73	3	3	10	37	9	3	7	41	2	13	7	27	9	3	1	2	1	0	0	0	3	0	0	0	0	3	0	0	3	1	3	4	5	2	2	5	2	3	3	2	3	2	0	1	3	0	1	0	1	0	0	0	0	0	0	0	0	3	2	0	2
PD43954b_lo0014	6	6	0	2	7	0	1	2	6	0	1	1	3	8	2	1	0	0	1	0	2	1	0	2	0	0	0	1	0	2	0	1	7	2	47	7	3	9	35	3	5	6	31	2	4	4	24	8	1	2	2	1	2	0	1	3	1	1	0	0	2	0	0	3	4	2	1	3	3	4	3	3	4	2	1	2	1	0	1	2	1	1	0	0	0	2	0	1	1	0	0	0	1	3	1	3
PD43954b_lo0015	4	1	1	2	3	0	1	1	2	0	1	3	1	5	1	6	1	0	1	2	0	1	0	1	1	2	0	0	0	1	0	2	10	2	46	9	4	6	28	3	3	8	37	3	2	5	18	4	2	2	2	2	0	1	0	2	0	0	1	2	0	0	0	2	3	2	2	3	1	1	2	1	2	2	2	3	3	1	3	4	0	0	0	1	0	0	0	1	0	0	0	1	0	1	0	4
PD43954b_lo0016	9	6	0	2	7	2	1	1	5	1	2	1	6	3	1	8	1	0	0	2	1	2	0	1	2	0	0	2	2	1	0	3	8	0	55	4	9	4	37	11	2	1	30	1	9	6	27	7	2	1	1	5	2	0	0	0	0	1	2	1	5	0	0	3	6	2	3	6	2	0	2	1	2	4	7	1	1	4	2	2	0	1	1	1	0	0	3	1	0	0	0	0	1	1	0	1
PD43954b_lo0019	5	5	1	2	3	0	0	2	6	2	2	4	8	3	0	5	1	0	0	0	0	0	0	0	1	2	0	0	0	0	0	1	9	1	61	4	6	2	37	7	4	4	36	7	6	11	23	12	0	3	0	2	0	0	1	0	0	1	0	0	1	1	1	2	4	3	1	4	4	2	0	2	2	2	2	5	1	1	4	1	1	0	0	1	0	1	0	0	0	0	1	0	1	0	0	3
PD43954b_lo0018	9	0	0	4	2	2	0	1	10	3	2	4	7	0	0	7	1	0	0	1	1	0	1	0	1	1	0	3	4	1	0	2	6	1	59	6	3	1	29	7	2	5	25	1	6	4	28	5	0	2	0	2	0	0	2	1	0	2	0	0	2	0	0	0	2	4	2	4	1	1	2	0	2	2	1	1	1	1	0	2	0	0	2	1	0	0	0	0	0	0	1	1	0	2	2	2
PD45766b_lo0001	40	32	7	22	29	25	7	18	46	18	11	30	51	40	11	53	20	7	2	11	12	8	2	16	6	10	1	9	6	15	0	19	64	40	359	45	42	49	150	45	43	50	184	43	42	61	123	40	14	11	18	31	9	9	16	13	7	4	5	10	18	10	10	24	49	13	30	45	16	15	19	23	26	17	18	34	32	21	18	19	9	5	6	12	6	2	5	12	0	1	4	7	8	10	18	18
PD45766b_lo0002	34	29	7	20	34	23	6	20	47	22	6	34	43	35	10	47	20	10	3	17	9	11	2	15	7	7	1	8	13	13	0	27	60	33	324	35	39	44	139	54	39	49	210	41	49	58	109	45	13	14	12	19	9	13	11	10	8	6	10	12	14	14	9	26	43	18	27	49	10	18	17	15	21	10	10	27	31	22	19	21	7	6	7	10	5	10	6	10	3	3	6	8	6	10	10	20
PD45766b_lo0003	31	20	7	17	23	22	2	22	21	18	9	33	27	35	6	46	13	10	2	10	2	16	2	6	9	6	0	6	14	13	2	20	56	40	322	38	44	51	132	35	35	50	191	40	39	38	92	40	9	15	14	16	7	14	11	10	8	2	5	13	27	9	4	23	49	9	24	42	15	14	18	21	21	10	18	23	20	9	15	26	6	4	12	10	4	9	7	8	6	1	1	4	7	9	10	21
PD45766b_lo0008	45	26	9	27	33	21	8	16	35	19	3	31	35	49	3	54	14	12	1	13	8	11	2	14	11	7	1	9	10	13	2	19	50	44	363	39	34	47	146	44	42	44	193	26	36	44	117	42	19	15	17	25	7	11	9	10	5	4	8	5	18	12	9	32	51	14	30	55	16	15	16	21	23	19	12	29	31	19	13	24	7	5	8	11	6	9	4	8	1	3	7	5	12	11	15	24
PD45766b_lo0007	42	28	2	24	35	19	7	21	36	27	7	28	43	38	2	54	6	10	3	12	7	8	2	8	7	4	3	8	12	19	2	27	56	39	367	37	49	47	191	45	35	49	268	38	44	56	158	39	13	21	13	20	10	16	15	18	7	8	9	7	20	10	10	16	43	14	31	61	12	16	11	17	25	9	14	29	17	15	18	33	9	2	6	11	7	7	6	14	5	5	5	9	17	12	8	19
PD45766b_lo0005	64	26	2	24	54	25	10	21	104	23	9	58	82	45	12	84	18	6	2	14	8	8	4	15	8	5	2	10	10	10	3	30	52	50	458	40	29	36	239	39	41	48	283	48	52	51	170	48	14	18	13	30	13	10	13	13	6	9	9	10	25	9	9	25	43	10	33	45	20	20	17	25	33	7	21	26	20	16	12	29	10	3	7	15	5	7	9	6	2	2	2	4	8	7	11	25
PD45766b_lo0006	63	31	6	30	40	19	5	24	92	19	9	44	61	51	11	106	19	11	3	17	6	6	0	8	9	6	1	14	16	16	2	20	58	41	422	55	48	44	223	53	55	65	270	55	33	63	150	41	16	12	20	32	9	18	13	18	5	5	6	5	21	13	8	19	47	18	41	57	18	18	22	18	30	22	24	26	24	15	17	29	4	5	5	11	6	5	4	17	4	2	3	4	15	9	7	26
PD45767b_lo0001	44	22	4	17	27	22	3	6	32	11	6	22	34	29	7	39	15	9	1	11	6	6	3	11	6	8	0	8	20	3	2	38	68	40	349	43	39	49	154	71	47	56	206	42	56	49	133	46	18	21	13	28	5	9	11	16	7	7	11	7	10	5	4	16	50	20	33	56	21	19	19	19	18	10	11	31	28	21	11	27	11	7	4	7	6	4	5	13	3	2	9	8	5	4	10	17
PD45767b_lo0011	33	20	4	9	12	11	2	11	15	17	2	13	31	22	5	31	14	4	0	13	8	1	0	13	4	6	0	4	15	7	1	23	40	39	290	31	30	35	137	51	32	34	197	31	56	33	88	43	10	11	14	13	4	7	8	10	6	2	5	5	17	7	5	9	41	9	28	48	9	13	14	16	17	6	6	25	20	15	11	18	7	6	1	8	3	3	3	3	0	3	8	3	5	3	5	18
PD45767b_lo0009	40	25	3	16	28	12	4	26	31	17	8	25	37	31	7	46	15	6	4	11	11	11	5	17	9	4	1	8	68	27	2	121	60	35	407	36	44	52	166	47	42	46	218	52	136	72	163	86	10	12	16	16	6	9	11	12	10	2	4	7	22	8	10	10	53	21	29	54	18	23	21	15	26	15	14	27	23	20	14	29	7	4	7	4	7	7	6	13	4	2	4	7	9	7	5	19
PD45767b_lo0010	44	33	5	26	22	19	1	20	35	17	6	25	45	27	7	60	19	6	3	17	7	9	3	17	7	6	1	12	70	22	2	122	72	52	447	37	50	56	190	45	37	47	266	54	142	72	184	85	11	18	10	17	13	11	18	13	4	6	3	11	18	5	7	22	62	20	30	59	19	20	18	17	25	8	16	28	29	21	12	26	15	7	13	5	3	3	7	10	5	4	7	5	11	4	3	16
PD45767b_lo0003	47	32	3	30	35	15	2	23	38	11	5	21	23	24	4	52	14	6	1	16	7	13	4	13	7	6	0	10	13	6	3	23	60	39	402	40	42	44	196	53	43	45	257	42	43	42	142	42	15	4	16	26	6	8	8	18	7	4	8	5	18	11	3	12	60	17	29	53	18	15	15	13	22	16	14	24	23	22	7	31	7	3	11	10	5	1	3	5	4	2	2	6	7	10	7	13
PD45767b_lo0002	33	28	4	22	27	14	2	15	34	11	3	28	33	29	10	34	19	6	3	18	4	12	4	12	6	8	1	9	14	6	0	16	56	26	313	42	44	56	152	46	36	50	175	33	48	46	134	51	21	7	12	24	6	5	14	16	5	3	5	7	18	5	9	22	32	16	21	50	11	13	19	16	16	16	16	28	20	18	7	24	8	4	4	8	5	5	6	5	3	2	4	5	6	8	7	15
PD45767b_lo0006	43	18	5	17	30	9	6	14	44	24	6	12	46	22	7	41	11	9	0	14	9	8	1	13	3	6	2	5	29	11	1	33	66	47	328	43	46	46	154	53	35	41	204	53	55	71	122	66	12	9	15	20	11	5	10	9	3	2	9	11	7	11	6	15	43	20	35	32	7	12	11	16	17	19	16	32	16	18	12	32	3	2	10	7	2	4	17	15	2	2	2	5	5	3	6	13
PD45767b_lo0008	45	31	9	29	41	16	3	22	42	20	4	30	38	36	3	46	17	7	3	15	9	8	2	16	5	7	3	10	16	16	2	22	52	38	446	50	41	55	225	59	45	59	270	42	40	57	147	41	16	17	25	29	4	12	12	19	5	4	4	10	16	10	7	21	43	28	35	53	14	23	19	18	39	12	25	29	26	17	12	23	7	5	10	11	6	8	5	7	2	3	4	4	8	4	13	23
PD45767b_lo0005	52	32	4	23	25	15	4	16	27	12	5	23	26	41	9	53	17	12	1	15	10	12	3	14	5	10	3	4	38	18	1	43	68	37	431	39	36	55	197	56	46	57	255	45	75	63	176	58	10	14	14	27	6	7	14	17	7	2	6	7	13	9	9	22	58	23	38	51	17	18	11	17	23	18	14	27	27	19	12	36	5	8	5	13	2	0	5	16	3	3	2	8	8	6	5	23
PD45767b_lo0013	47	28	6	27	33	18	6	18	26	19	3	25	27	40	9	46	11	3	0	13	7	13	5	16	6	9	1	2	11	11	3	16	78	31	423	40	45	52	217	52	42	39	268	51	41	63	140	51	13	18	13	14	6	11	8	25	6	9	7	6	22	4	6	18	64	24	31	52	25	14	13	12	20	16	17	37	28	16	12	25	5	4	5	11	3	7	9	10	2	1	7	5	7	9	4	16
PD45767b_lo0012	56	31	6	36	34	19	7	38	56	16	7	53	49	38	7	88	20	9	1	13	8	11	3	13	11	6	2	9	15	9	3	31	73	48	531	57	49	60	260	57	60	49	339	41	65	52	174	63	17	10	22	30	13	8	11	16	6	3	11	14	27	9	9	24	52	25	43	42	20	25	11	21	28	11	21	27	30	11	22	41	9	7	15	13	7	2	3	9	0	6	8	8	8	9	11	27
PD45767b_lo0014	38	21	6	24	34	17	4	18	37	10	7	24	32	38	7	45	16	6	2	13	11	7	4	15	4	7	1	9	36	12	2	43	73	32	366	44	39	49	147	48	30	57	226	43	69	50	117	54	19	11	14	20	10	5	10	15	6	6	2	9	18	7	7	16	70	16	37	40	12	15	9	16	25	9	17	27	31	13	15	33	8	0	6	11	8	7	2	9	3	3	6	3	7	5	11	13
PD45767b_lo0015	38	22	6	25	35	17	4	17	34	10	6	21	33	35	7	43	16	6	2	12	11	7	5	15	4	7	1	9	36	12	2	42	75	33	360	44	39	50	147	48	32	58	226	42	71	49	114	53	18	12	16	20	9	4	10	15	5	4	3	10	18	6	8	14	66	15	40	42	13	15	9	16	24	10	16	27	29	12	16	33	8	0	7	11	8	6	2	9	3	3	7	3	6	5	10	11
PD45769b_lo0001	43	28	6	33	33	18	4	18	38	26	8	19	39	38	10	46	14	15	4	17	10	4	0	15	9	9	2	10	28	17	2	50	58	43	466	52	56	61	225	62	56	61	263	46	99	79	198	77	13	12	17	27	7	4	11	16	7	4	10	9	12	8	7	15	48	22	37	48	23	30	12	14	29	24	17	23	22	15	12	27	8	2	7	9	12	3	4	6	3	2	3	9	12	4	8	17
PD45769b_lo0004	42	19	3	24	38	19	4	29	38	19	2	15	21	38	9	35	17	14	3	10	8	10	3	10	10	7	2	8	6	10	1	18	76	49	393	57	51	61	204	78	53	51	228	51	53	58	145	51	14	15	17	20	13	6	12	12	8	5	3	5	15	7	4	22	44	26	36	62	18	19	16	22	22	17	7	20	23	15	5	19	5	2	8	5	1	5	8	9	2	2	7	5	8	7	10	15
PD45769b_lo0005	38	31	7	18	39	16	5	24	31	20	3	20	33	24	8	32	21	9	1	15	8	11	4	14	7	7	2	6	16	12	4	25	80	43	380	59	48	47	191	54	54	65	213	57	60	65	177	49	18	15	17	17	6	7	10	10	6	6	6	9	15	7	7	19	49	24	24	43	15	23	14	18	18	12	14	23	30	25	8	27	7	2	12	7	4	8	8	6	4	2	6	5	13	5	4	15
PD45769b_lo0006	45	30	7	31	36	12	5	25	36	25	1	23	38	36	7	36	18	5	5	17	11	8	4	10	2	3	1	8	39	17	2	70	69	45	402	44	45	59	164	55	45	41	236	50	94	86	156	89	13	13	15	14	8	6	15	9	6	3	8	3	16	6	7	28	47	17	29	41	12	15	16	23	31	18	15	23	14	19	13	20	2	2	5	7	2	4	5	5	6	3	7	5	9	3	4	16
PD45769b_lo0007	39	24	7	25	17	15	3	27	24	20	8	19	34	28	4	44	18	7	3	10	9	8	4	11	6	13	1	10	13	14	1	19	74	48	505	52	37	48	211	54	35	41	289	55	41	52	179	51	13	14	13	31	7	14	7	17	4	2	4	12	14	6	7	24	60	15	42	51	18	17	22	17	32	19	23	32	21	20	16	32	7	5	10	8	2	5	8	8	2	3	8	7	8	5	10	18
PD45770b_lo0001	44	31	9	25	29	17	1	18	36	21	9	26	37	31	7	39	16	5	2	10	11	8	3	15	8	9	0	9	14	9	6	24	54	45	396	36	55	67	169	65	52	47	238	50	58	85	153	34	16	14	6	21	7	9	10	10	4	8	9	8	23	13	5	17	41	26	43	46	17	21	12	26	17	20	18	26	21	17	17	22	9	8	7	10	4	8	7	8	4	2	2	5	9	2	10	19
PD45770b_lo0002	50	37	12	28	27	21	5	16	43	17	10	18	43	36	6	41	19	14	2	14	4	10	1	5	8	11	3	5	12	7	1	18	71	36	404	47	50	43	187	54	58	68	201	40	49	70	168	47	8	9	14	23	14	12	10	8	5	3	3	7	20	11	6	19	51	15	29	55	12	15	18	18	32	23	12	31	32	24	18	29	4	5	11	9	3	5	7	7	4	1	5	8	6	5	15	20
PD45770b_lo0003	43	27	6	28	38	28	4	16	40	11	8	32	55	31	6	53	19	7	6	19	7	9	1	15	11	6	0	7	14	16	4	29	73	59	444	43	52	57	174	52	74	75	243	48	65	72	153	53	19	15	15	24	5	10	8	9	4	1	6	6	23	11	7	19	54	25	44	50	20	16	17	20	21	23	14	40	18	26	12	23	5	7	11	8	4	7	12	8	3	6	3	7	5	10	10	21
PD45770b_lo0005	53	34	5	20	31	18	4	24	40	23	9	26	27	44	8	49	25	8	4	11	6	13	3	13	7	7	1	6	13	5	3	15	71	52	416	47	45	67	197	61	52	52	246	36	68	64	147	51	16	10	20	25	5	4	12	9	4	9	4	8	24	7	6	16	43	23	45	50	13	15	27	18	34	13	16	19	21	19	13	22	5	1	15	14	3	9	4	5	3	3	9	4	7	9	10	23
PD45770b_lo0008	45	33	10	24	30	21	6	18	49	21	5	28	37	23	7	56	17	9	4	9	10	13	3	13	6	7	1	7	12	13	1	13	76	37	378	47	53	61	153	52	39	58	240	50	55	66	152	48	22	12	19	27	4	11	6	14	6	5	4	6	12	8	4	18	57	16	32	47	11	18	13	17	33	11	8	29	19	31	23	30	4	2	5	9	4	4	3	12	5	2	6	5	10	8	6	19
PD45771b_lo0002	46	43	7	34	31	20	4	25	52	29	6	38	61	43	13	66	22	5	4	11	10	8	3	8	7	7	1	10	20	11	0	37	67	56	654	87	41	52	287	58	52	67	410	61	62	81	238	74	21	11	18	28	9	14	13	15	8	9	15	12	24	8	8	20	48	30	36	57	15	14	22	20	33	16	24	43	25	26	19	28	3	1	1	4	5	7	6	14	4	5	2	15	15	4	16	19
PD45771b_lo0003	45	36	8	33	29	21	6	24	51	24	9	43	51	56	14	84	15	3	6	16	16	11	5	15	15	9	1	8	14	15	2	28	87	75	734	109	50	49	332	61	54	82	421	51	73	83	251	76	21	23	17	37	13	14	11	12	3	7	9	8	28	11	5	17	55	43	53	78	24	25	29	17	43	32	23	41	26	41	24	37	12	1	4	13	6	5	8	17	7	3	7	10	19	6	16	33
PD45771b_lo0004	75	47	5	39	56	20	5	38	79	31	15	51	79	72	12	132	9	14	3	16	14	15	5	14	7	10	3	8	28	18	0	46	84	71	700	84	66	72	371	74	68	59	488	79	84	75	305	85	17	25	13	38	4	16	17	14	8	8	10	14	43	10	10	42	66	29	46	82	25	25	34	46	41	29	22	54	26	27	21	48	10	5	11	16	6	7	9	15	3	2	5	6	8	13	17	35
PD45771b_lo0005	55	35	4	43	35	24	3	32	64	29	10	33	80	60	9	87	16	13	2	8	11	11	3	14	8	6	5	10	20	11	1	33	88	63	741	82	68	53	387	68	68	57	468	63	96	76	287	76	14	16	12	31	8	10	6	22	6	7	5	9	27	11	8	27	65	29	44	72	23	25	22	28	40	23	27	31	28	30	17	34	5	2	6	18	8	7	9	12	7	2	4	5	5	8	7	26
PD45771b_lo0006	46	35	2	29	31	24	5	23	77	23	13	45	76	68	13	88	11	11	3	14	9	9	5	20	5	11	4	9	21	10	2	29	90	53	749	78	55	58	368	73	65	68	459	55	89	70	273	79	20	13	18	39	8	7	11	15	5	5	5	12	38	7	8	23	71	23	48	63	19	20	28	28	33	20	28	27	34	34	18	37	9	4	7	10	4	7	12	4	6	3	4	3	7	6	13	27
PD45771b_lo0007	39	46	10	24	28	25	10	33	58	26	11	48	49	54	13	86	10	12	5	9	4	13	5	13	5	8	1	3	19	9	0	23	87	54	811	70	65	52	354	65	52	61	448	46	72	55	285	65	16	14	14	26	7	11	9	5	4	7	8	9	27	15	8	18	64	36	33	50	19	24	23	22	31	22	20	41	24	19	18	35	2	5	9	12	6	5	10	10	6	4	5	7	11	7	8	14
PD45773b_lo0001	57	32	4	28	53	17	6	15	41	26	9	22	37	30	10	50	26	9	2	17	10	9	2	17	7	8	2	6	9	12	2	33	82	47	420	73	69	68	210	68	42	62	270	70	54	90	151	54	18	14	12	18	14	16	17	18	4	2	8	8	25	13	9	21	44	21	45	64	16	23	20	21	27	17	15	34	24	21	14	32	9	9	6	8	7	7	13	13	4	1	5	7	13	6	12	15
PD45773b_lo0005	46	30	7	25	33	25	2	18	31	16	7	29	37	38	3	46	21	12	3	12	14	9	2	12	5	4	0	9	17	18	4	26	85	47	439	69	47	59	182	61	52	66	243	64	62	87	141	69	21	14	23	29	16	18	19	25	2	6	6	14	10	17	11	26	55	25	35	57	16	24	19	26	26	17	18	27	30	21	20	25	9	1	14	10	5	6	6	16	3	4	6	5	6	9	8	21
PD45773b_lo0002	54	54	7	36	32	19	0	32	38	20	8	19	50	42	5	48	17	10	2	21	12	7	3	14	9	12	5	3	102	28	4	172	80	46	396	45	59	69	189	66	56	68	265	63	145	107	149	91	20	20	19	24	13	9	13	21	4	5	10	12	22	11	10	24	67	26	40	45	25	19	26	20	25	22	13	31	31	24	15	26	9	3	9	13	2	11	11	13	3	3	5	6	13	4	11	23
PD45773b_lo0009	47	44	6	26	30	20	7	24	40	25	9	29	65	39	10	50	25	8	2	25	11	14	4	14	13	7	1	11	96	23	4	162	68	41	364	65	65	58	199	79	57	77	248	60	161	98	156	106	18	10	24	34	6	9	20	13	10	4	5	11	20	13	6	23	44	15	34	53	22	15	21	25	28	18	15	29	26	20	16	33	4	6	12	12	4	4	10	14	3	3	7	5	8	10	11	19
PD45773b_lo0003	51	30	9	35	25	17	3	23	42	23	13	30	34	40	3	41	25	9	4	18	17	11	3	12	3	7	0	8	14	11	3	28	75	64	403	64	54	54	188	76	56	63	222	58	47	74	135	49	16	12	21	19	9	11	15	15	6	7	10	8	18	11	9	17	44	16	35	49	14	19	18	19	17	24	16	34	23	17	13	24	8	9	9	9	3	6	11	6	3	5	8	5	12	11	14	22
PD45773b_lo0004	49	33	6	25	43	10	8	22	30	14	4	19	31	17	5	35	28	9	5	14	13	6	3	13	11	8	1	7	11	11	3	26	77	40	359	68	51	61	184	64	44	58	234	71	62	76	130	63	14	14	20	19	9	9	8	26	5	7	8	11	12	11	9	18	63	18	42	52	10	17	16	19	25	20	21	33	23	21	14	32	3	5	7	10	8	7	8	12	4	3	4	6	8	4	15	18
PD45776b_lo0001	50	30	12	29	32	13	3	28	52	23	9	25	42	36	11	54	16	15	1	14	11	13	1	12	6	7	1	10	8	10	1	16	93	43	548	49	53	47	282	72	52	60	350	59	50	69	222	43	15	15	18	36	11	13	12	24	2	2	5	11	26	12	6	19	60	31	32	56	24	18	13	26	28	22	32	33	36	31	15	36	8	10	9	10	5	3	6	7	3	2	3	7	15	5	9	17
PD45776b_lo0004	48	34	6	25	37	14	3	21	38	15	6	28	35	35	9	47	21	14	5	18	7	4	4	9	9	4	1	7	10	10	1	22	71	55	423	45	48	53	180	58	47	57	313	52	31	54	153	35	12	12	19	29	8	5	8	14	11	3	6	6	21	10	12	21	59	20	42	53	17	26	19	14	25	17	19	25	31	18	15	33	5	1	3	10	6	4	9	6	5	4	5	2	10	5	6	12
PD45776b_lo0007	53	31	5	28	39	20	7	18	57	25	9	21	49	44	8	67	26	5	3	10	11	8	3	10	10	8	2	9	11	10	3	16	68	54	504	59	53	68	245	70	56	70	321	56	62	75	204	39	16	23	23	29	11	13	9	14	5	7	12	11	21	8	3	15	77	32	38	47	22	21	30	26	35	22	28	46	37	30	31	37	7	4	10	12	5	5	7	17	6	1	10	7	9	10	16	26
PD45776b_lo0008	61	38	14	32	31	13	5	16	43	18	7	29	29	45	6	43	19	7	8	18	9	14	2	19	8	6	2	9	13	5	1	22	54	41	501	56	41	71	205	47	37	60	306	51	45	52	161	35	19	12	13	23	13	12	15	18	10	9	5	10	19	12	8	29	58	16	46	47	15	22	18	16	27	24	18	26	30	26	22	23	11	3	9	11	6	6	11	10	3	2	11	6	8	8	8	26
PD45776b_lo0002	55	39	4	27	39	28	2	27	47	23	10	34	56	31	11	74	15	15	1	18	13	8	0	12	6	2	3	8	7	9	3	27	77	58	564	50	49	51	263	61	48	49	341	55	42	66	194	47	20	11	9	40	8	9	20	18	9	6	5	5	29	10	7	19	60	20	47	65	18	29	26	33	37	23	19	39	33	24	17	45	10	2	8	13	3	7	10	7	6	3	7	6	7	6	9	17
PD45776b_lo0009	45	30	8	29	37	18	7	21	48	18	13	35	46	27	11	43	23	14	1	16	9	14	1	16	5	3	3	7	15	9	4	21	73	38	560	63	56	51	292	80	56	57	347	62	51	43	184	46	25	15	26	31	7	13	9	20	9	6	7	9	31	8	9	22	70	32	52	75	28	19	16	24	31	28	11	36	31	19	12	35	6	0	13	6	1	3	14	12	5	2	6	5	6	7	12	14
PD45778b_lo0001	45	33	1	25	34	17	2	27	36	17	6	23	51	30	9	45	20	8	0	17	8	7	3	9	8	5	2	5	29	21	2	52	54	30	430	67	47	49	207	47	47	39	303	55	109	64	198	86	19	16	16	30	10	7	8	34	6	5	5	10	11	7	4	13	55	15	31	56	20	22	13	20	25	19	21	33	19	16	16	32	12	2	10	4	2	3	2	8	2	1	2	2	5	4	5	16
PD45778b_lo0002	51	29	3	37	37	17	4	24	42	22	4	18	34	29	7	48	15	10	2	15	8	11	2	12	9	6	0	5	23	9	1	44	72	37	436	59	38	61	205	55	42	42	286	44	61	61	163	62	20	13	14	27	11	12	13	15	8	2	3	6	14	11	9	16	54	17	36	67	29	17	15	13	25	17	26	36	21	19	16	49	11	3	10	7	6	1	5	4	1	3	4	5	6	4	11	10
PD45778b_lo0003	46	26	6	37	31	18	6	22	41	23	8	24	52	52	4	73	20	2	5	17	8	7	4	14	5	8	2	5	84	26	3	106	60	46	469	51	47	59	241	60	45	63	284	38	166	94	208	102	10	11	18	32	11	12	11	19	8	9	2	11	24	13	8	19	55	33	33	63	13	26	21	22	32	16	22	21	30	17	18	34	15	4	11	13	4	9	10	11	1	2	8	10	10	6	10	19
PD45778b_lo0004	47	28	5	36	33	14	6	25	32	14	1	26	54	46	7	60	16	24	6	15	13	6	3	15	5	12	1	8	55	12	9	61	62	38	487	52	58	51	247	50	38	63	275	52	133	85	209	106	15	15	24	30	9	7	8	16	3	5	7	7	23	6	12	27	63	22	44	53	24	21	16	21	25	17	24	32	28	33	22	38	5	3	7	11	6	6	12	5	5	2	3	9	9	5	10	17
PD46562b_lo0004	23	24	8	19	18	14	2	16	10	12	4	16	17	25	5	33	10	6	1	7	3	1	0	12	7	4	3	7	5	7	2	15	51	32	359	53	43	22	183	35	33	40	227	27	37	42	161	34	9	10	9	18	3	8	10	10	2	2	3	6	17	12	6	13	36	13	23	38	14	10	7	21	21	13	10	23	13	12	8	26	3	3	5	10	2	2	7	6	2	2	8	4	5	4	7	20
PD46562b_lo0011	29	21	8	20	19	14	3	15	14	12	3	14	24	20	4	36	13	7	1	8	5	3	0	10	8	4	3	6	3	6	3	21	58	38	412	68	39	22	196	41	42	41	247	25	30	45	166	45	10	13	8	13	6	9	9	11	3	2	5	10	21	12	6	16	47	14	18	40	14	12	8	24	21	14	17	29	15	16	8	27	6	3	5	10	3	2	6	8	5	1	7	3	6	4	6	23
PD46562b_lo0005	20	24	8	17	18	14	2	11	9	11	3	12	22	23	4	32	9	6	2	9	3	1	0	11	8	4	3	7	5	6	2	18	50	30	346	49	40	20	162	32	34	36	218	20	34	50	143	38	8	11	7	14	4	6	12	9	1	2	3	7	12	15	8	10	40	17	14	45	12	11	8	15	18	11	13	27	15	11	10	24	4	3	4	9	2	2	5	7	2	3	5	4	5	3	8	17
PD46562b_lo0006	30	16	3	21	16	17	1	8	17	9	3	10	21	15	2	28	11	6	1	7	3	3	2	4	4	2	0	3	12	5	0	15	45	29	303	24	35	36	147	29	34	31	168	28	36	29	105	29	10	6	7	11	2	4	3	4	1	2	2	3	12	3	3	14	38	16	24	35	9	9	8	9	14	11	20	14	11	14	8	14	6	1	4	3	2	9	1	3	1	2	7	2	7	4	4	9
PD46562b_lo0007	29	9	2	15	16	9	1	8	16	10	0	16	19	15	1	14	10	7	2	10	4	4	2	5	4	5	1	6	6	9	6	12	34	33	210	28	26	27	95	39	24	35	93	31	30	32	63	23	7	6	7	17	4	7	6	13	5	3	3	1	16	5	8	10	27	14	30	31	8	9	9	11	21	9	8	19	15	18	13	11	4	2	4	9	4	3	5	3	2	1	2	1	6	3	10	13
PD46562b_lo0008	18	10	2	7	6	9	1	9	15	12	2	9	16	16	2	17	6	4	1	8	3	6	1	8	1	3	1	5	6	4	2	10	21	18	193	23	18	17	80	30	16	38	92	16	23	29	84	25	3	3	4	9	1	5	5	4	2	0	2	1	12	2	4	8	22	12	10	18	6	8	4	8	11	6	4	15	8	9	7	6	6	1	1	7	1	0	2	5	2	3	2	1	2	2	5	8
PD46562b_lo0010	27	18	4	11	17	9	4	9	23	11	5	14	24	24	4	18	8	5	1	8	7	5	2	7	3	7	1	4	13	2	3	10	44	30	258	35	30	24	144	43	19	36	169	18	40	49	111	25	9	3	7	18	1	5	7	7	4	0	4	1	14	4	2	14	30	11	14	32	9	8	8	5	20	7	6	30	15	14	9	18	4	1	3	6	2	5	1	6	1	1	0	1	6	4	3	15
PD46562b_lo0009	23	24	0	27	19	6	3	9	14	10	3	10	26	29	4	23	16	11	2	15	5	4	2	7	5	6	1	3	15	9	5	26	50	31	426	56	51	55	182	61	47	30	230	44	70	47	144	55	8	7	12	13	7	4	9	6	5	0	3	4	23	6	7	13	53	21	26	45	21	13	10	17	23	13	15	27	24	14	17	30	8	2	11	9	6	6	8	11	5	3	5	2	2	3	6	16
PD46563b_lo0001	52	38	9	25	31	21	9	23	46	31	10	29	47	45	15	57	11	10	2	11	13	7	1	10	6	6	0	6	10	5	2	22	65	45	621	56	52	51	279	61	59	61	399	65	61	61	222	62	13	12	19	34	9	10	15	10	10	5	4	14	27	11	6	21	71	18	46	49	19	14	23	26	31	17	20	35	25	26	11	21	6	3	9	10	2	7	8	13	5	6	3	4	10	13	7	23
PD46563b_lo0002	75	55	11	35	38	24	11	30	90	47	12	59	108	83	22	138	18	15	0	22	12	10	5	25	5	8	1	10	27	20	0	34	92	51	729	73	53	61	384	66	67	72	497	54	79	62	287	72	21	9	15	57	10	15	9	11	4	6	9	17	35	8	7	15	62	30	44	86	30	30	31	26	36	31	19	43	31	34	27	59	11	4	6	19	3	6	12	12	4	2	5	7	10	11	17	21
PD46563b_lo0003	70	44	10	43	37	23	7	37	95	36	26	51	103	58	17	146	9	11	0	18	12	11	3	15	6	6	2	1	27	19	5	46	75	68	820	73	63	64	444	71	56	58	581	37	100	87	332	91	22	10	14	55	4	10	8	19	2	10	4	11	35	9	6	32	60	35	39	62	27	27	28	39	45	33	23	42	34	28	21	40	12	8	6	12	1	3	12	7	5	6	9	6	9	13	14	28
PD46563b_lo0004	69	46	9	38	40	22	5	34	89	34	26	47	105	57	16	141	9	11	1	19	12	11	3	14	5	6	2	1	26	17	5	45	76	68	813	68	63	62	434	76	54	60	588	34	101	93	322	89	20	11	13	52	4	10	9	19	2	10	4	11	33	10	5	31	60	34	39	61	26	25	27	41	45	34	26	43	35	30	21	41	12	8	6	13	2	3	12	8	4	5	8	6	9	12	14	27
PD46563b_lo0005	58	43	12	31	33	22	7	31	62	39	18	35	77	66	13	135	15	13	3	20	8	5	4	14	5	11	0	11	15	17	2	20	82	45	790	68	59	57	400	62	64	62	538	66	82	82	288	91	19	29	13	57	7	12	15	10	8	6	10	14	39	7	9	20	72	12	40	57	29	19	19	31	48	29	31	47	30	21	21	48	10	6	9	18	5	12	12	14	5	0	2	12	9	10	10	23
PD46563b_lo0010	55	47	8	22	37	17	4	32	62	28	15	48	64	55	15	112	18	11	5	16	13	6	5	17	10	7	1	10	11	10	3	27	88	58	772	72	54	52	361	77	46	54	470	50	52	58	288	60	15	17	13	44	13	10	10	5	5	9	3	9	40	12	6	30	54	25	37	55	21	23	17	19	31	27	17	40	43	30	20	40	8	3	6	9	2	9	6	14	5	6	4	5	10	6	6	22
PD46563b_lo0011	51	50	8	29	37	26	4	24	94	32	14	60	68	59	12	128	10	11	3	19	6	3	3	12	5	4	3	7	17	10	3	23	73	48	844	62	66	38	375	73	63	76	546	63	73	62	331	68	15	12	16	37	9	11	7	15	8	6	8	8	35	12	6	20	62	25	48	67	16	35	29	31	34	24	24	37	27	27	27	34	12	5	10	17	4	7	15	17	9	3	1	11	8	6	14	30
PD46563b_lo0012	46	33	7	32	29	19	7	23	67	29	8	35	71	55	12	95	13	16	3	10	13	13	2	6	8	7	2	17	12	6	1	26	80	36	740	67	51	50	349	54	49	63	424	50	73	60	235	61	18	17	7	54	5	9	6	8	8	4	6	5	34	5	6	14	52	22	36	65	17	21	20	32	41	20	20	34	27	33	16	42	9	6	10	6	13	5	5	15	4	2	4	4	9	6	15	21
PD46563b_lo0013	45	35	6	33	32	18	8	22	71	31	8	36	73	55	13	96	13	15	3	10	13	13	2	6	7	9	2	16	12	7	1	25	78	39	761	67	57	50	351	55	49	62	442	52	72	62	245	61	19	20	7	55	5	8	7	9	8	5	6	6	34	5	7	15	56	22	35	65	16	23	22	34	41	22	21	33	28	31	15	44	9	8	10	5	12	5	7	14	4	2	5	6	10	6	12	21
PD46563b_lo0006	84	47	9	41	43	32	9	36	92	29	10	42	81	81	10	167	13	15	2	21	9	16	2	12	7	11	1	5	14	12	3	34	86	48	910	80	67	64	464	84	74	76	554	62	83	71	347	64	21	17	15	40	11	6	13	15	9	6	4	10	46	9	8	26	69	35	37	62	23	26	18	34	32	27	25	45	37	28	23	43	8	6	9	18	7	12	17	15	5	5	5	6	11	10	12	32
PD46563b_lo0007	67	43	11	35	36	19	9	32	80	29	14	42	54	66	10	96	23	5	7	17	6	12	1	6	5	9	2	5	17	15	2	27	86	57	852	69	55	59	394	75	61	86	575	68	72	58	352	61	27	21	16	39	9	4	11	22	8	3	4	11	54	12	5	27	60	21	40	67	21	17	35	35	33	23	26	48	38	25	19	33	6	4	5	12	5	5	10	13	10	4	9	5	10	5	5	22
PD46563b_lo0008	67	43	10	35	39	20	10	32	76	32	15	43	54	64	10	99	21	5	7	18	6	12	1	6	6	9	2	5	17	15	2	28	88	55	852	67	59	60	394	71	62	85	568	64	69	58	353	55	27	21	16	41	8	5	11	22	8	3	6	11	54	10	4	27	60	22	39	66	20	19	35	33	34	23	28	47	39	27	21	34	6	5	5	13	5	5	9	14	9	4	9	5	10	5	6	21
PD46563b_lo0009	66	41	6	40	42	23	6	28	85	31	9	48	78	83	15	131	9	14	1	11	6	5	4	14	7	7	3	8	11	19	0	32	102	56	805	75	69	55	425	66	55	69	544	66	92	69	298	102	22	21	10	51	9	10	8	15	4	7	7	11	28	8	8	23	77	22	56	71	35	19	25	34	39	26	34	49	36	34	18	34	8	7	6	16	4	10	8	16	3	2	4	11	13	8	12	34
PD46565b_lo0001	78	51	11	25	45	38	5	33	74	44	9	40	78	66	22	111	20	11	5	16	6	9	0	13	5	5	1	9	13	11	4	30	87	60	770	59	65	56	373	76	60	74	448	49	78	65	285	73	24	15	23	49	10	13	14	20	8	7	11	12	26	12	7	26	76	19	40	66	26	32	24	29	38	27	31	36	38	21	14	31	11	7	8	15	4	12	6	16	1	3	7	2	6	7	9	15
PD46565b_lo0002	69	43	9	35	28	25	3	44	73	38	11	66	76	61	12	138	22	19	2	20	10	10	1	14	11	6	1	7	16	6	4	24	76	55	789	70	56	69	318	65	58	59	471	52	67	57	268	57	27	19	21	45	9	11	12	20	8	2	6	17	36	14	5	24	66	35	40	67	28	21	19	39	35	34	29	38	45	27	19	42	10	4	4	14	8	12	9	13	4	3	7	9	14	11	8	16
PD46565b_lo0003	79	37	9	41	40	34	9	37	84	44	8	60	82	62	16	150	19	12	0	18	5	14	2	4	7	8	3	11	19	10	3	33	92	44	822	67	73	67	389	102	87	69	580	68	87	71	301	57	20	12	17	49	14	17	12	23	13	8	5	14	37	10	11	39	75	31	44	74	22	26	32	22	30	27	18	44	40	31	18	36	8	9	12	13	7	10	9	12	3	3	4	6	7	11	10	27
PD46565b_lo0004	60	41	9	28	25	27	5	40	72	30	7	38	55	68	13	86	17	11	2	12	8	5	2	11	7	7	2	9	16	10	3	24	92	53	658	57	51	56	333	59	72	66	454	63	64	64	245	81	27	15	14	34	10	16	14	15	5	5	6	11	44	4	9	21	60	27	46	55	16	23	24	26	38	28	21	43	32	25	17	35	4	5	13	14	7	6	7	11	4	2	7	9	9	8	8	33
PD46565b_lo0005	61	30	11	32	33	16	5	42	67	34	13	44	69	64	20	112	14	13	1	15	11	4	1	10	7	7	2	8	11	22	2	29	65	57	571	44	54	39	262	79	55	52	345	42	56	55	214	57	10	13	17	35	7	13	9	16	7	4	4	13	31	6	6	21	53	18	35	59	17	21	12	27	31	25	20	22	22	17	21	29	5	2	9	5	4	4	9	7	6	5	6	3	11	4	8	19
PD46565b_lo0006	75	34	6	43	45	30	5	40	88	36	19	56	97	74	14	130	19	14	3	19	9	3	2	17	12	5	0	10	8	21	1	24	86	51	692	53	69	61	353	65	67	52	481	69	59	60	269	69	15	15	19	37	3	12	13	14	7	4	2	8	31	12	7	19	84	31	41	77	17	28	18	19	36	26	21	35	34	24	21	37	6	10	10	13	6	11	7	17	2	4	6	4	12	7	8	19
PD46565c_lo0001	30	27	6	17	24	11	5	21	26	22	8	28	33	37	5	54	9	7	0	8	7	9	2	14	5	5	0	4	13	14	1	24	41	23	197	34	29	38	107	41	37	33	145	33	43	44	73	41	12	19	13	32	17	13	9	18	2	10	3	6	14	9	4	14	40	20	40	34	19	14	14	13	17	10	17	27	20	11	14	21	4	4	7	8	6	8	4	13	2	6	7	6	12	11	3	22
PD46565c_lo0009	16	13	4	11	8	9	5	13	9	14	3	10	12	19	1	17	11	5	1	11	4	10	2	15	1	2	2	2	9	11	1	10	29	22	33	23	31	12	23	23	18	19	20	14	28	23	22	23	21	14	17	9	0	10	11	9	2	10	4	4	9	9	4	19	42	8	28	40	20	4	20	15	17	16	16	24	26	10	13	18	7	4	7	7	3	4	10	10	4	2	4	2	8	7	6	9
PD46565c_lo0010	68	37	5	38	46	16	6	49	75	29	10	56	96	46	20	147	11	9	2	17	5	11	3	13	8	9	1	5	21	15	3	31	70	49	398	57	41	48	217	40	53	44	295	50	64	55	153	81	21	23	20	47	8	9	15	15	8	10	7	14	50	16	9	29	68	14	44	58	15	16	19	35	28	17	20	32	30	28	23	38	10	4	5	12	12	10	12	19	4	7	4	10	14	5	18	40
PD46565c_lo0002	87	41	2	44	49	34	5	38	98	34	20	48	80	73	20	171	17	19	1	19	17	7	3	13	5	15	1	5	32	16	3	49	108	61	811	83	69	84	392	85	78	68	528	75	98	70	336	85	24	27	30	63	11	13	21	22	9	8	11	15	51	10	8	33	88	30	53	71	26	24	29	39	30	40	32	36	37	37	11	53	9	5	17	8	8	11	15	11	4	7	7	6	14	12	10	42
PD46565c_lo0004	44	33	4	24	27	12	6	19	44	17	4	42	49	48	9	107	7	7	0	12	10	7	1	11	2	9	0	9	11	9	0	32	45	24	190	34	32	29	109	37	25	23	124	36	44	34	102	31	16	13	11	25	6	6	13	11	6	4	2	12	30	6	8	17	43	16	26	39	11	10	18	15	15	14	17	21	27	18	16	27	10	5	2	11	8	3	7	16	3	5	4	11	11	8	6	25
PD46565c_lo0008	25	22	3	18	24	21	1	20	33	15	3	22	31	20	7	54	8	5	1	7	8	11	2	9	2	11	2	8	5	12	1	16	41	22	109	34	37	26	58	44	19	27	56	22	34	33	37	30	15	20	15	23	9	8	9	15	3	4	5	8	28	13	5	16	43	17	36	39	14	4	22	18	26	7	10	26	24	16	10	22	8	6	3	7	6	3	6	18	3	5	5	7	13	8	10	29
PD46565c_lo0006	124	51	14	63	83	42	9	68	159	55	16	126	151	103	24	306	29	23	1	24	8	18	8	16	10	7	1	10	43	26	3	53	105	78	715	87	78	82	424	113	93	90	518	81	95	70	308	109	43	25	32	109	21	16	22	30	8	11	7	21	91	13	11	47	82	37	72	82	32	33	34	50	37	45	21	52	38	40	30	61	17	5	17	23	14	18	17	28	10	3	10	17	25	11	18	43
PD46566b_lo0001	58	24	4	33	24	17	3	22	56	19	13	30	54	35	8	91	3	8	6	9	4	3	2	6	3	6	1	10	13	11	0	23	41	39	506	58	47	33	259	42	40	35	285	34	59	63	191	55	8	10	9	25	6	8	5	7	4	3	0	10	25	7	2	16	46	19	26	37	11	12	12	17	29	22	23	21	14	17	13	17	5	1	6	9	4	4	6	7	0	3	2	3	4	7	8	24
PD46566b_lo0007	57	28	6	38	41	20	7	27	66	25	10	36	65	54	9	94	12	12	2	18	6	5	4	12	4	7	2	3	15	14	2	36	53	52	545	93	49	38	303	49	38	45	352	41	63	55	190	65	21	14	14	30	5	10	9	14	6	11	3	6	22	11	7	27	45	22	35	55	10	20	25	24	31	18	15	33	14	27	17	38	8	2	6	11	4	9	7	15	3	4	1	7	2	8	4	35
PD46566b_lo0008	59	30	6	27	37	23	9	30	61	24	8	39	60	57	11	89	8	14	2	15	9	4	6	8	5	10	2	3	28	13	1	32	66	52	542	87	42	35	334	58	39	50	340	45	71	45	202	77	17	19	19	35	5	7	8	18	3	6	6	6	36	15	6	18	55	25	30	55	17	20	30	14	36	23	16	25	22	24	17	28	13	4	3	13	4	5	5	10	2	5	3	5	9	8	5	31
PD46566b_lo0004	56	21	8	27	35	15	6	21	63	25	4	27	78	52	9	98	9	8	4	7	5	7	1	8	3	3	1	8	11	12	0	21	55	38	502	55	38	31	261	40	47	34	319	40	45	66	186	52	8	7	5	27	5	7	5	4	3	6	4	7	34	8	3	12	40	15	23	42	9	9	25	17	20	19	13	25	20	16	12	26	5	0	4	9	3	3	7	8	2	2	2	3	1	5	3	25
PD46566b_lo0002	41	27	4	16	31	10	4	31	47	14	7	38	57	36	9	67	9	8	1	14	8	7	2	7	2	4	1	5	9	5	1	18	47	27	423	57	47	27	219	39	36	39	260	29	28	37	170	45	10	14	7	42	5	5	5	2	3	2	4	3	22	6	6	6	44	11	30	38	10	14	21	12	22	14	13	19	22	18	17	31	7	2	1	9	4	6	5	7	6	3	4	10	6	6	4	26
PD46566b_lo0003	46	27	3	17	28	11	5	31	53	17	8	39	59	38	10	71	9	7	1	13	8	7	2	8	2	2	1	6	9	6	1	17	48	28	425	55	45	27	218	37	40	38	269	27	31	43	172	41	13	13	9	41	6	5	5	2	3	3	4	3	19	6	4	7	41	13	34	37	11	16	21	12	21	17	13	21	22	17	18	33	7	2	1	10	4	7	5	12	6	3	3	9	6	7	4	27
PD46568b_lo0002	33	20	6	14	16	12	4	9	31	16	7	12	35	24	3	38	4	3	2	6	0	8	2	8	4	3	0	3	6	9	0	9	49	31	386	41	40	31	151	44	34	41	241	31	38	39	125	32	8	11	10	21	1	4	6	4	3	4	2	5	13	3	5	10	29	18	18	42	7	14	11	19	9	11	17	23	11	10	6	19	4	4	6	9	4	2	6	9	2	2	2	3	3	9	5	14
PD46568b_lo0019	35	20	8	13	17	15	3	10	33	16	5	24	32	33	15	44	9	10	1	6	4	6	0	6	3	6	0	9	6	9	2	13	53	22	379	37	33	38	173	41	26	38	211	26	37	52	128	31	6	3	7	18	1	3	8	10	5	5	5	2	9	4	1	12	33	16	13	42	9	6	12	7	19	15	13	12	16	15	7	16	2	0	3	4	5	2	10	3	4	2	4	2	7	5	9	16
PD46568b_lo0004	20	26	7	7	15	11	3	8	20	8	4	11	18	20	2	26	4	5	1	4	2	4	2	3	4	1	2	7	5	4	0	7	35	21	260	31	28	30	152	21	15	26	149	28	28	25	105	22	4	6	6	10	6	5	4	3	3	5	0	11	11	7	2	9	34	15	22	33	6	8	13	10	13	7	8	9	6	9	11	17	6	3	1	7	3	3	7	10	2	1	4	2	4	3	7	10
PD46568b_lo0005	42	18	1	18	21	14	3	8	39	13	4	21	20	29	8	38	9	6	2	12	2	6	3	6	2	6	0	2	7	10	0	11	44	20	287	34	29	37	137	34	25	36	230	29	41	36	104	31	11	9	10	16	1	7	10	13	3	3	4	9	9	9	4	10	37	11	30	32	5	8	12	15	16	11	16	25	11	11	12	9	5	3	6	8	2	4	4	8	2	0	4	3	7	3	9	17
PD46568b_lo0007	26	19	2	11	16	5	4	13	22	9	3	18	30	26	7	35	9	2	2	7	6	6	2	6	2	3	2	4	5	5	2	17	38	30	354	33	32	31	122	28	28	41	217	30	31	38	107	39	10	9	8	14	2	5	6	7	2	1	2	6	11	4	7	12	34	11	14	29	9	1	9	12	19	15	11	22	10	9	10	25	5	1	3	8	1	4	5	7	3	6	1	7	1	6	5	14
PD46568b_lo0009	29	15	3	18	17	6	6	15	18	9	5	17	33	19	7	41	11	2	1	9	5	6	2	5	2	5	2	5	7	9	0	15	44	29	372	30	39	24	124	41	27	37	215	36	29	40	129	33	10	13	7	19	6	5	10	4	1	2	1	3	9	3	9	13	34	17	23	33	11	8	10	11	22	10	12	27	14	13	12	28	6	0	3	4	1	5	3	8	3	5	2	5	2	5	2	11
PD46568b_lo0010	27	21	5	17	17	7	3	13	19	8	4	10	26	21	6	30	6	11	2	7	9	3	0	6	3	2	1	6	6	4	1	8	48	29	319	37	38	47	156	35	27	33	192	27	32	47	125	39	5	8	8	25	3	2	4	6	2	1	2	7	12	6	4	8	24	8	20	25	15	11	14	14	19	14	14	20	10	14	5	17	3	1	2	5	5	3	7	6	2	3	4	4	5	4	6	7
PD46568b_lo0011	25	27	5	11	15	8	5	12	26	6	7	16	18	29	5	28	5	4	2	11	3	1	2	5	1	6	3	6	5	6	2	11	42	28	366	31	23	35	144	34	30	41	205	26	45	44	123	26	15	8	5	24	2	4	8	8	3	3	3	3	12	7	2	10	33	14	19	37	9	12	14	11	20	7	11	36	20	10	8	18	4	0	5	5	1	2	7	8	0	0	4	2	4	5	5	8
PD46568b_lo0012	25	23	6	11	17	7	5	12	27	13	4	12	20	29	6	39	8	6	1	11	4	1	4	7	2	7	2	5	8	8	4	6	44	27	355	40	22	38	151	36	30	42	207	32	34	52	134	24	15	5	7	24	1	5	7	6	1	4	3	4	18	7	3	11	26	12	14	31	9	10	15	12	21	7	13	36	22	10	13	19	3	0	2	9	3	5	9	9	0	1	2	3	6	4	5	12
PD46568b_lo0013	19	23	7	9	8	11	2	8	22	13	7	14	29	25	11	25	11	2	1	9	4	3	3	4	3	4	0	4	9	4	0	12	38	30	366	31	33	28	154	36	35	37	223	29	26	43	141	30	16	4	5	17	3	2	8	4	3	5	5	2	18	4	1	12	32	9	20	29	9	16	13	12	14	10	14	30	17	17	12	23	4	2	4	9	2	2	9	8	0	1	2	2	11	1	6	9
PD46568b_lo0014	20	23	8	11	8	11	1	9	24	14	8	16	30	21	10	24	11	3	1	9	4	5	3	4	3	4	0	3	10	3	0	11	40	30	375	33	33	29	155	35	33	34	221	28	25	42	140	28	14	6	5	17	3	2	8	4	3	5	5	2	18	6	1	13	34	8	18	28	9	16	15	13	13	10	15	27	17	19	14	24	4	2	4	9	2	2	7	6	0	1	3	2	10	1	5	10
PD46568b_lo0015	25	20	4	12	10	8	2	8	21	10	8	18	28	22	5	31	11	3	2	8	3	2	2	7	4	4	0	4	7	8	1	12	36	28	345	33	22	32	161	28	32	32	229	33	32	41	133	31	16	6	4	18	3	4	5	6	2	3	3	3	17	5	3	11	37	12	19	26	12	10	11	13	21	11	13	20	18	18	14	22	6	1	4	10	4	2	4	5	2	0	5	3	6	5	9	11
PD46568b_lo0016	21	18	5	14	15	9	0	17	21	9	5	18	18	21	4	34	7	8	1	4	1	9	1	10	7	6	1	5	9	8	2	7	37	25	353	39	22	34	157	35	24	34	234	30	31	34	124	27	14	8	14	19	3	5	11	12	4	4	4	3	7	8	4	15	34	6	29	29	13	7	13	18	13	10	14	23	13	9	5	22	3	0	3	2	1	3	8	6	0	4	4	3	7	3	6	11
PD46568b_lo0017	21	22	4	8	15	16	4	13	24	15	3	15	29	19	8	33	8	6	3	8	3	3	0	6	2	2	1	5	3	6	0	9	38	37	328	24	33	38	164	48	35	38	188	22	22	44	129	28	7	7	11	18	2	8	5	4	3	4	2	3	18	5	5	9	38	15	23	47	9	7	8	11	21	8	11	14	12	16	13	18	5	1	5	4	2	6	5	3	3	1	1	5	9	8	4	10
PD46573b_lo0001	57	43	7	26	36	22	6	15	60	23	9	27	48	42	10	73	13	7	2	19	9	7	3	15	6	10	3	5	16	8	3	35	81	54	640	60	42	44	315	67	61	60	383	50	71	51	233	66	14	18	11	34	7	13	9	12	6	9	6	10	28	7	8	24	59	17	23	49	25	18	22	27	46	21	25	32	28	20	19	36	7	6	9	12	4	7	6	19	5	4	2	6	10	21	7	26
PD46573b_lo0008	33	26	2	24	19	10	2	12	29	15	9	30	44	29	12	54	4	6	0	11	6	9	1	7	7	5	0	5	11	8	2	23	62	41	517	55	48	47	232	42	32	33	336	36	42	62	202	48	15	20	6	28	3	10	4	7	6	12	7	2	31	7	7	17	47	20	31	51	19	13	16	19	26	20	17	20	19	23	9	22	9	3	3	7	3	9	4	12	1	3	2	8	3	9	4	18
PD46573b_lo0002	65	48	10	29	32	28	11	24	85	38	20	45	98	76	20	111	20	14	2	14	13	10	3	14	4	11	2	13	143	29	4	149	75	52	896	74	86	77	429	77	67	91	567	74	181	97	375	105	16	22	10	50	9	13	11	11	7	7	7	13	38	8	6	24	60	28	46	84	18	20	30	26	46	27	30	34	31	38	20	40	19	11	11	9	9	5	12	22	4	4	6	11	14	12	13	25
PD46573b_lo0005	71	48	9	18	41	23	5	31	56	26	15	42	69	67	10	82	14	13	4	14	9	10	2	16	9	11	1	6	36	16	1	63	93	72	831	100	66	73	386	76	66	75	512	59	102	92	318	98	25	25	20	57	15	11	19	13	4	7	12	9	31	12	3	24	78	32	42	88	24	15	21	29	39	28	38	56	40	33	25	36	13	12	13	15	4	13	14	15	3	4	7	4	16	7	12	35
PD46573b_lo0007	64	47	8	24	42	27	8	37	85	40	18	49	81	69	17	96	14	15	3	9	6	11	3	16	6	12	3	7	23	8	2	34	119	71	905	109	73	54	456	80	70	85	599	61	97	103	352	96	22	17	16	53	4	11	17	15	10	9	6	11	41	16	7	31	92	34	42	71	22	30	17	31	37	37	25	46	38	35	23	34	10	9	12	16	9	10	15	18	7	5	3	11	8	9	16	37
PD52486b_lo0001	12	7	2	10	4	9	3	8	12	7	1	5	18	12	2	16	3	2	2	0	3	1	2	5	2	2	0	3	10	8	1	24	15	16	161	17	15	11	100	13	9	10	90	13	48	26	58	37	6	2	2	3	2	1	4	2	0	2	1	3	9	0	4	10	15	5	6	13	7	4	7	5	6	8	3	0	11	7	4	8	1	1	5	1	0	1	1	2	0	1	1	1	2	1	3	5
PD52486b_lo0002	16	14	0	3	12	2	2	3	16	4	2	13	15	9	3	19	0	1	0	2	0	3	0	1	3	0	0	0	14	4	0	10	15	9	179	18	18	15	90	15	16	13	105	14	33	24	72	21	8	1	5	10	2	4	2	3	1	0	0	5	3	1	1	4	11	3	14	11	6	8	3	6	3	10	3	11	3	7	8	5	0	2	2	3	1	1	2	1	1	1	3	1	0	0	1	3
PD52486b_lo0008	16	11	0	7	8	5	2	5	21	5	2	13	15	10	3	19	4	1	2	1	0	3	0	4	1	1	0	0	21	6	0	19	23	10	188	18	11	10	89	14	13	8	104	12	59	34	77	42	6	0	4	14	4	3	2	3	2	0	0	5	5	2	0	4	9	4	15	14	4	8	4	8	9	10	5	12	3	8	4	4	0	2	2	3	2	1	2	3	1	0	0	1	1	0	3	8
PD52486b_lo0004	11	10	0	10	12	3	0	3	15	10	0	10	22	7	2	24	4	5	0	4	3	3	0	2	3	3	1	2	6	2	0	11	20	6	156	19	12	16	58	18	13	13	116	10	38	20	63	27	7	5	2	7	0	1	6	6	2	0	2	4	10	0	3	4	19	6	4	16	5	8	1	6	4	6	4	8	4	1	4	4	6	2	4	3	2	0	3	2	0	0	1	1	0	1	1	7
PD52486b_lo0003	13	3	1	2	8	1	0	2	8	4	1	10	7	7	1	18	1	0	0	1	0	1	1	4	0	3	0	1	13	3	0	17	5	4	105	5	5	10	49	11	5	11	72	4	37	20	43	20	4	3	3	3	2	0	2	2	0	1	0	0	2	3	1	3	9	2	3	6	3	2	4	6	6	7	4	9	5	0	2	5	1	1	3	0	1	1	1	1	1	1	1	1	1	1	4	3
PD52486b_lo0009	22	12	1	10	16	6	2	8	25	8	6	13	19	17	2	41	7	1	0	7	4	6	0	4	4	2	0	4	10	4	0	16	15	10	180	17	17	12	97	15	6	9	122	14	44	27	85	36	4	0	7	9	3	4	6	4	1	0	3	3	7	0	3	10	12	8	8	14	7	10	2	10	6	2	3	8	9	12	6	6	1	0	1	1	3	5	5	2	3	2	4	2	5	0	4	6
PD52486b_lo0010	25	9	1	10	14	4	3	6	28	11	5	7	16	16	1	38	5	1	0	5	4	3	1	3	5	2	0	5	7	6	1	16	18	11	178	16	16	18	99	19	7	14	129	23	42	26	84	26	5	2	5	7	4	1	4	6	1	0	2	4	8	1	3	11	16	10	7	12	7	7	2	10	9	7	6	6	8	15	6	5	2	0	2	2	1	4	1	3	2	0	4	3	4	0	7	2
PD52486b_lo0005	19	10	0	9	12	5	4	6	28	6	3	10	11	10	0	16	3	0	0	0	3	2	1	2	1	0	1	2	2	3	0	4	9	17	160	8	21	11	88	13	17	25	108	14	11	21	64	17	4	6	2	9	3	4	4	3	2	3	0	1	8	3	3	10	12	6	7	21	3	8	8	4	9	4	2	10	5	1	4	11	1	0	4	2	0	0	1	2	1	0	4	1	1	3	5	3
PD52486b_lo0006	7	6	0	11	7	9	3	8	16	3	2	11	13	10	4	23	4	4	0	2	3	4	0	0	1	3	0	3	6	1	0	6	6	5	134	12	10	9	69	5	9	17	91	8	34	21	58	24	3	1	2	12	3	1	7	8	3	1	1	2	6	1	0	5	13	3	6	17	6	5	4	5	8	7	3	9	6	4	6	11	0	0	1	3	2	2	1	3	0	0	0	1	4	2	3	3
PD52487b_lo0002	21	20	3	14	22	5	3	11	20	10	3	13	21	22	8	21	7	3	2	2	4	5	2	8	2	2	0	9	12	5	1	21	25	24	175	16	20	22	94	27	30	27	147	21	28	35	74	39	8	0	6	9	3	5	7	8	2	2	1	8	5	2	0	17	22	7	12	31	5	12	5	5	10	12	2	12	11	15	12	17	1	2	1	2	1	4	3	1	2	1	4	3	2	1	3	5
PD52487b_lo0003	21	7	2	16	11	8	1	7	12	8	2	3	17	14	2	21	5	2	1	4	3	2	1	6	3	3	1	3	15	2	1	15	25	12	178	17	16	20	84	16	13	21	92	19	34	24	63	37	4	7	4	9	3	1	3	6	4	0	1	4	7	4	1	7	26	5	14	21	4	6	5	7	8	7	9	8	11	13	4	14	2	1	6	3	0	1	2	8	2	2	3	0	1	4	3	6
PD52487b_lo0004	27	9	5	12	19	6	2	15	16	6	4	18	40	22	4	35	11	6	0	10	7	2	4	7	4	3	1	2	116	20	2	145	26	20	191	24	21	26	104	24	27	22	132	19	145	59	82	100	9	6	11	14	7	3	7	7	2	3	2	3	7	4	3	13	25	11	15	28	9	8	7	9	10	12	5	14	9	13	10	15	4	0	5	6	2	3	2	2	1	2	2	1	5	1	7	6
PD52487b_lo0005	12	7	2	11	11	8	5	16	17	8	3	10	17	17	4	16	3	4	1	7	3	6	0	4	4	3	0	2	8	4	0	18	29	22	191	26	18	21	87	23	13	31	105	18	25	34	66	29	4	6	9	8	4	2	6	6	1	1	2	4	11	1	4	14	19	9	6	20	9	11	8	7	7	7	8	16	10	5	11	10	1	2	6	5	2	1	1	9	2	3	5	2	2	2	2	5
PD52487b_lo0006	17	14	3	16	11	15	2	7	18	7	1	13	18	18	5	21	12	2	2	5	3	2	1	7	4	1	0	6	29	7	0	36	23	20	170	20	21	25	94	29	20	16	98	20	51	39	68	40	5	9	5	11	7	6	3	5	4	1	3	5	9	2	2	7	19	4	16	24	8	4	9	10	8	7	8	17	8	6	6	13	1	2	2	1	1	1	3	3	3	2	1	4	7	3	5	11
