SBS1	SBS5	SBS18	SBS2	SBS13	SBS88	SBS35	SBS40	SBS41	SBS17b
PD28690_36	0.416459044470919	0.443978199656755	0.139562755872325	0	0	0	0	0	0	0
PD28690_9	0.403327254227148	0.458285095920177	0.138387649852675	0	0	0	0	0	0	0
PD28690_17	0.369172194048991	0.448295882731649	0.182531923219361	0	0	0	0	0	0	0
PD28690_37	0.404752564324997	0.426285133798921	0.0995337881728952	0	0	0	0.0694285137031868	0	0	0
PD28690_8	0.388591551555494	0.384944203030369	0.120312071221646	0.0597070077980052	0.0464451663944861	0	0	0	0	0
PD28690_5	0.375167574269741	0.427304141895658	0.127508225486848	0.0451951257044723	0.0248249326432813	0	0	0	0	0
PD28690_19	0.372121998131547	0.502530437665128	0.125347564203325	0	0	0	0	0	0	0
PD28690_15	0.346997386206626	0.414719383695705	0.110659540638112	0	0	0	0.127623689459557	0	0	0
PD28690_14	0.385708110850431	0.474186238113003	0.140105651036566	0	0	0	0	0	0	0
PD28690_21	0.382105626813788	0.490148706027246	0.127745667158967	0	0	0	0	0	0	0
PD28690_2	0.40924523491567	0.450823239354052	0.139931525730278	0	0	0	0	0	0	0
PD28690_18	0.398752724012555	0.475843748439639	0.125403527547805	0	0	0	0	0	0	0
PD28690_20	0.362367092717945	0.325557088297306	0.125372334515014	0.0853846663305951	0.10131881813914	0	0	0	0	0
PD28690_39	0.403274386911516	0.502188608184323	0.0945370049041611	0	0	0	0	0	0	0
PD28690_10	0.379608295670241	0.333735386777982	0.13525426286218	0	0	0	0.151402054689597	0	0	0
PD28690_1	0.36853299675301	0.486286677353337	0.145180325893653	0	0	0	0	0	0	0
PD28690_3	0.409436574810565	0.415203378219017	0.106834806810615	0.0351483248811444	0.0333769152786582	0	0	0	0	0
PD28690_4	0.360503090567161	0.474877378737543	0.164619530695296	0	0	0	0	0	0	0
PD28690_6	0.374555997981469	0.48492172672965	0.140522275288881	0	0	0	0	0	0	0
PD28690_11	0.404326970215442	0.299584822157671	0.0919009155269261	0	0	0	0.204187292099961	0	0	0
PD28690_7	0.380107001841337	0.398622718689918	0.140716021531678	0	0	0	0.0805542579370669	0	0	0
PD28690_16	0.405017403465636	0.328082594741904	0.26690000179246	0	0	0	0	0	0	0
PD34200_2	0.379421895895257	0.495534643523377	0.125043460581366	0	0	0	0	0	0	0
PD34200_5	0.384906771260542	0.512109990494626	0.102983238244832	0	0	0	0	0	0	0
PD34200_1	0.386724444724193	0.502424682601176	0.110850872674631	0	0	0	0	0	0	0
PD34200_3	0.389569058249164	0.487704663421864	0.122726278328972	0	0	0	0	0	0	0
PD34200_4	0.372755978414486	0.525005662460775	0.102238359124738	0	0	0	0	0	0	0
PD37266_3	0.299601782292519	0.700398217707481	0	0	0	0	0	0	0	0
PD37266_6	0.316726303069256	0.543392831134414	0.0883490777716837	0	0	0.0515317880246462	0	0	0	0
PD37266_2	0.337151905924103	0.532848101401908	0.129999992673989	0	0	0	0	0	0	0
PD37266_4	0.333224591966121	0.51675596316422	0.0973963421428086	0	0	0.0526231027268498	0	0	0	0
PD37266_1	0.327542478554622	0.527023933293437	0.076106760132466	0	0	0.0693268280194752	0	0	0	0
PD37266_5	0.40293372570143	0.512356630530812	0.0847096437677577	0	0	0	0	0	0	0
PD37449_2	0.335915325783706	0.516212231630797	0.147872442585497	0	0	0	0	0	0	0
PD37449_4	0.391242752415436	0.373068902064874	0.183495499097233	0	0	0.0521928464224573	0	0	0	0
PD37449_1	0.361803444914883	0.451587636312814	0.131477546745233	0	0	0	0	0	0.0551313720270703	0
PD37449_10	0.386142191838121	0.498862058475353	0.114995749686526	0	0	0	0	0	0	0
PD37449_9	0.37163459422322	0.294645899301731	0.138562237166424	0	0	0	0	0.195157269308624	0	0
PD37449_16	0.37122019596017	0.401367008872771	0.104390866160922	0	0	0.123021929006138	0	0	0	0
PD37449_7	0.299456960717135	0.372527272136346	0.148542374134212	0.0780988594315945	0.101374533580712	0	0	0	0	0
PD37449_5	0.333548925003623	0.486356174197723	0.117579221911451	0	0	0.062515678887203	0	0	0	0
PD37449_3	0.403502542876467	0.352155831004787	0.244341626118746	0	0	0	0	0	0	0
PD37449_6	0.424199710778489	0.42467917406546	0.151121115156051	0	0	0	0	0	0	0
PD37449_8	0.377737726354879	0.468189653072982	0.154072620572139	0	0	0	0	0	0	0
PD37449_18	0.22790240082446	0.240976653794498	0	0	0	0.531120945381042	0	0	0	0
PD41851_9	0.315532594993623	0.406234193850836	0.136012265908394	0.0760370880363217	0.0661838572108259	0	0	0	0	0
PD41851_3	0.280246496119584	0.425195679036547	0.0842848196283736	0.0983017254545994	0.111971279760896	0	0	0	0	0
PD41851_8	0.321625002294853	0.4602326263601	0.131383546216107	0.0486775570140689	0.0380812681148704	0	0	0	0	0
PD41851_2	0.310786633437617	0.463174035841263	0.138801213523614	0.0501967808897162	0.0370413363077888	0	0	0	0	0
PD41851_7	0.323920374854119	0.453564228917287	0.138860090361252	0.0470522184392081	0.0366030874281346	0	0	0	0	0
PD41851_5	0.354473314951596	0.520754580598895	0.124772104449509	0	0	0	0	0	0	0
PD41851_4	0.353604509674876	0.536358801895534	0.11003668842959	0	0	0	0	0	0	0
PD41851_1	0.328766868781521	0.538170432350622	0.133062698867857	0	0	0	0	0	0	0
PD41851_11	0.291140888956686	0.409519309356766	0.102757103104898	0.0895237277645771	0.107058970817074	0	0	0	0	0
PD41851_6	0.331937778609722	0.407431371705792	0.133725535450355	0.0642476214489345	0.0626576927851966	0	0	0	0	0
PD41851_10	0.33507066543244	0.447172480361953	0.137208103383919	0.0398437829124259	0.0407049679092614	0	0	0	0	0
PD41851_14	0.39398705218255	0.49812538071039	0.107887567107059	0	0	0	0	0	0	0
PD41852_10	0.400985899231602	0.478731988299464	0.120282112468934	0	0	0	0	0	0	0
PD41852_1	0.328630868143226	0.548466871774242	0.122902260082532	0	0	0	0	0	0	0
PD41852_9	0.37418671410185	0.460458479895116	0.108085694712822	0.0301705711430348	0.027098540147178	0	0	0	0	0
PD41852_3	0.348624509627855	0.540448123963616	0.110927366408529	0	0	0	0	0	0	0
PD41852_2	0.355476885394007	0.497095004416156	0.147428110189836	0	0	0	0	0	0	0
PD41852_4	0.363659191601562	0.455027529418683	0.111754188950333	0.0364687783493464	0.0330903116800756	0	0	0	0	0
PD41852_11	0.390409274913679	0.490644176973336	0.118946548112985	0	0	0	0	0	0	0
PD41852_8	0.384972394130465	0.478895842610259	0.136131763259275	0	0	0	0	0	0	0
PD41852_6	0.37117653928793	0.46507119175209	0.095843517050585	0.0391925532483765	0.0287161986610186	0	0	0	0	0
PD41852_17	0.345279815257324	0.400352766907614	0.134775562338393	0.0605279070181305	0.059063948478539	0	0	0	0	0
PD41852_5	0.383230595834038	0.511953920006693	0.10481548415927	0	0	0	0	0	0	0
PD41852_7	0.392903487652927	0.507102770348268	0.0999937419988054	0	0	0	0	0	0	0
PD41852_19	0.435102363519165	0.456624952275024	0.108272684205811	0	0	0	0	0	0	0
PD41853_6	0.458974439037658	0.43317202651699	0.107853534445353	0	0	0	0	0	0	0
PD41853_3	0.370516989379265	0.564638129881227	0.064844880739508	0	0	0	0	0	0	0
PD41853_11	0.411778429660901	0.519488337103294	0.068733233235805	0	0	0	0	0	0	0
PD41853_8	0.414064495500885	0.506369248020003	0.0795662564791112	0	0	0	0	0	0	0
PD41853_14	0.412281382123707	0.493495530684087	0.0942230871922056	0	0	0	0	0	0	0
PD41853_5	0.39602532741213	0.526424805163933	0.0775498674239366	0	0	0	0	0	0	0
PD41853_10	0.377832706978084	0.542496336646112	0.0796709563758046	0	0	0	0	0	0	0
PD41853_9	0.343859637252385	0.57551600864902	0.0806243540985945	0	0	0	0	0	0	0
PD41853_4	0.405501744331979	0.531232305802787	0.0632659498652333	0	0	0	0	0	0	0
PD41853_2	0.515057641305646	0.390465161106885	0.0944771975874688	0	0	0	0	0	0	0
PD41853_7	0.369357476537856	0.410064852378253	0.0823376134436307	0.072232448800929	0.0660076088393314	0	0	0	0	0
PD41853_1	0.492439238207649	0.452055663976185	0.0555050978161657	0	0	0	0	0	0	0
PD41853_18	0.692916088469726	0.307083911530274	0	0	0	0	0	0	0	0
PD42833_3	0.339318585290353	0.476031830838423	0.184649583871225	0	0	0	0	0	0	0
PD42833_1	0.366925268776375	0.438741426245673	0.194333304977951	0	0	0	0	0	0	0
PD42833_2	0.34761979421397	0.446909009979042	0.205471195806988	0	0	0	0	0	0	0
PD42833_9	0.388277539565907	0.420866442470019	0.190856017964074	0	0	0	0	0	0	0
PD42833_11	0.326723233833101	0.446964953440408	0.226311812726491	0	0	0	0	0	0	0
PD42833_5	0.336957281663741	0.490214180056814	0.172828538279445	0	0	0	0	0	0	0
PD42833_10	0.416218831400738	0.449302328622652	0.13447883997661	0	0	0	0	0	0	0
PD42833_4	0.296208540540437	0.599129312311089	0.104662147148473	0	0	0	0	0	0	0
PD42834_4	0.306287068158006	0.525760587034667	0.167952344807327	0	0	0	0	0	0	0
PD42834_3	0.33990012430249	0.450990964026932	0.209108911670578	0	0	0	0	0	0	0
PD42834_7	0.305656104878519	0.552943096131764	0.141400798989717	0	0	0	0	0	0	0
PD42834_2	0.299096562528745	0.557097582237809	0.143805855233446	0	0	0	0	0	0	0
PD42834_1	0.330336310610886	0.461877983150499	0.207785706238614	0	0	0	0	0	0	0
PD42834_5	0.316766365176025	0.480542145922566	0.202691488901409	0	0	0	0	0	0	0
PD42834_6	0.293929857960703	0.503066319903426	0.203003822135871	0	0	0	0	0	0	0
PD42834_12	0.324927469130965	0.529487211515695	0.14558531935334	0	0	0	0	0	0	0
PD42835_7	0.288311588459469	0.611474997457146	0.100213414083385	0	0	0	0	0	0	0
PD42835_5	0.310815473612401	0.584260099222217	0.104924427165383	0	0	0	0	0	0	0
PD42835_8	0.279189591013396	0.633960254197958	0.0868501547886457	0	0	0	0	0	0	0
PD42835_1	0.329291190083336	0.469965426780817	0.131756919903601	0.0315139037826088	0.0374725594496373	0	0	0	0	0
PD42835_9	0.297509947104556	0.485789867853385	0.0724746642404174	0	0	0	0	0.144225520801642	0	0
PD42835_6	0.380167073685424	0.497638883051856	0.12219404326272	0	0	0	0	0	0	0
PD42835_3	0.313480804364025	0.580635803746429	0.105883391889546	0	0	0	0	0	0	0
PD42835_4	0.311635743785775	0.582548280375938	0.105815975838287	0	0	0	0	0	0	0
PD42835_2	0.326792222178434	0.555290776319873	0.117917001501693	0	0	0	0	0	0	0
PD42835_17	0.320967094419403	0.520535861020449	0.158497044560147	0	0	0	0	0	0	0
PD43400_2	0.358935130828915	0.529233558440797	0.111831310730288	0	0	0	0	0	0	0
PD43400_3	0.394284190335585	0.453084639621247	0.152631170043168	0	0	0	0	0	0	0
PD43400_4	0.403888116955316	0.436217594481688	0.159894288562996	0	0	0	0	0	0	0
PD43400_1	0.393705682656484	0.517131526674784	0.0891627906687311	0	0	0	0	0	0	0
PD43400_9	0.426887676864957	0.464897201021353	0.10821512211369	0	0	0	0	0	0	0
PD43400_7	0.423707346560991	0.48999826183917	0.0862943915998396	0	0	0	0	0	0	0
PD43400_5	0.397289992033183	0.398805163292446	0.0705489847838637	0	0	0	0	0.133355859890508	0	0
PD43400_8	0.39275850352629	0.55024935449679	0.05699214197692	0	0	0	0	0	0	0
PD43401_1	0.23495159592577	0.553021702742365	0	0.0780273581500893	0.133999343181776	0	0	0	0	0
PD43401_5	0.28879841693327	0.62221357103606	0.0889880120306705	0	0	0	0	0	0	0
PD43401_8	0.30007108238476	0.612176171456389	0.08775274615885	0	0	0	0	0	0	0
PD43401_3	0.298625395303186	0.641002308512558	0.0603722961842561	0	0	0	0	0	0	0
PD43401_2	0.315482688514089	0.612573708613782	0.0719436028721293	0	0	0	0	0	0	0
PD43401_4	0.258698684407839	0.679694466668325	0.0616068489238359	0	0	0	0	0	0	0
PD43401_7	0.352032025276769	0.514256384185363	0.133711590537868	0	0	0	0	0	0	0
PD43401_9	0.332106006774513	0.584026582942755	0.0838674102827324	0	0	0	0	0	0	0
PD43402_8	0.368478353920836	0.500579577292356	0.130942068786808	0	0	0	0	0	0	0
PD43402_5	0.338264418012494	0.564594480187209	0.0971411018002962	0	0	0	0	0	0	0
PD43402_18	0.374543369406196	0.522014219479442	0.103442411114361	0	0	0	0	0	0	0
PD43402_10	0.298637415152432	0.584574672414183	0.116787912433386	0	0	0	0	0	0	0
PD43402_17	0.433942411287783	0.383416150837657	0.18264143787456	0	0	0	0	0	0	0
PD43402_23	0.353418042852919	0.575037242838549	0.0715447143085316	0	0	0	0	0	0	0
PD43402_2	0.405149589261359	0.49350305063467	0.101347360103971	0	0	0	0	0	0	0
PD43402_6	0.329969823423159	0.48739811839417	0.0820771728892351	0.0452914433209369	0.0552634419724997	0	0	0	0	0
PD43402_12	0.353797473524174	0.532374796822291	0.113827729653535	0	0	0	0	0	0	0
PD43402_4	0.345675090633507	0.54197912050228	0.112345788864213	0	0	0	0	0	0	0
PD43402_11	0.324622764883257	0.580682703402893	0.0946945317138499	0	0	0	0	0	0	0
PD43402_21	0.40015618106859	0.542684537073502	0.0571592818579084	0	0	0	0	0	0	0
PD43402_9	0.336001835988607	0.578030343387731	0.085967820623662	0	0	0	0	0	0	0
PD43402_1	0.368858611206499	0.543174450923253	0.0879669378702479	0	0	0	0	0	0	0
PD43402_7	0.332533563258412	0.477359384541696	0.125213350108027	0.0360543344512826	0.0288393676405825	0	0	0	0	0
PD43402_3	0.415008025907898	0.440513647781857	0.144478326310245	0	0	0	0	0	0	0
PD43402_19	0.336424716359688	0.361584717468339	0.114952320697732	0.072340562706482	0.114697682767759	0	0	0	0	0
PD43402_22	0.242258293370434	0.634881923293108	0.122859783336458	0	0	0	0	0	0	0
PD43402_16	0.444902527976959	0.478999438341118	0.0760980336819228	0	0	0	0	0	0	0
PD43403_9	0.432184650773598	0.439436629743653	0.128378719482749	0	0	0	0	0	0	0
PD43403_7	0.42804983758579	0.447124636670021	0.124825525744189	0	0	0	0	0	0	0
PD43403_4	0.441064110810226	0.435299205838452	0.123636683351321	0	0	0	0	0	0	0
PD43403_5	0.43434462252768	0.434752683410741	0.130902694061579	0	0	0	0	0	0	0
PD43403_3	0.375047028509336	0.391802467329568	0.119493000927599	0.0517771229218345	0.061880380311663	0	0	0	0	0
PD43403_1	0.375673869374994	0.391160818510638	0.0570684731738984	0	0	0	0	0.17609683894047	0	0
PD43403_2	0.394420928036447	0.480744491276005	0.124834580687548	0	0	0	0	0	0	0
PD43403_8	0.453892292022367	0.461961753324072	0.0841459546535606	0	0	0	0	0	0	0
PD43850_12	0.34646661656224	0.55225311380344	0.10128026963432	0	0	0	0	0	0	0
PD43850_5	0.322341944199316	0.499138355525557	0.115223302738443	0.0383596898339088	0.0249367077027754	0	0	0	0	0
PD43850_3	0.37255546509419	0.494241185653249	0.133203349252561	0	0	0	0	0	0	0
PD43850_4	0.367865434348293	0.504821161393187	0.127313404258521	0	0	0	0	0	0	0
PD43850_14	0.319482299356468	0.450101210479298	0.124239609601292	0.0490201571235327	0.0571567234394091	0	0	0	0	0
PD43850_18	0.35658969333986	0.557852443838552	0.0855578628215876	0	0	0	0	0	0	0
PD43850_9	0.377138388448598	0.497190894304872	0.12567071724653	0	0	0	0	0	0	0
PD43850_10	0.37168825069137	0.525594214223498	0.102717535085132	0	0	0	0	0	0	0
PD43850_6	0.356898355666444	0.523802944634583	0.119298699698973	0	0	0	0	0	0	0
PD43850_8	0.359225568476447	0.56275730987717	0.0780171216463834	0	0	0	0	0	0	0
PD43850_17	0.307275657119647	0.58072551439246	0.111998828487893	0	0	0	0	0	0	0
PD43850_11	0.368898412841912	0.529751265328666	0.101350321829422	0	0	0	0	0	0	0
PD43850_20	0.338686924301472	0.526402150690495	0.134910925008033	0	0	0	0	0	0	0
PD43850_13	0.337594781992911	0.431707318481554	0.125498623924133	0.0506570162465145	0.0545422593548878	0	0	0	0	0
PD43850_16	0.378517094437054	0.501747554674618	0.119735350888328	0	0	0	0	0	0	0
PD43850_7	0.365005632060687	0.542937712874662	0.0920566550646507	0	0	0	0	0	0	0
PD43850_1	0.381193907532487	0.497782971317565	0.121023121149948	0	0	0	0	0	0	0
PD43850_15	0.328944599267269	0.561179331670181	0.10987606906255	0	0	0	0	0	0	0
PD43850_2	0.367074140891957	0.476526243321772	0.156399615786271	0	0	0	0	0	0	0
PD43850_19	0.355424458991185	0.5507367373245	0.0938388036843152	0	0	0	0	0	0	0
PD43850_33	0.438987448447899	0.45166894126053	0.10934361029157	0	0	0	0	0	0	0
PD43850_26	0.576464867760904	0.293440150830499	0.130094981408597	0	0	0	0	0	0	0
PD43851_1	0.0640718672949724	0.527971322374265	0	0	0	0	0	0.407956810330762	0	0
PD43851_13	0.454390147950499	0.403360590302494	0.142249261747007	0	0	0	0	0	0	0
PD43851_5	0.369720081350747	0.556232633394206	0.0740472852550474	0	0	0	0	0	0	0
PD43851_4	0.0894474698736209	0.820036524385387	0	0	0	0	0	0.0905160057409918	0	0
PD43851_16	0.464546266918845	0.417950989997318	0.117502743083838	0	0	0	0	0	0	0
PD43851_8	0.461109151702191	0.437488001181519	0.101402847116291	0	0	0	0	0	0	0
PD43851_12	0.416206192650319	0.384601896237238	0.140971801516418	0.0335036177983218	0.0247164917977038	0	0	0	0	0
PD43851_7	0.326939600146751	0.468597051037452	0.128253550453117	0	0	0	0	0	0.0762097983626802	0
PD43851_15	0.0829431487449958	0.604881633747686	0	0	0	0	0	0.312175217507318	0	0
PD43851_10	0.362048547446743	0.539073506370228	0.0988779461830293	0	0	0	0	0	0	0
PD43851_11	0.410699705332547	0.483436257820386	0.105864036847067	0	0	0	0	0	0	0
PD43851_14	0.0787019751236309	0.664621489622576	0	0	0	0	0	0.187824207877307	0.0688523273764865	0
PD43851_9	0.441052274717642	0.454573496320651	0.104374228961707	0	0	0	0	0	0	0
PD43851_6	0.397245490586266	0.505454301399389	0.0973002080143448	0	0	0	0	0	0	0
PD43851_3	0.411602976768009	0.354779010117631	0.064086050212761	0	0	0	0	0.169531962901599	0	0
PD43851_2	0.40315712965424	0.518662154417681	0.0781807159280788	0	0	0	0	0	0	0
PD43851_21	0.531831366768389	0.378469562213649	0.089699071017962	0	0	0	0	0	0	0
PD43853_2	0.307538285176358	0.410397978139599	0.14232480102056	0	0	0	0.139738935663484	0	0	0
PD43853_1	0.201962619656847	0.411178949299777	0.130012858846042	0.0287377942099353	0.0521816409168076	0	0.175926137070592	0	0	0
PD43853_3	0.0673387486211131	0.285359256425722	0.0920463440666693	0	0	0	0.339035900780711	0	0	0.216219750105785
PD43853_11	0.318459684961792	0.288693836134379	0.144391025752843	0.0746273829194334	0.0642743245508533	0	0.1095537456807	0	0	0
PD43853_8	0.372732214271928	0.42406761955237	0.124472827628762	0	0	0	0.0787273385469394	0	0	0
PD43853_10	0.322913285043594	0.370082845980325	0.101031407891777	0	0	0	0.205972461084303	0	0	0
PD43853_6	0.168045654775784	0.388073651537726	0.0970969563984011	0	0	0	0.212204868812002	0	0	0.134578868476087
PD43853_7	0.392796586172688	0.387712109172949	0.140880477761021	0	0	0	0.078610826893342	0	0	0
PD43853_15	0.40521311780819	0.463524236333127	0.131262645858683	0	0	0	0	0	0	0
PD43853_21	0.473784604434614	0.405082819728343	0.121132575837044	0	0	0	0	0	0	0
PD43853_5	0.151165390837834	0.41009109939441	0.113173171970145	0	0	0	0.325570337797611	0	0	0
PD43853_9	0.250257801811525	0.343675928976164	0.149383869737819	0	0	0	0.256682399474492	0	0	0
PD43853_4	0.0905201496230873	0.358320084325493	0.0931611548501802	0	0	0	0.33682291059995	0	0	0.12117570060129
PD43853_17	0.431531909324646	0.460885776002873	0.107582314672481	0	0	0	0	0	0	0
PD43853_14	0.536098495689768	0.37531981190453	0.0885816924057024	0	0	0	0	0	0	0
PD43949_4	0.432987981710791	0.297976626538105	0.269035391751103	0	0	0	0	0	0	0
PD43949_7	0.398228177860517	0.340529591751511	0.261242230387972	0	0	0	0	0	0	0
PD43949_5	0.42500887608366	0.269382177349602	0.305608946566738	0	0	0	0	0	0	0
PD43949_1	0.396762883981689	0.285557471752415	0.317679644265896	0	0	0	0	0	0	0
PD43949_2	0.392714833446071	0.245720442148446	0.361564724405483	0	0	0	0	0	0	0
PD43949_6	0.425022301523396	0.31903583867965	0.255941859796954	0	0	0	0	0	0	0
PD43949_13	0.464932580225538	0.360134810194769	0.174932609579693	0	0	0	0	0	0	0
PD43949_3	0.389791398658837	0.302602224654395	0.307606376686768	0	0	0	0	0	0	0
PD43949_11	0.450471785555085	0.290139263414858	0.259388951030056	0	0	0	0	0	0	0
PD43949_12	0.460299391792859	0.413084686801771	0.12661592140537	0	0	0	0	0	0	0
PD43950_1	0.474433286518709	0.367507672604268	0.158059040877024	0	0	0	0	0	0	0
PD43950_2	0.472946302778596	0.437575453555186	0.0894782436662188	0	0	0	0	0	0	0
PD43950_4	0.434606969745317	0.318841133375515	0.159140094100863	0.0569679361716959	0.0304438666066092	0	0	0	0	0
PD43950_5	0.477539082518561	0.388133481280435	0.134327436201004	0	0	0	0	0	0	0
PD43950_11	0.496135201811003	0.335605743835818	0.168259054353179	0	0	0	0	0	0	0
PD43950_7	0.484563670420115	0.394487792246949	0.120948537332936	0	0	0	0	0	0	0
PD43950_3	0.213348395828337	0.250456631719886	0	0.199738435387139	0.336456537064639	0	0	0	0	0
PD43950_10	0.480087470306803	0.277827197590851	0.134914462787304	0.0591944092981971	0.0479764600168445	0	0	0	0	0
PD43950_6	0.380002076918111	0.344781047546239	0.0957942808843614	0.0858079211805843	0.0936146734707045	0	0	0	0	0
PD43950_9	0.431495044442245	0.422828522282791	0.145676433274964	0	0	0	0	0	0	0
PD43950_19	0.548094188105541	0.348271444427042	0.103634367467417	0	0	0	0	0	0	0
PD43950_8	0.435088280917774	0.473682363585486	0.0912293554967402	0	0	0	0	0	0	0
PD43950_16	0.579801555840818	0.339518320506603	0.0806801236525795	0	0	0	0	0	0	0
PD43951_1	0.403779206956912	0.333910261655996	0.185751473975472	0.0520234345718881	0.0245356228397323	0	0	0	0	0
PD43951_3	0.471613669619409	0.443368048618688	0.0850182817619027	0	0	0	0	0	0	0
PD43951_8	0.434247188195533	0.423606554757956	0.142146257046512	0	0	0	0	0	0	0
PD43951_7	0.359367261741726	0.429172863625904	0.103969315447105	0.0735233297021178	0.0339672294831472	0	0	0	0	0
PD43951_2	0.447014827254216	0.402277542593681	0.150707630152103	0	0	0	0	0	0	0
PD43951_5	0.532552980279178	0.36395989027101	0.103487129449812	0	0	0	0	0	0	0
PD43951_9	0.453529712739866	0.431476003123049	0.114994284137084	0	0	0	0	0	0	0
PD43951_10	0.462359343572726	0.479632749736691	0.0580079066905836	0	0	0	0	0	0	0
PD43951_4	0.36604539497481	0.481344733682146	0.152609871343044	0	0	0	0	0	0	0
PD43951_6	0.429250940890713	0.461518723301264	0.109230335808023	0	0	0	0	0	0	0
PD43951_19	0.60010143785263	0.281319961745261	0.11857860040211	0	0	0	0	0	0	0
PD43952_4	0.408361591991888	0.412305573378137	0.179332834629975	0	0	0	0	0	0	0
PD43952_5	0.480573030615625	0.519426969384375	0	0	0	0	0	0	0	0
PD43952_7	0.411108029092232	0.452177339600152	0.136714631307617	0	0	0	0	0	0	0
PD43952_3	0.377155614779383	0.531493201544816	0.0913511836758005	0	0	0	0	0	0	0
PD43952_1	0.437786363141875	0.506117869593546	0.0560957672645785	0	0	0	0	0	0	0
PD43952_6	0.422063235153226	0.484825403895949	0.0931113609508253	0	0	0	0	0	0	0
PD43952_2	0.438293224514959	0.445027412977489	0.116679362507552	0	0	0	0	0	0	0
PD43953_7	0.409157986468811	0.368716865286728	0.137889176428671	0.0662723004666478	0.0179636713491424	0	0	0	0	0
PD43953_6	0.430087048310146	0.398246133024023	0.171666818665831	0	0	0	0	0	0	0
PD43953_2	0.460761948117287	0.354130779219206	0.0993824757778673	0.0564976356652633	0.0292271612203766	0	0	0	0	0
PD43953_1	0.3743238860809	0.301028830823486	0.123648732275097	0.0932571582752152	0.107741392545301	0	0	0	0	0
PD43953_5	0.522240615094227	0.338074699240346	0.139684685665427	0	0	0	0	0	0	0
PD43953_3	0.509734590288579	0.373014280069848	0.117251129641573	0	0	0	0	0	0	0
PD43953_4	0.510120212142734	0.377821502202909	0.112058285654357	0	0	0	0	0	0	0
PD43953_13	0.635262373942179	0.291763062037169	0.0729745640206528	0	0	0	0	0	0	0
PD43954_7	0.491698780734602	0.322286252260259	0.186014967005139	0	0	0	0	0	0	0
PD43954_5	0.424031847568107	0.439699048359896	0.136269104071997	0	0	0	0	0	0	0
PD43954_6	0.479453855101134	0.40529939359484	0.115246751304026	0	0	0	0	0	0	0
PD43954_2	0.496426314293246	0.417881019931957	0.0856926657747966	0	0	0	0	0	0	0
PD43954_4	0.464605641779953	0.456640020093835	0.0787543381262117	0	0	0	0	0	0	0
PD43954_1	0.449724304175586	0.450494211485429	0.0997814843389845	0	0	0	0	0	0	0
PD43954_11	0.491314614144337	0.382773474199254	0.125911911656409	0	0	0	0	0	0	0
PD43954_3	0.431181509859941	0.453665609856105	0.115152880283955	0	0	0	0	0	0	0
PD45766_1	0.280714685810891	0.399759742577949	0.109421573958971	0	0	0	0	0.210103997652188	0	0
PD45766_2	0.279692317489803	0.332437315884652	0.0939884548241278	0	0	0	0	0.293881911801417	0	0
PD45766_5	0.365454323736417	0.361851216927145	0.0876195145809611	0	0	0	0	0.185074944755477	0	0
PD45766_4	0.326003276250126	0.371691232289466	0.0860765102228936	0	0	0	0	0.216228981237515	0	0
PD45766_7	0.330875046235944	0.467387322572526	0.201737631191531	0	0	0	0	0	0	0
PD45766_6	0.361658567013449	0.410484155694773	0.227857277291778	0	0	0	0	0	0	0
PD45766_3	0.324536382635697	0.42016494887843	0.0724380414241215	0	0	0	0	0.182860627061752	0	0
PD45766_10	0.404308255450453	0.485501764301186	0.110189980248362	0	0	0	0	0	0	0
PD45767_10	0.366646263964663	0.541732164150525	0.0916215718848123	0	0	0	0	0	0	0
PD45767_1	0.31918993074373	0.599886836401544	0.0809232328547256	0	0	0	0	0	0	0
PD45767_11	0.379258900548985	0.470072122898132	0.150668976552883	0	0	0	0	0	0	0
PD45767_4	0.373815882495409	0.539830849190408	0.0863532683141826	0	0	0	0	0	0	0
PD45767_2	0.360451855250257	0.573716031799478	0.0658321129502644	0	0	0	0	0	0	0
PD45767_6	0.327222400006895	0.563697737149958	0.109079862843147	0	0	0	0	0	0	0
PD45767_23	0.436179454960074	0.408886044669388	0.154934500370538	0	0	0	0	0	0	0
PD45767_8	0.369676665903371	0.519954387005071	0.110368947091557	0	0	0	0	0	0	0
PD45767_7	0.319256753579638	0.575107285269319	0.105635961151044	0	0	0	0	0	0	0
PD45767_5	0.380944416524951	0.512078186359573	0.106977397115476	0	0	0	0	0	0	0
PD45767_13	0.426325134854196	0.473730206536196	0.0999446586096075	0	0	0	0	0	0	0
PD45767_25	0.320478879597867	0.524718776055032	0.0985214184258596	0.0285453740358499	0.0277355518853911	0	0	0	0	0
PD45767_9	0.346807946742462	0.517198097323911	0.0749621325988131	0.0327135664418182	0.0283182568929962	0	0	0	0	0
PD45767_3	0.348355337409913	0.568754494919917	0.0828901676701702	0	0	0	0	0	0	0
PD45767_24	0.421974217727408	0.453523978341748	0.124501803930844	0	0	0	0	0	0	0
PD45767_18	0.254262773851847	0.283979264981573	0.0658517577951553	0.175207479298296	0.220698724073129	0	0	0	0	0
PD45767_17	0.352771285505765	0.395444800833902	0.0816194333050224	0.0924608965365913	0.077703583818719	0	0	0	0	0
PD45767_12	0.410689997317471	0.38793168642259	0.201378316259939	0	0	0	0	0	0	0
PD45769_1	0.36076957392355	0.553600361115378	0.085630064961072	0	0	0	0	0	0	0
PD45769_4	0.335760327181298	0.470599110632752	0.10043255618299	0.0560154147318532	0.0371925912711067	0	0	0	0	0
PD45769_5	0.407987040629433	0.524071574813249	0.0679413845573178	0	0	0	0	0	0	0
PD45769_3	0.347562295573604	0.569965194175789	0.0824725102506074	0	0	0	0	0	0	0
PD45769_2	0.353122785983553	0.560162553237943	0.0867146607785039	0	0	0	0	0	0	0
PD45770_3	0.33088549336676	0.444660885852104	0.0896974545648357	0	0	0	0	0.1347561662163	0	0
PD45770_2	0.346982171833575	0.4740784782268	0.0862362097416027	0	0	0	0	0.0927031401980225	0	0
PD45770_5	0.33191372793402	0.548004108956355	0.120082163109625	0	0	0	0	0	0	0
PD45770_1	0.349855211749846	0.411165059402442	0.062221109883881	0	0	0	0	0.176758618963832	0	0
PD45770_4	0.339049681429925	0.548463856919766	0.112486461650309	0	0	0	0	0	0	0
PD45770_9	0.477679523614582	0.450925899955811	0.0713945764296069	0	0	0	0	0	0	0
PD45771_2	0.412362556052666	0.503672959260321	0.0839644846870131	0	0	0	0	0	0	0
PD45771_5	0.438177652951427	0.427169439980899	0.134652907067675	0	0	0	0	0	0	0
PD45771_6	0.483389914762744	0.394324807412655	0.122285277824601	0	0	0	0	0	0	0
PD45771_4	0.440123717205621	0.431689712010313	0.128186570784066	0	0	0	0	0	0	0
PD45771_3	0.3971170254615	0.447939207667913	0.154943766870587	0	0	0	0	0	0	0
PD45771_1	0.419968916495437	0.472672679038809	0.107358404465753	0	0	0	0	0	0	0
PD45771_9	0.445591418200982	0.425617831244042	0.128790750554976	0	0	0	0	0	0	0
PD45771_11	0.523725339014283	0.405838053151325	0.0704366078343918	0	0	0	0	0	0	0
PD45773_4	0.293354757337743	0.607133091272504	0.0995121513897529	0	0	0	0	0	0	0
PD45773_2	0.319310004292118	0.602565506466969	0.078124489240913	0	0	0	0	0	0	0
PD45773_5	0.317410907571417	0.585056111689699	0.097532980738885	0	0	0	0	0	0	0
PD45773_6	0.308771822357115	0.620361777580881	0.0708664000620038	0	0	0	0	0	0	0
PD45773_3	0.304221829593627	0.614483821285688	0.0812943491206843	0	0	0	0	0	0	0
PD45773_1	0.327853910930394	0.573113325667088	0.0990327634025179	0	0	0	0	0	0	0
PD45773_10	0.136653956723381	0.194602880122571	0	0.229601610837466	0.439141552316582	0	0	0	0	0
PD45776_6	0.404770568011714	0.50454220872733	0.0906872232609557	0	0	0	0	0	0	0
PD45776_1	0.411945923680478	0.490087921665886	0.0979661546536361	0	0	0	0	0	0	0
PD45776_2	0.373360090638161	0.523229195395399	0.10341071396644	0	0	0	0	0	0	0
PD45776_4	0.380262931774917	0.521807942807705	0.097929125417378	0	0	0	0	0	0	0
PD45776_5	0.395953686654417	0.482579849217135	0.121466464128448	0	0	0	0	0	0	0
PD45776_3	0.361873715372932	0.535353165563814	0.102773119063254	0	0	0	0	0	0	0
PD45778_4	0.350836569257288	0.465285525585937	0.0903043641449367	0.0602401555518647	0.0333333854599742	0	0	0	0	0
PD45778_1	0.357816910264996	0.452391865128083	0.098404796771731	0.0636792193617676	0.0277072084734223	0	0	0	0	0
PD45778_3	0.332852858992153	0.441311277864386	0.094609715873873	0.0704961338250171	0.0607300134445703	0	0	0	0	0
PD45778_2	0.350128050083197	0.557283255336211	0.0925886945805922	0	0	0	0	0	0	0
PD45778_7	0.413748339609347	0.488913447688831	0.0973382127018218	0	0	0	0	0	0	0
PD46562_15	0.382128250178593	0.539131648784734	0.0787401010366731	0	0	0	0	0	0	0
PD46562_4	0.417096408054314	0.502145684547255	0.0807579073984315	0	0	0	0	0	0	0
PD46562_5	0.253954554874288	0.746045445125712	0	0	0	0	0	0	0	0
PD46562_8	0.400105356280975	0.599894643719025	0	0	0	0	0	0	0	0
PD46562_14	0.363882830955338	0.544107871553848	0.0920092974908134	0	0	0	0	0	0	0
PD46562_2	0.47441864167278	0.456471986104655	0.0691093722225649	0	0	0	0	0	0	0
PD46562_7	0.41443770874769	0.495201680022495	0.0903606112298146	0	0	0	0	0	0	0
PD46562_11	0.439304505779024	0.356871608683771	0	0	0	0	0	0.203823885537205	0	0
PD46562_1	0.470839291120409	0.430352344805347	0.0988083640742434	0	0	0	0	0	0	0
PD46562_3	0.42044559109239	0.504273960331905	0.0752804485757049	0	0	0	0	0	0	0
PD46562_6	0.392508068080774	0.526318418279653	0.0811735136395732	0	0	0	0	0	0	0
PD46562_12	0.381972584113824	0.516426724012249	0.101600691873927	0	0	0	0	0	0	0
PD46563_1	0.432909328095142	0.458770692102776	0.108319979802082	0	0	0	0	0	0	0
PD46563_25	0.482206385988727	0.398123570432513	0.11967004357876	0	0	0	0	0	0	0
PD46563_2	0.410328723275706	0.406215021412277	0.183456255312016	0	0	0	0	0	0	0
PD46563_22	0.460062095751788	0.401788013232405	0.138149891015807	0	0	0	0	0	0	0
PD46563_7	0.470621619542547	0.375328856646	0.154049523811453	0	0	0	0	0	0	0
PD46563_6	0.468935512459319	0.38609817257828	0.144966314962401	0	0	0	0	0	0	0
PD46563_18	0.453220506860954	0.380409797704549	0.166369695434497	0	0	0	0	0	0	0
PD46563_13	0.442761333504389	0.40754074265965	0.149697923835962	0	0	0	0	0	0	0
PD46563_10	0.452850334321885	0.371523165283987	0.175626500394128	0	0	0	0	0	0	0
PD46563_5	0.449228402933988	0.408839232757185	0.141932364308827	0	0	0	0	0	0	0
PD46563_24	0.484426097887793	0.365551327066367	0.150022575045841	0	0	0	0	0	0	0
PD46563_3	0.399245541684243	0.352224796603045	0.248529661712712	0	0	0	0	0	0	0
PD46563_9	0.451497933182433	0.402855808798388	0.145646258019179	0	0	0	0	0	0	0
PD46563_8	0.361188790314556	0.539825798228679	0.0989854114567645	0	0	0	0	0	0	0
PD46563_11	0.468828737007296	0.46158048996907	0.0695907730236347	0	0	0	0	0	0	0
PD46563_12	0.457803807574515	0.411333944037613	0.130862248387872	0	0	0	0	0	0	0
PD46563_4	0.401895689245239	0.484454952624417	0.113649358130344	0	0	0	0	0	0	0
PD46565_7	0.247873779622557	0.430648086991007	0.0960719776675562	0	0	0	0	0.225406155718879	0	0
PD46565_9	0.300337005162508	0.386936131906069	0.240205793895953	0	0	0	0	0	0.07252106903547	0
PD46565_8	0	0.862941941624388	0	0	0	0	0	0.137058058375613	0	0
PD46565_10	0.404403274499589	0.431509091994084	0.164087633506327	0	0	0	0	0	0	0
PD46565_2	0.424706172376428	0.410225871647278	0.165067955976295	0	0	0	0	0	0	0
PD46565_3	0.4366269856476	0.395935320253904	0.167437694098496	0	0	0	0	0	0	0
PD46565_1	0.427699896711404	0.413831156202817	0.158468947085779	0	0	0	0	0	0	0
PD46565_13	0.310697909598976	0.358776194594683	0.267202398984235	0	0	0	0	0	0.063323496822106	0
PD46565_5	0.395859364101512	0.411745563841165	0.192395072057323	0	0	0	0	0	0	0
PD46565_11	0.237296710773626	0.420914697831223	0.263707387525757	0	0	0	0	0	0.0780812038693942	0
PD46565_6	0.418511829715313	0.390431943089465	0.191056227195222	0	0	0	0	0	0	0
PD46565_25	0.120949492395203	0.70556898814434	0.103275048063271	0	0	0	0	0	0.0702064713971863	0
PD46565_4	0.425348598697533	0.441132672641633	0.133518728660834	0	0	0	0	0	0	0
PD46565_22	0.119191161921616	0.801774900813535	0.0790339372648491	0	0	0	0	0	0	0
PD46565_12	0.131325396447855	0.509542658865504	0.137723483660156	0	0	0	0	0.145080731853814	0.0763277291726717	0
PD46565_17	0.489753256644971	0.321924621592307	0.188322121762722	0	0	0	0	0	0	0
PD46566_1	0.433033091468334	0.38998714004092	0.176979768490745	0	0	0	0	0	0	0
PD46566_10	0.4263617263668	0.368091624061792	0.205546649571408	0	0	0	0	0	0	0
PD46566_11	0.41727532335997	0.402912332218794	0.179812344421236	0	0	0	0	0	0	0
PD46566_2	0.379563635656919	0.495948553640997	0.124487810702084	0	0	0	0	0	0	0
PD46566_4	0.436539638959115	0.358300556565907	0.205159804474978	0	0	0	0	0	0	0
PD46566_3	0.382267671871066	0.458801139512125	0.0984730289771911	0	0	0	0	0	0.0604581596396182	0
PD46566_5	0.39672484537992	0.496146097216436	0.107129057403644	0	0	0	0	0	0	0
PD46566_6	0.342478193879307	0.436918518689979	0.220603287430714	0	0	0	0	0	0	0
PD46568_1	0.438551977449491	0.454471637926287	0.106976384624222	0	0	0	0	0	0	0
PD46568_7	0.420280597435546	0.493423251686081	0.0862961508783723	0	0	0	0	0	0	0
PD46568_25	0.383186667565049	0.526615743775522	0.0901975886594291	0	0	0	0	0	0	0
PD46568_2	0.427444015393558	0.435636793836281	0.136919190770161	0	0	0	0	0	0	0
PD46568_26	0.461693830639192	0.445977185724441	0.0923289836363671	0	0	0	0	0	0	0
PD46568_13	0.444762833717996	0.472273028467204	0.0829641378147997	0	0	0	0	0	0	0
PD46568_14	0.422779282805373	0.482268836970014	0.0949518802246122	0	0	0	0	0	0	0
PD46568_4	0.38099275833591	0.4840895552162	0.13491768644789	0	0	0	0	0	0	0
PD46568_12	0.422342354018081	0.48984380791317	0.0878138380687488	0	0	0	0	0	0	0
PD46568_3	0.422610400780477	0.484805253439311	0.0925843457802129	0	0	0	0	0	0	0
PD46568_9	0.42392394133598	0.45089954274484	0.125176515919181	0	0	0	0	0	0	0
PD46568_8	0.451286178562412	0.449239261748032	0.0994745596895557	0	0	0	0	0	0	0
PD46568_27	0.435972119892172	0.487749752756541	0.0762781273512869	0	0	0	0	0	0	0
PD46568_6	0.394586086506109	0.522842993331007	0.0825709201628844	0	0	0	0	0	0	0
PD46568_5	0.399828164974747	0.510912264522531	0.0892595705027218	0	0	0	0	0	0	0
PD46568_20	0.445165732437301	0.436820499072211	0.118013768490488	0	0	0	0	0	0	0
PD46568_11	0.459596676416876	0.418048336517816	0.122354987065308	0	0	0	0	0	0	0
PD46568_24	0.476328482091418	0.449264804715899	0.0744067131926831	0	0	0	0	0	0	0
PD46568_10	0.413285459521591	0.510997339472592	0.0757172010058166	0	0	0	0	0	0	0
PD46573_2	0.453930279562191	0.440640994370517	0.105428726067292	0	0	0	0	0	0	0
PD46573_4	0.426486682273767	0.474745484823024	0.0987678329032082	0	0	0	0	0	0	0
PD46573_5	0.455687945801211	0.419255091210969	0.12505696298782	0	0	0	0	0	0	0
PD46573_3	0.425474080341011	0.352780292114356	0.113913870058557	0.0444655186259339	0.0633662388601421	0	0	0	0	0
PD46573_1	0.422857214039677	0.457888288974966	0.119254496985357	0	0	0	0	0	0	0
PD46573_8	0.481722642696894	0.444363672056592	0.0739136852465139	0	0	0	0	0	0	0
PD52486_16	0.431266744325531	0.306644418753177	0.16631362662058	0.0711073424919804	0.0246678678087309	0	0	0	0	0
PD52486_3	0.398711058168352	0.324940424052058	0.116446399121803	0.120791306727498	0.0391108119302887	0	0	0	0	0
PD52486_8	0.438164054385306	0.409419657900279	0.152416287714415	0	0	0	0	0	0	0
PD52486_13	0.447916584090581	0.304340880289807	0.124180716504255	0.0809662554195982	0.0425955636957588	0	0	0	0	0
PD52486_5	0.408005521760086	0.323059259519267	0.123506141581206	0.0948735558807796	0.0505555212586606	0	0	0	0	0
PD52486_2	0.466129669781391	0.397291989391716	0.136578340826893	0	0	0	0	0	0	0
PD52486_1	0.4186228247793	0.356020847023343	0.100907910314483	0.0851131852860166	0.0393352325968576	0	0	0	0	0
PD52486_7	0.37237584153226	0.45348206333175	0.17414209513599	0	0	0	0	0	0	0
PD52486_6	0.353538650321422	0.417519739668587	0.228941610009991	0	0	0	0	0	0	0
PD52486_9	0.402688977575422	0.44539193017509	0.151919092249488	0	0	0	0	0	0	0
PD52486_4	0.409736930321773	0.455953811273964	0.134309258404263	0	0	0	0	0	0	0
PD52487_5	0.316923486000887	0.471337823242053	0.0989617460920658	0.0609567267948612	0.0518202178701329	0	0	0	0	0
PD52487_3	0.253676751329346	0.349379214490249	0.0849898624822823	0.137864965475182	0.174089206222941	0	0	0	0	0
PD52487_2	0.364267670298014	0.539288965697407	0.0964433640045788	0	0	0	0	0	0	0
PD52487_4	0.357660255773627	0.543029878159323	0.0993098660670494	0	0	0	0	0	0	0
PD52487_1	0.347989779259247	0.515855687156243	0.136154533584509	0	0	0	0	0	0	0
