SBS1	SBS5	SBS18	SBS2	SBS13	SBS88	SBS35	SBS40	SBS41	SBS17b
PD28690bp_SB1_A9	0.368023447522506	0.4873048521901	0.144671700287394	0	0	0	0	0	0	0
PD28690bp_SB1_H8	0.408447832607534	0.452236868774753	0.139315298617713	0	0	0	0	0	0	0
PD28690bp_SB1_G8	0.4083210818103	0.416445894998714	0.106463145174696	0.0359004429461834	0.032869435070107	0	0	0	0	0
PD28690bt_SB2_F10	0.363653547088171	0.473152333967926	0.163194118943903	0	0	0	0	0	0	0
PD28690bt_SB2_H10	0.378223552111323	0.426230624749489	0.126541977893951	0.0445978283848207	0.0244060168604153	0	0	0	0	0
PD28690bp_SB1_D8	0.374544239151836	0.484876306985829	0.140579453862335	0	0	0	0	0	0	0
PD28690bp_SB1_G9	0.380198161684349	0.398663761324279	0.140704867461062	0	0	0	0.0804332095303093	0	0	0
PD28690bt_SB2_C11	0.390159911869498	0.384826031310482	0.11975822711472	0.0589734396961423	0.0462823900091569	0	0	0	0	0
PD28690bt_SB2_E11	0.404991285154806	0.457379197409179	0.137629517436015	0	0	0	0	0	0	0
PD28690bt_SB2_F11	0.410042324028239	0.403022763160684	0.134707534512177	0	0	0	0.0522273782989007	0	0	0
PD28690bt_SB2_G11	0.414575226768427	0.442402081172894	0.14302269205868	0	0	0	0	0	0	0
PD28690bt_SB3_E5	0.405751851958655	0.424900703658644	0.100992734773641	0	0	0	0.0683547096090598	0	0	0
PD28690bt_SB3_F5	0.405773917659424	0.425937336647524	0.0990591486310748	0	0	0	0.0692295970619773	0	0	0
PD28690bt_SB2_A11	0.386910622783734	0.473474936477789	0.139614440738477	0	0	0	0	0	0	0
PD28690bt_SB3_B5	0.390355373522205	0.503044221757158	0.106600404720636	0	0	0	0	0	0	0
PD28690bt_SB3_C5	0.405815697526842	0.48152799783029	0.112656304642868	0	0	0	0	0	0	0
PD28690bp_SB1_H9	0.369336080930231	0.44810270966044	0.182561209409329	0	0	0	0	0	0	0
PD28690bt_SB2_G10	0.39906596938048	0.475637348026097	0.125296682593423	0	0	0	0	0	0	0
PD28690bp_SB1_E9	0.372112035514479	0.502488619780825	0.125399344704696	0	0	0	0	0	0	0
PD28690bp_SB1_B8	0.362496871331288	0.326518581425478	0.124842910947182	0.0850785876997021	0.10106304859635	0	0	0	0	0
PD28690bp_SB1_B9	0.38227021687919	0.490513674123009	0.127216108997801	0	0	0	0	0	0	0
PD34200a_i21	0.386667974807703	0.502525817486507	0.11080620770579	0	0	0	0	0	0	0
PD34200a_i33	0.379373157650856	0.495542735374349	0.125084106974795	0	0	0	0	0	0	0
PD34200a_i36	0.389347762018248	0.487841132397901	0.122811105583851	0	0	0	0	0	0	0
PD34200a_i54	0.37293655312678	0.524688251696426	0.102375195176794	0	0	0	0	0	0	0
PD34200a_i22	0.385085717817079	0.511949987615048	0.102964294567873	0	0	0	0	0	0	0
PD37266c_lo0010	0.327602877689544	0.526982849692992	0.0760754626480095	0	0	0.069338809969455	0	0	0	0
PD37266c_lo0012	0.337214403336863	0.532847902326181	0.129937694336956	0	0	0	0	0	0	0
PD37266c_lo0014	0.299645892189259	0.700354107810741	0	0	0	0	0	0	0	0
PD37266c_lo0016	0.333262461152904	0.516604940642324	0.0975110273368435	0	0	0.0526215708679287	0	0	0	0
PD37266c_lo0023	0.402941127987558	0.512345687947145	0.0847131840652962	0	0	0	0	0	0	0
PD37266c_lo0018	0.316792063356189	0.543486303954868	0.0882314010657356	0	0	0.0514902316232076	0	0	0	0
PD37449f_lo0002	0.361838753000978	0.451372523635264	0.131435628316624	0	0	0	0	0	0.0553530950471341	0
PD37449f_lo0010	0.361104914620361	0.434817815689313	0.116559978569584	0	0	0.087517291120742	0	0	0	0
PD37449f_lo0023	0.38406367113039	0.382573723855446	0.1576040740958	0	0	0.0757585309183647	0	0	0	0
PD37449f_lo0016	0.391213507478721	0.372897263221166	0.183631156627391	0	0	0.0522580726727218	0	0	0	0
PD37449f_lo0022	0.333671434829288	0.486379669864321	0.117506402895185	0	0	0.0624424924112059	0	0	0	0
PD37449f_lo0011	0.424191343675811	0.424713939501971	0.151094716822218	0	0	0	0	0	0	0
PD37449f_lo0006	0.295091658911334	0.404580043912219	0.134272445851317	0.0706058270099322	0.0954500243151978	0	0	0	0	0
PD37449f_lo0019	0.367463712973093	0.495134781382662	0.137401505644245	0	0	0	0	0	0	0
PD37449f_lo0008	0.351101660550985	0.284050451957574	0.117833310247478	0	0	0.0743003643931829	0	0.17271421285078	0	0
PD37449f_lo0017	0.38616323269018	0.498884434554916	0.114952332754904	0	0	0	0	0	0	0
PD41851d_lo0003	0.332658519754843	0.536155847747828	0.131185632497329	0	0	0	0	0	0	0
PD41851d_lo0004	0.316148260805127	0.463143505810898	0.136572513434817	0.0491272325295264	0.0350084874196313	0	0	0	0	0
PD41851d_lo0005	0.280313450081834	0.425155976923338	0.0842730340275151	0.0982889958434846	0.111968543123828	0	0	0	0	0
PD41851d_lo0040	0.353600346570847	0.536406890178309	0.109992763250844	0	0	0	0	0	0	0
PD41851d_lo0041	0.354475657612097	0.52072886212595	0.124795480261953	0	0	0	0	0	0	0
PD41851d_lo0043	0.331991047077984	0.407344876499514	0.133732763895618	0.0642340616678025	0.0626972508590818	0	0	0	0	0
PD41851d_lo0034	0.323895831243115	0.453582629377813	0.13892340730475	0.0470219566014176	0.0365761754729042	0	0	0	0	0
PD41851d_lo0035	0.321654825644712	0.460178113569841	0.131428953810246	0.0486732998588614	0.0380648071163385	0	0	0	0	0
PD41851d_lo0036	0.315585034645913	0.406250625526744	0.135974430480697	0.0760299565922706	0.0661599527543749	0	0	0	0	0
PD41851d_lo0092	0.335089468135936	0.447173514009439	0.137226139224393	0.0398233771008038	0.0406875015294276	0	0	0	0	0
PD41851d_lo0042	0.291144657981174	0.40941043459608	0.102817627826333	0.0895243121304299	0.107102967465982	0	0	0	0	0
PD41852c_lo0001	0.328577307518914	0.548473772143156	0.12294892033793	0	0	0	0	0	0	0
PD41852c_lo0010	0.353136111344925	0.452189004977906	0.144459247438174	0.0289419306958797	0.0212737055431147	0	0	0	0	0
PD41852c_lo0011	0.348844132043485	0.467919216530719	0.120577218119433	0.0386593786080804	0.0240000546982827	0	0	0	0	0
PD41852c_lo0009	0.363655749242173	0.455037041498541	0.111765916011688	0.0364627004090349	0.0330785928385631	0	0	0	0	0
PD41852c_lo0002	0.383168263500908	0.512048904035528	0.104782832463564	0	0	0	0	0	0	0
PD41852c_lo0003	0.378066669754628	0.461644857536099	0.0969718165874396	0.0372864777015568	0.0260301784202761	0	0	0	0	0
PD41852c_lo0004	0.397478896806781	0.501958590090646	0.100562513102573	0	0	0	0	0	0	0
PD41852c_lo0005	0.390473359563814	0.476666023766036	0.13286061667015	0	0	0	0	0	0	0
PD41852c_lo0015	0.374182583524796	0.460435439404348	0.108091613677932	0.0301776990986326	0.0271126642942922	0	0	0	0	0
PD41852c_lo0016	0.400950869160336	0.478871563780436	0.120177567059228	0	0	0	0	0	0	0
PD41852c_lo0017	0.390273724545031	0.490861813999498	0.118864461455471	0	0	0	0	0	0	0
PD41853c_lo0012	0.429837413494468	0.484630863103136	0.0855317234023953	0	0	0	0	0	0	0
PD41853c_lo0013	0.440174276215131	0.465866581066306	0.0939591427185632	0	0	0	0	0	0	0
PD41853c_lo0021	0.370449114206624	0.564757346776963	0.0647935390164126	0	0	0	0	0	0	0
PD41853c_lo0019	0.405466497596571	0.531318041280082	0.0632154611233474	0	0	0	0	0	0	0
PD41853c_lo0039	0.396025791974632	0.526325242024705	0.0776489660006635	0	0	0	0	0	0	0
PD41853c_lo0022	0.462445450490855	0.432212985067003	0.105341564442142	0	0	0	0	0	0	0
PD41853c_lo0023	0.373884693379363	0.409418734068589	0.0802672963379857	0.0711758687568139	0.0652534074572476	0	0	0	0	0
PD41853c_lo0020	0.413984912007518	0.506489909722417	0.0795251782700651	0	0	0	0	0	0	0
PD41853c_lo0033	0.343778170358654	0.575519231829414	0.0807025978119318	0	0	0	0	0	0	0
PD41853c_lo0034	0.377777553071207	0.54245489461077	0.0797675523180224	0	0	0	0	0	0	0
PD41853c_lo0038	0.411787814768733	0.519478437707535	0.0687337475237326	0	0	0	0	0	0	0
PD42833b_lo0016	0.367101846549225	0.438576565538851	0.194321587911924	0	0	0	0	0	0	0
PD42833b_lo0022	0.347685250319879	0.446750386057824	0.205564363622297	0	0	0	0	0	0	0
PD42833b_lo0020	0.353761271820831	0.46022207780968	0.186016650369489	0	0	0	0	0	0	0
PD42833b_lo0021	0.365032526172828	0.460260299527199	0.174707174299973	0	0	0	0	0	0	0
PD42833b_lo0024	0.370191506220031	0.443656379550334	0.186152114229634	0	0	0	0	0	0	0
PD42833b_lo0023	0.392575151953708	0.425597849244748	0.181826998801544	0	0	0	0	0	0	0
PD42834b_lo0018	0.33033710135728	0.461857888619191	0.207805010023529	0	0	0	0	0	0	0
PD42834b_lo0020	0.302130295878218	0.554330348171868	0.143539355949915	0	0	0	0	0	0	0
PD42834b_lo0021	0.338137182086547	0.460886014174581	0.200976803738872	0	0	0	0	0	0	0
PD42834b_lo0022	0.306275190204955	0.52567236082868	0.168052448966365	0	0	0	0	0	0	0
PD42834b_lo0023	0.316699024651806	0.480637045268508	0.202663930079686	0	0	0	0	0	0	0
PD42834b_lo0024	0.293957068184513	0.503114793818963	0.202928137996524	0	0	0	0	0	0	0
PD42834b_lo0019	0.305724738773642	0.552875393474334	0.141399867752024	0	0	0	0	0	0	0
PD42835b_lo0015	0.329387879980111	0.469918782088554	0.131697206116087	0.0314716977180832	0.0375244340971656	0	0	0	0	0
PD42835b_lo0016	0.326781607192621	0.555385984065405	0.117832408741974	0	0	0	0	0	0	0
PD42835b_lo0017	0.313399636578693	0.580690845669767	0.10590951775154	0	0	0	0	0	0	0
PD42835b_lo0028	0.311655565355	0.582565781249909	0.105778653395091	0	0	0	0	0	0	0
PD42835b_lo0031	0.310743258577015	0.58445555478647	0.104801186636515	0	0	0	0	0	0	0
PD42835b_lo0034	0.380105787080641	0.497569340980029	0.122324871939329	0	0	0	0	0	0	0
PD42835b_lo0033	0.288387551871494	0.611363835008618	0.100248613119888	0	0	0	0	0	0	0
PD42835b_lo0029	0.282215255522613	0.625757501051169	0.0920272434262176	0	0	0	0	0	0	0
PD42835b_lo0030	0.299389813935359	0.483629626713902	0.0769971243778106	0	0	0	0	0.139983434972928	0	0
PD43400e_lo0009	0.406201988711005	0.50622767490512	0.0875703363838749	0	0	0	0	0	0	0
PD43400e_lo0010	0.386437251444994	0.512956168506427	0.100606580048579	0	0	0	0	0	0	0
PD43400e_lo0011	0.4069479227143	0.460396895794271	0.132655181491429	0	0	0	0	0	0	0
PD43400e_lo0012	0.41279339316227	0.45128253111453	0.1359240757232	0	0	0	0	0	0	0
PD43400e_lo0013	0.397169797647467	0.40540267619971	0.0695713196812705	0	0	0	0	0.127856206471553	0	0
PD43401e_lo0009	0.283528232617991	0.531907606366238	0.0791840429111851	0.0451487066951603	0.0602314114094251	0	0	0	0	0
PD43401e_lo0010	0.323551204875581	0.580755536781075	0.0956932583433436	0	0	0	0	0	0	0
PD43401e_lo0011	0.315978498872795	0.60069187675857	0.0833296243686357	0	0	0	0	0	0	0
PD43401e_lo0012	0.270346551531628	0.665328286732588	0.0643251617357835	0	0	0	0	0	0	0
PD43401e_lo0013	0.296048312141699	0.616388341900358	0.0875633459579424	0	0	0	0	0	0	0
PD43402c_lo0025	0.368922025305586	0.54306736460262	0.0880106100917934	0	0	0	0	0	0	0
PD43402c_lo0026	0.414074016142199	0.465642524519439	0.120283459338362	0	0	0	0	0	0	0
PD43402c_lo0027	0.403495507883844	0.464552042582352	0.131952449533803	0	0	0	0	0	0	0
PD43402c_lo0028	0.37427575148412	0.504812613882555	0.120911634633325	0	0	0	0	0	0	0
PD43402c_lo0029	0.343535895550631	0.560923747458999	0.0955403569903701	0	0	0	0	0	0	0
PD43402d_lo0001	0.33296020218966	0.436289340638883	0.0952433985080024	0.0560634004035253	0.0794436582599302	0	0	0	0	0
PD43402d_lo0002	0.334559880926769	0.433281273571464	0.120974462575285	0.0499375798426139	0.0612468030838694	0	0	0	0	0
PD43402d_lo0003	0.368479284029123	0.500576469923743	0.130944246047134	0	0	0	0	0	0	0
PD43402d_lo0004	0.349982144847987	0.571627322387469	0.0783905327645445	0	0	0	0	0	0	0
PD43402d_lo0005	0.326272222410372	0.575675186100006	0.0980525914896225	0	0	0	0	0	0	0
PD43402d_lo0006	0.351616475896283	0.57046703653569	0.0779164875680272	0	0	0	0	0	0	0
PD43402d_lo0007	0.365557396807529	0.545183748924824	0.0892588542676474	0	0	0	0	0	0	0
PD43403e_lo0004	0.428684528323554	0.367359512877676	0.0894364925926396	0	0	0	0	0.11451946620613	0	0
PD43403e_lo0005	0.42696015098556	0.45544055014966	0.11759929886478	0	0	0	0	0	0	0
PD43403e_lo0006	0.408132621673598	0.414071596671594	0.123322645828292	0.029338569064205	0.0251345667623111	0	0	0	0	0
PD43403e_lo0007	0.435567824823027	0.438207372787346	0.126224802389627	0	0	0	0	0	0	0
PD43403e_lo0008	0.433094975284459	0.437788281348557	0.129116743366984	0	0	0	0	0	0	0
PD43850h_P50_DNM_A2	0.381204526442096	0.497793140212254	0.121002333345649	0	0	0	0	0	0	0
PD43850h_P50_DNM_C2	0.366954573869255	0.476517228353397	0.156528197777348	0	0	0	0	0	0	0
PD43850l_P50_ILM_E4	0.372574253892133	0.494188409930451	0.133237336177416	0	0	0	0	0	0	0
PD43850l_P50_ILM_F4	0.374495322038312	0.498575331066249	0.126929346895439	0	0	0	0	0	0	0
PD43850l_P50_ILM_G4	0.329113955003368	0.493357640929627	0.115397069382559	0.0377951049614774	0.0243362297229678	0	0	0	0	0
PD43850l_P50_ILM_H4	0.357018883337634	0.52369866906714	0.119282447595226	0	0	0	0	0	0	0
PD43850h_P50_DNM_B4	0.364970954734942	0.542913392482853	0.0921156527822057	0	0	0	0	0	0	0
PD43850h_P53_DDM_D10	0.359332089108657	0.562685327305269	0.077982583586074	0	0	0	0	0	0	0
PD43850l_P50_ILM_A5	0.377125923284414	0.496989305437017	0.125884771278569	0	0	0	0	0	0	0
PD43850l_P50_ILM_C5	0.371606224853692	0.525685659166019	0.102708115980288	0	0	0	0	0	0	0
PD43850h_P53_DDM_A10	0.375634771326426	0.522746214977815	0.101619013695759	0	0	0	0	0	0	0
PD43850h_P53_DDM_B10	0.355141371826239	0.54341185251108	0.101446775662681	0	0	0	0	0	0	0
PD43850m_P50_JNM_B7	0.337616371977427	0.431839652001781	0.125410660861308	0.0506536917684826	0.0544796233910009	0	0	0	0	0
PD43850m_P50_JNM_C7	0.319449760776273	0.450199992229567	0.12411478213693	0.049006698972872	0.0572287658843576	0	0	0	0	0
PD43850m_P50_JNM_D6	0.328896017956517	0.561288969875997	0.109815012167487	0	0	0	0	0	0	0
PD43850m_P50_JNM_E6	0.378569942941195	0.501645510048051	0.119784547010754	0	0	0	0	0	0	0
PD43850m_P50_JNM_E7	0.307187696470585	0.580764724544014	0.112047578985401	0	0	0	0	0	0	0
PD43850h_P50_DNM_D1	0.356567316419217	0.557882808956126	0.0855498746246572	0	0	0	0	0	0	0
PD43850l_P50_ILM_B5	0.35540419308092	0.550766931521214	0.0938288753978662	0	0	0	0	0	0	0
PD43850m_P50_JNM_F6	0.338597848644842	0.52645726438375	0.134944886971407	0	0	0	0	0	0	0
PD43851j_P52_DDM_B4	0.0698403664085637	0.528385596581993	0	0	0	0	0	0.401774037009443	0	0
PD43851j_P52_DDM_F3	0.423115071707722	0.497599979936899	0.0792849483553789	0	0	0	0	0	0	0
PD43851j_P52_DDM_G3	0.430772421928623	0.358371310813221	0.0677731293625919	0	0	0	0	0.143083137895564	0	0
PD43851j_P52_DDM_B5	0.0893896965094174	0.75993050727762	0	0	0	0.0587471104212066	0	0.091932685791756	0	0
PD43851m_P52_ILM_D1	0.3698316346303	0.556120124811365	0.0740482405583353	0	0	0	0	0	0	0
PD43851m_P52_ILM_A1	0.397288737584404	0.505419779364278	0.0972914830513177	0	0	0	0	0	0	0
PD43851j_P52_DDM_D3	0.326970168615202	0.468360635556198	0.128357223651921	0	0	0	0	0	0.0763119721766791	0
PD43851j_P52_DDM_G2	0.461054897842646	0.437471667144766	0.101473435012588	0	0	0	0	0	0	0
PD43851j_P52_DDM_H3	0.441058900633521	0.45450972263654	0.10443137672994	0	0	0	0	0	0	0
PD43851m_P52_ILM_H1	0.361974164489076	0.539115178602669	0.0989106569082552	0	0	0	0	0	0	0
PD43851j_P52_DDM_H2	0.410619167138847	0.4834756336608	0.105905199200353	0	0	0	0	0	0	0
PD43851j_P52_DDM_C3	0.416269506398492	0.384543767921983	0.140985563371636	0.0334796455661261	0.0247215167417632	0	0	0	0	0
PD43851j_P52_DDM_E3	0.454419678405774	0.403308593569644	0.142271728024582	0	0	0	0	0	0	0
PD43851j_P52_DDM_C4	0.0830069767922341	0.655618173810841	0	0	0	0	0	0.193677137650569	0.0676977117463557	0
PD43851j_P52_DDM_E2	0.0855932623924737	0.599016964220999	0	0	0	0	0	0.315389773386527	0	0
PD43851j_P52_DDM_D2	0.464520462716089	0.417978368383878	0.117501168900033	0	0	0	0	0	0	0
PD43853b_lo0020	0.216356984716567	0.40667819908426	0.127265352811113	0.0287100859230306	0.0502835364925275	0	0.170705840972502	0	0	0
PD43853b_lo0021	0.320884454336178	0.406409632204102	0.138187177394616	0	0	0	0.134518736065104	0	0	0
PD43853b_lo0022	0.193063150788514	0.348937515988141	0.0992300504707349	0	0	0	0.22456610609118	0	0	0.134203176661431
PD43853b_lo0023	0.240638149391849	0.405032816399401	0.103794193061411	0	0	0	0.187581685530333	0	0	0.0629531556170045
PD43853b_lo0025	0.198997090836734	0.413501226914514	0.114421758611725	0	0	0	0.273079923637026	0	0	0
PD43853b_lo0024	0.206701554941732	0.39518267494896	0.100013888693281	0	0	0	0.185523913740739	0	0	0.112577967675288
PD43853c_lo0016	0.393831993201622	0.386680320447676	0.141693820401938	0	0	0	0.0777938659487642	0	0	0
PD43853c_lo0019	0.374090551245539	0.422505669137309	0.125852732986944	0	0	0	0.077551046630208	0	0	0
PD43853c_lo0017	0.389097972759742	0.368438959112667	0.132879530969684	0	0	0	0.109583537157906	0	0	0
PD43853c_lo0018	0.415856312136337	0.377286440665696	0.113369932833973	0	0	0	0.0934873143639942	0	0	0
PD43853c_lo0020	0.318343347060925	0.28913718202553	0.144330146987031	0.0745456302076749	0.0642131355596948	0	0.109430558159144	0	0	0
PD43949b_lo0021	0.396667752927068	0.285827642532937	0.317504604539996	0	0	0	0	0	0	0
PD43949b_lo0022	0.392760602725246	0.245871142029675	0.361368255245079	0	0	0	0	0	0	0
PD43949b_lo0023	0.400976389744351	0.300208310921868	0.298815299333782	0	0	0	0	0	0	0
PD43949b_lo0024	0.437022356108191	0.296421782597575	0.266555861294234	0	0	0	0	0	0	0
PD43949b_lo0026	0.427525658805599	0.278115429683369	0.294358911511031	0	0	0	0	0	0	0
PD43949b_lo0027	0.446844378704773	0.346567829477941	0.206587791817286	0	0	0	0	0	0	0
PD43949b_lo0028	0.433039553898657	0.355129090802782	0.211831355298561	0	0	0	0	0	0	0
PD43950b_lo0022	0.474259847902767	0.367724773229836	0.158015378867396	0	0	0	0	0	0	0
PD43950b_lo0023	0.472978886474879	0.437398917386376	0.0896221961387442	0	0	0	0	0	0	0
PD43950b_lo0030	0.342390195684542	0.295973525624008	0	0.133406239581141	0.228230039110308	0	0	0	0	0
PD43950b_lo0031	0.501813468070715	0.377832001679692	0.120354530249593	0	0	0	0	0	0	0
PD43950b_lo0024	0.47728280826434	0.388414943153836	0.134302248581825	0	0	0	0	0	0	0
PD43950b_lo0025	0.38032321773715	0.344680790288012	0.0958646160236331	0.0856868651909109	0.0934445107602942	0	0	0	0	0
PD43950b_lo0026	0.509340419012062	0.379396419507148	0.11126316148079	0	0	0	0	0	0	0
PD43950b_lo0027	0.478540815963917	0.429428150524987	0.0920310335110958	0	0	0	0	0	0	0
PD43950b_lo0028	0.431432238395479	0.422794493276479	0.145773268328042	0	0	0	0	0	0	0
PD43950b_lo0029	0.479958455674946	0.277613431634572	0.135201546427094	0.0593208367987319	0.0479057294646555	0	0	0	0	0
PD43950b_lo0034	0.49594006688703	0.335906898849707	0.168153034263262	0	0	0	0	0	0	0
PD43951b_lo0010	0.403847185781911	0.333681473364065	0.185682435034829	0.0521489025435768	0.0246400032756182	0	0	0	0	0
PD43951b_lo0014	0.446962978293358	0.402555681383361	0.150481340323281	0	0	0	0	0	0	0
PD43951b_lo0015	0.472138020074844	0.442809917009336	0.0850520629158202	0	0	0	0	0	0	0
PD43951b_lo0011	0.365849946353151	0.481122141668506	0.153027911978344	0	0	0	0	0	0	0
PD43951b_lo0012	0.532692294939091	0.363929134937957	0.103378570122953	0	0	0	0	0	0	0
PD43951b_lo0018	0.42926747453028	0.462075884800843	0.108656640668878	0	0	0	0	0	0	0
PD43951b_lo0016	0.359485258533402	0.429089141516879	0.104072220057872	0.0734667545790913	0.0338866253127558	0	0	0	0	0
PD43951b_lo0017	0.434386804140328	0.424039552384488	0.141573643475184	0	0	0	0	0	0	0
PD43951b_lo0019	0.479540584321766	0.409310535720014	0.11114887995822	0	0	0	0	0	0	0
PD43951b_lo0020	0.504531723192621	0.432495422051849	0.0629728547555298	0	0	0	0	0	0	0
PD43952b_lo0011	0.437554477810065	0.506374102766855	0.0560714194230795	0	0	0	0	0	0	0
PD43952b_lo0013	0.438338739198984	0.44492941285202	0.116731847948997	0	0	0	0	0	0	0
PD43952b_lo0016	0.377161929472519	0.531708569626207	0.0911295009012736	0	0	0	0	0	0	0
PD43952b_lo0018	0.408643364493222	0.41201234095229	0.179344294554488	0	0	0	0	0	0	0
PD43952b_lo0021	0.48047033317056	0.51952966682944	0	0	0	0	0	0	0	0
PD43952b_lo0017	0.421848394372738	0.484807088889057	0.0933445167382048	0	0	0	0	0	0	0
PD43952b_lo0024	0.411076711569144	0.452297961068208	0.136625327362647	0	0	0	0	0	0	0
PD43953b_lo0009	0.374524594471746	0.301146737981979	0.123311717952655	0.0931858649368807	0.10783108465674	0	0	0	0	0
PD43953b_lo0012	0.460661624447589	0.354161449586096	0.099383974135469	0.0564613315372794	0.029331620293567	0	0	0	0	0
PD43953b_lo0013	0.50971606737608	0.372984288926884	0.117299643697036	0	0	0	0	0	0	0
PD43953b_lo0014	0.542405641678449	0.359969235825283	0.0976251224962684	0	0	0	0	0	0	0
PD43953b_lo0015	0.546316233970381	0.330047228605282	0.123636537424337	0	0	0	0	0	0	0
PD43953b_lo0016	0.430280508721765	0.398156560521143	0.171562930757092	0	0	0	0	0	0	0
PD43953b_lo0010	0.409010115927156	0.368657496225511	0.138081960460952	0.0662567511159712	0.0179936762704097	0	0	0	0	0
PD43954b_lo0012	0.449537069372549	0.450675894777901	0.0997870358495505	0	0	0	0	0	0	0
PD43954b_lo0013	0.496403362484737	0.417803490288482	0.0857931472267804	0	0	0	0	0	0	0
PD43954b_lo0014	0.441868059996661	0.445734911902502	0.112397028100836	0	0	0	0	0	0	0
PD43954b_lo0015	0.470896777956062	0.447740982385075	0.0813622396588629	0	0	0	0	0	0	0
PD43954b_lo0016	0.423883591851437	0.439849826538544	0.136266581610018	0	0	0	0	0	0	0
PD43954b_lo0019	0.479392820509304	0.40540103235788	0.115206147132815	0	0	0	0	0	0	0
PD43954b_lo0018	0.49142413779877	0.322668891333261	0.185906970867968	0	0	0	0	0	0	0
PD45766b_lo0001	0.309866344561781	0.421376181472605	0.109833031839906	0	0	0	0	0.158924442125708	0	0
PD45766b_lo0002	0.31009528676197	0.371707989855537	0.0978286808744501	0	0	0	0	0.220368042508043	0	0
PD45766b_lo0003	0.324539928982286	0.419880851848112	0.0723393318174908	0	0	0	0	0.183239887352111	0	0
PD45766b_lo0008	0.325953954510083	0.371700311826839	0.0861269917010459	0	0	0	0	0.216218741962033	0	0
PD45766b_lo0007	0.365552768300764	0.36208507675547	0.0877370913205455	0	0	0	0	0.18462506362322	0	0
PD45766b_lo0005	0.361509054661237	0.410650940894501	0.227840004444261	0	0	0	0	0	0	0
PD45766b_lo0006	0.330940713888539	0.467361821600897	0.201697464510564	0	0	0	0	0	0	0
PD45767b_lo0001	0.322850851487679	0.596095722826804	0.0810534256855174	0	0	0	0	0	0	0
PD45767b_lo0011	0.357645737164444	0.573437178657016	0.0689170841785392	0	0	0	0	0	0	0
PD45767b_lo0009	0.318864268278758	0.466395588839377	0.0749345015445557	0.0670090223810218	0.0727966189562876	0	0	0	0	0
PD45767b_lo0010	0.339196590637715	0.455118337948496	0.0761826061850591	0.0622512259989558	0.067251239229774	0	0	0	0	0
PD45767b_lo0003	0.380941621830904	0.512078376341023	0.106980001828073	0	0	0	0	0	0	0
PD45767b_lo0002	0.327144758900483	0.563638208154674	0.109217032944842	0	0	0	0	0	0	0
PD45767b_lo0006	0.319194382386011	0.575282002905887	0.105523614708102	0	0	0	0	0	0	0
PD45767b_lo0008	0.36975238743992	0.519951812141826	0.110295800418254	0	0	0	0	0	0	0
PD45767b_lo0005	0.360927170611927	0.501996336353205	0.0838009226382634	0.0292192474840186	0.0240563229125866	0	0	0	0	0
PD45767b_lo0013	0.377737875760211	0.523567917389266	0.0986942068505232	0	0	0	0	0	0	0
PD45767b_lo0012	0.382203850897768	0.467375639532067	0.150420509570165	0	0	0	0	0	0	0
PD45767b_lo0014	0.324350595295442	0.518465440976605	0.102962004030045	0.0280290301261463	0.0261929295717614	0	0	0	0	0
PD45767b_lo0015	0.323977551988454	0.522903193766981	0.0981975074785978	0.0287564596236487	0.0261652871423193	0	0	0	0	0
PD45769b_lo0001	0.360746398561203	0.553546876669252	0.0857067247695448	0	0	0	0	0	0	0
PD45769b_lo0004	0.353177336882858	0.560123622587095	0.0866990405300463	0	0	0	0	0	0	0
PD45769b_lo0005	0.347556479947463	0.569975368902485	0.0824681511500517	0	0	0	0	0	0	0
PD45769b_lo0006	0.335665593328073	0.470513680254675	0.100631527921754	0.0560072455331018	0.037181952962396	0	0	0	0	0
PD45769b_lo0007	0.407983032766603	0.524107685700103	0.0679092815332937	0	0	0	0	0	0	0
PD45770b_lo0001	0.349825860943634	0.411341175091225	0.0623013515907947	0	0	0	0	0.176531612374346	0	0
PD45770b_lo0002	0.346990557920992	0.474158160406959	0.0861160107105388	0	0	0	0	0.0927352709615108	0	0
PD45770b_lo0003	0.342383401019238	0.438892718706637	0.0860783108823765	0	0	0	0	0.132645569391748	0	0
PD45770b_lo0005	0.350324574455718	0.541133340111122	0.10854208543316	0	0	0	0	0	0	0
PD45770b_lo0008	0.331950767600957	0.548100625590839	0.119948606808204	0	0	0	0	0	0	0
PD45771b_lo0002	0.428712354140156	0.457136404363793	0.114151241496051	0	0	0	0	0	0	0
PD45771b_lo0003	0.422678695280942	0.480644181165024	0.0966771235540346	0	0	0	0	0	0	0
PD45771b_lo0004	0.39717488690823	0.447993045589107	0.154832067502663	0	0	0	0	0	0	0
PD45771b_lo0005	0.446146905398255	0.429993736726683	0.123859357875062	0	0	0	0	0	0	0
PD45771b_lo0006	0.444437094010172	0.4256925098976	0.129870396092228	0	0	0	0	0	0	0
PD45771b_lo0007	0.483376694018728	0.39434561394663	0.122277692034642	0	0	0	0	0	0	0
PD45773b_lo0001	0.32787448546535	0.573060387347243	0.0990651271874073	0	0	0	0	0	0	0
PD45773b_lo0005	0.319247567862198	0.602581114473935	0.0781713176638673	0	0	0	0	0	0	0
PD45773b_lo0002	0.274839826553523	0.509980631548859	0.0708864893922178	0.0570274007656391	0.087265651739761	0	0	0	0	0
PD45773b_lo0009	0.265734348509963	0.497915070699182	0.0837936171078294	0.0678166946676348	0.0847402690153903	0	0	0	0	0
PD45773b_lo0003	0.317357993274968	0.585150456237362	0.0974915504876695	0	0	0	0	0	0	0
PD45773b_lo0004	0.308912447441077	0.620291218770818	0.070796333788104	0	0	0	0	0	0	0
PD45776b_lo0001	0.41186961171883	0.490176658125631	0.0979537301555391	0	0	0	0	0	0	0
PD45776b_lo0004	0.37336383845662	0.523098789041146	0.103537372502233	0	0	0	0	0	0	0
PD45776b_lo0007	0.361794442860448	0.535488692399804	0.102716864739748	0	0	0	0	0	0	0
PD45776b_lo0008	0.380211550325279	0.521894763273264	0.0978936864014568	0	0	0	0	0	0	0
PD45776b_lo0002	0.39598104026755	0.482601096767106	0.121417862965345	0	0	0	0	0	0	0
PD45776b_lo0009	0.404823444263868	0.504490090639329	0.0906864650968033	0	0	0	0	0	0	0
PD45778b_lo0001	0.370981603216223	0.453543001965165	0.0976134255625395	0.053477198346747	0.024384770909326	0	0	0	0	0
PD45778b_lo0002	0.364605191158928	0.542202952556019	0.0931918562850521	0	0	0	0	0	0	0
PD45778b_lo0003	0.332841184815145	0.441298189259032	0.0946503746165465	0.0704690374815275	0.0607412138277496	0	0	0	0	0
PD45778b_lo0004	0.350727226502168	0.465419005249757	0.0902465079811441	0.0602740393466486	0.0333332209202827	0	0	0	0	0
PD46562b_lo0004	0.449457028032014	0.328864566209922	0	0	0	0	0	0.221678405758063	0	0
PD46562b_lo0011	0.451809201690739	0.347601892525201	0	0	0	0	0	0.200588905784059	0	0
PD46562b_lo0005	0.438786553222707	0.346776083151407	0	0	0	0	0	0.214437363625886	0	0
PD46562b_lo0006	0.417050306062903	0.502291304873979	0.0806583890631181	0	0	0	0	0	0	0
PD46562b_lo0007	0.299165388240741	0.635228274059066	0.0656063377001928	0	0	0	0	0	0	0
PD46562b_lo0008	0.376941556167527	0.538737964336297	0.0843204794961755	0	0	0	0	0	0	0
PD46562b_lo0010	0.394456188783761	0.516876130310337	0.0886676809059028	0	0	0	0	0	0	0
PD46562b_lo0009	0.400129428625092	0.599870571374908	0	0	0	0	0	0	0	0
PD46563b_lo0001	0.432880447835207	0.458868478790646	0.108251073374147	0	0	0	0	0	0	0
PD46563b_lo0002	0.410353769252844	0.406217369193236	0.183428861553921	0	0	0	0	0	0	0
PD46563b_lo0003	0.450726876006982	0.379417146728943	0.169855977264076	0	0	0	0	0	0	0
PD46563b_lo0004	0.451341219753233	0.38426247283875	0.164396307408018	0	0	0	0	0	0	0
PD46563b_lo0005	0.449230443819436	0.408781359768552	0.141988196412012	0	0	0	0	0	0	0
PD46563b_lo0010	0.468904995341701	0.38622525229565	0.144869752362649	0	0	0	0	0	0	0
PD46563b_lo0011	0.470574280946079	0.375280029383398	0.154145689670523	0	0	0	0	0	0	0
PD46563b_lo0012	0.457502584085204	0.405597889592802	0.136899526321994	0	0	0	0	0	0	0
PD46563b_lo0013	0.459684074428503	0.402030232287032	0.138285693284465	0	0	0	0	0	0	0
PD46563b_lo0006	0.46303442609303	0.369720128154816	0.167245445752153	0	0	0	0	0	0	0
PD46563b_lo0007	0.482538654702767	0.389514476600815	0.127946868696418	0	0	0	0	0	0	0
PD46563b_lo0008	0.482309054946647	0.387115878936653	0.1305750661167	0	0	0	0	0	0	0
PD46563b_lo0009	0.442765627603835	0.407518015248125	0.14971635714804	0	0	0	0	0	0	0
PD46565b_lo0001	0.428785125136021	0.41240580973736	0.158809065126619	0	0	0	0	0	0	0
PD46565b_lo0002	0.425869049535705	0.408935556267304	0.165195394196991	0	0	0	0	0	0	0
PD46565b_lo0003	0.436574008405886	0.396006364065337	0.167419627528777	0	0	0	0	0	0	0
PD46565b_lo0004	0.425279994692549	0.441011018476546	0.133708986830905	0	0	0	0	0	0	0
PD46565b_lo0005	0.395909807119977	0.411700323143911	0.192389869736113	0	0	0	0	0	0	0
PD46565b_lo0006	0.418440495217903	0.390473096333926	0.191086408448171	0	0	0	0	0	0	0
PD46565c_lo0001	0.247726534749689	0.431143681999818	0.0960712566438956	0	0	0	0	0.225058526606597	0	0
PD46565c_lo0009	0.0529137585598221	0.729795662748898	0	0	0	0	0	0.21729057869128	0	0
PD46565c_lo0010	0.29024294261626	0.411399942061026	0.231054338154587	0	0	0	0	0	0.0673027771681269	0
PD46565c_lo0002	0.404464304908932	0.43151137520489	0.164024319886178	0	0	0	0	0	0	0
PD46565c_lo0004	0.22226156939615	0.458552333171607	0.243515666347402	0	0	0	0	0	0.0756704310848407	0
PD46565c_lo0008	0.131556271325772	0.507536798369267	0.122958698071971	0	0	0	0	0.168801710170728	0.0691465220622614	0
PD46565c_lo0006	0.310717802424301	0.358676621371701	0.267279227181445	0	0	0	0	0	0.0633263490225535	0
PD46566b_lo0001	0.432907816443769	0.390195768003603	0.176896415552628	0	0	0	0	0	0	0
PD46566b_lo0007	0.40648947526516	0.423896287288614	0.169614237446226	0	0	0	0	0	0	0
PD46566b_lo0008	0.407282583638394	0.436752403857423	0.155965012504183	0	0	0	0	0	0	0
PD46566b_lo0004	0.436527044056199	0.358352294748981	0.20512066119482	0	0	0	0	0	0	0
PD46566b_lo0002	0.416161679353434	0.408506546620289	0.175331774026277	0	0	0	0	0	0	0
PD46566b_lo0003	0.4112867359415	0.405966656213719	0.182746607844782	0	0	0	0	0	0	0
PD46568b_lo0002	0.438667259240407	0.454246999339674	0.10708574141992	0	0	0	0	0	0	0
PD46568b_lo0019	0.427453436601284	0.435567487530542	0.136979075868174	0	0	0	0	0	0	0
PD46568b_lo0004	0.422712199697151	0.48473690349346	0.0925508968093885	0	0	0	0	0	0	0
PD46568b_lo0005	0.380961874965402	0.483982687063134	0.135055437971465	0	0	0	0	0	0	0
PD46568b_lo0007	0.425428200769656	0.469710857769764	0.10486094146058	0	0	0	0	0	0	0
PD46568b_lo0009	0.421619248089454	0.47748857799663	0.100892173913916	0	0	0	0	0	0	0
PD46568b_lo0010	0.420388218618054	0.493371416645838	0.0862403647361075	0	0	0	0	0	0	0
PD46568b_lo0011	0.430993670427814	0.480802271720554	0.0882040578516325	0	0	0	0	0	0	0
PD46568b_lo0012	0.42167249020262	0.480469840227937	0.0978576695694427	0	0	0	0	0	0	0
PD46568b_lo0013	0.45139820967263	0.47106678984484	0.0775350004825304	0	0	0	0	0	0	0
PD46568b_lo0014	0.454749706801901	0.463969757604642	0.0812805355934569	0	0	0	0	0	0	0
PD46568b_lo0015	0.446187057712077	0.469491161005788	0.0843217812821349	0	0	0	0	0	0	0
PD46568b_lo0016	0.444739716113514	0.472141307424526	0.0831189764619601	0	0	0	0	0	0	0
PD46568b_lo0017	0.422684361161411	0.48232035871293	0.0949952801256583	0	0	0	0	0	0	0
PD46573b_lo0001	0.432268237088776	0.455955658313036	0.111776104598188	0	0	0	0	0	0	0
PD46573b_lo0008	0.459697067951182	0.441767511162972	0.0985354208858465	0	0	0	0	0	0	0
PD46573b_lo0002	0.42546753895203	0.352803805403467	0.113914797661448	0.0444797227354013	0.0633341352476542	0	0	0	0	0
PD46573b_lo0005	0.426572338116291	0.474604611485185	0.0988230503985241	0	0	0	0	0	0	0
PD46573b_lo0007	0.455592559120909	0.419371197580606	0.125036243298485	0	0	0	0	0	0	0
PD52486b_lo0001	0.418576000690582	0.35606475226877	0.100956561899056	0.0850978620847768	0.039304823056815	0	0	0	0	0
PD52486b_lo0002	0.456880857414716	0.339722117218351	0.128360568726721	0.0517524826204597	0.0232839740197523	0	0	0	0	0
PD52486b_lo0008	0.424766921331054	0.314967249157232	0.119831700547175	0.100437604573855	0.039996524390684	0	0	0	0	0
PD52486b_lo0004	0.409600083831231	0.45591108784567	0.1344888283231	0	0	0	0	0	0	0
PD52486b_lo0003	0.407976081301505	0.323055726417005	0.123527543511378	0.0948634322336088	0.0505772165365031	0	0	0	0	0
PD52486b_lo0009	0.405702887963644	0.3221183023783	0.189389883732208	0.0643298144017309	0.0184591115241171	0	0	0	0	0
PD52486b_lo0010	0.411368283207214	0.353798991738385	0.169151761603095	0.0508853246966926	0.0147956387546142	0	0	0	0	0
PD52486b_lo0005	0.438239933159795	0.409189509527516	0.152570557312688	0	0	0	0	0	0	0
PD52486b_lo0006	0.402705530267311	0.44547041976596	0.151824049966729	0	0	0	0	0	0	0
PD52487b_lo0002	0.348057885898446	0.515931056700512	0.136011057401042	0	0	0	0	0	0	0
PD52487b_lo0003	0.364215551341737	0.539298062578122	0.0964863860801405	0	0	0	0	0	0	0
PD52487b_lo0004	0.253693546022375	0.349449126318521	0.0849515098702741	0.137832823780086	0.174072994008744	0	0	0	0	0
PD52487b_lo0005	0.357650931541903	0.542920909580482	0.0994281588776148	0	0	0	0	0	0	0
PD52487b_lo0006	0.31695506671191	0.471596720271697	0.0988585987463676	0.0608884491119742	0.0517011651580521	0	0	0	0	0
