SBS1 SBS13 SBS17b SBS18 SBS2 SBS35 SBS40 SBS41 SBS5 SBS88
A[C>A]A 0.0008861572 0.00181992 0.0006079583 0.05153386 5.80017e-07 0.008826949 0.0282037511 0.002110193 0.0119976 0
A[C>A]C 0.002280405 0.0007209682 0.0001289912 0.01581039 0.0001480043 0.04618403 0.0134017824 0.001220112 0.009438112 0
A[C>A]G 0.0001770314 0.0002639884 5.819601e-05 0.002431598 5.230151e-05 0.00138952 0.0029203884 6.140562e-05 0.00184963 0
A[C>A]T 0.001280227 0.0003479847 0.0004559687 0.02141407 9.780283e-05 0.02159254 0.0148019687 0.001330122 0.006608678 0.001731102
C[C>A]A 0.0003120554 0.001399938 0.0002709814 0.07404865 0.000208006 0.02988967 0.0208027668 0.002380218 0.007428514 0
C[C>A]C 0.001790318 0.0009679574 4.109718e-05 0.01961289 9.530275e-05 0.0329886 0.0147019554 0.0009190842 0.006138772 0
C[C>A]G 9.321654e-05 4.329809e-06 0 0.01200789 0 0.00219924 0.0025403379 0.0002610239 0.003459308 0
C[C>A]T 0 0 0.0001819875 0.03632386 0.0004210122 0.08247149 0.0147019554 0.002650243 0.006488702 0
G[C>A]A 0.00158028 0.0009489582 0.0009979316 0.1090717 8.620249e-05 0.009866589 0.0142018889 0.003090283 0.01019796 0.008655511
G[C>A]C 0.0003390602 0.0004509801 2.779809e-06 0.01731137 0 0.05018265 0.0102013568 0.0007230662 0.00764847 0
G[C>A]G 0.0005871042 0.0001639928 9.239366e-05 0.00756497 1.39004e-05 0.0005068248 0.0025503392 0.0002200202 0.002339532 0.000577034
G[C>A]T 0 6.149729e-05 0.0005339634 0.06234096 5.120148e-05 0.02289209 0.0108014366 0.001950179 0.006818636 0.003462204
T[C>A]A 6.581168e-05 0.07899652 1.239915e-05 0.07384852 0.0006390185 0.005268179 0.0260034585 0.003310303 0.007858428 0
T[C>A]C 0.002530449 0.02939871 0 0.04362866 0.0001700049 0.02309202 0.0210027934 0.001720158 0.009168166 0.002308136
T[C>A]G 0 0.01209947 9.509348e-05 0.01270835 8.530246e-05 9.466727e-05 0.0031704217 0.000207019 0.00229954 0.000577034
T[C>A]T 5.881043e-06 0.03549844 0.002569824 0.1220802 0.0004400127 0.01529471 0.0241032057 0.00590054 0.012697461 0.010386613
A[C>G]A 0.00186033 0.00386983 0.00014599 0.001731137 0 0.003578763 0.0122016228 0.005330488 0.01009798 0
A[C>G]C 0.001220217 0.0009509581 4.339702e-05 0.002591703 0.0001330038 0.004548428 0.0086811546 0.003160289 0.00569886 0.004039238
A[C>G]G 0.0001150204 0.0002639884 0 0.001921262 1.520044e-05 0.0003458804 0.0022502993 0.001210111 0.001719656 0
A[C>G]T 0.001140202 0.003999824 0.0003189781 0.004082682 9.120263e-05 0.009476724 0.0146019421 0.008270758 0.01009798 0.004039238
C[C>G]A 2.410428e-05 0.005609753 0.0001939867 0.000613403 0 0.003858666 0.0075610056 0.002080191 0.006958608 0.004616272
C[C>G]C 7.681363e-05 0.0006479715 4.65968e-05 0.002261486 0.0003510101 0.006297823 0.0093512437 0.00120011 0.009068186 0.001154068
C[C>G]G 0.0003520625 0.0004879785 0 0.003582354 4.870141e-05 0.0008696993 0.0016802235 0.0004110377 0.002489502 0
C[C>G]T 0 0.006399718 0.0001929868 0.003792492 6.360184e-05 0.0161944 0.0139018489 0.005030461 0.009528094 0.00288517
G[C>G]A 9.591702e-06 0.001499934 5.989589e-05 0.0006354175 6.540189e-05 0.003378832 0.0050606731 0.002040187 0.004679064 0
G[C>G]C 0.0001640291 0.0004789789 5.549619e-05 0.001340881 0.0002610075 0.0213926 0.0053707143 0.002690246 0.005078984 0.001731102
G[C>G]G 0.0001660295 0.0002409894 0 0.0006394201 0 0.0005907958 0.0011901583 0.0001560143 0.001509698 0.000577034
G[C>G]T 0 0.002699881 0 0.001230809 0.0001340039 0.00873698 0.0069809285 0.003560326 0.006718656 0.006924409
T[C>G]A 0 0.316986 0.000159989 0.002141407 0 0.006627709 0.0125016627 0.01990182 0.007808438 0
T[C>G]C 0.000203036 0.0634972 6.179576e-05 0.00464305 9.870285e-05 0.005628054 0.0141018755 0.0142013 0.00759848 0
T[C>G]G 6.941232e-05 0.01379939 1.549894e-05 0.000899591 4.120119e-05 0.0001549464 0.0017402315 0.001930177 0.001709658 0.000577034
T[C>G]T 0.001560277 0.3689837 0.001499897 0.003182091 0.001180034 0.02119267 0.0237031525 0.04460409 0.0124975 0.004039238
A[C>T]A 0.02500444 0.007179684 0.0005709608 0.009206048 6.110177e-05 0.002209236 0.0197026204 0.009880905 0.032593481 0.010386613
A[C>T]C 0.006321122 0 7.029518e-05 0.004653057 0.00138004 0.003988621 0.0121016095 0.003360308 0.017896421 0
A[C>T]G 0.3650648 0.0003029867 0.0002869803 0.01220802 3.270094e-05 0.0005797996 0.0002670355 0.003430314 0.006178764 0.012694749
A[C>T]T 0.0095817 0.000317986 0.0001469899 0.00797524 0.001860054 0.000899689 0.016902248 0.006350582 0.021995601 0
C[C>T]A 0.002000355 1.929915e-05 0.0004569687 0.01170769 0.004320125 0.005098238 0.0196026071 0.006910633 0.019396121 0
C[C>T]C 0.0002700479 0.001349941 5.889596e-05 0.006764444 0.0001700049 0.08317125 0.0173023012 0.001850169 0.018996201 0
C[C>T]G 0.1960348 0.001989912 0.0005429628 0.01681104 0.00277008 0.002669077 0.0023603139 0.01010093 0.017496501 0
C[C>T]T 0.0001960348 0.001449936 0.0001359907 0.006654372 0.001450042 0.04698376 0.0216028732 0.007730708 0.023095381 0.004039238
G[C>T]A 0.004440788 0.007179684 6.109581e-05 0.009686364 0 0.007287481 0.0143019022 0.006010551 0.019396121 0.000577034
G[C>T]C 9.281647e-05 0.0009209594 0.0001569892 0.008175371 1.29004e-07 0.01779385 0.011601543 0.008640791 0.021595681 0
G[C>T]G 0.2180387 0.0001779922 0.0008549414 0.01480973 0 0.002529126 0 0.01710157 0.01229754 0.006347374
G[C>T]T 3.840682e-05 0.001269944 0 0.006694398 5.040146e-05 0.006027916 0.0127016893 0.00841077 0.018596281 0.003462204
T[C>T]A 0.001110197 0.006929695 0.0001079926 0.01140749 0.5360155 0.002958977 0.0300039905 0.01170107 0.020295941 0
T[C>T]C 3.730662e-05 0.004479803 0.0006039586 0.01140749 0.09730281 0.01259565 0.0231030727 0.006470593 0.022995401 0
T[C>T]G 0.1100195 0.001189948 6.239572e-05 0.01180776 0.04420128 0.0007647356 0.002120282 0.004920451 0.015896821 0.009232545
T[C>T]T 0 0.001419937 0.0008949386 0.003752465 0.3000087 0.008037222 0.0224029796 0.01150105 0.020995801 0
A[T>A]A 0.000800142 0 6.259571e-05 0.002491637 9.590277e-05 0.00488831 0.0061008114 0.007460683 0.007378524 0.047893826
A[T>A]C 0.002230396 6.519713e-05 0.0002889802 0.0008785772 0.0008780254 0.007357457 0.0044405906 0.004300394 0.006928614 0.023658396
A[T>A]G 0.001140202 0.000589974 6.56955e-05 0.002601709 2.550074e-05 0.00132954 0.0069309218 0.003030278 0.009118176 0.000577034
A[T>A]T 0.0001830325 0.0006059733 0.0006329566 0.007845154 0 0.007367453 0.0107014233 0.06960638 0.00619876 0.042700519
C[T>A]A 4.300763e-05 0.0002089908 9.359358e-05 0.0005423563 0.000243007 0.05258182 0.001090145 0.003620332 0.003539292 0
C[T>A]C 0.0003930697 0.0003419849 0.002239846 0.003062012 0.000244007 0.0329886 0.0076210136 0.003190292 0.005188962 0.003462204
C[T>A]G 0.0003240575 0.00022599 0.0007169508 0.00321211 0.0001490043 0.05817989 0.0034604602 0.003120286 0.005008998 0
C[T>A]T 0.0002600461 0.000522977 0.007789466 0.002261486 0 0.06637705 0.0092812344 0.009010825 0.00429914 0
G[T>A]A 8.121441e-05 6.699705e-06 9.729333e-05 0.001601052 0 0.0007167522 0.0026503525 0.002330213 0.003669266 0
G[T>A]C 0.0001290229 0.0001299943 0.0003469762 0.001951282 0.0001310038 0.005558079 0.0034304563 0.00229021 0.002909418 0.005193306
G[T>A]G 0.0002460437 4.699793e-05 0.0002409835 0.001831203 6.380184e-05 0.001119613 0.0044105866 0.001430131 0.004109178 0.00288517
G[T>A]T 0.0002580458 0.0003579842 0.001579892 0.003462275 6.280181e-05 0.002859012 0.0057707675 0.004520414 0.003219356 0.015002885
T[T>A]A 0.006721193 0.000295987 0.001189918 0.0108071 0.0004220122 0.004298514 0.0071309484 0.08060738 0.006308738 0.02135026
T[T>A]C 0 0.0002319898 0.0002419834 0.002731795 0.0001920055 0.005298168 0.0103013701 0.01430131 0.004139172 0
T[T>A]G 2.800497e-05 0.0001879917 0 0.001791177 5.010145e-05 0.001379523 0.0050206677 0.009290851 0.004789042 0.004039238
T[T>A]T 0.002250399 6.199727e-05 0.00130991 0.007104668 0.0002050059 0.00540813 0.0210027934 0.0535049 0.00874825 0.074437392
A[T>C]A 0.001090193 0.001909916 9.729333e-05 0.002021328 6.170178e-05 0.002039295 0.0187024874 0.01440132 0.046190762 0.111367571
A[T>C]C 0.003040539 0.0001419937 0.0002519827 0.002091374 2.150062e-05 0.0008207163 0.0073409764 0.00579053 0.013397321 0.04558569
A[T>C]G 0.0001060188 0.0004279812 0 0.002081367 1.320038e-05 0.0009196821 0.0155020618 0.008040737 0.038192362 0.006347374
A[T>C]T 0.005741019 0.0009589578 0.0005439627 0.004242788 0.0001550045 0.002029298 0.0194025805 0.01770162 0.038292342 0.169648009
C[T>C]A 0 4.739791e-05 0.0006469556 0.0003862538 0.0003020087 0.00132954 0.0109014499 0.01030094 0.013297341 0
C[T>C]C 0.002500444 0.0001219946 0.006459557 0.002461617 2.850082e-05 0.002019302 0.0098713129 0.005250481 0.01039792 0.001731102
C[T>C]G 0.0003600639 0 0.003919731 0.001621065 0 0.001559461 0.0105013967 0.00557051 0.020795841 0
C[T>C]T 4.260756e-05 0.0001119951 0.01829875 0.002561683 0.0001860054 0.003178901 0.013601809 0.007870721 0.014897021 0
G[T>C]A 0.001050186 0.0002869874 5.949592e-05 0.0007084655 0 0.0005648047 0.0060107994 0.006060555 0.014097181 0
G[T>C]C 0.001900337 0.000181992 0.001499897 0.002261486 2.740079e-05 0.002029298 0.0045806092 0.003740343 0.007938412 0.003462204
G[T>C]G 0.001170208 0.0001949914 0.001009931 0.003982617 0.0001070031 0.000190934 0.0056507516 0.003510322 0.014997001 0.000577034
G[T>C]T 7.131265e-05 0 0.001469899 0.003152071 1.250036e-05 0.0004208545 0.0073109724 0.003890356 0.013697261 0.013271783
T[T>C]A 0.0002550453 2.209903e-05 0.001059927 0.001801183 0 0.0003678728 0.0102013568 0.06360583 0.017996401 0.004039238
T[T>C]C 0.003390602 2.48989e-05 0.001099925 0.006184063 4.350126e-05 0.0008217159 0.0075510043 0.02680246 0.009708058 0.002308136
T[T>C]G 0.0004160738 9.97956e-05 0.001209917 0.003262143 0.0001170034 0.0004378486 0.0060107994 0.02050188 0.012697461 0
T[T>C]T 0.004330768 0.0005309766 0.0009999314 0.003372216 3.580103e-05 0.001059634 0.0102013568 0.04610422 0.018496301 0.096364686
A[T>G]A 0.0001720305 6.13973e-05 0.001409903 0.000721474 0.0002380069 0.003048946 0.0072309617 0.00753069 0.003859228 0.008078477
A[T>G]C 0.0002070367 0 0.004479693 0.0008585641 7.460216e-05 0.0009656662 0.0070509378 0.00164015 0.00259948 0.005193306
A[T>G]G 0.0002680476 8.249637e-05 0.0009899321 0.001991308 2.050059e-06 0.004478452 0.0080610721 0.002700247 0.007938412 0.002308136
A[T>G]T 0.0001120199 0.0003199859 0.06909526 0.00184121 3.760109e-06 0.002629091 0.0180023943 0.007610697 0.004829034 0.007501443
C[T>G]A 3.55063e-05 4.139818e-05 0.002049859 0.000111073 0.0001530044 0.003708718 0.0033504456 0.003470318 0.002589482 0
C[T>G]C 0.0002120376 2.819876e-06 0.03139785 0.001991308 0.0001550045 0.000517821 0.0056707542 0.002410221 0.004609078 0.002308136
C[T>G]G 0.0001280227 0 0.01369906 0.002931926 0.0001210035 0.006357802 0.0055907436 0.003040278 0.006128774 0.002308136
C[T>G]T 0.0001710303 5.549756e-05 0.5499623 0.004142722 0.0002030059 0.002709063 0.0131017425 0.01050096 0.00729854 0
G[T>G]A 0 8.769614e-05 0.0002809807 0.000870572 0.000209006 0.001759392 0.0024903312 0.001800165 0.002519496 0
G[T>G]C 0 0 0.006249571 3.702432e-05 0.0001330038 0.005068248 0.002240298 0.000950087 0.001709658 0.001731102
G[T>G]G 0.0003480618 0.0004259812 0.001479899 0.005833833 3.710107e-05 0.004038604 0.0044505919 0.00120011 0.00529894 0.00288517
G[T>G]T 1.460259e-05 2.889873e-06 0.1139922 0.002141407 0 0.003348842 0.0054807289 0.003470318 0.00234953 0.013271783
T[T>G]A 0 0.0001839919 1.219916e-05 0.0006964576 1.670048e-05 0.004288517 0.0084611253 0.04190384 0.005218956 0.030582804
T[T>G]C 5.510978e-05 0 0.0087494 0.002101381 7.040203e-05 0.00193933 0.0114015164 0.01550142 0.006558688 0.020773226
T[T>G]G 0.0005831035 3.669838e-05 0.004779672 0.001450953 9.540275e-05 0.004818334 0.0086611519 0.01940178 0.006938612 0
T[T>G]T 0 1.889917e-05 0.1219916 0.005163392 0 0.003618749 0.0250033254 0.08790805 0.013497301 0.102135026
