0 1 2 3 4 5 6 7 8 9
PD28690_36 0.00248501248959201 0.757299333888426 0.169510407993339 0.0614338051623647 0.002507493755204 0.00186719400499584 0.00122231473771857 0.00154079933388843 0.00206328059950042 7.03580349708576e-05
PD28690_9 0.00130763444904099 0.743279428356525 0.185334336216623 0.0536615268898082 0.00134110567882663 0.00980142910868748 0.00370552839413313 0.00102294095524633 0.00035238811583302 0.00019368183527642
PD28690_17 0.0227955862683905 0.674918858671422 0.112159830584039 0.102968345965225 0.0479070441373161 0.00245296477931342 0.0349721355327686 0.00159629959875167 0.000193490860454748 3.54436023183237e-05
PD28690_37 0.00382481315396114 0.74794798206278 0.158707922272048 0.0122872944693572 0.010732735426009 0.00207085201793722 0.062270553064275 0.00106547085201794 0.00103318385650224 5.91928251121076e-05
PD28690_8 0.00989027345102111 0.706485635167878 0.137530979577709 0.027140879196954 0.104450328833506 0.00193838698511596 0.0106244375216338 0.00138629283489097 0.000434060228452752 0.000118726202838352
PD28690_5 0.0189448455096737 0.691498411781692 0.172853595148715 0.0386043892578689 0.0578717874675137 0.0102211954952353 0.00582818365578978 0.00245163153335258 0.00165550101068438 7.04591394744441e-05
PD28690_19 0.00228811107897021 0.692820075209719 0.243529939253688 0.027480185131617 0.00164448944171247 0.002837431298814 0.0279780156204802 0.00098756146948221 0.000335261787677177 9.89297078391669e-05
PD28690_15 0.0129955156950673 0.653903587443946 0.148661434977578 0.0228565022421525 0.0208161434977578 0.010627802690583 0.125331838565022 0.00342825112107623 0.00125560538116592 0.000123318385650224
PD28690_14 0.0101832657788072 0.724370874348581 0.181972206137811 0.0472640416907933 0.00412970469021424 0.00545946728430805 0.0243300521134916 0.00197452229299363 0.000214533873769543 0.000101331789229878
PD28690_21 0.0173255944055944 0.71266013986014 0.16642993006993 0.0484097902097902 0.0288439160839161 0.00277958041958042 0.0210629370629371 0.00220167832167832 0.000213986013986014 7.24475524475524e-05
PD28690_2 0.0284806587514362 0.758788203753351 0.11367253925699 0.0344228265032555 0.0195572577556492 0.00327384144006128 0.0384569130601302 0.00260551512830333 0.000548831865185753 0.000193412485637687
PD28690_18 0.00320904325032765 0.741810943643512 0.193874508519004 0.0338499344692005 0.00304882044560944 0.0100632372214941 0.0118479685452163 0.00149639580602883 0.000413499344692005 0.00038564875491481
PD28690_20 0.00405497131931166 0.649984225621415 0.0515724187380497 0.0456684990439771 0.212587476099426 0.00301768642447419 0.0276914435946463 0.00450454110898662 0.000875956022944551 4.27820267686424e-05
PD28690_39 0.00511111111111111 0.766658777120316 0.207804076265615 0.0116738987508218 0.00284615384615385 0.00267652859960552 0.000938856015779093 0.00178040762656147 0.000344510190664037 0.000165680473372781
PD28690_10 0.00742307692307692 0.69895905707196 0.085848635235732 0.0425732009925558 0.0026985111662531 0.0033287841191067 0.155129032258065 0.00267369727047146 0.00116997518610422 0.000196029776674938
PD28690_1 0.00742278564372736 0.673381626605203 0.234492920645374 0.0723407968389858 0.00289002304906157 0.0031162331247942 0.00383174185051037 0.00227296674349687 0.000196904840302931 5.40006585446164e-05
PD28690_3 0.00325923787528868 0.735607967667437 0.161766166281755 0.014094688221709 0.0677938799076212 0.00157390300230947 0.0137707852193995 0.00147863741339492 0.000478637413394919 0.000176096997690531
PD28690_4 0.00288833333333333 0.670416388888889 0.200228611111111 0.0782611111111111 0.00622083333333333 0.00766888888888889 0.0320897222222222 0.00162972222222222 0.000409166666666667 0.000187222222222222
PD28690_6 0.0229518244013683 0.690098061573546 0.158993443557583 0.0681875712656785 0.0228688711516534 0.0268281071835804 0.00513911060433295 0.00358437856328392 0.00113568985176739 0.000212941847206385
PD28690_11 0.00325692695214106 0.70867758186398 0.0767027707808564 0.0132141057934509 0.00279093198992443 0.00294458438287154 0.189125944584383 0.00252392947103275 0.000599496221662468 0.000163727959697733
PD28690_7 0.0100080893682589 0.684118644067797 0.161808551617874 0.0647361325115562 0.0093382126348228 0.00659476117103236 0.0615427580893683 0.00130161787365177 0.000362095531587057 0.000189137134052388
PD28690_16 0.026717277486911 0.683539267015707 0.0485287958115183 0.168057591623037 0.0237591623036649 0.00717801047120419 0.0293246073298429 0.00984293193717277 0.00245549738219895 0.000596858638743456
PD34200_2 0.00355693950177936 0.691634045077106 0.249664887307236 0.0393493475682088 0.00155160142348754 0.00414887307236062 0.00345907473309609 0.00308659549228944 0.00327342823250297 0.000275207591933571
PD34200_5 0.0117279362972794 0.720955540809555 0.225482415394824 0.015777704047777 0.00222229595222296 0.00901061712010617 0.00142468480424685 0.00514067684140677 0.0081506303915063 0.000107498341074983
PD34200_1 0.00591084165477889 0.732148359486448 0.223639800285307 0.0262888730385164 0.00207061340941512 0.00486519258202568 0.000796718972895863 0.00338017118402282 0.000853067047075606 4.63623395149786e-05
PD34200_3 0.00238633686690224 0.718820376914016 0.228598939929329 0.0409234393404005 0.00178504122497055 0.00232155477031802 0.00158186101295642 0.00252826855123675 0.000951118963486455 0.000103062426383981
PD34200_4 0.0105691922354415 0.691757044458359 0.240964934251722 0.0157795867251096 0.0314120225422668 0.00432122730118973 0.00122542266750157 0.00258422041327489 0.00130181590482154 8.4533500313087e-05
PD37266_3 0.0154675767918089 0.56046903949293 0.250898586055583 0.00289127254997562 0.0370121891760117 0.00360994636762555 0.000766942954656265 0.0016962457337884 0.127036079960995 0.000152120916626036
PD37266_6 0.0242527075812274 0.594315433212996 0.188959837545126 0.0190785198555957 0.0250789711191336 0.00697924187725632 0.00100135379061372 0.0111069494584838 0.128832581227437 0.000394404332129964
PD37266_2 0.00545429141716567 0.620009580838323 0.204112175648703 0.0660183632734531 0.0115864271457086 0.00265149700598802 0.00107265469061876 0.00217804391217565 0.0868910179640719 2.59481037924152e-05
PD37266_4 0.0145972531551596 0.629584261321455 0.182112843355605 0.0197557535263549 0.0173147735708983 0.00347067557535264 0.000652190051967335 0.0134302152932442 0.118779510022272 0.000302524127691166
PD37266_1 0.00703480392156863 0.623672549019608 0.184780392156863 0.0104617647058824 0.0083828431372549 0.00457303921568627 0.00125833333333333 0.00792549019607843 0.151789215686275 0.00012156862745098
PD37266_5 0.00710025706940874 0.745804627249357 0.15262853470437 0.012413881748072 0.00373393316195373 0.0105321336760925 0.00137275064267352 0.00898714652956298 0.0573714652956298 5.52699228791774e-05
PD37449_2 0.014646017699115 0.638420353982301 0.240451327433628 0.0615287610619469 0.0045353982300885 0.00936061946902655 0.00363495575221239 0.0142942477876106 0.0130176991150442 0.000110619469026549
PD37449_4 0.011754358974359 0.705997948717949 0.0751435897435897 0.112901538461538 0.00474769230769231 0.00355282051282051 0.00227948717948718 0.018685641025641 0.0648733333333333 6.35897435897436e-05
PD37449_1 0.0151390887290168 0.667193645083933 0.117697242206235 0.0543573141486811 0.0412230215827338 0.00701258992805755 0.00201498800959233 0.0655647482014388 0.0296786570743405 0.000118705035971223
PD37449_10 0.00705707196029777 0.72304776674938 0.15572270471464 0.0423343672456576 0.00358002481389578 0.00566997518610422 0.0015545905707196 0.00247332506203474 0.0584578163771712 0.000102357320099256
PD37449_9 0.0172645739910314 0.662711509715994 0.111307922272048 0.109321375186846 0.00682511210762332 0.0763677130044843 0.00339760837070254 0.00464275037369208 0.00786846038863976 0.000292974588938715
PD37449_16 0.00429285714285714 0.686614285714286 0.0773955357142857 0.0230794642857143 0.00278839285714286 0.00340982142857143 0.00469910714285714 0.0132875 0.183710714285714 0.000722321428571429
PD37449_7 0.0167483258928571 0.536129464285714 0.138618303571429 0.0736501116071429 0.202400111607143 0.00705970982142857 0.0164241071428571 0.00545200892857143 0.00233203125 0.00118582589285714
PD37449_5 0.00585060975609756 0.619056707317073 0.14669512195122 0.042544512195122 0.0325762195121951 0.00575853658536585 0.00285487804878049 0.0299707317073171 0.114307317073171 0.000385365853658537
PD37449_3 0.00340922190201729 0.709527377521614 0.115240634005764 0.157801152737752 0.00179106628242075 0.0044193083573487 0.00319596541786743 0.00351008645533141 0.000903458213256484 0.000201729106628242
PD37449_6 0.00639840637450199 0.783969123505976 0.117410358565737 0.048503984063745 0.00365637450199203 0.0140308764940239 0.00481573705179283 0.00899302788844621 0.0117709163346614 0.000451195219123506
PD37449_8 0.0248343949044586 0.703865534324133 0.158157820240623 0.067138711960368 0.0151507430997877 0.0107048832271762 0.00773743807501769 0.00908775654635527 0.00325902335456476 6.36942675159236e-05
PD37449_18 0.00396153846153846 0.340163461538462 0.0365576923076923 0.00627884615384615 0.00317307692307692 0.00657692307692308 0.000923076923076923 0.00678846153846154 0.595192307692308 0.000384615384615385
PD41851_9 0.0228112346735101 0.565420444824636 0.190896920444825 0.0663949244368406 0.146382378100941 0.00335685771314514 0.000894781864841745 0.00230581693755346 0.00146749358426005 6.91474194468206e-05
PD41851_3 0.00463513513513514 0.50549005609383 0.226689954105048 0.0127819989801122 0.244174910759816 0.00288755736868944 0.00122106068332483 0.00122972972972973 0.000416369199388067 0.000473227944926058
PD41851_8 0.0156512810085401 0.589136234241562 0.222399959333062 0.0449168361122407 0.0882651484343229 0.00331679544530297 0.0268265555103701 0.00896400976006507 0.000382472549816999 0.000140707604717365
PD41851_2 0.0208150111607143 0.571761439732143 0.247259207589286 0.057029296875 0.0827809709821429 0.00624776785714286 0.00832449776785714 0.00452845982142857 0.00119782366071429 5.55245535714286e-05
PD41851_7 0.00689420884632923 0.592598495212038 0.235851801185591 0.0696830825353397 0.0828426812585499 0.00461171910624715 0.00499612403100775 0.00191153670770634 0.000552439580483356 5.79115367077063e-05
PD41851_5 0.00737209908735333 0.661319426336376 0.229461799217731 0.0425543676662321 0.047845371577575 0.00228161668839635 0.00599608865710561 0.0025728813559322 0.000571056062581486 2.52933507170795e-05
PD41851_4 0.0279329284393979 0.667129125957222 0.244858199102192 0.0233105360443623 0.0193546342751518 0.00354264589384737 0.0107388434116715 0.00263929231581727 0.000442830736730922 5.09638236070768e-05
PD41851_1 0.0194244139046079 0.61035273511183 0.257160873080032 0.0559444893559687 0.0463252492589599 0.00395984909727836 0.00378954459714363 0.00200242522231205 0.000932093775262732 0.000108326596604689
PD41851_11 0.00230589651022864 0.532326835138388 0.191136221419976 0.0369222623345367 0.228075812274368 0.0039812274368231 0.000593261131167268 0.00214801444043321 0.00244933814681107 6.11311672683514e-05
PD41851_6 0.00416881355932203 0.602016271186441 0.174760451977401 0.064109604519774 0.140278644067797 0.0082406779661017 0.00229943502824859 0.00242892655367232 0.00147728813559322 0.000219887005649718
PD41851_10 0.00716338582677165 0.605307742782152 0.226001749781277 0.0685129046369204 0.0814041994750656 0.00207589676290464 0.00695100612423447 0.00207808398950131 0.000463692038495188 4.13385826771654e-05
PD41851_14 0.0157257383966245 0.716561181434599 0.198666666666667 0.0302362869198312 0.0109746835443038 0.0100084388185654 0.00559915611814346 0.010126582278481 0.00189451476793249 0.000206751054852321
PD41852_10 0.0290465334900117 0.738501292596945 0.144698942420682 0.0248451233842538 0.0313755581668625 0.00345922444183314 0.0217863689776733 0.00272808460634548 0.00342820211515864 0.000130669800235018
PD41852_1 0.0165438202247191 0.603133988764045 0.311099438202247 0.0507952247191011 0.00832331460674157 0.00310730337078652 0.00263904494382022 0.00309915730337079 0.00121629213483146 4.24157303370787e-05
PD41852_9 0.00384178870292887 0.684175209205021 0.204911087866109 0.0378556485355649 0.0559061192468619 0.00349973849372385 0.000850418410041841 0.00597672594142259 0.00281328451882845 0.000169979079497908
PD41852_3 0.012751721344674 0.652275820170109 0.274969623329283 0.0291466180639935 0.0180805994329688 0.00855042527339004 0.00158161198865938 0.00219279060348319 0.000374240583232078 7.65492102065614e-05
PD41852_2 0.0059594546106925 0.650667743092932 0.234719052744887 0.0652859705776821 0.00505740940078938 0.00527125941872982 0.0293649085037675 0.00307140294223179 0.000526013634732688 7.67850735557948e-05
PD41852_4 0.0103062261753494 0.655728081321474 0.204218551461245 0.0353372299872935 0.0711013977128335 0.00395832274459975 0.00695273189326557 0.0110899618805591 0.00101829733163914 0.000289199491740788
PD41852_11 0.0058461340868225 0.719721037760082 0.195072694580015 0.0398127408168508 0.0278189057282302 0.00132879527356794 0.00684998715643463 0.00271538659131775 0.000796044181864886 3.82738248137683e-05
PD41852_8 0.00387111111111111 0.697738412698413 0.230636825396825 0.0536574603174603 0.00132285714285714 0.00254920634920635 0.0069952380952381 0.00203206349206349 0.0011168253968254 8e-05
PD41852_6 0.0123940520446097 0.670623296158612 0.22698667905824 0.00956195786864932 0.0657001239157373 0.0042134448574969 0.004090458488228 0.00579429987608426 0.000328686493184634 0.000307001239157373
PD41852_17 0.0166076443057722 0.626163806552262 0.158252730109204 0.0669274570982839 0.120329953198128 0.0055390015600624 0.00138065522620905 0.00366458658346334 0.000979719188767551 0.000154446177847114
PD41852_5 0.00915564087418783 0.709807442409923 0.240860011813349 0.0192728883638512 0.0120073833431778 0.00224128765505021 0.00431393975191967 0.00146574128765505 0.000785883047844064 8.97814530419374e-05
PD41852_7 0.00710700636942675 0.734463057324841 0.167982484076433 0.00873662420382166 0.0453433121019108 0.00940573248407643 0.022193949044586 0.00336178343949045 0.000710191082802548 0.000695859872611465
PD41852_19 0.00589210526315789 0.773939473684211 0.177194736842105 0.0155131578947368 0.00772368421052632 0.00502368421052632 0.00537368421052632 0.00481578947368421 0.00428947368421053 0.000234210526315789
PD41853_6 0.00265625 0.835189385775862 0.142355603448276 0.0104512392241379 0.000980603448275862 0.00126966594827586 0.00608432112068966 0.000722790948275862 0.000254310344827586 3.58297413793103e-05
PD41853_3 0.0219132765689057 0.705496688741722 0.20614601072217 0.00246452223273415 0.0480378429517502 0.00366225165562914 0.00126048565121413 0.00940239672027752 0.00126647745190792 0.000350047303689688
PD41853_11 0.01529963122311 0.742610018438845 0.211165334972342 0.00186447449293178 0.023999078057775 0.00219637369391518 0.000597725875845114 0.00180823601720959 0.000378303626306085 8.08236017209588e-05
PD41853_8 0.0170787037037037 0.771481481481481 0.18295524691358 0.00438950617283951 0.0156962962962963 0.00247098765432099 0.0015929012345679 0.00277067901234568 0.00140277777777778 0.00016141975308642
PD41853_14 0.00200548245614035 0.768952119883041 0.216848684210526 0.00661330409356725 0.000994883040935672 0.00217214912280702 0.00099780701754386 0.00107383040935673 0.00031469298245614 2.7046783625731e-05
PD41853_5 0.01150176 0.72956768 0.23217504 0.00326016 0.01546208 0.0024352 0.00354496 0.00125632 0.00073728 5.952e-05
PD41853_10 0.00423398424117849 0.705390544707092 0.27473381294964 0.00574511819116136 0.00116478245974649 0.00160020554984584 0.00375231243576567 0.00248715313463515 0.000831791709489551 6.02946214457006e-05
PD41853_9 0.0167862513426423 0.650824919441461 0.298334407447189 0.00521947726459005 0.0224171142141067 0.00360973863229502 0.000553884711779449 0.00176369495166488 0.000447905477980666 4.26065162907268e-05
PD41853_4 0.00439464108501489 0.753107839894145 0.231038703274892 0.00266027125372147 0.00281243797552101 0.00251935163744625 0.000480317565332451 0.00214555077737347 0.000757856434005954 8.30301025471386e-05
PD41853_2 0.002279324055666 0.905292246520875 0.076434393638171 0.00696918489065606 0.00133300198807157 0.00238071570576541 0.001220675944334 0.00291948310139165 0.000877733598409543 0.00029324055666004
PD41853_7 0.0223549374840521 0.668283745853534 0.151126307731564 0.00527660117376882 0.141392957387089 0.00346261801479969 0.00372875733605512 0.00265680020413371 0.00156851237560602 0.000148762439397806
PD41853_1 0.0039038208168643 0.872847167325428 0.100383399209486 0.00506851119894598 0.000942028985507246 0.00569038208168643 0.00122002635046113 0.00757444005270092 0.00220816864295125 0.000162055335968379
PD41853_18 0.00435849056603774 0.928301886792453 0.0441320754716981 0.00577358490566038 0.0040188679245283 0.0049622641509434 0.00188679245283019 0.00532075471698113 0.00107547169811321 0.000169811320754717
PD42833_3 0.0173922783603432 0.622900381315539 0.220926596758818 0.125704003813155 0.00212392755004766 0.00344613918017159 0.00149475691134414 0.00529647283126787 0.00047998093422307 0.000235462345090562
PD42833_1 0.00882377516141284 0.663105203190277 0.165685529813901 0.136491834409419 0.00212761109001139 0.00251955943790353 0.00217546524876567 0.0164097987086973 0.00242043296619825 0.000240789973414356
PD42833_2 0.0067743288590604 0.634776426174497 0.191345218120805 0.133272651006711 0.00305872483221477 0.0179828020134228 0.00238464765100671 0.00469756711409396 0.00105788590604027 0.00464974832214765
PD42833_9 0.0066374269005848 0.719119298245614 0.15800701754386 0.0912818713450292 0.00199415204678363 0.0122982456140351 0.0066 0.00300350877192982 0.000470175438596491 0.000588304093567251
PD42833_11 0.0190193798449612 0.645341085271318 0.143612403100775 0.147286821705426 0.00810852713178295 0.0172480620155039 0.00261240310077519 0.0130503875968992 0.00344573643410853 0.000275193798449612
PD42833_5 0.00861919504643963 0.643139318885449 0.241934984520124 0.0718544891640867 0.00654798761609907 0.00345201238390093 0.0152414860681115 0.00778328173374613 0.00135913312693498 6.81114551083591e-05
PD42833_10 0.0321164383561644 0.767547945205479 0.0941369863013699 0.0315753424657534 0.0290342465753425 0.00788356164383562 0.00608219178082192 0.00558219178082192 0.00363698630136986 0.0224041095890411
PD42833_4 0.0540936329588015 0.615651685393258 0.242588014981273 0.0221011235955056 0.0400898876404494 0.00916104868913858 0.00428464419475655 0.0101685393258427 0.00165168539325843 0.000209737827715356
PD42834_4 0.074940830449827 0.554231487889273 0.217513494809689 0.116724567474048 0.00214602076124567 0.00652525951557093 0.00830103806228374 0.0168543252595156 0.00266193771626298 0.000101038062283737
PD42834_3 0.00755802792321117 0.625995636998255 0.187418411867365 0.14554057591623 0.00204581151832461 0.0081348167539267 0.0150837696335079 0.00648211169284468 0.00165532286212914 8.55148342059337e-05
PD42834_7 0.0202361111111111 0.573156156156156 0.29429542042042 0.0841557807807808 0.00715690690690691 0.00647334834834835 0.00181831831831832 0.00598723723723724 0.00662537537537538 9.53453453453453e-05
PD42834_2 0.0180545842217484 0.561349253731343 0.258266524520256 0.0889543710021322 0.00428955223880597 0.0121884861407249 0.00856673773987207 0.00999402985074627 0.0382004264392324 0.000136034115138593
PD42834_1 0.00562306306306306 0.599352072072072 0.216352432432432 0.15906018018018 0.00141513513513514 0.00415711711711712 0.00263171171171171 0.0109027027027027 0.000452252252252252 5.33333333333333e-05
PD42834_5 0.0246799719887955 0.577515756302521 0.185046218487395 0.148074929971989 0.0194467787114846 0.0153536414565826 0.0182307422969188 0.00886624649859944 0.00268102240896359 0.0001046918767507
PD42834_6 0.0204610462928114 0.540035001881822 0.222196462175386 0.143784719608581 0.0206319156943922 0.0273718479488145 0.0197696650357546 0.00396838539706436 0.00149115543846443 0.000289800526910049
PD42834_12 0.00832515337423313 0.623441717791411 0.264033742331288 0.0662453987730061 0.00329447852760736 0.0172269938650307 0.005 0.00928834355828221 0.00246932515337423 0.000674846625766871
PD42835_7 0.0184954280964256 0.543347464671654 0.27754280964256 0.0287527015793849 0.013859102244389 0.0374700748129676 0.004571072319202 0.0173894430590191 0.0573678304239401 0.00120407315045719
PD42835_5 0.0131450800915332 0.586477803203661 0.331043020594966 0.0222764302059497 0.0171766590389016 0.0176562929061785 0.00626544622425629 0.00407093821510298 0.000953318077803204 0.000935011441647597
PD42835_8 0.0126614279299506 0.534843286933094 0.303103277952402 0.0168792096991468 0.00851189941625505 0.025482712168837 0.00420745397395599 0.02182712168837 0.0550089806915132 0.0174746295464751
PD42835_1 0.00487905048982668 0.602415599095705 0.213529389600603 0.060810851544838 0.0712053504144687 0.0155033911077619 0.00119329314242653 0.00731650339110776 0.00187603617181613 0.0212705350414469
PD42835_9 0.0162107371794872 0.556086538461538 0.263711939102564 0.0206614583333333 0.0260424679487179 0.0633818108974359 0.00115665064102564 0.00383173076923077 0.0370741185897436 0.0118425480769231
PD42835_6 0.0129372533543804 0.7058681925809 0.17616771902131 0.0393018942383583 0.0319534333070245 0.0174348855564325 0.00204735595895817 0.00513772691397001 0.00896685082872928 0.000184688239936859
PD42835_3 0.00444784768211921 0.594238824503311 0.270956125827815 0.0358861754966887 0.0032512417218543 0.0072942880794702 0.000951986754966887 0.00538203642384106 0.0204954470198675 0.0570960264900662
PD42835_4 0.0141335215812828 0.592461476401775 0.290195240016136 0.0344493747478822 0.00725857200484066 0.00704840661557079 0.00322226704316257 0.0104231544977814 0.00832150060508269 0.0324864864864865
PD42835_2 0.00593243243243243 0.61677773826458 0.218589971550498 0.0568367709815078 0.0354697724039829 0.0183780227596017 0.00172119487908962 0.0144174964438122 0.0150953058321479 0.0167812944523471
PD42835_17 0.0088268156424581 0.635508379888268 0.250765363128492 0.0527653631284916 0.00427932960893855 0.0142849162011173 0.0170782122905028 0.0139329608938547 0.00227932960893855 0.000279329608938547
PD43400_2 0.0194837743384923 0.674311532700949 0.216599101347978 0.0296340489266101 0.00847928107838243 0.0066645032451323 0.0015416874687968 0.0417878182725911 0.0012491263105342 0.000249126310534199
PD43400_3 0.00875084427767355 0.728947842401501 0.127922326454034 0.0862720450281426 0.0140075046904315 0.0139050656660413 0.00124727954971857 0.0150960600375235 0.00303977485928705 0.00081125703564728
PD43400_4 0.0158431677018634 0.740673913043478 0.117737965838509 0.0695310559006211 0.000940605590062112 0.0278676242236025 0.00508385093167702 0.0215916149068323 0.000668866459627329 6.13354037267081e-05
PD43400_1 0.00595611896635787 0.724613359336909 0.241421257922964 0.00942857142857143 0.00373037542662116 0.00307459775719161 0.00150950755728913 0.00663139931740614 0.00246075085324232 0.0011740614334471
PD43400_9 0.00858281161070006 0.787554923164485 0.115284575981787 0.0169163346613546 0.0390756972111554 0.00540068298235629 0.00497666476949345 0.0114171883892999 0.000422310756972112 0.0103688104723961
PD43400_7 0.0153227586206897 0.779633103448276 0.1625 0.00870896551724138 0.00283379310344828 0.0112186206896552 0.00098551724137931 0.0139020689655172 0.00476965517241379 0.00012551724137931
PD43400_5 0.0074301578024547 0.727185271770894 0.174571595558153 0.00739362945645821 0.00541759205143191 0.0576928696668615 0.00255376972530684 0.0164330800701344 0.00103974284044418 0.0002822910578609
PD43400_8 0.06403125 0.7261171875 0.114734375 0.0145859375 0.00546875 0.02928125 0.0043203125 0.0345546875 0.00628125 0.000625
PD43401_1 0.0237769080234834 0.421379647749511 0.267402152641879 0.00944227005870841 0.238763209393346 0.0249500978473581 0.00154011741682975 0.0116037181996086 0.000774951076320939 0.00036692759295499
PD43401_5 0.0170603337612323 0.551490372272144 0.375005776636714 0.00957317073170732 0.00199486521181001 0.0350481386392811 0.00126636713735558 0.00660269576379974 0.00149614890885751 0.000462130937098845
PD43401_8 0.00525684210526316 0.587917894736842 0.353145263157895 0.0230736842105263 0.00317894736842105 0.0124968421052632 0.00264 0.0106863157894737 0.00148842105263158 0.000115789473684211
PD43401_3 0.00759630200308166 0.571476117103236 0.392607858243451 0.00516640986132512 0.00745608628659476 0.00928813559322034 0.00122419106317411 0.00402696456086287 0.0010231124807396 0.00013482280431433
PD43401_2 0.0199878378378378 0.582471621621622 0.359095945945946 0.00626351351351351 0.0062527027027027 0.0125256756756757 0.00142837837837838 0.00833783783783784 0.00340810810810811 0.000228378378378378
PD43401_4 0.00276739926739927 0.497038461538462 0.474517094017094 0.00731501831501831 0.00103785103785104 0.0103888888888889 0.000916361416361416 0.0045964590964591 0.00125335775335775 0.000169108669108669
PD43401_7 0.00411019736842105 0.649496710526316 0.288162828947368 0.0410690789473684 0.00185361842105263 0.00474177631578947 0.00418421052631579 0.00333717105263158 0.00281414473684211 0.000230263157894737
PD43401_9 0.00825 0.668172077922078 0.238512987012987 0.0226136363636364 0.00921753246753247 0.0396688311688312 0.00246753246753247 0.00875324675324675 0.00219805194805195 0.000146103896103896
PD43402_8 0.0231049136786189 0.685495683930943 0.202962483399734 0.0523745019920319 0.0114103585657371 0.00901128818061089 0.0011636786188579 0.0130999335989376 0.00132403718459495 5.31208499335989e-05
PD43402_5 0.0079870340356564 0.644128038897893 0.304325364667747 0.0194987844408428 0.00932779578606159 0.00301499189627229 0.00439262560777958 0.00573581847649919 0.00144732576985413 0.000142220421393841
PD43402_18 0.00776782884310618 0.697495245641838 0.22871236133122 0.0206870047543582 0.0332559429477021 0.00433042789223455 0.00428526148969889 0.00254675118858954 0.000806656101426307 0.000112519809825674
PD43402_10 0.0264384236453202 0.573736101337087 0.302379310344828 0.0397543983110486 0.00615200562983814 0.00487403237156932 0.00217382125263899 0.0380154820548909 0.00631878958479944 0.000157635467980296
PD43402_17 0.00639676113360324 0.802881241565452 0.085 0.0923522267206478 0.00391497975708502 0.0032442645074224 0.00265991902834008 0.00178677462887989 0.00150067476383266 0.000263157894736842
PD43402_23 0.0076984126984127 0.652486772486772 0.302691358024691 0.00888183421516755 0.00234391534391534 0.0178624338624339 0.00255202821869489 0.0044373897707231 0.000848324514991182 0.000197530864197531
PD43402_2 0.0166269000460617 0.766392906494703 0.163457392906495 0.0128272685398434 0.00499539382772916 0.0296577614002764 0.00260432980193459 0.00211008751727315 0.00123030861354215 9.76508521418701e-05
PD43402_6 0.00468150134048257 0.615188203753351 0.22986327077748 0.0116139410187668 0.109082573726542 0.00611099195710456 0.00433243967828418 0.0183436997319035 0.000708310991957105 7.50670241286863e-05
PD43402_12 0.00519570222563315 0.67172755180353 0.266635456638527 0.0287797390636992 0.00362701458173446 0.00323330775134305 0.00286415963161934 0.0160107444359171 0.00171603990790484 0.000210283960092095
PD43402_4 0.0167085106382979 0.656132446808511 0.218889361702128 0.0410829787234043 0.0409771276595745 0.0125515957446809 0.00176542553191489 0.00774468085106383 0.00387234042553191 0.000275531914893617
PD43402_11 0.00688851634534786 0.617414920368818 0.316585079631182 0.0185515507124895 0.00160771165129925 0.0139941324392288 0.00272003352891869 0.0201240569991618 0.00139145012573345 0.00072254819782062
PD43402_21 0.0182046875 0.7250890625 0.2073 0.0065328125 0.0055015625 0.0107109375 0.0018234375 0.021890625 0.0022953125 0.0006515625
PD43402_9 0.00888185926404132 0.63281471917366 0.285916074887024 0.0152130406714009 0.00637830858618464 0.00985926404131698 0.00221045836023241 0.0343653970303422 0.00407876049063912 0.000282117495158167
PD43402_1 0.0192548780487805 0.67779837398374 0.237714227642276 0.0112044715447154 0.00954715447154472 0.03585 0.00168089430894309 0.00533130081300813 0.00153983739837398 7.88617886178862e-05
PD43402_7 0.00907855421686747 0.62160578313253 0.203213493975904 0.0542077108433735 0.0644033734939759 0.0271802409638554 0.00111855421686747 0.0163802409638554 0.00272096385542169 9.10843373493976e-05
PD43402_3 0.00891833333333333 0.754495 0.156408333333333 0.0500016666666667 0.00156333333333333 0.006795 0.01276 0.0056 0.00301333333333333 0.000445
PD43402_19 0.0111635124905375 0.613828160484481 0.0777956093868282 0.0406835730507192 0.216164269492808 0.035559424678274 0.00175170325510977 0.00212490537471612 0.000781983345950038 0.000146858440575322
PD43402_22 0.0151340206185567 0.53940206185567 0.37919587628866 0.030979381443299 0.0144639175257732 0.00991752577319588 0.00189690721649485 0.00715463917525773 0.00163917525773196 0.000216494845360825
PD43402_16 0.0173030303030303 0.783242424242424 0.125674242424242 0.0205151515151515 0.0158333333333333 0.0117878787878788 0.00317424242424242 0.018530303030303 0.00281060606060606 0.00112878787878788
PD43403_9 0.00392556508183944 0.805551052221356 0.117913484021824 0.0350888542478566 0.00208495713172253 0.0301882307092751 0.00205884645362432 0.00250233826968044 0.000590802805923617 9.58690568978956e-05
PD43403_7 0.00543407960199005 0.788256633499171 0.138982172470978 0.0458134328358209 0.00370771144278607 0.00894402985074627 0.00264262023217247 0.00519651741293532 0.000859452736318408 0.00016334991708126
PD43403_4 0.00586697247706422 0.802549148099607 0.115697247706422 0.0327096985583224 0.00239842726081258 0.00502948885976409 0.00474836173001311 0.0283086500655308 0.00082437745740498 0.00186762778505898
PD43403_5 0.00729177545691906 0.802741514360313 0.0848916449086162 0.028105091383812 0.00721801566579634 0.0062813315926893 0.0247382506527415 0.0225718015665796 0.0160039164490862 0.000156657963446475
PD43403_3 0.00961993569131833 0.69071575562701 0.101587138263666 0.033887459807074 0.122702893890675 0.0297498392282958 0.00285016077170418 0.00797942122186495 0.000859163987138264 4.82315112540193e-05
PD43403_1 0.00938486842105263 0.696013157894737 0.185330592105263 0.0107516447368421 0.00287993421052632 0.0529671052631579 0.0223371710526316 0.0178980263157895 0.00171546052631579 0.000722039473684211
PD43403_2 0.00803559322033898 0.761786440677966 0.163159322033898 0.0325101694915254 0.00250847457627119 0.00708135593220339 0.00309830508474576 0.0208830508474576 0.000866101694915254 7.11864406779661e-05
PD43403_8 0.0115307167235495 0.818936860068259 0.102107508532423 0.0112064846416382 0.00629180887372014 0.0330904436860068 0.00530887372013652 0.00628156996587031 0.00452730375426621 0.000718430034129693
PD43850_12 0.0120570641479732 0.65153404171586 0.230984651711924 0.00905548996458087 0.00776426603699331 0.0374376229830775 0.0341798504525777 0.0160413223140496 0.000868162140889414 7.75285320739866e-05
PD43850_5 0.00961547811993517 0.606742301458671 0.267712317666126 0.0386920583468395 0.0562471636952998 0.0113529173419773 0.00151742301458671 0.00666936790923825 0.000713128038897893 0.000737844408427877
PD43850_3 0.00315757078375051 0.681231021748051 0.253272876487485 0.0479729175215429 0.0010677061961428 0.00920024620434961 0.00169224456298728 0.00157488715633976 0.000273697168649979 0.000556832170701682
PD43850_4 0.00404222011385199 0.684991461100569 0.258602941176471 0.040738614800759 0.00209629981024668 0.00382590132827325 0.000643263757115749 0.0044753320683112 0.000554079696394687 2.98861480075901e-05
PD43850_14 0.0109597132127006 0.574355069989758 0.225283373164903 0.0609743939911232 0.115180949129396 0.00288084670536019 0.00272925913280983 0.00645134858313418 0.00099283031751451 0.000192215773301468
PD43850_18 0.044857805907173 0.648177637130802 0.213992405063291 0.00588860759493671 0.0155097046413502 0.0197067510548523 0.00638059071729958 0.0436814345991561 0.00172194092827004 8.31223628691983e-05
PD43850_9 0.00551971954425942 0.684920683610868 0.243932953549518 0.0436292725679229 0.0138992112182296 0.00209465381244522 0.00385801928133216 0.00179360210341805 0.000262489044697634 8.93952673093777e-05
PD43850_10 0.0172776533811017 0.695240483654277 0.227404388714734 0.0164782803403493 0.0012333184057322 0.0266274070756829 0.00125974025974026 0.0126757725033587 0.00158217644424541 0.000220779220779221
PD43850_6 0.0063606411398041 0.665578361531612 0.272721282279608 0.0375961709706144 0.00328984861976848 0.00444390026714158 0.00262555654496883 0.00576046304541407 0.000735529830810329 0.000888245770258237
PD43850_8 0.0367389688806317 0.678770088248955 0.212728286112401 0.00934370645610776 0.00103111936832327 0.0146915931258709 0.00224756154203437 0.0125908035299582 0.0317347886669763 0.000123084068741291
PD43850_17 0.0265646921278254 0.577040530007794 0.264004676539361 0.0361695245518316 0.0320954793452845 0.00587996882307093 0.00194777864380359 0.0526095089633671 0.00313561964146532 0.000552221356196415
PD43850_11 0.00955542071197411 0.692102346278317 0.255663834951456 0.0227188511326861 0.00520145631067961 0.00420509708737864 0.000581310679611651 0.00486003236245955 0.00504813915857605 6.35113268608414e-05
PD43850_20 0.0079422641509434 0.63098 0.27758641509434 0.0567011320754717 0.00322566037735849 0.00939924528301887 0.00209094339622642 0.00959547169811321 0.00224566037735849 0.000233207547169811
PD43850_13 0.0203336336336336 0.603446246246246 0.182204204204204 0.0508828828828829 0.11419039039039 0.00292372372372372 0.00983123123123123 0.013927027027027 0.0022003003003003 6.03603603603604e-05
PD43850_16 0.0396536485097636 0.699627954779034 0.166559095580678 0.0337766358341898 0.0124295991778006 0.00460157588215142 0.00302329564919493 0.039003425830764 0.00103973963686194 0.000285029119561494
PD43850_7 0.0127984901277584 0.689638211382114 0.237217770034843 0.00830952380952381 0.00122357723577236 0.0177816492450639 0.0161283391405343 0.0112903600464576 0.00497735191637631 0.00063472706155633
PD43850_1 0.011593515037594 0.71547462406015 0.199249060150376 0.0433843984962406 0.00259210526315789 0.0124046052631579 0.00218656015037594 0.00978806390977444 0.00321381578947368 0.000113251879699248
PD43850_15 0.0151394996209249 0.611483320697498 0.282512509476876 0.0406372251705838 0.0384469294920394 0.00316565579984837 0.00142228961334344 0.00350568612585292 0.00362585291887794 6.10310841546626e-05
PD43850_2 0.0173370535714286 0.672565290178571 0.160166294642857 0.0835083705357143 0.023125 0.0117661830357143 0.00355747767857143 0.019828125 0.00787834821428571 0.000267857142857143
PD43850_19 0.00240578313253012 0.656735421686747 0.312590361445783 0.0179286746987952 0.0012766265060241 0.00184433734939759 0.00265686746987952 0.00383421686746988 0.000502650602409639 0.000225060240963855
PD43850_33 0.0103307984790875 0.790760456273764 0.138692015209125 0.0227718631178707 0.00308745247148289 0.0141292775665399 0.00541825095057034 0.012467680608365 0.00215589353612167 0.000186311787072243
PD43850_26 0.00827536231884058 0.861304347826087 0.0765942028985507 0.0257971014492754 0.0087536231884058 0.00673913043478261 0.00263768115942029 0.00397101449275362 0.00543478260869565 0.000492753623188406
PD43851_13 0.00722764474083055 0.842427099120946 0.0677217338587451 0.0572603819339194 0.00112155198545014 0.00514943922400727 0.00127765989693847 0.0170645650197029 0.000470748711730828 0.000279175507729615
PD43851_5 0.00463606911447084 0.689378509719222 0.284257019438445 0.00726673866090713 0.0028110151187905 0.00448812095032397 0.0026463282937365 0.00335637149028078 0.000971922246220302 0.000187904967602592
PD43851_16 0.00475985286389911 0.850805044666316 0.0963988439306358 0.0275935365212822 0.000869416710457173 0.00431003678402522 0.00139096163951655 0.0120588544403573 0.0013507619548082 0.000462690488702049
PD43851_8 0.00570726643598616 0.864277162629758 0.0877602076124567 0.0103093425605536 0.000517301038062284 0.0116041522491349 0.00168581314878893 0.0156031141868512 0.00244636678200692 8.92733564013841e-05
PD43851_12 0.00731908548707753 0.749290506958251 0.0694020874751491 0.0628625745526839 0.0552157057654076 0.00532529821073559 0.00105715705765408 0.0472924950298211 0.00206933399602386 0.000165755467196819
PD43851_7 0.037503741394792 0.608766836276564 0.153051780903921 0.056984136486082 0.0139643819215804 0.00914486680634541 0.000735109248727926 0.0976432205926369 0.0127027835977252 0.00950314277162526
PD43851_10 0.00706706948640483 0.689067673716012 0.248719637462236 0.0187867069486405 0.000936555891238671 0.0226283987915408 0.0022392749244713 0.00641510574018127 0.00374864048338369 0.000390936555891239
PD43851_11 0.0117639894667544 0.776656023699802 0.118533574720211 0.00895227123107308 0.00111882817643186 0.0247620144832126 0.00877880184331797 0.0487564186965109 0.000518433179723502 0.000159644502962475
PD43851_9 0.00587477718360071 0.792939393939394 0.125485739750446 0.00917914438502674 0.00341087344028521 0.0388079322638146 0.00880169340463458 0.00985427807486631 0.00456417112299465 0.00108199643493761
PD43851_6 0.00401793185893604 0.734236700537956 0.190178123132098 0.0138971906754334 0.0397579199043634 0.0113771667662881 0.00111237298266587 0.00417931858936043 0.00114345487148834 9.98206814106396e-05
PD43851_3 0.00949253731343284 0.758977078891258 0.139105010660981 0.00931556503198294 0.00283155650319829 0.0606284648187633 0.0015772921108742 0.0153896588486141 0.00259061833688699 9.22174840085288e-05
PD43851_2 0.0114579831932773 0.762581932773109 0.179240021008403 0.00654569327731092 0.0050672268907563 0.0234227941176471 0.000595063025210084 0.0079952731092437 0.00296586134453782 0.000128151260504202
PD43851_21 0.0049375 0.905079545454545 0.0660965909090909 0.00932670454545455 0.00324715909090909 0.00339488636363636 0.00132386363636364 0.00550852272727273 0.000789772727272727 0.000295454545454545
PD43853_2 0.00649661181026137 0.564302032913843 0.204718780251694 0.057797192642788 0.0113576960309777 0.00845643756050339 0.142152952565344 0.00144530493707648 0.000322362052274927 0.00295062923523717
PD43853_1 0.00784564459930314 0.375243205574913 0.0817665505226481 0.0485679442508711 0.0964717770034843 0.0448149825783972 0.243228919860627 0.00746271777003484 0.000956794425087108 0.0936414634146341
PD43853_3 0.0058311377245509 0.124663073852295 0.0350459081836327 0.0122159680638723 0.0228758483033932 0.00221796407185629 0.354767265469062 0.00259121756487026 0.000761676646706587 0.43902994011976
PD43853_11 0.00714879497031086 0.563076493188963 0.088195249738037 0.0742532308767028 0.149688438700664 0.00246000698567936 0.11164163464897 0.00283758295494237 0.000652462451973454 4.61054837582955e-05
PD43853_8 0.00575884955752212 0.686449115044248 0.16258407079646 0.0401805309734513 0.00555221238938053 0.00740442477876106 0.0769517699115044 0.0127650442477876 0.00206017699115044 0.000293805309734513
PD43853_10 0.0233342995169082 0.581090821256039 0.0728328502415459 0.0156743961352657 0.0217536231884058 0.00555072463768116 0.251131400966184 0.0254724637681159 0.00268695652173913 0.000472463768115942
PD43853_6 0.0108678354686446 0.315409979770735 0.0944763991908294 0.0219763991908294 0.0292734322319622 0.00480276466621713 0.224800067430883 0.00522083614295347 0.00121948752528658 0.291952798381659
PD43853_7 0.0236521002710027 0.709161924119241 0.109818428184282 0.0566622628726287 0.0137903116531165 0.00349017615176152 0.0803523035230352 0.00230182926829268 0.000725271002710027 4.53929539295393e-05
PD43853_15 0.00845752895752896 0.731146718146718 0.165976833976834 0.0433899613899614 0.0118262548262548 0.00888223938223938 0.00227606177606178 0.0245617760617761 0.00244015444015444 0.00104247104247104
PD43853_21 0.00417978921264724 0.859290762554247 0.104429014259144 0.0219696218226906 0.00155734655920645 0.00288592684438934 0.00220086794792312 0.00244637321760694 0.00092684438933664 0.000113453192808431
PD43853_5 0.0081830985915493 0.290682092555332 0.130722736418511 0.022512676056338 0.0467505030181087 0.00780160965794769 0.432567404426559 0.00590784708249497 0.000441448692152917 0.054430583501006
PD43853_9 0.00468537074148297 0.475766533066132 0.0892374749498998 0.0318667334669339 0.00278456913827655 0.0202264529058116 0.369405811623246 0.00504408817635271 0.000733466933867735 0.000249498997995992
PD43853_4 0.00789957652752571 0.173719903206292 0.073832425892317 0.0183055051421658 0.00180943738656987 0.00911191772534785 0.421526920750151 0.0324730792498488 0.000723532970356927 0.260597701149425
PD43853_17 0.0068451053283767 0.80561833952912 0.143329615861214 0.0157905824039653 0.00945848822800496 0.00658364312267658 0.00122676579925651 0.00417348203221809 0.00688475836431227 8.92193308550186e-05
PD43853_14 0.00959183673469388 0.863918367346939 0.0688265306122449 0.0164285714285714 0.0196122448979592 0.00795918367346939 0.00510204081632653 0.00660204081632653 0.00151020408163265 0.000448979591836735
PD43949_4 0.00219462227912932 0.756973111395647 0.0385467349551857 0.192565941101152 0.00093213828425096 0.00348783610755442 0.00149423815620999 0.00303969270166453 0.000690140845070422 7.55441741357234e-05
PD43949_7 0.00334368070953437 0.71059645232816 0.0837139689578714 0.191312638580931 0.00311308203991131 0.00257649667405765 0.00130820399113082 0.00299556541019956 0.000968957871396896 7.09534368070953e-05
PD43949_5 0.00331040892193309 0.717633828996282 0.02542843866171 0.245609665427509 0.00307899628252788 0.00187267657992565 0.000893122676579926 0.0014275092936803 0.00062546468401487 0.000119888475836431
PD43949_1 0.0021734693877551 0.701420222634508 0.0310176252319109 0.25628107606679 0.00217810760667904 0.00350463821892393 0.000468460111317254 0.00248423005565863 0.000398886827458256 7.32838589981447e-05
PD43949_2 0.00191643709825528 0.652603305785124 0.0269770431588613 0.308178145087236 0.000768595041322314 0.0028595041322314 0.00202295684113866 0.00234159779614325 0.000664830119375574 0.00166758494031221
PD43949_6 0.0032337962962963 0.759155092592593 0.0548032407407407 0.16880787037037 0.00087037037037037 0.00615046296296296 0.00281481481481481 0.00283564814814815 0.001 0.000328703703703704
PD43949_13 0.00293946731234867 0.838087167070218 0.0571525423728814 0.0732784503631961 0.00297578692493947 0.0137893462469734 0.000968523002421308 0.00694188861985472 0.00358837772397094 0.000278450363196126
PD43949_3 0.00426473988439306 0.675815028901734 0.0527537572254335 0.254638150289017 0.00310173410404624 0.00304046242774566 0.00115028901734104 0.00363005780346821 0.00151676300578035 8.90173410404624e-05
PD43949_11 0.00608064516129032 0.767059139784946 0.0694139784946237 0.128263440860215 0.00510752688172043 0.00585483870967742 0.0128870967741935 0.00420967741935484 0.00093010752688172 0.000193548387096774
PD43949_12 0.00854545454545455 0.803060606060606 0.125878787878788 0.0301060606060606 0.0121969696969697 0.00965151515151515 0.00251515151515152 0.00509090909090909 0.00245454545454545 5e-04
PD43950_1 0.0204050632911392 0.819677215189873 0.0601392405063291 0.0401708860759494 0.0464462025316456 0.00483227848101266 0.00251582278481013 0.00308860759493671 0.00236392405063291 0.000360759493670886
PD43950_2 0.00926373626373626 0.835912087912088 0.116915750915751 0.0134835164835165 0.00247252747252747 0.00726739926739927 0.00379120879120879 0.00931868131868132 0.00148717948717949 8.79120879120879e-05
PD43950_4 0.0127297297297297 0.780099099099099 0.0674099099099099 0.0623873873873874 0.058527027027027 0.00465765765765766 0.00566666666666667 0.00541441441441441 0.00245045045045045 0.000657657657657658
PD43950_5 0.0227182741116751 0.846223350253807 0.0600939086294416 0.0378477157360406 0.0139644670050761 0.00974365482233503 0.00284771573604061 0.0052005076142132 0.00127664974619289 8.3756345177665e-05
PD43950_11 0.00529815745393635 0.871030150753769 0.0340636515912898 0.0679530988274707 0.013894472361809 0.00185427135678392 0.00150586264656616 0.00363484087102178 0.000470686767169179 0.000294807370184255
PD43950_7 0.0115463414634146 0.851448780487805 0.0867268292682927 0.0181658536585366 0.0130682926829268 0.00675609756097561 0.0019609756097561 0.00735121951219512 0.00270243902439024 0.000273170731707317
PD43950_3 0.00353243243243243 0.333278378378378 0.027572972972973 0.00900810810810811 0.617389189189189 0.00325405405405405 0.00116216216216216 0.00385135135135135 0.000813513513513514 0.000137837837837838
PD43950_10 0.0145244215938303 0.820462724935733 0.0425347043701799 0.0256349614395887 0.0846889460154242 0.00582262210796915 0.00241131105398458 0.00286632390745501 0.000886889460154242 0.000167095115681234
PD43950_6 0.00706639004149378 0.693591286307054 0.0728360995850622 0.0257282157676349 0.185331950207469 0.00726970954356846 0.00123651452282158 0.00508921161825726 0.00163692946058091 0.000213692946058091
PD43950_9 0.0087395498392283 0.836942122186495 0.0685112540192926 0.0521093247588424 0.00463987138263666 0.00622829581993569 0.00391318327974277 0.0111639871382637 0.00754340836012862 0.000209003215434084
PD43950_19 0.00614782608695652 0.855217391304348 0.106539130434783 0.0137913043478261 0.00242608695652174 0.00578260869565217 0.00400869565217391 0.00412173913043478 0.00172173913043478 0.000243478260869565
PD43950_8 0.00838378378378378 0.816432432432432 0.106135135135135 0.0184972972972973 0.00297837837837838 0.0236540540540541 0.00502702702702703 0.0174864864864865 0.000935135135135135 0.00047027027027027
PD43950_16 0.00342931937172775 0.927989528795812 0.0397643979057592 0.0103560209424084 0.00104188481675393 0.00735602094240838 0.00201047120418848 0.00598952879581152 0.00150785340314136 0.000554973821989529
PD43951_1 0.0207477477477477 0.733923423423423 0.104324324324324 0.0704099099099099 0.054527027027027 0.00784234234234234 0.00380405405405405 0.0029954954954955 0.00129279279279279 0.000132882882882883
PD43951_3 0.00539483394833948 0.852808118081181 0.10880073800738 0.0135830258302583 0.00214022140221402 0.00607380073800738 0.00299630996309963 0.00544280442804428 0.00221033210332103 0.000549815498154982
PD43951_8 0.00396882494004796 0.774501199040767 0.1539448441247 0.0494364508393285 0.00164028776978417 0.00799040767386091 0.00260431654676259 0.00499520383693046 0.000719424460431655 0.000199040767386091
PD43951_7 0.022028901734104 0.674841040462428 0.184265895953757 0.0186560693641619 0.0818381502890173 0.00752023121387283 0.00304913294797688 0.00344219653179191 0.00426011560693642 9.82658959537572e-05
PD43951_2 0.00483905579399142 0.849849785407725 0.0688948497854077 0.0366051502145923 0.00508154506437768 0.0256952789699571 0.00207510729613734 0.00427896995708154 0.00169527896995708 0.000984978540772532
PD43951_5 0.00416085790884718 0.907554959785523 0.0644638069705094 0.0111206434316354 0.00227345844504021 0.00289544235924933 0.00151742627345845 0.00363002680965147 0.0018686327077748 0.000514745308310992
PD43951_9 0.00580392156862745 0.820856209150327 0.1345 0.0164084967320261 0.00262418300653595 0.00724183006535948 0.0065718954248366 0.0047156862745098 0.000869281045751634 0.000408496732026144
PD43951_10 0.00887012987012987 0.815116883116883 0.132961038961039 0.0106363636363636 0.00705194805194805 0.0059025974025974 0.00693506493506494 0.00837012987012987 0.00305194805194805 0.0011038961038961
PD43951_4 0.0209201388888889 0.709763888888889 0.173809027777778 0.0473715277777778 0.0223020833333333 0.00989583333333333 0.00370833333333333 0.00969097222222222 0.00172569444444444 0.0008125
PD43951_6 0.0141261829652997 0.794716088328076 0.116763406940063 0.0192555205047319 0.00701261829652997 0.00929652996845426 0.0104700315457413 0.015813880126183 0.012384858044164 0.000160883280757098
PD43951_19 0.00748275862068965 0.883706896551724 0.0721034482758621 0.0156034482758621 0.0085 0.00532758620689655 0.00141379310344828 0.00343103448275862 0.00224137931034483 0.000189655172413793
PD43952_4 0.00873105134474328 0.745701711491443 0.136530562347188 0.0685036674816626 0.0216161369193154 0.00646210268948655 0.00489242053789731 0.00498533007334963 0.00238875305623472 0.000188264058679707
PD43952_5 0.0114565217391304 0.845176630434783 0.103065217391304 0.00503260869565217 0.0157771739130435 0.00798097826086957 0.00152173913043478 0.00740217391304348 0.00185869565217391 0.000728260869565217
PD43952_7 0.0094713216957606 0.756600997506234 0.169064837905237 0.0414937655860349 0.00543640897755611 0.00893266832917706 0.00320448877805486 0.00474064837905237 0.000820448877805486 0.000234413965087282
PD43952_3 0.00982153846153846 0.738618461538462 0.190956923076923 0.0246061538461538 0.00553230769230769 0.0102646153846154 0.00444923076923077 0.0137138461538462 0.00184307692307692 0.000193846153846154
PD43952_1 0.0082158273381295 0.805498800959233 0.136757793764988 0.00666906474820144 0.00547482014388489 0.00693285371702638 0.00512709832134293 0.0230575539568345 0.00186570743405276 0.000400479616306954
PD43952_6 0.0118830275229358 0.776493119266055 0.173596330275229 0.0119174311926606 0.00287385321100917 0.0057454128440367 0.0069151376146789 0.00709403669724771 0.00327293577981651 0.000208715596330275
PD43952_2 0.0149703872437358 0.800455580865604 0.10850569476082 0.0272801822323462 0.0328451025056948 0.00616400911161731 0.00251936218678816 0.00566514806378132 0.00123006833712984 0.000364464692482916
PD43953_7 0.0267797101449275 0.750246376811594 0.0838260869565217 0.0368463768115942 0.051231884057971 0.0147478260869565 0.00838550724637681 0.0264289855072464 0.000895652173913044 0.000611594202898551
PD43953_6 0.0119093198992443 0.783664987405542 0.0885994962216625 0.0683425692695214 0.0199823677581864 0.0178841309823678 0.00218387909319899 0.00563979848866499 0.00152896725440806 0.00026448362720403
PD43953_2 0.018411575562701 0.818514469453376 0.0655755627009646 0.015556270096463 0.0543858520900322 0.00530868167202572 0.0148327974276527 0.00532475884244373 0.00181672025723473 0.000273311897106109
PD43953_1 0.00826972010178117 0.656193384223919 0.0647582697201018 0.0340534351145038 0.223773536895674 0.0044529262086514 0.00274300254452926 0.00390839694656489 0.00131297709923664 0.000534351145038168
PD43953_5 0.00703883495145631 0.896080906148867 0.0395728155339806 0.0335177993527508 0.00323624595469256 0.006957928802589 0.00327831715210356 0.00772491909385113 0.00205825242718447 0.000533980582524272
PD43953_3 0.011068669527897 0.862536480686695 0.0601630901287554 0.0259012875536481 0.0116480686695279 0.00867381974248927 0.00117167381974249 0.0169871244635193 0.00124892703862661 0.000600858369098712
PD43953_4 0.00555737704918033 0.890983606557377 0.0610450819672131 0.0218032786885246 0.00430327868852459 0.00369262295081967 0.00431967213114754 0.00663524590163934 0.0012827868852459 0.000377049180327869
PD43953_13 0.00413235294117647 0.929073529411765 0.0397941176470588 0.0136323529411765 0.00464705882352941 0.00326470588235294 0.00132352941176471 0.00282352941176471 0.00105882352941176 0.00025
PD43954_7 0.00760363636363636 0.822116363636364 0.0564036363636364 0.07412 0.0272909090909091 0.00486545454545455 0.00282909090909091 0.00309090909090909 0.00149090909090909 0.000189090909090909
PD43954_5 0.0129424242424242 0.791993939393939 0.132081818181818 0.0288484848484848 0.0159242424242424 0.00546969696969697 0.00161515151515152 0.00919393939393939 0.00171212121212121 0.000218181818181818
PD43954_6 0.00825806451612903 0.89388064516129 0.0683 0.0147645161290323 0.00294516129032258 0.00554838709677419 0.00145161290322581 0.00379354838709677 0.000874193548387097 0.000183870967741935
PD43954_2 0.0208810198300283 0.859541076487252 0.077643059490085 0.00898583569405099 0.0202464589235127 0.0056685552407932 0.00295184135977337 0.00243342776203966 0.00159206798866856 5.6657223796034e-05
PD43954_4 0.00535864978902954 0.827113924050633 0.131852320675105 0.0133839662447257 0.00292405063291139 0.00935021097046414 0.00153164556962025 0.0059662447257384 0.00229113924050633 0.000227848101265823
PD43954_1 0.00822164948453608 0.807154639175258 0.11260824742268 0.0199664948453608 0.0153479381443299 0.0139613402061856 0.00368298969072165 0.00845103092783505 0.010360824742268 0.000244845360824742
PD43954_11 0.01275 0.812 0.0937692307692308 0.0241538461538462 0.00240384615384615 0.0194423076923077 0.0104423076923077 0.0147884615384615 0.00698076923076923 0.00326923076923077
PD43954_3 0.00892164179104478 0.784511194029851 0.152626865671642 0.0189776119402985 0.00334701492537313 0.0173544776119403 0.0077910447761194 0.00505597014925373 0.00107089552238806 0.000343283582089552
PD45766_1 0.010439048081593 0.505355026711996 0.270278776104905 0.0705021855269548 0.000980573093734823 0.0977464788732394 0.0019339485186984 0.0422195240407965 0.000436619718309859 0.000107819329771734
PD45766_2 0.0235696073431922 0.481889342172361 0.29567108618052 0.0719887812340643 0.010113717491076 0.101713411524732 0.00180979092299847 0.0104497705252422 0.00256042835288118 0.000234064252932177
PD45766_5 0.0109135758012243 0.652548433561397 0.171295642779978 0.0332801584443644 0.005462729564278 0.0758858480374505 0.0196618653222902 0.0228465970471732 0.00728087864602089 0.00082427079582283
PD45766_4 0.0106566241792198 0.577918115102356 0.22876516029355 0.0500115874855156 0.00125994592506759 0.0886713016608729 0.00113595983005021 0.035786404016995 0.00569949787562766 9.54036307454616e-05
PD45766_7 0.00328962939894114 0.596263780753659 0.195926814076612 0.147034880099657 0.000887262535035814 0.0427819993771411 0.00232046091560262 0.00977265649330427 0.000783245094985986 0.000939271255060729
PD45766_6 0.0199384951607868 0.637204807992507 0.140152981579769 0.167050577583515 0.00331439275679051 0.015649391195754 0.00235685295035904 0.0136003746487668 0.000643147049640962 8.89790821105214e-05
PD45766_3 0.0118166666666667 0.587550427350427 0.225629487179487 0.0220029914529915 0.00531239316239316 0.0971452991452992 0.00955213675213675 0.0396521367521368 0.00121752136752137 0.000120940170940171
PD45766_10 0.00610492845786963 0.780077901430843 0.160901430842607 0.0225484896661367 0.00312559618441971 0.0102003179650238 0.00713195548489666 0.00720349761526232 0.00150397456279809 0.00120190779014308
PD45767_10 0.00348446389496718 0.681775492341357 0.283324288840263 0.00821706783369803 0.0012582056892779 0.0086582056892779 0.00616498905908096 0.00581137855579869 0.000971115973741794 0.000334792122538293
PD45767_1 0.00368409294012511 0.606547363717605 0.33164253798034 0.00833467381590706 0.00276184092940125 0.00760545129579982 0.00120643431635389 0.0298637176050045 0.00645933869526363 0.00189454870420018
PD45767_11 0.0113119462267033 0.677807210510235 0.201852123434158 0.0833770241368775 0.00611151848457073 0.00391995111518485 0.00326336694164375 0.0113088909257562 0.000952337305224565 9.56309196455851e-05
PD45767_4 0.00638586479367867 0.692612818261633 0.266924934152766 0.0091027216856892 0.00206540825285338 0.00610403863037752 0.00328094820017559 0.0116795434591747 0.0015377524143986 0.000305970149253731
PD45767_2 0.0113102610807529 0.676514875531269 0.27404978749241 0.00565513054037644 0.0021645415907711 0.00605343047965999 0.00104250151791135 0.0168299939283546 0.00631815421979356 6.13236187006679e-05
PD45767_6 0.0135129401781926 0.622501909206619 0.296296563428087 0.0321612218922359 0.00545311837081035 0.0136406448875689 0.00287781077641069 0.00874204497242257 0.00473440814594824 7.93381417055579e-05
PD45767_23 0.00872832369942196 0.825537572254335 0.0776878612716763 0.0392774566473988 0.00513294797687861 0.0202485549132948 0.00249132947976879 0.0167976878612717 0.00384971098265896 0.000248554913294798
PD45767_8 0.00804934541792548 0.680438066465257 0.231726082578046 0.0226737160120846 0.00227794561933535 0.039448136958711 0.00634608929170863 0.00799765021819403 0.000935213158778113 0.000107754279959718
PD45767_7 0.00809373753490227 0.611302752293578 0.292963701635421 0.0308336657359394 0.0423869166334264 0.0077838053450339 0.000763462305544475 0.0027838053450339 0.000560829676904667 0.00252732349421619
PD45767_5 0.00411639221556886 0.702310254491018 0.251190868263473 0.0227735778443114 0.0034498502994012 0.00278555389221557 0.00458046407185629 0.00591205089820359 0.0028375748502994 4.34131736526946e-05
PD45767_13 0.00868235294117647 0.732670588235294 0.22 0.0156588235294118 0.00603529411764706 0.0054 0.00325882352941176 0.00543529411764706 0.00251764705882353 0.000341176470588235
PD45767_25 0.00527479091995221 0.59805217045002 0.294346873755476 0.0196981282357626 0.0566164874551971 0.0078183990442055 0.000993229788928714 0.0155766626841896 0.00144922341696535 0.000174034249303066
PD45767_9 0.00337902559867878 0.645594137076796 0.253592072667217 0.00794549958711809 0.0615639966969447 0.0107947976878613 0.00101114781172585 0.00920024772914946 0.006144921552436 0.000774153592072667
PD45767_3 0.00575406604238541 0.654771808772795 0.272114342040414 0.00667126663380976 0.00206456382454411 0.0286170527353376 0.0036781665845244 0.0178910793494332 0.00514391325776244 0.00329374075899458
PD45767_24 0.0157218934911243 0.777150887573964 0.122195266272189 0.0232100591715976 0.00395562130177515 0.0152692307692308 0.020491124260355 0.00721301775147929 0.00782840236686391 0.00696449704142012
PD45767_18 0.00552507676560901 0.445215967246674 0.0626284544524053 0.0140010235414534 0.463349027635619 0.00422517911975435 0.00128147389969294 0.00220061412487206 0.00149232343909928 8.08597748208802e-05
PD45767_17 0.00691304347826087 0.647771739130435 0.131 0.0199864130434783 0.173961956521739 0.0103994565217391 0.0032445652173913 0.00485326086956522 0.00144836956521739 0.000421195652173913
PD45767_12 0.0121415094339623 0.754698113207547 0.081 0.0777641509433962 0.00583018867924528 0.0237924528301887 0.00568867924528302 0.0308962264150943 0.00712264150943396 0.00106603773584906
PD45769_1 0.0248215067208503 0.682008127539856 0.221331353547984 0.00698405751797437 0.0466461394185683 0.0124513910597062 0.00215129728040012 0.00319162238199437 0.000343232260081275 7.12722725851829e-05
PD45769_4 0.0202006896551724 0.619645172413793 0.256316896551724 0.00962758620689655 0.0832155172413793 0.00615793103448276 0.00253724137931034 0.00181655172413793 0.000411724137931034 7.06896551724138e-05
PD45769_5 0.00916922563417891 0.750963618157543 0.20320694259012 0.00294859813084112 0.00197630173564753 0.00973097463284379 0.00367056074766355 0.0158521361815754 0.00232009345794393 0.00016154873164219
PD45769_3 0.00791720199857245 0.649774446823697 0.308749821556031 0.00439578872234118 0.010553176302641 0.013680585296217 0.00128586723768737 0.00310599571734475 0.000439685938615275 9.74304068522484e-05
PD45769_2 0.00271167621776504 0.657064111747851 0.317588108882521 0.00633273638968481 0.000929441260744986 0.00440472779369628 0.00845594555873926 0.00149032951289398 0.000859240687679083 0.000163681948424069
PD45770_3 0.00787164073550212 0.610411951909477 0.270426096181047 0.0361364922206506 0.0108076379066478 0.06045756718529 0.00073974540311174 0.00241230551626591 0.000633663366336634 0.000102899575671853
PD45770_2 0.00514563449982326 0.655109225874867 0.244134676564157 0.017983032873807 0.00186355602686462 0.0701360904913397 0.000948745139625309 0.00358253799929304 0.00102191587133263 7.45846588900672e-05
PD45770_5 0.00398961689939134 0.631834586466165 0.280698890082349 0.0403014679556033 0.00146688148943788 0.0336394557823129 0.000736842105263158 0.00605656999641962 0.00106301467955603 0.000212674543501611
PD45770_1 0.00692628205128205 0.645172008547009 0.270232905982906 0.0131064814814815 0.00653525641025641 0.0508735754985755 0.00198611111111111 0.00442343304843305 0.000590099715099715 0.000153846153846154
PD45770_4 0.00991766020864382 0.642681073025335 0.281631147540984 0.0351054396423249 0.00232078986587183 0.0234988822652757 0.00128166915052161 0.00292064083457526 0.000585692995529061 5.70044709388972e-05
PD45770_9 0.00753389830508475 0.829779661016949 0.110593220338983 0.0103262711864407 0.00482203389830508 0.0124364406779661 0.00135593220338983 0.0151101694915254 0.00788983050847458 0.000152542372881356
PD45771_2 0.0477945659377071 0.765183233929755 0.117464546056991 0.0068194168323393 0.00170477137176938 0.0245324718356527 0.000627236580516899 0.0308542080848244 0.00487607687210073 0.000143472498343274
PD45771_5 0.011 0.813406661695252 0.0997752920705941 0.0565535669898086 0.0102657220979369 0.00356798409147402 0.000878946060154114 0.00376012925677355 0.000774794929157345 1.69028088491176e-05
PD45771_6 0.00550399806154592 0.884761812454568 0.053456748243276 0.0259088926581052 0.00529900654228253 0.0211940877150473 0.00115774170099346 0.00210879573540102 0.000539374848558275 6.95420402229222e-05
PD45771_4 0.0168848885623316 0.813254714670585 0.105859906931178 0.0435792309576292 0.0107144256674014 0.00324736713201078 0.00344722018123928 0.00228288023512123 0.000535880480039187 0.000193485182463875
PD45771_3 0.0207921348314607 0.733324594257179 0.111535164377861 0.0840170620058261 0.0156818560133167 0.00978422804827299 0.00202392842280483 0.0198574698293799 0.00284019975031211 0.000143362463587183
PD45771_1 0.00749882903981265 0.777751756440281 0.156018345042935 0.0159293520686963 0.017524199843872 0.0141409055425449 0.00444886807181889 0.00533489461358314 0.000624902419984387 0.000727946916471507
PD45771_9 0.0130737833594976 0.822799843014129 0.0921483516483517 0.0298186813186813 0.00458241758241758 0.0193320251177394 0.00236106750392465 0.0138547880690738 0.00160282574568289 0.000426216640502355
PD45771_11 0.00846254071661238 0.900315960912052 0.045228013029316 0.00843648208469055 0.00582736156351792 0.00952117263843648 0.00127361563517915 0.0188534201954397 0.00199674267100977 8.46905537459283e-05
PD45773_4 0.01659723183391 0.573090311418685 0.323738062283737 0.0271629757785467 0.00652871972318339 0.0417256055363322 0.00124636678200692 0.00913840830449827 0.000508996539792387 0.000263321799307958
PD45773_2 0.0122217652641569 0.598874406833281 0.31442170199304 0.00653084466940842 0.00748687124327744 0.045394495412844 0.0079484340398608 0.00539734261309712 0.000481809553938627 0.00124232837709586
PD45773_5 0.0119419463087248 0.591712416107383 0.31961610738255 0.0201275167785235 0.00241879194630872 0.048696644295302 0.0023510067114094 0.00271711409395973 0.00036510067114094 5.33557046979866e-05
PD45773_6 0.00993042575285566 0.580598130841122 0.38847559709242 0.00387712011076497 0.00296953963309104 0.00602596053997923 0.00141467635860159 0.00530875735548633 0.000818968501211492 0.000580823814468674
PD45773_3 0.0057526405451448 0.580803066439523 0.330079045996593 0.00660749574105622 0.0114994889267462 0.0331451448040886 0.0103948892674617 0.020532538330494 0.00069335604770017 0.000492333901192504
PD45773_1 0.00611555142503098 0.61451239157373 0.335495972738538 0.0154433085501859 0.00186214374225527 0.0176260842627014 0.00190334572490706 0.0060365551425031 0.00057001239157373 0.000434634448574969
PD45773_10 0.00213818722139673 0.193282317979198 0.0267161961367013 0.0042258543833581 0.7685720653789 0.00215453194650817 0.0014739970282318 0.00108172362555721 0.000227340267459138 0.00012778603268945
PD45776_6 0.00544623655913978 0.74293039049236 0.226886530843237 0.00895812110922467 0.000940860215053763 0.0022549518958687 0.00133163554046406 0.00598415393322015 0.00508885116015846 0.000178268251273345
PD45776_1 0.00336984352773826 0.765936273115221 0.185823044096728 0.0107311522048364 0.000438691322901849 0.00900796586059744 0.00768449502133713 0.016002560455192 0.000949644381223329 5.63300142247511e-05
PD45776_2 0.00337614991482112 0.693549233390119 0.26747870528109 0.0198313458262351 0.000658262350936968 0.00595536626916525 0.00123884156729131 0.00664770017035775 0.00123066439522998 3.37308347529813e-05
PD45776_4 0.0315809735921095 0.695841552656697 0.221382755329303 0.00929366846961502 0.000930957683741648 0.0303375755647471 0.00188291441298123 0.00777187400572701 0.0007597836461979 0.000217944638880051
PD45776_5 0.00800169204737733 0.733273829667231 0.187277495769882 0.0414788494077834 0.000574168076706148 0.00405837563451777 0.00505950366610265 0.0178674562887761 0.00233869148336153 6.99379582628314e-05
PD45776_3 0.00506537052690899 0.687937447168216 0.231683291067906 0.0221479289940828 0.000617357001972387 0.0267210481825866 0.000905325443786982 0.0236503240349394 0.000842209072978304 0.000429698506621584
PD45778_4 0.0389254198690578 0.657948477085112 0.185318246512952 0.0108963848562482 0.0791457443780245 0.00601622544833476 0.000677483632223171 0.0183336179903217 0.00269684030742955 4.15599202960433e-05
PD45778_1 0.0348727576136838 0.66800458906967 0.169362119315811 0.00893366708385482 0.0750947017104714 0.00336754276178557 0.0350863579474343 0.00450604922820192 0.00066624947851481 0.000105965790571548
PD45778_3 0.0249218358831711 0.615416968011127 0.15810264255911 0.0225315716272601 0.137391655076495 0.0237407510431154 0.00198887343532684 0.0107599443671766 0.00454075104311544 0.000605006954102921
PD45778_2 0.00644823123382226 0.649623382226057 0.278465487489215 0.0179150129421915 0.0307290767903365 0.00252113891285591 0.00301984469370147 0.00402804141501294 0.00721786022433132 3.19240724762727e-05
PD45778_7 0.00704518950437318 0.761160349854227 0.196634110787172 0.0101603498542274 0.0127332361516035 0.00317638483965015 0.00299854227405248 0.00388338192419825 0.00212244897959184 8.60058309037901e-05
PD46562_15 0.0101287128712871 0.728772277227723 0.187792079207921 0.0183168316831683 0.0225346534653465 0.0119306930693069 0.0131386138613861 0.00489108910891089 0.00113861386138614 0.00135643564356436
PD46562_4 0.00349859629421673 0.76627681078046 0.205400336889388 0.00511510387422796 0.0116771476698484 0.00420101066816395 0.000562043795620438 0.00212521055586749 0.00104828747894441 9.54519932622122e-05
PD46562_5 0.0387076411960133 0.474582502768549 0.396813953488372 0.00669102990033223 0.00182724252491694 0.027734219269103 0.00343410852713178 0.0484761904761905 0.00162458471760797 0.000108527131782946
PD46562_8 0.0166364710515951 0.730028357621111 0.217691217014573 0.00121780228436392 0.0235903899172903 0.0023808586057503 0.000223316266246554 0.00507286333202048 0.00288696337140607 0.000271760535643954
PD46562_14 0.00602677165354331 0.700500787401575 0.250422047244095 0.0122992125984252 0.00671181102362205 0.0151196850393701 0.0013244094488189 0.00569133858267716 0.00180314960629921 0.000100787401574803
PD46562_2 0.0724793388429752 0.815640495867769 0.0648071625344353 0.00544490358126722 0.00179614325068871 0.0022603305785124 0.00257575757575758 0.0340633608815427 0.000804407713498623 0.000128099173553719
PD46562_7 0.0150835734870317 0.78337944284342 0.139355427473583 0.00718155619596542 0.00993467819404419 0.0233266090297791 0.00076657060518732 0.0120845341018252 0.00870509125840538 0.000182516810758886
PD46562_11 0.00725015634771732 0.765184490306442 0.16149530956848 0.0023833646028768 0.00192870544090056 0.0516516572858036 0.00101438398999375 0.00426766729205754 0.00453721075672295 0.000287054409005629
PD46562_1 0.014098231827112 0.869746561886051 0.0732082514734774 0.0131866404715128 0.00391944990176817 0.00553438113948919 0.00668565815324165 0.0118703339882122 0.00166011787819253 9.03732809430255e-05
PD46562_3 0.0253964143426295 0.789731075697211 0.113320717131474 0.0106235059760956 0.0111852589641434 0.0174820717131474 0.00168326693227092 0.0137131474103586 0.0166792828685259 0.000185258964143426
PD46562_6 0.0430570824524313 0.748689217758985 0.119904862579281 0.0147145877378436 0.00739112050739958 0.0427188160676533 0.00700211416490486 0.0143720930232558 0.00145243128964059 0.000697674418604651
PD46562_12 0.0358105263157895 0.704663157894737 0.178368421052632 0.0242210526315789 0.00372631578947368 0.00873684210526316 0.00385263157894737 0.0370105263157895 0.00272631578947368 0.000884210526315789
PD46563_1 0.00451985559566787 0.811010274923632 0.137915301305193 0.0142696473201888 0.0013462926964732 0.018448486531519 0.00356428769786171 0.00825020827547903 0.000475701194112746 0.000199944459872258
PD46563_25 0.00683132114522249 0.87555294929286 0.0682142117971714 0.0155567437047258 0.00303690927906175 0.00702104173853053 0.0155891686788548 0.00735357019661952 0.00076647119696447 7.76129699896516e-05
PD46563_2 0.00578188344594595 0.752778293918919 0.0854790962837838 0.119633868243243 0.0104641047297297 0.0114607263513514 0.000644003378378378 0.00903505067567568 0.00465878378378378 6.41891891891892e-05
PD46563_22 0.00619027813880946 0.844182739797245 0.0586061866389394 0.0551661034572394 0.00278242786586951 0.00447829477514947 0.000487132830777229 0.0265809721861191 0.00145308032232909 7.2783987522745e-05
PD46563_7 0.00340265969042947 0.861926313494659 0.0402877697841727 0.0753071724438631 0.00211925005450185 0.00728864181382167 0.00169130150425114 0.00477501635055592 0.000921953346413778 0.00227992151733159
PD46563_6 0.00859829867674858 0.846387996219282 0.0632069943289225 0.0564834593572779 0.00101063327032136 0.00522637051039698 0.000676984877126654 0.0177306238185255 0.000540406427221172 0.000138232514177694
PD46563_18 0.0185225982762245 0.829567794828673 0.0293434937986126 0.0906251839394576 0.0224752995585453 0.00314189615303763 0.000774227454277906 0.00510889215892369 0.000409501786840446 3.1112045406769e-05
PD46563_13 0.00976070320579111 0.82836525336091 0.0567005170630817 0.07036525336091 0.00383019648397104 0.00557786970010341 0.000821509824198552 0.0231485005170631 0.00115842812823164 0.0002717683557394
PD46563_10 0.00543674525589419 0.817567567567568 0.056933870040253 0.100173375503163 0.00279930994824612 0.00820500287521564 0.00157274295572168 0.00650460034502588 0.000587119033927545 0.000219666474985624
PD46563_5 0.0069311758360302 0.839116073354908 0.0511980582524272 0.0541600862998921 0.00238878101402373 0.013915857605178 0.00124487594390507 0.0305033441208198 0.000295361380798274 0.00024638619201726
PD46563_24 0.00291559633027523 0.870623853211009 0.0500061162079511 0.0637688073394495 0.00141834862385321 0.0029565749235474 0.00137125382262997 0.00615290519877676 0.000579816513761468 0.000206727828746177
PD46563_3 0.013068085106383 0.698885106382979 0.0821957446808511 0.171991489361702 0.00679148936170213 0.00989787234042553 0.00612340425531915 0.00937021276595745 0.00153617021276596 0.000140425531914894
PD46563_9 0.0104059405940594 0.828237623762376 0.0836584158415842 0.0335495049504951 0.00227227722772277 0.0142772277227723 0.00596039603960396 0.0156881188118812 0.00213861386138614 0.00381188118811881
PD46563_8 0.0182169811320755 0.708018867924528 0.135933962264151 0.0320471698113208 0.0148207547169811 0.0424528301886792 0.00392452830188679 0.0394339622641509 0.00162264150943396 0.00352830188679245
PD46563_11 0.0146775956284153 0.845289617486339 0.108459016393443 0.0116775956284153 0.00909289617486339 0.00396174863387978 0.00240437158469945 0.00287978142076503 0.00139890710382514 0.000158469945355191
PD46563_12 0.00704494382022472 0.828966292134831 0.112966292134831 0.0270449438202247 0.00465730337078652 0.00719662921348315 0.00460674157303371 0.00534831460674157 0.00134831460674157 0.000820224719101124
PD46563_4 0.00896174863387978 0.781180327868852 0.154808743169399 0.0175300546448087 0.00513661202185792 0.0163606557377049 0.00301092896174863 0.00995628415300547 0.00254644808743169 0.000508196721311475
PD46565_7 0.0132653846153846 0.453643269230769 0.239434134615385 0.0627831730769231 0.0147028846153846 0.0720567307692308 0.0373514423076923 0.103842307692308 0.00221730769230769 0.000703365384615385
PD46565_9 0.0193351063829787 0.537795803782506 0.120374113475177 0.183984929078014 0.00814952718676123 0.0081241134751773 0.00186111111111111 0.11808451536643 0.00182505910165485 0.000465721040189125
PD46565_10 0.00555880121396055 0.73572097875569 0.108218512898331 0.0911953717754173 0.0164093323216995 0.0012211684370258 0.00524810318664643 0.0356397951441578 0.000744878603945372 4.30576631259484e-05
PD46565_2 0.00357191624943104 0.771499544833864 0.0919617660446063 0.0896486117432863 0.000909194355939918 0.00351046882111971 0.00673441055985435 0.0311508875739645 0.000839098771051434 0.000174101046882112
PD46565_3 0.00193821138211382 0.793610569105691 0.0916146341463415 0.0891243902439024 0.00260467479674797 0.00241829268292683 0.0156134146341463 0.00237256097560976 0.000590650406504065 0.00011260162601626
PD46565_1 0.00314964908308807 0.790298618972153 0.115538600860312 0.0699234774733982 0.0020364500792393 0.00499886800996151 0.0112397554901517 0.00216911931175006 0.000291374235906724 0.00035408648403894
PD46565_13 0.00471781701444623 0.548311717495987 0.12281316211878 0.224709951845907 0.0101260032102729 0.00176324237560193 0.00559454253611557 0.0812711075441413 0.000304975922953451 0.000387479935794543
PD46565_5 0.00601070724147647 0.721088475626937 0.12481684981685 0.124113271344041 0.00411411665257819 0.00823499577345731 0.00831473654550578 0.00286925894618202 0.000383770076077768 5.38179768949e-05
PD46565_11 0.00827421052631579 0.429988947368421 0.170651052631579 0.220717368421053 0.0151531578947368 0.00966421052631579 0.00164421052631579 0.138596315789474 0.00427052631578947 0.00104
PD46565_6 0.00112660256410256 0.755868131868132 0.109848672161172 0.123145833333333 0.000591804029304029 0.00582165750915751 0.000938873626373626 0.0015728021978022 0.000805173992673993 0.000280448717948718
PD46565_25 0.129737037037037 0.270481481481481 0.344559259259259 0.0373962962962963 0.00935555555555556 0.0198296296296296 0.00851481481481482 0.127151851851852 0.0516259259259259 0.00134814814814815
PD46565_4 0.00404593207915954 0.791359149767896 0.108067432201319 0.0496677253848033 0.00216906914243831 0.0118453457121915 0.0176286342536037 0.0135866112875641 0.00146762765697532 0.000162472514048375
PD46565_22 0.111473429951691 0.306154589371981 0.433671497584541 0.0334396135265701 0.0144975845410628 0.0170048309178744 0.00458937198067633 0.0715845410628019 0.00728019323671498 0.000304347826086956
PD46565_12 0.0110418410041841 0.241945606694561 0.342170850767085 0.100496513249651 0.00169665271966527 0.0636004184100418 0.0106617852161785 0.218731520223152 0.00896234309623431 0.000692468619246862
PD46565_17 0.00792424242424242 0.811909090909091 0.100166666666667 0.0490757575757576 0.00578787878787879 0.00942424242424243 0.00515151515151515 0.00818181818181818 0.00143939393939394 0.000939393939393939
PD46566_1 0.0232977566281441 0.802951053704963 0.0470030591434398 0.0974473147518695 0.0108303874915024 0.0115554044867437 0.000728755948334466 0.00557205982324949 0.000533650577838205 8.05574439157036e-05
PD46566_10 0.00891408591408592 0.768333666333666 0.0657532467532468 0.125765234765235 0.00384765234765235 0.0123786213786214 0.00724525474525475 0.00293256743256743 0.00419480519480519 0.000634865134865135
PD46566_11 0.0104582329317269 0.766181124497992 0.061818875502008 0.103017670682731 0.00118473895582329 0.00487309236947791 0.000674698795180723 0.0477843373493976 0.00387831325301205 0.000128915662650602
PD46566_2 0.0885941837409121 0.695460013218771 0.0972233972240582 0.044447455386649 0.0208466622604098 0.00361070720423001 0.000849306014540648 0.0451493721083939 0.00289491077329808 0.000923992068737607
PD46566_4 0.0073981450811527 0.796153693275919 0.0450685657502484 0.131251738986419 0.00551076515402451 0.00934845975488572 0.000510765154024511 0.00372573699900629 0.000972838688307387 5.92911560119245e-05
PD46566_3 0.0812296015180266 0.711265022137887 0.0717969639468691 0.0194794433902593 0.0428349146110057 0.00246363061353574 0.00172296015180266 0.0682884250474383 0.000871600253004428 4.7438330170778e-05
PD46566_5 0.015530487804878 0.757536585365854 0.161640243902439 0.0172621951219512 0.0108841463414634 0.00855487804878049 0.00296341463414634 0.0212073170731707 0.0038780487804878 0.000542682926829268
PD46566_6 0.00667123287671233 0.661643835616438 0.123173515981735 0.126383561643836 0.00561187214611872 0.0164018264840183 0.00242009132420091 0.00692694063926941 0.00318264840182648 0.0475844748858447
PD46568_1 0.00345446009389671 0.829708450704225 0.116942253521127 0.0130084507042254 0.00130328638497653 0.0295051643192488 0.000745070422535211 0.00345352112676056 0.00154178403755869 0.000337558685446009
PD46568_7 0.00491053984575836 0.798193316195373 0.172223650385604 0.00577275064267352 0.0012293059125964 0.0100421593830334 0.000875064267352185 0.00630899742930591 0.000295115681233933 0.000149100257069409
PD46568_25 0.00433206590621039 0.748572877059569 0.183861850443599 0.0098149556400507 0.00200380228136882 0.0429416983523447 0.000951837769328264 0.00522433460076046 0.00181115335868188 0.000485424588086185
PD46568_2 0.00448666354702854 0.795463266261114 0.118902667290594 0.0401216658867571 0.00242536265793168 0.0349349555451568 0.00127889564810482 0.00167524567150211 0.000668694431445952 4.25830603649977e-05
PD46568_26 0.00356932773109244 0.86468487394958 0.103399159663866 0.0127647058823529 0.00351680672268908 0.00559453781512605 0.000781512605042017 0.00388445378151261 0.00166596638655462 0.000138655462184874
PD46568_13 0.00655691056910569 0.808776422764228 0.151155995934959 0.00571646341463415 0.00134044715447154 0.0129496951219512 0.0046890243902439 0.00756758130081301 0.000966971544715447 0.000280487804878049
PD46568_14 0.00282188295165394 0.794878880407125 0.138234605597964 0.00766819338422392 0.000551653944020356 0.0472793893129771 0.0010234096692112 0.00416997455470738 0.00330534351145038 6.66666666666667e-05
PD46568_4 0.00548024316109422 0.705371833839919 0.205130699088146 0.0538956433637285 0.00211550151975684 0.0195146909827761 0.00165906788247214 0.0056241134751773 0.000716312056737589 0.000491894630192503
PD46568_12 0.0144452332657201 0.786438133874239 0.123678498985801 0.010237322515213 0.0044421906693712 0.0207981744421907 0.00168762677484787 0.0351257606490872 0.00291480730223124 0.000232251521298174
PD46568_3 0.0143608312342569 0.785506297229219 0.133524559193955 0.00873740554156171 0.00130415617128463 0.0379641057934509 0.00116057934508816 0.0088816120906801 0.00670088161209068 0.0018595717884131
PD46568_9 0.0139461325966851 0.786029005524862 0.106882596685083 0.0281906077348066 0.00287983425414365 0.0229419889502762 0.00340331491712707 0.0327651933701657 0.00151243093922652 0.00144889502762431
PD46568_8 0.00855622188905547 0.82527736131934 0.123407796101949 0.00935832083958021 0.0107106446776612 0.00586506746626687 0.00697301349325337 0.00385157421289355 0.00570164917541229 0.000298350824587706
PD46568_27 0.00984872979214781 0.808539260969977 0.135709006928406 0.00607043879907621 0.00263048498845266 0.0252852193995381 0.00158314087759815 0.00684064665127021 0.00314549653579677 0.000347575057736721
PD46568_6 0.00289948186528497 0.748620725388601 0.223953367875648 0.00916787564766839 0.00236062176165803 0.00600310880829016 0.000986528497409326 0.00463212435233161 0.00109119170984456 0.000284974093264249
PD46568_5 0.00945497076023392 0.766470175438597 0.168167251461988 0.0115883040935673 0.0046233918128655 0.0314421052631579 0.00174619883040936 0.00449005847953216 0.0016327485380117 0.000384795321637427
PD46568_20 0.0117266055045872 0.822132110091743 0.104312844036697 0.0202412844036697 0.00461376146788991 0.0102073394495413 0.00160917431192661 0.0115825688073395 0.0129348623853211 0.000639449541284404
PD46568_11 0.0143421052631579 0.808953947368421 0.0906776315789474 0.0271381578947368 0.00502631578947368 0.0155789473684211 0.00331578947368421 0.0324144736842105 0.00192105263157895 0.000631578947368421
PD46568_24 0.00739029126213592 0.874093203883495 0.0707805825242718 0.00773203883495146 0.00335922330097087 0.0246019417475728 0.00142135922330097 0.00899417475728155 0.00139417475728155 0.000233009708737864
PD46568_10 0.00918181818181818 0.807664335664336 0.0917342657342657 0.0145524475524476 0.0111048951048951 0.0245454545454545 0.0023006993006993 0.0300629370629371 0.00218881118881119 0.00666433566433566
PD46573_2 0.0157024722932651 0.843299232736573 0.0754501278772379 0.0122574595055413 0.00261210571184996 0.00968030690537084 0.000624467178175618 0.0384616368286445 0.00119309462915601 0.000719096334185848
PD46573_4 0.0074613974332858 0.799251782440416 0.100037685883072 0.00858402933387655 0.0318769606844571 0.0276512528009778 0.00094316561417804 0.0228722754125076 0.00123793033204319 8.35200651863923e-05
PD46573_5 0.0150019000570017 0.850007030210906 0.0607436823104693 0.0316519095572867 0.00660649819494585 0.0207448223446703 0.0010307809234277 0.0132641079232377 0.000540756222686681 0.000408512255367661
PD46573_3 0.00301593048515568 0.776066075307748 0.0346725199131064 0.0344829833454019 0.11920094134685 0.023211622013034 0.000566980448950036 0.00763939174511224 0.000580738595220854 0.00056281679942071
PD46573_1 0.018597296447658 0.784566802892172 0.104976736875196 0.0325353662370324 0.00868248978308708 0.0261732159698208 0.00213517761710154 0.0207434768940585 0.000473121659855391 0.0011163156240176
PD46573_8 0.00926554621848739 0.864527731092437 0.0797798319327731 0.00698823529411765 0.0137714285714286 0.00905042016806723 0.00138319327731092 0.00777310924369748 0.00558151260504202 0.00187899159663866
PD52486_16 0.0425721518987342 0.754254430379747 0.0542556962025316 0.0756050632911392 0.060926582278481 0.00424303797468354 0.00188354430379747 0.00515569620253165 0.000569620253164557 0.000534177215189873
PD52486_3 0.0876477064220184 0.70565504587156 0.0542550458715596 0.0219412844036697 0.104697247706422 0.0105577981651376 0.00237798165137615 0.0112293577981651 0.00128256880733945 0.000355963302752294
PD52486_8 0.00414742268041237 0.802387628865979 0.118478350515464 0.0550855670103093 0.00124123711340206 0.00929690721649484 0.00504020618556701 0.00208865979381443 0.00210721649484536 0.00012680412371134
PD52486_13 0.0106046511627907 0.810899821109123 0.0464096601073345 0.0221162790697674 0.103388193202147 0.00274776386404293 0.00124686940966011 0.00193381037567084 0.000504472271914132 0.000148479427549195
PD52486_5 0.0224825493171472 0.740641881638847 0.0551471927162367 0.0354112291350531 0.133406676783005 0.00609104704097117 0.00169499241274659 0.00408497723823976 0.00091350531107739 0.000125948406676783
PD52486_2 0.00485321100917431 0.840403669724771 0.111442660550459 0.0289197247706422 0.00286009174311927 0.00431422018348624 0.00368577981651376 0.0026605504587156 0.000653669724770642 0.000206422018348624
PD52486_1 0.0493467189030362 0.754368266405485 0.0722438785504407 0.0119108716944172 0.0977482859941234 0.00650048971596474 0.00186777668952008 0.00432125367286974 0.00159941234084231 9.30460333006856e-05
PD52486_7 0.00683333333333333 0.694518779342723 0.207237089201878 0.0707042253521127 0.00362676056338028 0.00507746478873239 0.00711737089201878 0.00409389671361502 0.000636150234741784 0.000154929577464789
PD52486_6 0.035260663507109 0.630845971563981 0.143921800947867 0.144518957345972 0.0209502369668246 0.0102298578199052 0.00445260663507109 0.00850947867298578 0.00106398104265403 0.000246445497630332
PD52486_9 0.047678281068525 0.751308943089431 0.0558385598141696 0.0644192799070848 0.0325516840882695 0.00911614401858304 0.0228919860627178 0.0128826945412311 0.0030418118466899 0.00027061556329849
PD52486_4 0.042547520661157 0.748770661157025 0.109851239669421 0.0473522727272727 0.0381590909090909 0.00397004132231405 0.00261673553719008 0.00557954545454545 0.00103409090909091 0.000118801652892562
PD52487_5 0.0163973313565604 0.592312083024463 0.217896219421794 0.0217813194959229 0.113199406968125 0.0218902891030393 0.00410229799851742 0.00997183098591549 0.00233654558932543 0.000112676056338028
PD52487_3 0.0124033437826541 0.452487460815047 0.138260710553814 0.0263735632183908 0.360915882967607 0.00326489028213166 0.00134796238244514 0.004 0.00088662486938349 5.95611285266458e-05
PD52487_2 0.0241 0.695193805309735 0.198474336283186 0.0140353982300885 0.0480734513274336 0.00531592920353982 0.00205486725663717 0.00918672566371681 0.00274336283185841 0.00082212389380531
PD52487_4 0.0205387123064385 0.67279869600652 0.229154034229829 0.0140154849225754 0.0236886715566422 0.0190521597392013 0.00898044009779951 0.00896821515892421 0.000865525672371638 0.00193806030969845
PD52487_1 0.0166697976878613 0.657968208092486 0.229495664739884 0.0436748554913295 0.0323265895953757 0.00869436416184971 0.00658598265895954 0.00188439306358381 0.00260404624277457 9.60982658959537e-05
