Signature1 Signature2 Signature3 Signature4 Signature5 Signature6 Signature7 Signature8 Signature9
A[C>A]A 0.0113275842312898 0.0263438948864259 0.0466083309764288 0.00525357590113824 0.00759997817501567 0.00815166795725509 0.00644593338364402 0.00677678806880452 0.00558139504015382
A[C>A]C 0.00887825706213672 0.0122767913856108 0.00769699831240766 0.0034048138209068 0.0200420778813066 0.0214928140597947 0.0122911335512585 0.0033860731687577 0.0071311498384631
A[C>A]G 0.00152252544879948 0.0031246659679515 0.00108363832432489 0.0013732607127862 0.0120349637844549 0.000785724724551371 0.0016993015398401 0.00257288535864126 0.00103762529890518
A[C>A]T 0.00552610813719332 0.0163773092951903 0.021748932451681 0.00530786654053885 0.00466457396034514 0.012557173039101 0.00677225682954856 0.00371743127211379 0.00633547270166491
C[C>A]A 0.00556050306078345 0.0247694904681971 0.0290332667101496 0.00717811866083666 0.00639075105988281 0.041190358052324 0.00449591723378245 0.00595732671355502 0.00709215816652326
C[C>A]C 0.00452197308156333 0.00811114253239676 0.0104885421548298 0.00297838362725873 0.0205666301208316 0.0365296075390285 0.00524770029831956 0.00220187427260383 0.00414159793036811
C[C>A]G 0.00108270313645661 0.00217405287375221 0.00397830494947144 0.00135847500058136 0.00675941113070747 0.00130095786914056 0.00286222260937369 0.00208201718144115 0.00150948426864195
C[C>A]T 0.004812304436957 0.0109550682157574 0.0251426152053523 0.00403342741084011 0.00418090613923694 0.0782689118659001 0.0102187182577073 0.00680360243585887 0.0058613914089742
G[C>A]A 0.0121655404475853 0.0122574198751228 0.0878051681258973 0.00276419057344033 0.00807188063828766 0.0334091724909709 0.00400500326016509 0.00765049173033812 0.00904107158641479
G[C>A]C 0.00577754818695268 0.0061460286926858 0.0177417891502496 0.00101780067499479 0.011960353450964 0.0416304532439765 0.00670093876020732 0.00376781783415372 0.00503765347256647
G[C>A]G 0.00242721742754992 0.000756474347015188 0.0060474361119664 0.00158369771840625 0.00812945338480699 0.0027769649531145 0.00366515083918188 0.0015219951204631 0.0020030259641653
G[C>A]T 0.00740553294753398 0.00598922087867136 0.0528598101417137 0.0030766221792297 0.0203938930814214 0.0219200388301043 0.015355152657859 0.00797171659408818 0.0104906331601279
T[C>A]A 0.0131416908244808 0.00506788796664252 0.0711549967267695 0.0265442595414587 0.0185102518077943 0.00540990903262301 0.0195970761103021 0.00737182418713959 0.00399941625586092
T[C>A]C 0.0118542835617189 0.00359454699401823 0.0422060727850348 0.0135925449822947 0.037135837578832 0.0264733126102487 0.0100797473492368 0.0112276405333384 0.0152984420023399
T[C>A]G 0.00247972457027307 0.00226230422231865 0.00898579266377195 0.00153718388669225 0.00421367205165138 0.000686511199883968 0.00519235920296164 0.00531034784937915 0.00146991652885684
T[C>A]T 0.0179781636388318 0.00145707173528214 0.135137513858614 0.0160245328283021 0.00717751590255944 0.0267709600077671 0.0494866164327909 0.00285431030435369 0.00982262237814539
A[C>G]A 0.00210749273174339 0.0178341590104951 0.00120747435302807 0.00733833828876358 0.00269495927764542 0.00238868566422731 0.0022285826055673 0.00398169434414584 0.00179422724475454
A[C>G]C 0.00204706748993221 0.00422656942123698 0.00620979069617061 0.00122830176187503 0.00727064700976696 0.00241040437288479 0.00524952003223366 0.00260124946112791 0.00244732425573682
A[C>G]G 0.000540140741853143 0.00113624611562547 0.00028914837228456 0.000432518268120526 0.00453216610882765 0.000412107538029276 0.000782376202734692 0.00692397233523944 0.000743836293500713
A[C>G]T 0.00247370956453779 0.0110781222893851 0.00354951410202968 0.00468288356744159 0.00386500131400865 0.00806386565368891 0.00598145679617156 0.00592407931089824 0.00450595273762066
C[C>G]A 0.00116806574180296 0.00617720113463773 0.00285217708183178 0.00614299845343223 0.00420298865467797 0.00309912365304384 0.00601358619264025 0.00403825913099699 0.00219611519892893
C[C>G]C 0.00131762854885679 0.00641442511650637 0.0031426504148336 0.00200708384790617 0.00920511543601273 0.00119579640263098 0.00694869371316393 0.00266975373246465 0.000626772924083166
C[C>G]G 0.000501811999124306 0.00109157950325213 0.000634960569157949 0.00154090163712751 0.00141692359677861 0.000433542259639177 0.00150717359583454 0.00525538534898751 0.000771118655004299
C[C>G]T 0.00209271643806039 0.00896441650788417 0.00330154107092572 0.00374457158166416 0.00895251053322701 0.00195226801917664 0.00645867594511871 0.00413084079550268 0.0021678655241807
G[C>G]A 0.000992865259879487 0.00556660860422701 0.00272082073855687 0.00186318240187421 0.0073066764190259 0.00230906033493334 0.00223931603962182 0.00204502117579656 0.00322564897341679
G[C>G]C 0.00143056161227492 0.0036159468011614 0.000916330290019476 0.00135259887809809 0.00580670382017556 0.00817883358928392 0.0057797905364314 0.00166020668903924 0.00714146592568025
G[C>G]G 0.00036966708132025 0.000524309954406515 0.000352105392016598 0.000916167952532967 0.0025746670079283 0.000430300806854527 0.000635853449582746 0.00071111428697378 0.000553016121906302
G[C>G]T 0.00139055504849037 0.00496051731576183 0.00181278156083541 0.00368532405270726 0.00721078560999848 0.00840245589677332 0.00319122691784629 0.00443900121636877 0.00371529013683935
T[C>G]A 0.00230605350118192 0.0063679568636504 0.00484805957287755 0.147376876620606 0.005927192567423 0.00453229567496184 0.00713795210537111 0.00564059218129175 0.0101859978416685
T[C>G]C 0.00187784479182609 0.00541813036557547 0.00458291485921733 0.0263052984524027 0.0214206147141253 0.00403989603813766 0.00781608242019548 0.00292711353053741 0.00497199317383169
T[C>G]G 0.000233865592426484 0.00143148750938617 0.000416361532772197 0.00400862831278819 0.00140575718299713 0.000185100757442388 0.00132690036542009 0.00173265255294617 0.000521646732175346
T[C>G]T 0.00366490858530119 0.0142981158787369 0.00800118786692131 0.187300789662508 0.0131346543102309 0.0198172399110938 0.0150447031670187 0.0183299201730275 0.00957572273514335
A[C>T]A 0.0178123826755677 0.0397535014689877 0.0043083518543441 0.00279460216888127 0.0155035848710839 0.00195140851348868 0.0147309567044404 0.00599340326763275 0.00764243836194846
A[C>T]C 0.0111690646439584 0.0223528484877735 0.00366402113877647 0.00128702834753146 0.0201613245283033 0.00259491063903137 0.0149740954915501 0.00685683302249684 0.00267111094066442
A[C>T]G 0.206837013531724 0.0146801116647833 0.0202885515563657 0.00444348955397166 0.0274856693945256 0.00486095657813479 0.00658525044378531 0.00888112226211226 0.00549802896295698
A[C>T]T 0.0155587494028577 0.0223714197469853 0.0029812560180508 0.00197760655531507 0.0154584269039324 0.00151515176790008 0.0277429156716663 0.00480601751591732 0.00308761608197169
C[C>T]A 0.0132671197606232 0.0252472699633661 0.0063668448476071 0.0069271623091253 0.019758344301932 0.00405184429105315 0.00782091007585547 0.00281629197941458 0.00594464054628945
C[C>T]C 0.0113129305576547 0.0373207612414266 0.00498137135880968 0.00482430120143647 0.02012625831753 0.0383333654315171 0.00461866466620114 0.00536479431204949 0.00350180657909427
C[C>T]G 0.0966552304758065 0.00905801046996198 0.0459505786056402 0.00634829422030304 0.00555155471358588 0.00313875663843527 0.0117911167770232 0.00951089160798151 0.00425768040483309
C[C>T]T 0.0145905291379063 0.0395743563507744 0.00348463471393419 0.00555740063980145 0.00462707660242481 0.0252773319197969 0.00704679039621791 0.00832692527007255 0.00452892452487679
G[C>T]A 0.0120815690194133 0.0220780252824898 0.0155892270609031 0.00198157488520877 0.0307069982018405 0.0412083275788309 0.00603525918718749 0.00208707757876656 0.0293538814250508
G[C>T]C 0.0140154134473323 0.0299056447605167 0.00330601630251461 0.00420900212367942 0.0396317952022514 0.0211056557096848 0.00397216515325091 0.00539751233834742 0.00447074848734349
G[C>T]G 0.128479613764484 0.00538377095431084 0.0407227420310563 0.0132165467335689 0.00719403369964691 0.00363949880757925 0.0122334571894515 0.00625999778250876 0.00336053189235307
G[C>T]T 0.0119596434501212 0.0303137122513825 0.0056645848742084 0.00305065908388737 0.00791063128699232 0.0338395002273331 0.0119923871664148 0.00579597622104015 0.00980726410742017
T[C>T]A 0.0151879304149969 0.0222767573290374 0.0145853421118786 0.20259405307667 0.0081713087272469 0.00751066441016381 0.0073245102911877 0.0173867547759314 0.00935552001146645
T[C>T]C 0.01537006698031 0.033996079976641 0.00200716723259005 0.0392470866559188 0.0418449633887253 0.00690025615177573 0.00546629029300315 0.00646866231570447 0.00285630172573331
T[C>T]G 0.0764951823296071 0.00310639195300907 0.0208890551371276 0.0351774731381195 0.00691618856841529 0.00470996093993597 0.00506630194726027 0.00996823284105739 0.00443745522466533
T[C>T]T 0.0158660875675881 0.0221929167563019 0.0092275696473225 0.0926360655321027 0.00656194458358862 0.0165285149391485 0.014605150064439 0.0151123402556616 0.00489170658768296
A[T>A]A 0.00345324992799584 0.0114945900673431 0.00502359668060057 0.000743147533838526 0.00432192858454646 0.00648666762491612 0.0110023627939985 0.0236195161627545 0.00745562342000015
A[T>A]C 0.00305730307634159 0.00759595851914022 0.00158134464579982 0.00205500243686216 0.0107878447905335 0.0116301724942121 0.0208539631217165 0.01044896267158 0.0131218418947432
A[T>A]G 0.00243219550176972 0.0133702163573745 0.00254825532948145 0.00187500511910082 0.00643736283434007 0.0046530606375402 0.00965331824527849 0.00391327389078211 0.00529098878483045
A[T>A]T 0.00911297407651318 0.00418947901579112 0.0169704805268723 0.00186271507156845 0.00713880456830107 0.0104305016045787 0.0447414478868864 0.0117655372277462 0.0045127135669722
C[T>A]A 0.00104076495461999 0.00703803330560577 0.00313459938951351 0.00197366009477093 0.00438760963507871 0.0241056685389135 0.00769268917442801 0.00337084389188996 0.00515744590742423
C[T>A]C 0.001478445228776 0.00675569885428452 0.00478418209977603 0.00209542297864879 0.0146514745995528 0.0260289234740073 0.00505818844911223 0.00241565552484523 0.0330537201490892
C[T>A]G 0.00172208761666574 0.00934667282013848 0.00390835118413574 0.00201299244173078 0.00729867522530587 0.0230068065375126 0.00399946039021115 0.00299256878959715 0.0134374667475218
C[T>A]T 0.0021453234739637 0.0113664569729802 0.00425303733819811 0.00399315370101054 0.00355215177426525 0.0757816405572807 0.00872445680759797 0.00163444646482475 0.0290198095144143
G[T>A]A 0.00112120324287821 0.00437294474824702 0.000917340556976114 0.000667873805978219 0.00275454769394074 0.00292792763775918 0.00273075566106483 0.00270507912981992 0.00155773259838163
G[T>A]C 0.00121943884028434 0.00220579120922477 0.00155788776536077 0.00112011957669882 0.00538377748488185 0.00369614515493391 0.00448118029448162 0.00321808597328363 0.014949334126826
G[T>A]G 0.00109910944062763 0.00520340490286979 0.000546539851101337 0.00105230560235132 0.00353076844831117 0.00307966556934038 0.00365059445740358 0.00141526766387001 0.000997624442528516
G[T>A]T 0.00181389082932607 0.00523695068243597 0.00380429779004615 0.00299434079086918 0.00472275142529177 0.00851070273712677 0.00716328251106227 0.00357762993232194 0.00464872243735307
T[T>A]A 0.00699165427413884 0.00151758778887256 0.0138531916888355 0.000809875102462604 0.0110413854846607 0.00720981633518949 0.0455324553004896 0.0146074810509779 0.00727689903682027
T[T>A]C 0.00150244614120242 0.00436522380375638 0.00353922777308999 0.00227018210471861 0.0167212894491551 0.00388789967599745 0.00699440977618807 0.00622122270478869 0.00401501172592516
T[T>A]G 0.00112370332822305 0.00604486582122294 0.00219744651232219 0.000792394076248166 0.00339045268878285 0.00413535893397804 0.00286445285854115 0.00493502856740514 0.00373195163476031
T[T>A]T 0.0047315404952202 0.0104100450402843 0.00581483897036212 0.00391020033677145 0.0132971851973143 0.00636331772950633 0.0169929429722182 0.0251800285462945 0.00619573367169357
A[T>C]A 0.0140970582399448 0.0304092509014135 0.00239531861609711 0.00419815158969435 0.0137816291987975 0.00138131961077087 0.0296595552229385 0.0710126200455252 0.00297038039562599
A[T>C]C 0.00551161048621807 0.0104926378135935 0.00589355074527272 0.002356169251383 0.00704607953909629 0.00361198825413852 0.00634680916369227 0.0420765932001259 0.00153933786165574
A[T>C]G 0.00787868399903791 0.0257128291110132 0.00538752354518565 0.00232764799090736 0.00646843465218811 0.00391547116148367 0.0214838270528917 0.0208004896690436 0.00369158707788996
A[T>C]T 0.0133969518464819 0.0302960297382136 0.00926585292939427 0.0058771046595333 0.0194376338451008 0.00201605665708044 0.0135820547410932 0.147394467748054 0.00795640147949177
C[T>C]A 0.0045783399787886 0.00868172871981245 0.00105788828926759 0.000860731701945887 0.00546481185215516 0.0108427278162305 0.0146109691662493 0.0077910449213957 0.00438039324913633
C[T>C]C 0.00472908473390554 0.0098150743628733 0.00420949476737875 0.000777941877274615 0.00436289100293164 0.0141818970806355 0.00348534381488904 0.00218620887255056 0.0340265432126409
C[T>C]G 0.00469358252855368 0.00946058859542847 0.00699650194093855 0.000859996059938827 0.00829515579333054 0.0152734263763656 0.00874421516937719 0.0117113690716976 0.0146412397454956
C[T>C]T 0.00541027651377727 0.00977416641651577 0.0055232081732917 0.00209183780052621 0.0107285385483632 0.0200548800040426 0.0152722206373837 0.00665131056221421 0.0347539614565144
G[T>C]A 0.00778497843029382 0.0107452521115032 0.00193336718795055 0.000903010412653039 0.0180078087921466 0.00146309114078402 0.0170013682896342 0.00752732669462629 0.00320577096917785
G[T>C]C 0.00559229891815213 0.00693615961345502 0.00607562504638773 0.00185795465721133 0.00422534678029528 0.0118490015795986 0.00463491174548186 0.00389085279755143 0.00700976549751259
G[T>C]G 0.00538536319292335 0.00718465419067293 0.0027152792216817 0.000901936625261642 0.00897957538705551 0.00143731816396083 0.0102772557753454 0.00206083740524359 0.00336490593369186
G[T>C]T 0.00834204489704935 0.0137593606349664 0.00307130718759957 0.00211856339831921 0.0184845238911081 0.00169466325363902 0.0196226266461155 0.0180728359671281 0.00383311603682281
T[T>C]A 0.00666171313355155 0.0118446020002237 0.00248414921324657 0.00205673776254708 0.0118169543115248 0.00303160842008308 0.0281853688838021 0.0198697465034529 0.00269860804356567
T[T>C]C 0.0063564580933518 0.00730208670763105 0.00201376088062687 0.00116860285363447 0.00727716395456496 0.00248082498498599 0.0171074778592736 0.00571766057386941 0.00442178461166974
T[T>C]G 0.00409326754316898 0.00755332139299272 0.00584665301877194 0.000831713933986661 0.0132352673300656 0.000904021338760148 0.00780834318610231 0.00335270864095684 0.00107972764329719
T[T>C]T 0.00830409973863907 0.0132087876025606 0.00624956662156055 0.00252364717180326 0.00815446794670931 0.00201813890095402 0.0205629465252079 0.0964307189738766 0.00441735571774758
A[T>G]A 0.00146956709699579 0.00414006685077932 0.00203815951087311 0.00147414815932106 0.00376562582233641 0.00185917703769298 0.00958343695109156 0.00253679908262649 0.0022749504236476
A[T>G]C 0.000802466841864074 0.00225613506903478 0.00202605955999957 0.000627299006825149 0.00583835390789325 0.000801211869192397 0.00316450949660787 0.00519580859879012 0.00268729638684233
A[T>G]G 0.00148561758386025 0.00550849754043109 0.00133948117902535 0.00257012569102943 0.00594543423474129 0.00364852707719198 0.00281465960148474 0.00229398097241671 0.00229884380922196
A[T>G]T 0.00258550598849849 0.00396440724292106 0.00365830108239482 0.000344703739621321 0.00929892264958906 0.00255275756727053 0.0090303662905756 0.00597235873262311 0.0239846248098587
C[T>G]A 0.000756210169725554 0.00245322281389511 0.00111408222220184 0.000750914777194677 0.00465278262873035 0.00239160340895564 0.0120019715776683 0.00271346713390803 0.00291934977182379
C[T>G]C 0.0012377980152068 0.00277220752372547 0.00140380273432296 0.000526756085025551 0.00905177818717798 0.00106164358318286 0.00598519494751774 0.00215347019932914 0.0497627910678507
C[T>G]G 0.00189103831630736 0.00327429726026895 0.00209588654376355 0.000763825407689178 0.00593627784966716 0.00306925281708981 0.00381741232044699 0.00417298161071572 0.0157776255773801
C[T>G]T 0.00225117550487441 0.00391650234483773 0.00316631638546922 0.00100097242943346 0.0113910324357909 0.0039666476712255 0.021944305127005 0.00928717281080716 0.261471943945847
G[T>G]A 0.000835268157919167 0.00168958416306206 0.000752328774145473 0.000360350635156101 0.00303279620329215 0.00185818424534912 0.00317170579068938 0.00230339406233786 0.00159514860468945
G[T>G]C 0.000484401507848651 0.001722892652182 0.00133652060427216 0.000399190067805995 0.00282766732684372 0.0015119739663975 0.00275365231534212 0.00212204993160382 0.00602816229278506
G[T>G]G 0.00075063117716441 0.00456400049543632 0.00109441543560252 0.00058420895701117 0.00220958785362868 0.00227222698387303 0.00237815060094854 0.00196479934483389 0.00410042660224663
G[T>G]T 0.00126965780329079 0.00171772856698186 0.00138707840216633 0.00136926652970618 0.00643233245507497 0.00249331951963849 0.0103411743984787 0.0161905310624264 0.0526582455381603
T[T>G]A 0.00160117532162016 0.00425655210742757 0.00284440265114438 0.00139263024596797 0.0132444479350058 0.00222629847015232 0.0172960801243754 0.00621943308190845 0.00432312257838805
T[T>G]C 0.0015598740323072 0.00275757803825959 0.00184366276969486 0.000778694651700472 0.0136082604175996 0.0018781351399603 0.00565066996874873 0.00608794827021443 0.00258669892982956
T[T>G]G 0.00192612009009752 0.00505384478256507 0.00321314445476582 0.0010840381345787 0.0102343160756665 0.00267253074013679 0.0103000393521334 0.00365345012232712 0.00169123079380353
T[T>G]T 0.00459720758136613 0.00588129133903518 0.00855835058976341 0.00080517293660921 0.0249764743042935 0.00327418132398923 0.034782076636664 0.0633471029059689 0.0207633339354114
