A[C>A]A	A[C>A]C	A[C>A]G	A[C>A]T	C[C>A]A	C[C>A]C	C[C>A]G	C[C>A]T	G[C>A]A	G[C>A]C	G[C>A]G	G[C>A]T	T[C>A]A	T[C>A]C	T[C>A]G	T[C>A]T	A[C>G]A	A[C>G]C	A[C>G]G	A[C>G]T	C[C>G]A	C[C>G]C	C[C>G]G	C[C>G]T	G[C>G]A	G[C>G]C	G[C>G]G	G[C>G]T	T[C>G]A	T[C>G]C	T[C>G]G	T[C>G]T	A[C>T]A	A[C>T]C	A[C>T]G	A[C>T]T	C[C>T]A	C[C>T]C	C[C>T]G	C[C>T]T	G[C>T]A	G[C>T]C	G[C>T]G	G[C>T]T	T[C>T]A	T[C>T]C	T[C>T]G	T[C>T]T	A[T>A]A	A[T>A]C	A[T>A]G	A[T>A]T	C[T>A]A	C[T>A]C	C[T>A]G	C[T>A]T	G[T>A]A	G[T>A]C	G[T>A]G	G[T>A]T	T[T>A]A	T[T>A]C	T[T>A]G	T[T>A]T	A[T>C]A	A[T>C]C	A[T>C]G	A[T>C]T	C[T>C]A	C[T>C]C	C[T>C]G	C[T>C]T	G[T>C]A	G[T>C]C	G[T>C]G	G[T>C]T	T[T>C]A	T[T>C]C	T[T>C]G	T[T>C]T	A[T>G]A	A[T>G]C	A[T>G]G	A[T>G]T	C[T>G]A	C[T>G]C	C[T>G]G	C[T>G]T	G[T>G]A	G[T>G]C	G[T>G]G	G[T>G]T	T[T>G]A	T[T>G]C	T[T>G]G	T[T>G]T
Ohutsuoli1_1_15.0967_T_151110_K00110_0033_BH2VJYBBXX	1	0	0	0	1	0	0	1	0	0	0	0	2	1	0	3	0	0	0	0	0	0	0	1	0	2	0	1	2	1	0	2	6	3	6	2	5	6	9	6	3	8	8	10	5	2	10	4	0	0	0	0	0	1	1	0	0	0	0	0	0	0	0	1	4	1	3	0	3	0	2	7	2	0	3	0	2	2	0	1	0	0	0	5	0	1	1	10	0	0	2	5	1	1	2	4
Ohutsuoli2_1_15.0966TP_T_160129_K00110_0062_AH55TWBBXX	0	2	0	2	0	1	0	1	1	3	0	1	0	0	1	4	0	1	0	0	1	0	0	0	1	1	0	1	0	0	0	2	0	3	1	3	6	1	2	2	4	6	7	4	0	1	3	2	0	0	1	1	0	1	1	2	0	0	0	0	0	0	1	1	0	1	1	1	1	3	2	3	3	0	1	2	2	2	1	0	0	0	0	0	1	1	0	1	0	0	0	2	1	0	0	1
Ohutsuoli4_1_16.0161_T_160408_K00110_0069_BH57LFBBXX	2	2	1	2	1	1	0	2	3	0	0	1	3	1	3	5	2	1	0	1	2	0	0	2	0	0	0	1	1	0	0	1	4	1	10	2	2	2	14	4	1	1	8	2	5	7	17	8	0	1	2	2	1	2	1	1	0	0	2	2	4	0	1	0	11	2	3	0	2	4	1	4	2	1	4	3	1	5	1	3	0	0	1	0	0	0	0	4	0	1	0	0	1	0	0	2
Ohutsuoli9_1_15.1064TP_T_160129_K00110_0062_AH55TWBBXX	4	3	1	2	1	1	1	3	2	1	0	3	3	4	0	4	0	1	4	1	1	0	1	1	0	1	0	4	3	1	1	1	2	4	9	2	5	3	8	9	8	14	6	9	5	4	11	7	1	0	1	0	0	1	0	2	0	0	2	1	0	1	1	0	4	1	0	2	2	3	7	3	2	2	2	2	2	3	3	1	0	0	2	1	0	2	1	3	1	1	1	3	1	0	0	3
Ohutsuoli16_1_15.1090_T_160519_K00110_0075_AH5WW2BBXX	6	2	1	4	1	6	2	1	3	4	1	5	3	2	2	9	1	4	0	2	2	0	0	1	0	0	0	1	5	1	2	5	2	6	15	3	7	6	17	4	5	9	19	8	12	10	5	8	0	1	0	2	2	1	1	1	1	0	0	2	2	0	0	2	2	2	1	5	3	2	2	4	3	2	2	2	4	0	2	2	0	0	0	0	0	1	2	3	1	0	0	0	4	2	0	3
Ohutsuoli18_1_15.1028_T_151110_K00110_0033_BH2VJYBBXX	1	2	0	2	1	1	1	2	4	0	1	1	3	1	1	1	1	1	0	0	0	2	1	1	0	0	0	2	2	5	0	3	5	4	10	6	3	5	5	4	2	5	9	7	4	5	5	2	1	0	1	0	0	0	1	2	0	1	0	0	1	0	2	1	3	2	4	3	3	1	1	6	2	1	2	1	1	0	2	4	0	0	0	3	0	2	0	16	1	1	0	2	0	0	2	7
Ohutsuoli19_1_16.0391_T_160617_K00110_0079_BH72WNBBXX	6	1	3	0	3	5	1	4	1	2	1	4	3	0	0	6	2	2	3	0	0	0	0	4	1	3	1	3	6	3	1	7	2	7	3	4	5	4	8	5	3	5	9	3	9	4	14	9	3	0	0	0	0	2	1	7	1	3	2	0	2	1	0	4	5	2	6	5	4	5	2	3	1	0	0	2	1	2	0	1	1	2	1	1	0	1	0	9	1	1	0	2	2	0	2	7
Ohutsuoli21_1_15.1091_T_160519_K00110_0075_AH5WW2BBXX	10	3	0	4	19	3	8	16	27	9	1	16	26	17	4	38	0	0	1	2	2	0	0	2	0	0	0	1	1	0	0	2	2	6	5	6	3	4	9	4	7	7	3	3	1	5	6	3	0	0	0	0	1	0	0	3	0	0	0	0	0	0	1	1	5	0	3	3	1	2	2	6	1	1	0	1	1	2	0	3	1	2	0	0	0	1	2	6	0	1	0	0	2	0	0	4
Ohutsuoli26_1_15.1065TP_T_160129_K00110_0062_AH55TWBBXX	1	0	0	0	1	2	2	1	7	2	0	1	3	3	2	1	0	1	2	0	1	0	0	2	0	0	0	0	1	0	0	5	4	2	4	5	8	5	7	5	2	6	7	6	4	3	5	8	1	1	1	0	0	0	1	2	0	0	1	1	0	0	0	1	3	3	2	2	0	2	4	2	4	1	3	1	2	2	0	1	0	0	0	2	1	0	0	3	0	2	0	0	1	0	0	1
Ohutsuoli29_1_15.0971_T_151110_K00110_0033_BH2VJYBBXX	4	3	0	2	0	1	0	2	8	0	0	2	4	1	3	9	3	1	0	1	1	1	0	1	0	0	1	0	4	1	1	8	4	0	8	5	7	7	8	8	2	4	11	3	12	3	9	8	2	1	1	1	0	0	1	1	0	0	0	1	0	0	2	0	3	3	1	2	3	1	3	5	0	2	0	0	0	5	1	1	0	0	0	2	0	0	1	1	0	0	0	1	1	0	1	1
Ohutsuoli30_1_15.1066TP_T_160129_K00110_0062_AH55TWBBXX	2	3	0	2	1	0	0	1	3	2	1	4	1	4	2	0	3	1	0	5	0	1	0	1	1	0	1	0	5	1	1	9	11	7	9	11	6	7	14	12	12	10	14	13	10	11	12	12	1	2	1	3	1	1	1	6	1	0	1	3	3	2	1	3	6	1	6	6	0	3	4	3	2	3	2	4	4	0	1	3	1	0	1	3	0	1	3	3	2	1	2	0	0	1	2	2
Ohutsuoli35_1_15.1067TP_T_160129_K00110_0062_AH55TWBBXX	5	4	1	1	4	1	1	4	3	3	0	2	4	5	1	7	1	2	0	4	1	1	0	0	0	0	1	0	0	1	1	5	3	3	9	5	12	4	19	9	4	6	13	8	6	2	21	7	0	1	1	1	1	0	0	2	0	0	1	1	2	1	1	2	0	3	3	1	1	3	2	2	1	0	1	1	1	2	0	1	0	0	2	0	0	1	1	4	0	0	2	1	2	0	0	4
Ohutsuoli37_1_15.1093_T_160519_K00110_0075_AH5WW2BBXX	1	2	0	0	1	0	2	1	4	1	0	0	3	1	3	4	1	0	0	0	1	0	1	0	0	3	0	0	3	1	1	4	4	4	9	7	2	5	18	9	6	5	21	5	8	5	18	9	0	0	0	2	1	0	0	2	0	1	0	1	0	2	0	3	2	1	3	2	2	2	2	6	3	2	0	1	0	1	1	0	0	0	0	2	1	1	3	4	0	0	1	0	0	1	0	2
Ohutsuoli38_1_16.0162_T_160519_K00110_0075_AH5WW2BBXX	0	0	0	1	1	3	0	3	2	1	1	1	1	2	0	1	1	0	1	2	0	0	0	0	1	0	1	0	9	7	1	7	2	1	3	1	1	2	9	2	4	2	6	1	6	3	8	7	2	1	1	0	0	2	1	2	0	0	0	0	0	0	0	1	5	3	3	3	1	2	2	2	1	2	5	4	2	3	2	1	2	0	1	0	0	0	1	4	0	0	0	1	1	1	2	0
Ohutsuoli40_1_15.1094_T_160519_K00110_0075_AH5WW2BBXX	1	3	1	2	2	2	2	0	3	2	2	2	5	3	2	7	3	1	0	1	0	1	0	3	3	1	0	0	3	1	0	2	6	4	10	5	5	4	17	9	4	8	27	2	9	7	10	5	1	1	0	1	0	0	2	0	0	1	0	1	1	1	0	2	1	3	2	3	0	4	4	5	1	0	4	2	3	2	2	4	0	0	0	0	1	0	1	2	0	0	0	0	0	0	0	4
Ohutsuoli43_1_16.0163_T_160519_K00110_0075_AH5WW2BBXX	1	0	0	1	0	3	0	1	0	0	1	2	1	2	0	4	1	2	0	1	1	0	0	1	0	1	0	0	1	1	0	0	1	1	9	2	5	1	11	1	5	5	6	3	3	3	13	2	1	1	0	1	1	3	1	1	0	0	0	2	0	0	1	1	2	0	5	5	5	1	2	5	2	2	3	3	0	0	3	3	0	1	0	1	0	3	0	11	0	1	1	2	0	0	0	4
Ohutsuoli44_1_16.0538TP_T_160901_K00110_0097_AHF2NLBBXX	5	2	2	1	4	1	1	3	4	2	0	1	8	5	3	9	1	1	1	1	1	1	1	1	0	2	0	2	10	0	0	4	10	9	9	12	8	10	10	10	1	6	13	14	12	11	11	9	0	3	0	2	1	2	2	1	0	0	0	1	1	0	1	1	4	2	2	2	0	3	3	11	2	0	1	1	1	1	2	3	1	0	0	0	2	0	1	3	2	1	0	1	0	1	2	2
Ohutsuoli45_1_15.1070TP_T_160129_K00110_0062_AH55TWBBXX	2	1	0	1	1	2	0	0	4	0	0	0	3	1	0	2	1	0	0	0	1	1	1	0	3	0	0	1	2	3	2	6	6	3	7	1	2	2	9	6	4	1	4	6	6	4	5	4	0	1	2	0	0	1	3	0	0	0	1	0	0	1	1	1	3	2	5	4	3	3	0	3	1	0	1	2	3	1	1	5	0	0	1	3	1	0	0	2	0	0	2	1	2	1	0	0
Ohutsuoli50_1_15.1095_T_160519_K00110_0075_AH5WW2BBXX	0	4	0	0	2	3	0	2	2	1	0	2	3	1	1	3	2	0	1	1	3	2	2	2	0	1	3	2	1	2	1	0	6	7	10	4	6	5	3	6	7	12	13	5	7	5	13	6	0	0	3	0	0	3	0	1	0	2	0	1	0	1	0	0	5	2	1	1	0	1	2	4	1	2	2	2	1	0	0	0	0	0	0	2	1	3	1	1	0	2	1	0	1	2	0	2
Ohutsuoli56_1_15.0975_T_151110_K00110_0033_BH2VJYBBXX	1	1	0	1	3	2	2	4	2	2	0	0	1	2	1	6	0	1	0	2	1	0	1	1	0	0	0	1	3	2	0	4	3	4	5	4	3	3	11	7	2	7	13	6	6	5	12	5	2	0	1	0	0	1	1	0	0	1	0	1	1	1	0	0	2	2	1	0	3	4	1	5	2	1	1	1	2	1	3	0	0	0	0	4	0	2	3	1	0	0	0	0	0	1	0	4
Ohutsuoli62_1_15.1071_T_160519_K00110_0075_AH5WW2BBXX	8	5	0	4	3	8	0	4	1	4	1	4	3	8	3	3	4	1	0	5	7	1	1	8	4	4	1	7	6	10	1	16	3	9	7	8	6	5	12	15	2	13	8	7	12	10	15	11	2	3	3	3	4	7	6	4	2	2	1	1	1	3	1	6	3	4	3	7	3	5	1	7	2	3	1	1	0	3	1	0	0	0	2	1	1	3	2	8	0	3	1	4	0	1	2	3
Ohutsuoli70_1_16.0539TP_T_160901_K00110_0098_BHCM72BBXX	0	1	1	1	0	1	2	1	1	2	2	0	5	0	0	2	0	2	0	0	1	0	1	1	1	0	0	0	1	1	0	0	2	0	4	3	3	7	4	7	3	6	4	3	3	1	6	1	1	0	0	0	0	2	1	0	0	0	0	1	1	2	1	1	2	2	1	1	1	3	0	6	0	1	0	1	0	0	1	1	0	0	1	1	0	0	0	0	0	0	0	1	0	0	1	2
Ohutsuoli72_1_15.0969_T_151110_K00110_0033_BH2VJYBBXX	2	3	1	4	1	3	0	1	0	2	0	1	3	6	0	3	1	0	0	1	0	0	0	2	0	1	1	2	3	2	1	6	1	2	6	1	3	5	7	3	3	2	7	4	6	6	8	10	0	0	0	0	1	1	1	1	0	1	1	2	0	0	0	2	1	3	2	2	2	3	1	2	0	0	2	2	0	0	1	3	1	0	1	0	1	0	0	0	2	1	1	1	1	1	1	2
Ohutsuoli74_1_15.1096_T_160408_K00110_0069_BH57LFBBXX	6	5	1	2	6	5	3	7	6	12	2	2	3	6	3	9	0	2	1	6	2	2	2	1	1	9	1	5	1	2	0	2	9	3	23	4	6	16	15	10	11	11	23	10	7	9	13	5	3	2	2	2	0	7	11	6	0	3	1	2	4	4	2	4	2	2	6	4	1	13	7	14	2	3	2	2	2	0	3	6	4	2	2	1	2	3	5	26	1	1	4	11	3	0	3	8
Ohutsuoli76_1_15.1097_T_160519_K00110_0075_AH5WW2BBXX	2	1	1	3	2	5	2	2	9	2	0	4	1	4	1	14	0	1	0	2	3	0	1	0	1	1	0	0	1	1	0	4	5	8	16	6	7	12	14	9	6	3	29	8	9	12	21	8	0	1	0	0	0	1	1	1	1	0	0	1	2	0	0	1	5	3	0	4	2	4	2	11	7	4	4	2	3	5	2	2	0	1	1	2	0	1	1	7	0	0	2	2	0	1	1	3
Ohutsuoli80_1_15.1029_T_151110_K00110_0033_BH2VJYBBXX	7	10	2	7	5	5	3	13	13	9	1	6	8	8	4	17	4	4	0	3	2	2	3	5	5	2	1	2	12	12	1	19	10	8	10	7	9	15	14	12	9	14	15	9	11	7	12	16	2	3	6	6	3	9	7	26	2	4	4	3	4	5	1	9	2	3	4	8	6	19	16	74	9	16	8	15	9	3	5	15	7	6	5	47	8	30	18	402	5	10	4	85	12	13	6	91
Ohutsuoli82_1_16.0540TP_T_160901_K00110_0097_AHF2NLBBXX	3	0	0	3	3	4	0	3	4	0	0	0	2	3	2	7	1	0	0	1	1	1	1	4	3	2	0	0	7	2	0	7	13	6	8	15	3	7	16	10	8	10	12	11	5	6	12	9	3	1	0	1	1	0	1	1	0	2	1	1	5	3	1	1	6	3	4	1	0	2	2	6	5	3	1	2	1	2	1	6	0	2	1	6	0	0	1	12	0	1	0	0	0	3	0	6
Ohutsuoli83_1_16.0569_T_160901_K00110_0098_BHCM72BBXX	2	2	1	2	1	1	0	2	0	2	1	1	5	3	0	5	1	1	0	1	2	2	1	3	2	0	0	0	2	2	0	0	3	5	10	2	5	5	5	10	9	11	5	5	6	6	7	12	0	2	2	1	0	0	0	1	0	1	2	0	2	0	2	1	4	1	1	4	0	2	0	4	0	2	3	1	2	0	3	2	4	1	2	0	0	0	3	2	1	1	1	1	2	0	2	1
Ohutsuoli95_1_16.0021_T_160408_K00110_0069_BH57LFBBXX	4	1	0	2	3	2	1	2	0	1	0	2	3	1	1	4	3	1	0	2	0	0	0	0	0	1	0	2	7	1	1	13	3	2	15	3	3	0	17	4	7	4	7	4	6	1	16	12	2	1	0	1	1	3	0	3	1	2	1	0	2	0	0	2	3	5	2	3	3	3	3	6	1	7	3	2	0	5	3	4	2	0	0	2	2	2	3	30	0	1	2	9	2	1	1	3
Ohutsuoli110_1_16.0166_T_160408_K00110_0069_BH57LFBBXX	3	0	0	2	2	1	0	3	0	0	0	2	3	0	1	1	1	4	0	0	1	2	0	0	0	1	0	2	3	0	0	2	1	4	5	2	2	3	8	6	4	5	5	6	1	5	15	2	3	0	2	1	0	1	1	1	0	1	1	0	2	0	1	2	5	2	3	3	4	5	0	5	3	4	2	1	4	2	0	2	0	2	0	0	0	1	0	1	0	1	0	2	1	0	3	0
Ohutsuoli114_1_16.0168_T_160408_K00110_0069_BH57LFBBXX	7	0	0	1	2	2	2	3	4	0	0	0	5	6	1	3	3	0	0	2	0	1	0	0	1	3	0	1	2	0	1	3	5	1	7	1	3	2	11	1	2	3	8	5	5	5	14	6	4	2	0	1	0	1	4	3	0	0	2	0	0	0	0	0	4	1	3	3	1	1	3	9	3	8	5	4	4	0	2	3	2	1	0	4	1	0	1	7	0	1	1	0	3	5	0	6
Ohutsuoli115_1_15.1030_T_151110_K00110_0033_BH2VJYBBXX	6	3	0	3	3	1	1	3	4	1	0	4	5	2	2	11	1	1	0	1	0	2	0	2	0	1	0	0	5	1	0	3	5	5	17	6	5	3	8	6	3	2	8	8	9	4	11	9	0	0	1	0	2	1	0	4	2	2	1	3	2	3	1	1	1	0	2	8	0	0	3	8	1	1	1	3	4	4	0	1	0	1	0	1	0	0	1	6	1	1	0	0	1	0	3	3
Ohutsuoli117_1_15.1031_T_151110_K00110_0033_BH2VJYBBXX	3	2	0	2	3	2	2	4	6	2	0	2	4	2	0	7	0	1	0	1	1	0	0	2	0	1	0	1	15	7	3	9	6	2	8	4	3	1	4	11	4	8	16	7	10	1	12	5	2	1	0	4	0	1	2	0	0	0	2	1	1	0	0	1	1	2	1	1	2	2	0	7	3	1	0	2	2	1	0	2	0	0	1	1	0	1	1	5	0	0	0	0	0	3	0	2
Ohutsuoli118_1_16.1007TP_T_161201_SN653_0401_AC9PTMACXX	4	1	1	0	2	1	0	0	2	0	1	0	0	0	0	0	0	0	1	0	0	0	1	0	0	0	1	1	5	2	1	7	2	1	6	5	4	3	6	4	1	6	3	1	7	4	13	8	1	0	2	0	0	0	0	1	1	0	0	0	2	0	0	1	1	3	1	2	0	2	3	5	3	0	1	1	3	1	2	3	0	2	1	0	0	1	2	9	0	0	0	2	0	1	1	1
Ohutsuoli121_1_16.0686TP_T_161017_K00110_0103_BHCJW7BBXX	3	2	0	0	3	0	1	1	1	4	0	2	0	2	0	2	2	0	0	2	1	1	0	0	1	2	0	0	2	0	0	1	5	6	8	5	7	3	10	8	2	6	12	10	7	3	10	3	2	1	0	0	1	0	1	0	0	1	0	0	2	0	0	1	0	1	2	2	0	4	0	5	1	0	0	3	3	2	0	1	0	1	0	0	0	1	0	4	0	0	0	2	0	1	0	1
Ohutsuoli123_1_16.0169_T_160408_K00110_0069_BH57LFBBXX	2	0	1	0	1	0	0	1	0	0	1	0	2	2	0	1	2	0	0	1	0	0	0	0	0	1	0	2	0	0	0	1	2	2	4	4	1	1	3	1	3	2	3	0	5	0	8	2	1	0	0	0	0	1	0	0	0	1	0	1	1	1	0	0	4	2	1	4	0	0	1	4	0	1	2	4	2	1	1	7	0	0	0	1	0	0	0	3	0	2	0	1	1	1	1	0
Ohutsuoli126_1_16.0554_T_160901_K00110_0097_AHF2NLBBXX	3	2	1	1	3	0	3	0	3	3	0	2	1	1	2	5	0	0	1	1	1	2	1	1	1	0	1	0	4	1	0	9	10	7	10	15	7	3	14	21	8	3	14	21	15	11	14	25	2	0	0	0	0	0	0	2	1	0	1	0	2	0	0	3	2	3	6	4	1	2	3	10	1	3	3	2	1	5	0	1	0	1	0	0	0	0	1	3	3	0	0	3	1	1	0	5
Ohutsuoli135_1_16.0170_T_160408_K00110_0069_BH57LFBBXX	10	6	0	6	6	10	2	5	8	4	0	4	8	8	0	10	10	2	3	7	9	4	0	8	4	3	1	4	5	6	0	16	11	4	2	3	9	6	3	3	6	4	4	5	11	10	4	8	7	6	3	7	1	9	5	8	0	5	4	4	4	5	5	8	4	0	3	7	2	8	4	7	4	2	9	7	12	6	5	5	1	3	3	4	0	2	4	4	0	1	3	1	4	2	3	6
Ohutsuoli140_1_15.0970_T_151110_K00110_0033_BH2VJYBBXX	1	2	1	0	1	1	0	1	1	0	1	2	3	5	0	3	1	0	0	0	0	2	0	0	2	0	0	1	2	1	2	2	6	3	9	5	7	4	5	3	4	2	10	8	4	4	10	8	0	0	0	2	0	0	0	1	1	0	0	0	0	0	0	0	2	0	2	1	0	1	4	0	1	2	0	0	2	1	1	0	0	0	1	0	0	0	1	1	0	0	0	0	0	0	2	0
Ohutsuoli141_1_16.0530TP_T_160901_K00110_0098_BHCM72BBXX	1	0	0	1	0	0	0	0	1	2	1	0	1	1	1	1	0	0	0	2	0	0	0	1	1	1	1	2	2	1	0	2	6	5	8	6	5	5	7	8	1	4	2	2	4	4	8	4	0	1	0	0	1	1	0	0	1	1	0	0	3	0	0	0	1	2	4	1	1	3	1	4	1	0	0	0	3	0	2	2	0	0	0	0	0	0	0	0	0	1	1	0	1	0	1	0
Ohutsuoli145_1_16.0680_T_160901_K00110_0098_BHCM72BBXX	5	2	1	2	2	3	1	0	2	3	0	3	5	3	0	1	1	0	0	2	0	0	0	2	1	0	0	0	1	1	0	3	12	5	4	3	9	3	4	4	2	6	6	7	6	2	7	7	0	3	1	2	0	0	1	1	0	1	0	2	0	1	0	0	3	0	3	2	0	3	2	5	0	1	2	2	1	3	1	2	1	1	0	0	0	0	0	2	0	0	0	0	0	0	1	1
Ohutsuoli148_1_16.0568_T_160901_K00110_0097_AHF2NLBBXX	3	0	0	3	2	0	1	0	3	1	1	0	4	2	0	1	2	0	0	1	0	0	0	0	1	2	0	1	1	0	0	0	3	5	9	7	7	6	8	11	4	3	11	8	2	1	15	11	2	0	0	1	0	0	0	2	0	0	0	0	1	0	0	0	2	2	1	1	0	0	1	6	2	0	2	2	1	1	1	3	0	0	0	0	0	1	1	1	0	0	0	1	0	0	1	0
Ohutsuoli149_1_16.0573_T_160901_K00110_0098_BHCM72BBXX	0	1	1	3	5	1	0	3	4	3	2	2	0	6	3	6	1	3	0	1	0	2	1	2	1	0	0	0	0	1	0	6	5	4	13	8	2	5	16	10	6	8	13	10	5	9	9	9	1	1	2	5	0	0	0	1	0	1	1	1	3	1	0	1	2	1	3	6	3	0	6	5	2	1	2	2	5	4	0	3	0	0	3	6	0	0	1	13	0	0	3	3	4	1	1	5
Ohutsuoli150_1_15.1099TP_T_160129_K00110_0062_AH55TWBBXX	0	0	0	1	1	0	0	0	0	2	0	0	0	0	1	0	1	0	0	0	0	0	0	0	0	0	0	0	0	0	0	0	0	0	2	0	0	0	0	0	0	0	0	0	3	1	5	0	0	0	0	0	0	1	0	0	0	0	0	0	0	0	0	0	0	1	0	1	0	0	0	0	0	0	0	0	0	0	0	0	0	0	0	0	0	0	0	0	0	0	0	0	0	0	0	0
Ohutsuoli153_1_16.0444TP_T_160617_K00110_0079_BH72WNBBXX	1	2	0	3	1	0	1	1	4	1	0	2	2	0	3	2	0	1	2	0	2	0	0	0	1	2	2	0	1	1	2	3	2	1	12	2	4	2	27	2	0	6	15	2	2	7	21	1	0	1	1	2	0	1	1	0	0	0	1	0	1	2	1	2	2	0	1	3	0	2	2	1	0	1	1	2	3	1	0	1	0	0	1	1	1	0	3	2	0	0	1	0	1	1	0	1
Ohutsuoli160_1_15.0974_T_151110_K00110_0033_BH2VJYBBXX	1	2	0	3	1	2	1	0	1	0	1	0	0	1	0	2	2	2	0	3	0	2	1	1	2	1	1	0	2	2	0	3	8	8	14	8	2	7	13	13	6	7	14	7	9	4	12	10	1	0	0	1	0	1	1	0	0	2	0	0	1	2	0	0	5	4	2	0	0	0	1	3	3	1	3	2	2	1	1	3	0	0	1	1	0	0	1	3	0	1	0	1	1	0	0	1
Ohutsuoli161_1_16.0543TP_T_160901_K00110_0097_AHF2NLBBXX	1	0	0	3	3	0	0	1	2	2	2	1	2	0	1	4	0	2	1	0	0	0	3	1	0	0	0	1	1	2	0	7	7	8	19	16	9	4	19	8	10	8	19	11	13	7	23	15	2	2	0	1	0	1	0	1	0	0	0	0	2	3	0	0	2	0	3	8	0	3	3	2	2	1	3	0	0	1	0	0	0	0	3	0	0	0	1	3	0	0	0	0	0	1	0	1
Ohutsuoli162_1_16.0567_T_160901_K00110_0098_BHCM72BBXX	1	2	0	0	2	2	1	0	7	0	1	3	9	0	0	12	0	1	2	3	0	0	0	0	0	0	1	0	5	1	1	6	5	9	10	6	11	6	11	10	6	3	12	7	19	11	16	18	0	2	1	2	0	2	0	1	0	1	1	0	0	0	2	5	3	2	1	2	2	4	3	6	3	1	2	3	2	0	1	1	0	0	1	1	0	0	0	6	1	1	1	1	0	0	0	2
Ohutsuoli163_1_16.0171_T_160408_K00110_0069_BH57LFBBXX	3	1	0	0	1	2	1	2	2	1	1	1	1	0	0	2	0	1	0	2	0	0	0	1	1	0	0	0	1	0	0	2	2	4	8	4	3	5	6	0	4	2	1	4	6	0	15	4	0	0	2	2	1	4	4	0	2	2	4	1	1	1	1	1	4	3	4	4	7	2	2	3	1	1	4	4	3	3	3	3	0	0	3	0	0	0	3	0	0	0	3	0	1	2	1	1
Ohutsuoli164_1_15.1034TP_T_160129_K00110_0062_AH55TWBBXX	2	3	0	0	4	1	0	2	2	0	1	0	3	1	0	3	0	2	0	4	2	3	1	1	2	3	0	0	2	4	0	6	8	3	10	6	8	6	17	6	3	7	13	3	10	14	11	9	0	0	2	2	0	2	0	3	1	2	0	2	1	0	1	2	1	1	1	4	2	4	2	13	2	2	1	4	5	0	2	2	1	0	1	5	1	1	1	12	0	1	0	3	4	0	0	6
Ohutsuoli168_1_16.0559_T_160901_K00110_0098_BHCM72BBXX	7	5	1	5	11	7	2	4	11	4	3	6	16	5	2	9	4	5	0	2	6	1	2	4	3	2	0	2	17	6	2	25	12	9	31	21	9	10	24	16	7	18	22	12	25	15	18	16	3	0	7	5	1	7	1	16	4	3	1	1	4	4	1	8	3	1	5	4	5	7	3	21	4	3	4	3	5	7	1	3	1	0	3	7	2	4	2	34	0	1	3	11	1	4	2	19
Ohutsuoli170_1_16.0022_T_160408_K00110_0069_BH57LFBBXX	2	0	2	1	2	2	0	1	0	1	0	0	0	1	0	3	0	0	0	0	1	0	0	0	0	0	0	1	1	0	0	3	1	2	9	2	0	3	8	1	2	0	4	3	3	3	13	3	0	0	0	1	0	2	1	0	0	0	0	0	2	0	0	1	1	1	3	3	0	3	3	0	1	3	0	3	4	2	1	2	1	0	0	2	1	0	1	0	0	0	1	1	0	1	1	0
Ohutsuoli171_1_15.1069TP_T_160129_K00110_0062_AH55TWBBXX	0	1	0	1	0	0	0	2	2	6	2	1	2	2	1	5	1	2	1	6	0	0	1	3	1	0	1	1	1	3	0	7	4	5	8	6	2	6	4	7	4	5	10	9	3	3	9	5	1	1	1	1	0	1	4	1	0	1	0	0	3	2	1	4	5	2	2	2	1	5	2	7	3	3	1	1	0	1	3	2	1	0	4	0	2	0	1	4	0	0	0	1	2	0	0	4
Ohutsuoli174_1_16.0174_T_160408_K00110_0069_BH57LFBBXX	1	0	0	0	3	4	0	1	3	0	2	1	2	1	1	0	1	1	0	0	0	0	0	1	1	0	0	1	0	0	0	2	3	1	4	2	2	9	2	6	0	3	1	4	2	3	9	4	1	0	1	1	1	3	4	2	0	0	0	0	0	0	0	0	5	0	4	1	4	0	2	1	2	2	3	2	7	1	1	3	1	1	2	0	0	0	1	0	0	0	2	0	1	1	0	1
Ohutsuoli178_1_16.0574_T_160901_K00110_0098_BHCM72BBXX	2	3	0	0	2	0	0	1	0	1	2	3	3	5	0	3	0	0	0	0	1	1	0	4	1	0	0	0	6	0	1	6	7	7	11	5	2	3	17	12	9	6	15	10	14	8	19	8	0	0	0	0	0	0	2	2	0	0	0	2	1	1	0	1	1	0	2	2	0	1	1	7	4	2	2	2	2	6	1	0	0	1	0	0	1	0	0	3	0	0	0	2	2	0	2	2
Ohutsuoli184_1_16.0395_T_160617_K00110_0079_BH72WNBBXX	5	2	1	1	0	4	2	6	6	3	1	4	4	2	1	5	1	3	0	2	0	0	1	0	1	0	0	0	6	2	0	5	6	2	21	3	6	4	30	6	3	4	22	2	9	8	27	11	0	1	0	2	0	4	2	1	0	1	0	1	2	1	2	2	7	7	7	0	2	6	3	9	4	4	0	6	1	1	0	1	1	0	0	0	1	1	2	9	0	1	2	1	1	0	3	7
Ohutsuoli185_1_16.0553_T_160901_K00110_0098_BHCM72BBXX	1	1	0	1	0	1	0	2	1	3	2	3	1	2	2	3	0	0	0	0	0	1	0	2	1	1	0	1	0	0	0	3	3	2	5	4	2	2	5	1	4	8	5	3	4	3	9	6	0	1	1	3	1	1	1	0	0	0	0	0	1	0	0	2	2	2	3	2	0	2	0	2	2	0	0	1	1	2	2	3	1	0	0	0	0	1	0	1	0	0	1	2	1	0	2	1
Ohutsuoli190_1_16.0578_T_160901_K00110_0097_AHF2NLBBXX	7	2	2	3	3	2	0	7	4	3	2	3	2	2	0	3	1	1	0	0	1	0	0	1	0	2	1	2	0	2	0	3	11	6	9	9	8	6	13	13	8	10	8	7	13	6	21	11	1	4	2	11	0	1	2	4	0	1	0	1	1	2	0	7	3	5	1	10	1	4	2	8	4	7	0	5	5	3	2	12	3	1	1	2	1	0	1	25	0	0	1	5	3	2	0	15
Ohutsuoli191_1_16.0532TP_T_160901_K00110_0098_BHCM72BBXX	0	0	0	1	2	0	2	3	1	5	0	1	2	6	0	5	0	2	0	0	2	0	0	2	1	0	0	0	6	2	1	9	8	3	12	9	9	7	24	4	1	5	15	9	16	7	18	8	1	1	0	3	2	0	0	1	0	0	0	0	3	1	1	0	4	0	6	3	0	1	1	5	0	0	1	0	3	0	0	0	0	0	0	1	0	0	1	4	1	0	0	0	0	0	1	3
Ohutsuoli192_1_16.0580TP_T_161017_K00110_0103_BHCJW7BBXX	17	14	9	11	27	16	11	12	13	23	5	10	15	15	4	20	7	2	1	3	8	9	2	3	0	6	2	2	2	1	7	8	22	15	17	12	15	16	21	22	10	14	15	24	16	13	33	14	1	4	5	0	2	3	8	4	4	1	2	3	1	5	5	6	5	1	8	3	4	9	12	6	2	2	5	0	2	3	2	6	1	0	3	3	1	1	5	6	0	1	2	4	2	0	2	5
Ohutsuoli198_1_16.0584TP_T_161017_K00110_0103_BHCJW7BBXX	1	2	2	2	1	3	0	2	4	1	1	0	1	1	0	3	3	0	0	0	3	1	0	0	0	1	0	0	2	3	1	3	5	5	18	9	6	1	10	14	6	4	10	9	1	10	18	9	0	1	0	1	1	0	1	0	0	0	0	1	1	0	0	1	4	2	1	3	1	3	1	7	2	1	3	2	3	1	1	1	0	0	1	0	0	0	1	1	1	0	0	1	0	3	0	1
Ohutsuoli200_1_16.0533TP_T_160901_K00110_0097_AHF2NLBBXX	4	4	1	3	4	1	0	3	2	4	3	1	1	1	0	7	1	1	1	1	1	1	0	2	0	0	1	2	5	2	1	10	8	12	22	13	13	16	20	18	5	7	11	16	9	7	21	21	1	2	1	0	0	3	6	4	0	1	1	1	2	0	1	4	3	1	1	5	2	4	1	10	6	2	1	2	5	2	3	4	0	0	2	0	0	1	0	3	0	0	1	3	2	1	2	4
Ohutsuoli207_1_16.0448TP_T_160617_K00110_0079_BH72WNBBXX	1	5	0	2	1	1	1	4	2	2	0	2	3	4	0	0	1	2	0	1	0	1	1	1	1	1	0	0	4	4	1	6	4	4	18	1	6	4	19	4	2	5	12	3	7	4	22	8	1	0	1	2	0	0	1	2	0	0	1	1	1	0	0	0	7	2	2	3	4	1	2	4	0	3	1	4	2	3	2	0	1	0	1	0	0	0	0	0	1	5	0	0	0	0	0	2
Ohutsuoli211_1_16.0583TP_T_161017_K00110_0103_BHCJW7BBXX	2	1	0	0	3	0	0	4	4	2	0	2	4	2	1	3	2	1	0	2	1	1	1	1	1	1	0	0	2	1	0	3	5	3	14	4	5	8	10	8	7	10	12	11	10	5	22	5	0	1	0	2	0	3	2	1	0	1	0	0	2	0	1	1	1	0	3	5	1	4	1	8	2	2	3	0	2	2	0	2	3	0	1	3	0	1	0	19	0	1	0	7	0	0	1	3
Ohutsuoli214_1_16.0579TP_T_161017_K00110_0103_BHCJW7BBXX	1	0	0	3	1	1	1	2	3	1	0	0	1	3	0	4	1	0	0	1	0	0	1	1	0	3	0	0	1	1	0	1	5	1	8	8	6	2	8	7	5	7	6	10	8	3	9	6	0	0	0	1	0	0	1	0	0	0	1	1	0	0	0	2	1	3	1	4	1	1	2	6	1	0	1	1	1	0	0	0	0	0	1	2	0	0	0	2	0	0	0	1	0	1	0	1
Ohutsuoli219_1_16.0544TP_T_160901_K00110_0097_AHF2NLBBXX	10	4	2	1	4	1	0	7	13	5	0	5	14	5	1	15	4	2	1	3	4	3	1	6	0	2	0	3	11	5	1	30	12	15	25	13	13	13	24	19	13	11	19	23	35	22	19	41	3	1	3	3	1	3	4	3	0	2	2	2	2	1	0	6	6	3	1	5	6	4	6	9	4	4	1	7	10	5	4	4	3	0	3	4	2	2	2	23	2	0	3	2	2	6	0	9
Ohutsuoli220_1_16.0545TP_T_160901_K00110_0097_AHF2NLBBXX	7	1	3	4	1	5	1	0	6	0	1	3	5	0	0	3	1	0	0	1	0	2	0	2	0	0	0	0	2	3	2	10	9	6	15	13	6	7	19	10	6	8	21	6	5	6	19	11	0	1	0	0	3	1	0	0	0	1	1	1	0	0	0	0	4	1	3	0	0	1	3	4	1	1	1	1	4	1	2	2	1	1	0	0	0	0	0	0	0	0	1	1	0	1	0	3
Ohutsuoli225_1_16.0546TP_T_160901_K00110_0097_AHF2NLBBXX	2	1	1	0	2	2	1	1	6	1	0	0	4	1	0	8	0	0	1	1	3	0	0	6	0	0	0	0	1	2	1	2	9	8	17	11	4	11	17	10	3	4	7	11	7	8	16	12	0	0	1	0	0	0	0	2	0	0	0	1	4	1	0	1	4	2	5	2	0	5	4	7	3	3	2	5	1	3	2	3	2	0	0	1	0	0	2	3	0	0	0	1	0	0	2	1
Ohutsuoli226_1_16.0547TP_T_160901_K00110_0098_BHCM72BBXX	2	0	0	3	0	2	0	0	1	0	0	1	2	3	2	5	1	0	0	0	1	1	0	1	1	1	0	1	2	1	0	5	3	4	4	6	9	5	12	9	8	7	19	7	8	5	12	11	1	0	1	0	0	2	1	2	2	1	1	1	1	1	0	2	3	1	1	4	3	3	4	4	2	4	2	1	2	1	2	2	0	0	0	2	0	1	0	24	1	1	0	3	0	0	0	6
Ohutsuoli229_1_16.0550TP_T_160901_K00110_0097_AHF2NLBBXX	1	1	0	1	2	3	1	1	1	2	0	2	2	4	1	5	3	0	1	3	2	0	0	4	1	1	0	0	1	2	0	5	12	7	10	13	0	7	13	8	3	3	14	8	6	8	17	12	0	0	0	0	0	0	1	2	0	0	3	1	2	1	1	0	4	1	4	4	0	4	2	7	0	2	0	2	4	4	4	3	0	0	1	2	0	1	0	4	0	0	1	1	0	0	1	1
Ohutsuoli230_1_16.0551TP_T_160901_K00110_0098_BHCM72BBXX	3	4	2	2	4	1	0	1	3	2	1	7	3	3	1	7	2	2	0	5	1	1	0	2	3	0	1	0	4	0	1	10	8	2	3	6	3	11	3	4	6	9	6	5	7	4	8	5	2	2	1	2	2	1	1	3	1	1	0	1	2	4	2	4	7	4	3	4	2	2	3	6	4	0	0	2	4	2	1	4	3	0	0	0	1	1	2	5	1	0	1	1	3	1	1	4
Ohutsuoli231_1_16.0552TP_T_160901_K00110_0098_BHCM72BBXX	12	6	1	6	5	7	1	8	9	6	1	12	4	7	2	10	2	3	4	2	2	2	1	3	4	3	1	4	10	9	0	13	7	5	6	4	10	6	5	9	6	13	8	9	16	18	11	10	6	2	2	7	5	5	7	3	2	0	0	0	3	7	1	9	3	3	3	9	3	3	2	10	2	6	0	5	1	3	1	4	0	1	2	1	1	2	4	5	0	3	0	0	3	4	1	5
